-41.1947 -48.5317 1.57452 0.0530462
-41.0322 -48.4448 1.56401 0.0634723
-41.0322 -48.4448 1.56401 0.0634723
-41.0467 -48.5891 1.56891 0.115511
-41.0398 -48.2913 1.57689 0.00417675
-41.1506 -48.2726 1.56144 0.0324355
-41.0199 -48.5823 1.56479 0.0401444
-40.8873 -48.7529 1.57585 0.0282651
-41.1839 -48.5526 1.57091 0.106713
-41.173 -48.4864 1.5752 0.0432186
-41.0159 -48.5798 1.57253 0.133266
-40.8996 -48.4453 1.57134 0.0572722
-41.0199 -48.5823 1.56479 0.0401444
-41.1839 -48.5526 1.57091 0.106713
-41.0467 -48.5891 1.56891 0.115511
-41.0159 -48.5798 1.57253 0.133266
-41.0159 -48.5798 1.57253 0.133266
-41.0319 -48.817 1.57807 0.0204342
-40.8873 -48.7529 1.57585 0.0282651
-41.1839 -48.5526 1.57091 0.106713
-41.0467 -48.5891 1.56891 0.115511
-41.173 -48.4864 1.5752 0.0432186
-41.173 -48.4864 1.5752 0.0432186
-41.0159 -48.5798 1.57253 0.133266
-40.8996 -48.4453 1.57134 0.0572722
-41.0199 -48.5823 1.56479 0.0401444
-41.1839 -48.5526 1.57091 0.106713
-40.9045 -48.5766 1.57007 0.0606495
-40.9045 -48.5766 1.57007 0.0606495
-41.2693 -48.2761 1.55745 0.00983318
-41.0159 -48.5798 1.57253 0.133266
-41.2065 -48.5874 1.5613 0.014325
-40.8296 -48.482 1.57321 0.030175
-40.8873 -48.7529 1.57585 0.0282651
-41.0322 -48.4448 1.56401 0.0634723
-41.1839 -48.5526 1.57091 0.106713
-41.1839 -48.5526 1.57091 0.106713
-41.1839 -48.5526 1.57091 0.106713
-41.173 -48.4864 1.5752 0.0432186
-41.0159 -48.5798 1.57253 0.133266
-41.3001 -48.1431 1.55882 0.00435336
-40.8873 -48.7529 1.57585 0.0282651
-40.9045 -48.5766 1.57007 0.0606495
-41.0467 -48.5891 1.56891 0.115511
-41.173 -48.4864 1.5752 0.0432186
-41.1905 -48.5449 1.55653 0.00197819
-41.0159 -48.5798 1.57253 0.133266
-40.8996 -48.4453 1.57134 0.0572722
-40.881 -48.2779 1.56864 0.0120325
-40.9045 -48.5766 1.57007 0.0606495
-41.173 -48.4864 1.5752 0.0432186
-41.0159 -48.5798 1.57253 0.133266
-40.8996 -48.4453 1.57134 0.0572722
-41.1506 -48.2726 1.56144 0.0324355
-40.8873 -48.7529 1.57585 0.0282651
-41.4619 -48.2239 1.55885 0.00163627
-41.1839 -48.5526 1.57091 0.106713
-41.0467 -48.5891 1.56891 0.115511
-41.2713 -48.4602 1.57399 0.0199234
-41.0159 -48.5798 1.57253 0.133266
-41.1506 -48.2726 1.56144 0.0324355
-40.881 -48.2779 1.56864 0.0120325
-41.1839 -48.5526 1.57091 0.106713
-41.0467 -48.5891 1.56891 0.115511
-41.0159 -48.5798 1.57253 0.133266
-41.1506 -48.2726 1.56144 0.0324355
-41.4386 -48.6903 1.56515 0.00131385
-41.1947 -48.5317 1.57452 0.0530462
-41.1839 -48.5526 1.57091 0.106713
-41.173 -48.4864 1.5752 0.0432186
-41.0785 -48.2802 1.56161 0.0291659
-41.2868 -48.3934 1.56922 0.0369891
-40.7609 -48.4958 1.57395 0.0120075
-40.8996 -48.4453 1.57134 0.0572722
-41.1947 -48.5317 1.57452 0.0530462
-41.4619 -48.2239 1.55885 0.00163627
-41.0322 -48.4448 1.56401 0.0634723
-41.0322 -48.4448 1.56401 0.0634723
-41.1839 -48.5526 1.57091 0.106713
-41.0467 -48.5891 1.56891 0.115511
-41.173 -48.4864 1.5752 0.0432186
-41.0159 -48.5798 1.57253 0.133266
-41.2047 -48.5566 1.57822 0.0142457
-40.8296 -48.482 1.57321 0.030175
-41.1947 -48.5317 1.57452 0.0530462
-40.9045 -48.5766 1.57007 0.0606495
-41.0467 -48.5891 1.56891 0.115511
-41.0159 -48.5798 1.57253 0.133266
-41.0159 -48.5798 1.57253 0.133266
-41.0319 -48.817 1.57807 0.0204342
-41.1947 -48.5317 1.57452 0.0530462
-40.8873 -48.7529 1.57585 0.0282651
-40.9045 -48.5766 1.57007 0.0606495
-41.173 -48.4864 1.5752 0.0432186
-41.0159 -48.5798 1.57253 0.133266
-41.0319 -48.817 1.57807 0.0204342
-41.0322 -48.4448 1.56401 0.0634723
-41.0322 -48.4448 1.56401 0.0634723
-41.0467 -48.5891 1.56891 0.115511
-41.0467 -48.5891 1.56891 0.115511
