79.7915 16.415 0.0935791 0.0350782
79.691 16.5465 0.0929214 0.163794
79.691 16.5465 0.0929214 0.163794
79.7511 16.3771 0.0978821 0.027124
79.6521 16.3638 0.0975562 0.0622477
79.6648 16.2995 0.088321 0.0123249
79.7524 16.5742 0.098245 0.0498821
79.7524 16.5742 0.098245 0.0498821
79.691 16.5465 0.0929214 0.163794
79.5347 16.7207 0.0957179 0.115722
79.62 16.7238 0.0900658 0.0754763
79.6107 16.3391 0.088963 0.0319902
79.3907 16.1996 0.0904588 0.00243192
79.3657 16.4847 0.102923 0.0165085
79.6532 16.3798 0.0942629 0.0971981
79.691 16.5465 0.0929214 0.163794
79.691 16.5465 0.0929214 0.163794
79.7511 16.3771 0.0978821 0.027124
79.6521 16.3638 0.0975562 0.0622477
79.6532 16.3798 0.0942629 0.0971981
79.691 16.5465 0.0929214 0.163794
79.6821 16.3819 0.095457 0.0785338
79.7511 16.3771 0.0978821 0.027124
79.6749 16.7709 0.0949688 0.0455061
79.6532 16.3798 0.0942629 0.0971981
79.691 16.5465 0.0929214 0.163794
79.691 16.5465 0.0929214 0.163794
79.6821 16.3819 0.095457 0.0785338
79.711 16.4734 0.0910883 0.0961437
79.4274 16.29 0.102155 0.00751934
79.6648 16.2995 0.088321 0.0123249
79.7524 16.5742 0.098245 0.0498821
79.691 16.5465 0.0929214 0.163794
79.5347 16.7207 0.0957179 0.115722
79.711 16.4734 0.0910883 0.0961437
79.4274 16.29 0.102155 0.00751934
79.3657 16.4847 0.102923 0.0165085
79.6532 16.3798 0.0942629 0.0971981
79.7524 16.5742 0.098245 0.0498821
79.691 16.5465 0.0929214 0.163794
79.711 16.4734 0.0910883 0.0961437
79.6521 16.3638 0.0975562 0.0622477
79.6532 16.3798 0.0942629 0.0971981
79.6532 16.3798 0.0942629 0.0971981
79.6532 16.3798 0.0942629 0.0971981
79.691 16.5465 0.0929214 0.163794
79.6821 16.3819 0.095457 0.0785338
79.8542 16.4663 0.0925031 0.0182109
79.7915 16.415 0.0935791 0.0350782
79.6532 16.3798 0.0942629 0.0971981
79.691 16.5465 0.0929214 0.163794
79.7511 16.3771 0.0978821 0.027124
79.711 16.4734 0.0910883 0.0961437
79.711 16.4734 0.0910883 0.0961437
79.711 16.4734 0.0910883 0.0961437
79.6521 16.3638 0.0975562 0.0622477
79.8336 16.4822 0.0924505 0.0270626
79.691 16.5465 0.0929214 0.163794
79.5347 16.7207 0.0957179 0.115722
79.711 16.4734 0.0910883 0.0961437
79.6521 16.3638 0.0975562 0.0622477
79.6532 16.3798 0.0942629 0.0971981
79.5347 16.7207 0.0957179 0.115722
79.5347 16.7207 0.0957179 0.115722
79.62 16.7238 0.0900658 0.0754763
79.6532 16.3798 0.0942629 0.0971981
79.6532 16.3798 0.0942629 0.0971981
79.6532 16.3798 0.0942629 0.0971981
79.691 16.5465 0.0929214 0.163794
79.5347 16.7207 0.0957179 0.115722
79.6749 16.7709 0.0949688 0.0455061
79.6521 16.3638 0.0975562 0.0622477
79.6532 16.3798 0.0942629 0.0971981
79.691 16.5465 0.0929214 0.163794
79.5347 16.7207 0.0957179 0.115722
79.62 16.7238 0.0900658 0.0754763
79.4274 16.29 0.102155 0.00751934
79.7524 16.5742 0.098245 0.0498821
79.691 16.5465 0.0929214 0.163794
79.6821 16.3819 0.095457 0.0785338
79.6107 16.3391 0.088963 0.0319902
79.4274 16.29 0.102155 0.00751934
79.6532 16.3798 0.0942629 0.0971981
79.691 16.5465 0.0929214 0.163794
79.5347 16.7207 0.0957179 0.115722
79.711 16.4734 0.0910883 0.0961437
79.62 16.7238 0.0900658 0.0754763
79.8418 16.4165 0.0885833 0.00818829
79.7524 16.5742 0.098245 0.0498821
79.8336 16.4822 0.0924505 0.0270626
79.4176 16.8727 0.0917174 0.00834955
79.5347 16.7207 0.0957179 0.115722
79.6821 16.3819 0.095457 0.0785338
79.6749 16.7709 0.0949688 0.0455061
79.6532 16.3798 0.0942629 0.0971981
79.7524 16.5742 0.098245 0.0498821
79.691 16.5465 0.0929214 0.163794
79.5347 16.7207 0.0957179 0.115722
79.62 16.7238 0.0900658 0.0754763
79.6749 16.7709 0.0949688 0.0455061
