44.9876 12.5389 0.152766 0.0437864
44.8414 12.7106 0.150435 0.0736017
44.7083 12.6917 0.160555 0.0831614
44.7801 12.631 0.159372 0.0883544
44.779 12.6226 0.156384 0.363976
44.8412 12.5187 0.150347 0.150739
44.7083 12.6917 0.160555 0.0831614
44.9876 12.5389 0.152766 0.0437864
44.5865 12.5227 0.155176 0.0962372
44.779 12.6226 0.156384 0.363976
44.7397 12.7875 0.151539 0.0281109
44.5865 12.5227 0.155176 0.0962372
44.8412 12.5187 0.150347 0.150739
44.779 12.6226 0.156384 0.363976
44.7801 12.631 0.159372 0.0883544
44.5865 12.5227 0.155176 0.0962372
44.779 12.6226 0.156384 0.363976
44.779 12.6226 0.156384 0.363976
44.5865 12.5227 0.155176 0.0962372
44.779 12.6226 0.156384 0.363976
44.7083 12.6917 0.160555 0.0831614
44.8414 12.7106 0.150435 0.0736017
44.7083 12.6917 0.160555 0.0831614
44.5865 12.5227 0.155176 0.0962372
44.8412 12.5187 0.150347 0.150739
44.8412 12.5187 0.150347 0.150739
44.7397 12.7875 0.151539 0.0281109
44.7083 12.6917 0.160555 0.0831614
44.7801 12.631 0.159372 0.0883544
44.779 12.6226 0.156384 0.363976
44.7801 12.631 0.159372 0.0883544
44.779 12.6226 0.156384 0.363976
44.8414 12.7106 0.150435 0.0736017
44.779 12.6226 0.156384 0.363976
44.8412 12.5187 0.150347 0.150739
44.779 12.6226 0.156384 0.363976
44.5865 12.5227 0.155176 0.0962372
44.7083 12.6917 0.160555 0.0831614
44.5865 12.5227 0.155176 0.0962372
44.779 12.6226 0.156384 0.363976
44.779 12.6226 0.156384 0.363976
44.8412 12.5187 0.150347 0.150739
44.779 12.6226 0.156384 0.363976
44.779 12.6226 0.156384 0.363976
44.779 12.6226 0.156384 0.363976
44.779 12.6226 0.156384 0.363976
44.7801 12.631 0.159372 0.0883544
44.9223 12.4049 0.153328 0.0210094
44.5865 12.5227 0.155176 0.0962372
44.8412 12.5187 0.150347 0.150739
44.779 12.6226 0.156384 0.363976
44.7083 12.6917 0.160555 0.0831614
44.7083 12.6917 0.160555 0.0831614
44.9223 12.4049 0.153328 0.0210094
44.779 12.6226 0.156384 0.363976
44.779 12.6226 0.156384 0.363976
44.8414 12.7106 0.150435 0.0736017
44.8412 12.5187 0.150347 0.150739
44.7083 12.6917 0.160555 0.0831614
44.8412 12.5187 0.150347 0.150739
44.7801 12.631 0.159372 0.0883544
44.779 12.6226 0.156384 0.363976
44.5865 12.5227 0.155176 0.0962372
44.779 12.6226 0.156384 0.363976
44.7397 12.7875 0.151539 0.0281109
44.8412 12.5187 0.150347 0.150739
44.7083 12.6917 0.160555 0.0831614
44.9223 12.4049 0.153328 0.0210094
44.7083 12.6917 0.160555 0.0831614
44.7801 12.631 0.159372 0.0883544
44.7801 12.631 0.159372 0.0883544
44.5865 12.5227 0.155176 0.0962372
44.779 12.6226 0.156384 0.363976
44.5865 12.5227 0.155176 0.0962372
44.7953 12.7221 0.149516 0.0305048
44.7083 12.6917 0.160555 0.0831614
44.8412 12.5187 0.150347 0.150739
44.779 12.6226 0.156384 0.363976
44.8412 12.5187 0.150347 0.150739
44.8412 12.5187 0.150347 0.150739
44.9876 12.5389 0.152766 0.0437864
44.5865 12.5227 0.155176 0.0962372
44.779 12.6226 0.156384 0.363976
44.7083 12.6917 0.160555 0.0831614
44.5865 12.5227 0.155176 0.0962372
44.779 12.6226 0.156384 0.363976
44.8412 12.5187 0.150347 0.150739
44.779 12.6226 0.156384 0.363976
44.8412 12.5187 0.150347 0.150739
44.9876 12.5389 0.152766 0.0437864
44.779 12.6226 0.156384 0.363976
44.5865 12.5227 0.155176 0.0962372
44.8414 12.7106 0.150435 0.0736017
44.779 12.6226 0.156384 0.363976
44.7801 12.631 0.159372 0.0883544
44.779 12.6226 0.156384 0.363976
44.779 12.6226 0.156384 0.363976
44.779 12.6226 0.156384 0.363976
44.8414 12.7106 0.150435 0.0736017
44.779 12.6226 0.156384 0.363976
