272.109 -9.46883 4.04071 0.0963859
272.065 -9.71279 4.04213 0.01139
272.239 -9.64579 4.04052 0.281366
272.27 -9.5036 4.03529 0.258587
272.27 -9.5036 4.03529 0.258587
272.589 -9.62095 4.04465 0.0316763
272.7 -9.51208 4.06068 0.000467458
272.27 -9.5036 4.03529 0.258587
272.745 -9.47034 4.05174 0.00555514
272.239 -9.64579 4.04052 0.281366
272.239 -9.64579 4.04052 0.281366
272.335 -9.45153 4.05085 0.0068062
272.448 -9.45496 4.04471 0.120552
272.448 -9.45496 4.04471 0.120552
272.239 -9.64579 4.04052 0.281366
272.27 -9.5036 4.03529 0.258587
272.745 -9.47034 4.05174 0.00555514
272.239 -9.64579 4.04052 0.281366
272.27 -9.5036 4.03529 0.258587
272.065 -9.71279 4.04213 0.01139
272.27 -9.5036 4.03529 0.258587
272.589 -9.62095 4.04465 0.0316763
272.239 -9.64579 4.04052 0.281366
272.29 -9.76574 4.04138 0.0661577
272.239 -9.64579 4.04052 0.281366
272.239 -9.64579 4.04052 0.281366
272.47 -9.56833 4.05357 0.00886001
272.745 -9.47034 4.05174 0.00555514
272.448 -9.45496 4.04471 0.120552
272.448 -9.45496 4.04471 0.120552
272.448 -9.45496 4.04471 0.120552
272.27 -9.5036 4.03529 0.258587
272.345 -9.48764 4.03299 0.0323714
272.239 -9.64579 4.04052 0.281366
272.27 -9.5036 4.03529 0.258587
272.19 -9.71959 4.04593 0.00931291
272.345 -9.48764 4.03299 0.0323714
272.575 -9.67942 4.05378 0.00792286
272.065 -9.71279 4.04213 0.01139
272.239 -9.64579 4.04052 0.281366
272.27 -9.5036 4.03529 0.258587
272.109 -9.46883 4.04071 0.0963859
272.29 -9.76574 4.04138 0.0661577
272.29 -9.76574 4.04138 0.0661577
272.239 -9.64579 4.04052 0.281366
272.27 -9.5036 4.03529 0.258587
272.453 -9.31852 4.03793 0.00565291
272.448 -9.45496 4.04471 0.120552
272.239 -9.64579 4.04052 0.281366
272.27 -9.5036 4.03529 0.258587
272.109 -9.46883 4.04071 0.0963859
272.29 -9.76574 4.04138 0.0661577
272.448 -9.45496 4.04471 0.120552
272.27 -9.5036 4.03529 0.258587
272.448 -9.45496 4.04471 0.120552
272.239 -9.64579 4.04052 0.281366
272.239 -9.64579 4.04052 0.281366
272.27 -9.5036 4.03529 0.258587
272.19 -9.71959 4.04593 0.00931291
272.239 -9.64579 4.04052 0.281366
272.27 -9.5036 4.03529 0.258587
272.29 -9.76574 4.04138 0.0661577
272.239 -9.64579 4.04052 0.281366
272.27 -9.5036 4.03529 0.258587
272.448 -9.45496 4.04471 0.120552
272.448 -9.45496 4.04471 0.120552
272.239 -9.64579 4.04052 0.281366
272.27 -9.5036 4.03529 0.258587
272.29 -9.76574 4.04138 0.0661577
272.448 -9.45496 4.04471 0.120552
272.47 -9.56833 4.05357 0.00886001
272.27 -9.5036 4.03529 0.258587
272.109 -9.46883 4.04071 0.0963859
272.453 -9.31852 4.03793 0.00565291
272.448 -9.45496 4.04471 0.120552
272.239 -9.64579 4.04052 0.281366
272.27 -9.5036 4.03529 0.258587
272.27 -9.5036 4.03529 0.258587
272.448 -9.45496 4.04471 0.120552
272.27 -9.5036 4.03529 0.258587
272.618 -9.43723 4.04432 0.0117767
272.109 -9.46883 4.04071 0.0963859
272.589 -9.62095 4.04465 0.0316763
272.239 -9.64579 4.04052 0.281366
272.575 -9.67942 4.05378 0.00792286
272.29 -9.76574 4.04138 0.0661577
272.453 -9.31852 4.03793 0.00565291
272.448 -9.45496 4.04471 0.120552
272.27 -9.5036 4.03529 0.258587
272.27 -9.5036 4.03529 0.258587
272.448 -9.45496 4.04471 0.120552
272.575 -9.67942 4.05378 0.00792286
272.27 -9.5036 4.03529 0.258587
272.109 -9.46883 4.04071 0.0963859
272.448 -9.45496 4.04471 0.120552
272.239 -9.64579 4.04052 0.281366
272.239 -9.64579 4.04052 0.281366
272.109 -9.46883 4.04071 0.0963859
272.448 -9.45496 4.04471 0.120552
272.239 -9.64579 4.04052 0.281366
