133.633 20.4521 0.0607168 0.00527084
133.477 20.665 0.0606287 0.176111
133.563 20.7503 0.0570887 0.0717543
133.545 20.6576 0.0668678 0.0753924
133.527 20.6216 0.0607023 0.117345
133.515 20.5649 0.062107 0.0909058
133.477 20.665 0.0606287 0.176111
133.477 20.665 0.0606287 0.176111
133.477 20.665 0.0606287 0.176111
133.248 20.502 0.063671 0.0197534
133.605 20.8778 0.0597544 0.0491219
133.127 20.6186 0.0683407 0.00738276
133.569 20.8693 0.0591116 0.0689992
133.515 20.5649 0.062107 0.0909058
133.477 20.665 0.0606287 0.176111
133.477 20.665 0.0606287 0.176111
133.605 20.8778 0.0597544 0.0491219
133.569 20.8693 0.0591116 0.0689992
133.527 20.6216 0.0607023 0.117345
133.527 20.6216 0.0607023 0.117345
133.515 20.5649 0.062107 0.0909058
133.477 20.665 0.0606287 0.176111
133.535 20.6095 0.0598521 0.0866006
133.427 20.5217 0.060928 0.0499196
133.502 20.9184 0.0599993 0.0617121
133.545 20.6576 0.0668678 0.0753924
133.545 20.6576 0.0668678 0.0753924
133.527 20.6216 0.0607023 0.117345
133.527 20.6216 0.0607023 0.117345
133.515 20.5649 0.062107 0.0909058
133.336 20.4033 0.063311 0.00810775
133.535 20.6095 0.0598521 0.0866006
133.563 20.7503 0.0570887 0.0717543
133.545 20.6576 0.0668678 0.0753924
133.515 20.5649 0.062107 0.0909058
133.659 20.5559 0.0664137 0.0130107
133.328 20.9143 0.0540027 0.00566483
133.502 20.9184 0.0599993 0.0617121
133.527 20.6216 0.0607023 0.117345
133.477 20.665 0.0606287 0.176111
133.477 20.665 0.0606287 0.176111
133.604 20.3925 0.0604723 0.00198156
133.605 20.8778 0.0597544 0.0491219
133.563 20.7503 0.0570887 0.0717543
133.527 20.6216 0.0607023 0.117345
133.477 20.665 0.0606287 0.176111
133.427 20.5217 0.060928 0.0499196
133.328 20.9143 0.0540027 0.00566483
133.527 20.6216 0.0607023 0.117345
133.477 20.665 0.0606287 0.176111
133.717 20.9183 0.0532659 0.0024799
133.563 20.7503 0.0570887 0.0717543
133.563 20.7503 0.0570887 0.0717543
133.527 20.6216 0.0607023 0.117345
133.477 20.665 0.0606287 0.176111
133.535 20.6095 0.0598521 0.0866006
133.502 20.9184 0.0599993 0.0617121
133.502 20.9184 0.0599993 0.0617121
133.527 20.6216 0.0607023 0.117345
133.477 20.665 0.0606287 0.176111
133.427 20.5217 0.060928 0.0499196
133.427 20.5217 0.060928 0.0499196
133.569 20.8693 0.0591116 0.0689992
133.527 20.6216 0.0607023 0.117345
133.515 20.5649 0.062107 0.0909058
133.477 20.665 0.0606287 0.176111
133.477 20.665 0.0606287 0.176111
133.477 20.665 0.0606287 0.176111
133.427 20.5217 0.060928 0.0499196
133.605 20.8778 0.0597544 0.0491219
133.563 20.7503 0.0570887 0.0717543
133.527 20.6216 0.0607023 0.117345
133.477 20.665 0.0606287 0.176111
133.535 20.6095 0.0598521 0.0866006
133.427 20.5217 0.060928 0.0499196
133.569 20.8693 0.0591116 0.0689992
133.515 20.5649 0.062107 0.0909058
133.477 20.665 0.0606287 0.176111
133.535 20.6095 0.0598521 0.0866006
133.248 20.502 0.063671 0.0197534
133.127 20.6186 0.0683407 0.00738276
133.527 20.6216 0.0607023 0.117345
133.477 20.665 0.0606287 0.176111
133.248 20.502 0.063671 0.0197534
133.328 20.9143 0.0540027 0.00566483
133.569 20.8693 0.0591116 0.0689992
133.527 20.6216 0.0607023 0.117345
133.477 20.665 0.0606287 0.176111
133.248 20.502 0.063671 0.0197534
133.605 20.8778 0.0597544 0.0491219
133.569 20.8693 0.0591116 0.0689992
133.527 20.6216 0.0607023 0.117345
133.477 20.665 0.0606287 0.176111
133.477 20.665 0.0606287 0.176111
133.427 20.5217 0.060928 0.0499196
133.502 20.9184 0.0599993 0.0617121
133.569 20.8693 0.0591116 0.0689992
133.569 20.8693 0.0591116 0.0689992
133.527 20.6216 0.0607023 0.117345
133.477 20.665 0.0606287 0.176111
