135.606 19.7901 0.0679753 0.011742
135.631 20.0607 0.0690952 0.160268
135.631 20.0607 0.0690952 0.160268
135.663 20.0954 0.0734868 0.0714788
135.67 20.052 0.0764397 0.0261431
135.544 19.878 0.067109 0.0330289
135.664 20.1001 0.0669493 0.113596
135.322 20.1777 0.0670178 0.00658072
135.663 20.0954 0.0734868 0.0714788
135.276 20.0261 0.0708819 0.00794314
135.607 20.1118 0.0722821 0.115038
135.647 19.905 0.0765404 0.0247174
135.6 20.2519 0.0710614 0.038201
135.664 20.1001 0.0669493 0.113596
135.606 19.7901 0.0679753 0.011742
135.663 20.0954 0.0734868 0.0714788
135.74 20.062 0.0712958 0.0662977
135.67 20.052 0.0764397 0.0261431
135.607 20.1118 0.0722821 0.115038
135.676 20.2425 0.0727343 0.0203005
135.664 20.1001 0.0669493 0.113596
135.636 19.9255 0.069936 0.0937447
135.631 20.0607 0.0690952 0.160268
135.631 20.0607 0.0690952 0.160268
135.607 20.1118 0.0722821 0.115038
135.607 20.1118 0.0722821 0.115038
135.607 20.1118 0.0722821 0.115038
135.607 20.1118 0.0722821 0.115038
135.658 20.282 0.0750095 0.00470756
135.636 19.9255 0.069936 0.0937447
135.631 20.0607 0.0690952 0.160268
135.607 20.1118 0.0722821 0.115038
135.469 19.8152 0.06442 0.00221299
135.631 20.0607 0.0690952 0.160268
135.631 20.0607 0.0690952 0.160268
135.631 20.0607 0.0690952 0.160268
135.74 20.062 0.0712958 0.0662977
135.607 20.1118 0.0722821 0.115038
135.664 20.1001 0.0669493 0.113596
135.636 19.9255 0.069936 0.0937447
135.429 19.9432 0.0710065 0.0581278
135.631 20.0607 0.0690952 0.160268
135.74 20.062 0.0712958 0.0662977
135.6 20.2519 0.0710614 0.038201
135.6 20.2519 0.0710614 0.038201
135.544 19.878 0.067109 0.0330289
135.636 19.9255 0.069936 0.0937447
135.606 19.7901 0.0679753 0.011742
135.631 20.0607 0.0690952 0.160268
135.412 20.2084 0.0651466 0.0132725
135.74 20.062 0.0712958 0.0662977
135.753 19.9575 0.0771929 0.0073728
135.664 20.1001 0.0669493 0.113596
135.631 20.0607 0.0690952 0.160268
135.663 20.0954 0.0734868 0.0714788
135.607 20.1118 0.0722821 0.115038
135.6 20.2519 0.0710614 0.038201
135.636 19.9255 0.069936 0.0937447
135.429 19.9432 0.0710065 0.0581278
135.631 20.0607 0.0690952 0.160268
135.607 20.1118 0.0722821 0.115038
135.676 20.2425 0.0727343 0.0203005
135.606 19.7901 0.0679753 0.011742
135.631 20.0607 0.0690952 0.160268
135.631 20.0607 0.0690952 0.160268
135.728 20.2114 0.0612004 0.00973881
135.607 20.1118 0.0722821 0.115038
135.647 19.905 0.0765404 0.0247174
135.593 19.7752 0.0742924 0.0138727
135.676 20.2425 0.0727343 0.0203005
135.429 19.9432 0.0710065 0.0581278
135.663 20.0954 0.0734868 0.0714788
135.607 20.1118 0.0722821 0.115038
135.664 20.1001 0.0669493 0.113596
135.631 20.0607 0.0690952 0.160268
135.631 20.0607 0.0690952 0.160268
135.663 20.0954 0.0734868 0.0714788
135.74 20.062 0.0712958 0.0662977
135.647 19.905 0.0765404 0.0247174
135.544 19.878 0.067109 0.0330289
135.636 19.9255 0.069936 0.0937447
135.636 19.9255 0.069936 0.0937447
135.631 20.0607 0.0690952 0.160268
135.276 20.0261 0.0708819 0.00794314
135.727 20.237 0.0721442 0.0167724
135.664 20.1001 0.0669493 0.113596
135.636 19.9255 0.069936 0.0937447
135.631 20.0607 0.0690952 0.160268
135.607 20.1118 0.0722821 0.115038
135.607 20.1118 0.0722821 0.115038
135.593 19.7752 0.0742924 0.0138727
135.664 20.1001 0.0669493 0.113596
135.606 19.7901 0.0679753 0.011742
135.412 20.2084 0.0651466 0.0132725
135.607 20.1118 0.0722821 0.115038
135.86 20.1016 0.0739605 0.00409919
135.593 19.7752 0.0742924 0.0138727
135.636 19.9255 0.069936 0.0937447
135.631 20.0607 0.0690952 0.160268
135.631 20.0607 0.0690952 0.160268
