-8.08766 0.161059 0.454045 0.269323
-8.08766 0.161059 0.454045 0.269323
-8.21245 0.220124 0.45071 0.0378814
-8.03955 -0.0494555 0.449863 0.103052
-8.03955 -0.0494555 0.449863 0.103052
-7.88313 0.179671 0.450364 0.207764
-7.88313 0.179671 0.450364 0.207764
-8.08766 0.161059 0.454045 0.269323
-8.22805 0.096524 0.452623 0.0658622
-7.87808 0.223462 0.453302 0.0572285
-7.87023 0.262591 0.455749 0.00667033
-8.08766 0.161059 0.454045 0.269323
-8.03955 -0.0494555 0.449863 0.103052
-8.10253 0.248304 0.445617 0.035426
-8.08766 0.161059 0.454045 0.269323
-8.22805 0.096524 0.452623 0.0658622
-8.21245 0.220124 0.45071 0.0378814
-8.15603 0.0702552 0.449782 0.122504
-8.08766 0.161059 0.454045 0.269323
-7.80433 0.291926 0.452434 0.00712853
-8.10253 0.248304 0.445617 0.035426
-8.08766 0.161059 0.454045 0.269323
-8.17864 0.33042 0.450703 0.0123974
-8.15603 0.0702552 0.449782 0.122504
-7.88313 0.179671 0.450364 0.207764
-8.08766 0.161059 0.454045 0.269323
-8.03955 -0.0494555 0.449863 0.103052
-7.88313 0.179671 0.450364 0.207764
-8.08766 0.161059 0.454045 0.269323
-8.03955 -0.0494555 0.449863 0.103052
-8.15603 0.0702552 0.449782 0.122504
-8.08766 0.161059 0.454045 0.269323
-8.08766 0.161059 0.454045 0.269323
-7.72806 0.1269 0.444425 0.0087212
-7.88313 0.179671 0.450364 0.207764
-8.08766 0.161059 0.454045 0.269323
-8.08766 0.161059 0.454045 0.269323
-8.27651 0.258502 0.451345 0.00579317
-8.15603 0.0702552 0.449782 0.122504
-7.88313 0.179671 0.450364 0.207764
-8.08766 0.161059 0.454045 0.269323
-8.08766 0.161059 0.454045 0.269323
-8.22805 0.096524 0.452623 0.0658622
-7.88313 0.179671 0.450364 0.207764
-7.88313 0.179671 0.450364 0.207764
-8.08766 0.161059 0.454045 0.269323
-8.27651 0.258502 0.451345 0.00579317
-7.88313 0.179671 0.450364 0.207764
-8.08766 0.161059 0.454045 0.269323
-8.15603 0.0702552 0.449782 0.122504
-8.15603 0.0702552 0.449782 0.122504
-7.84147 -0.0288668 0.456606 0.00770037
-8.08766 0.161059 0.454045 0.269323
-8.15603 0.0702552 0.449782 0.122504
-8.15603 0.0702552 0.449782 0.122504
-7.88313 0.179671 0.450364 0.207764
-8.08766 0.161059 0.454045 0.269323
-7.87808 0.223462 0.453302 0.0572285
-7.88313 0.179671 0.450364 0.207764
-8.08766 0.161059 0.454045 0.269323
-8.17864 0.33042 0.450703 0.0123974
-8.15603 0.0702552 0.449782 0.122504
-8.08766 0.161059 0.454045 0.269323
-8.08766 0.161059 0.454045 0.269323
-8.15603 0.0702552 0.449782 0.122504
-8.15603 0.0702552 0.449782 0.122504
-8.08766 0.161059 0.454045 0.269323
-8.21245 0.220124 0.45071 0.0378814
-8.10253 0.248304 0.445617 0.035426
-8.08766 0.161059 0.454045 0.269323
-8.08766 0.161059 0.454045 0.269323
-8.15603 0.0702552 0.449782 0.122504
-8.15603 0.0702552 0.449782 0.122504
-7.88313 0.179671 0.450364 0.207764
-7.87808 0.223462 0.453302 0.0572285
-7.88313 0.179671 0.450364 0.207764
-8.26733 0.141471 0.450115 0.0145579
-8.21245 0.220124 0.45071 0.0378814
-8.15603 0.0702552 0.449782 0.122504
-8.15603 0.0702552 0.449782 0.122504
-8.08766 0.161059 0.454045 0.269323
-8.08766 0.161059 0.454045 0.269323
-8.03955 -0.0494555 0.449863 0.103052
-8.08766 0.161059 0.454045 0.269323
-7.80433 0.291926 0.452434 0.00712853
-8.15603 0.0702552 0.449782 0.122504
-8.15603 0.0702552 0.449782 0.122504
-7.88313 0.179671 0.450364 0.207764
-8.08766 0.161059 0.454045 0.269323
-7.87808 0.223462 0.453302 0.0572285
-7.87808 0.223462 0.453302 0.0572285
-7.88313 0.179671 0.450364 0.207764
-8.08766 0.161059 0.454045 0.269323
-8.15603 0.0702552 0.449782 0.122504
-8.08766 0.161059 0.454045 0.269323
-8.08766 0.161059 0.454045 0.269323
-8.17864 0.33042 0.450703 0.0123974
-7.88313 0.179671 0.450364 0.207764
-8.08766 0.161059 0.454045 0.269323
-8.22805 0.096524 0.452623 0.0658622
