77.877 -38.4343 3.70348 0.159701
77.877 -38.4343 3.70348 0.159701
78.0356 -38.5118 3.69682 0.250989
78.0833 -38.5763 3.69695 0.20911
78.0833 -38.5763 3.69695 0.20911
78.1426 -38.5793 3.70587 0.00287259
77.877 -38.4343 3.70348 0.159701
77.877 -38.4343 3.70348 0.159701
78.0356 -38.5118 3.69682 0.250989
78.0599 -38.5651 3.69581 0.169691
77.8539 -38.3437 3.70254 0.0657346
78.0599 -38.5651 3.69581 0.169691
78.0739 -38.3269 3.70265 0.0473624
78.0356 -38.5118 3.69682 0.250989
78.0599 -38.5651 3.69581 0.169691
78.0083 -38.5183 3.69375 0.0392422
78.0833 -38.5763 3.69695 0.20911
77.877 -38.4343 3.70348 0.159701
77.877 -38.4343 3.70348 0.159701
78.0356 -38.5118 3.69682 0.250989
78.0599 -38.5651 3.69581 0.169691
78.0833 -38.5763 3.69695 0.20911
78.0356 -38.5118 3.69682 0.250989
78.0599 -38.5651 3.69581 0.169691
78.0833 -38.5763 3.69695 0.20911
77.877 -38.4343 3.70348 0.159701
78.0356 -38.5118 3.69682 0.250989
78.0599 -38.5651 3.69581 0.169691
77.8539 -38.3437 3.70254 0.0657346
78.0356 -38.5118 3.69682 0.250989
78.0833 -38.5763 3.69695 0.20911
78.0833 -38.5763 3.69695 0.20911
78.0833 -38.5763 3.69695 0.20911
78.0356 -38.5118 3.69682 0.250989
78.0599 -38.5651 3.69581 0.169691
78.0833 -38.5763 3.69695 0.20911
77.877 -38.4343 3.70348 0.159701
78.0356 -38.5118 3.69682 0.250989
78.0356 -38.5118 3.69682 0.250989
78.0833 -38.5763 3.69695 0.20911
78.0833 -38.5763 3.69695 0.20911
77.8539 -38.3437 3.70254 0.0657346
77.8539 -38.3437 3.70254 0.0657346
78.0356 -38.5118 3.69682 0.250989
78.0356 -38.5118 3.69682 0.250989
78.0833 -38.5763 3.69695 0.20911
77.877 -38.4343 3.70348 0.159701
78.0599 -38.5651 3.69581 0.169691
78.2494 -38.6194 3.69762 0.00430226
77.877 -38.4343 3.70348 0.159701
78.0356 -38.5118 3.69682 0.250989
78.0599 -38.5651 3.69581 0.169691
78.1426 -38.5793 3.70587 0.00287259
77.877 -38.4343 3.70348 0.159701
77.9939 -38.4189 3.69312 0.00270255
78.0356 -38.5118 3.69682 0.250989
78.0356 -38.5118 3.69682 0.250989
78.0833 -38.5763 3.69695 0.20911
78.0739 -38.3269 3.70265 0.0473624
77.877 -38.4343 3.70348 0.159701
78.0599 -38.5651 3.69581 0.169691
78.0599 -38.5651 3.69581 0.169691
78.0599 -38.5651 3.69581 0.169691
78.0833 -38.5763 3.69695 0.20911
77.877 -38.4343 3.70348 0.159701
77.877 -38.4343 3.70348 0.159701
78.0356 -38.5118 3.69682 0.250989
78.0599 -38.5651 3.69581 0.169691
77.8539 -38.3437 3.70254 0.0657346
78.0356 -38.5118 3.69682 0.250989
78.0356 -38.5118 3.69682 0.250989
78.0833 -38.5763 3.69695 0.20911
77.877 -38.4343 3.70348 0.159701
78.0356 -38.5118 3.69682 0.250989
78.0833 -38.5763 3.69695 0.20911
78.0833 -38.5763 3.69695 0.20911
77.877 -38.4343 3.70348 0.159701
78.0356 -38.5118 3.69682 0.250989
78.0356 -38.5118 3.69682 0.250989
78.0599 -38.5651 3.69581 0.169691
78.0599 -38.5651 3.69581 0.169691
78.0739 -38.3269 3.70265 0.0473624
78.0356 -38.5118 3.69682 0.250989
78.0599 -38.5651 3.69581 0.169691
78.0599 -38.5651 3.69581 0.169691
77.8417 -38.5582 3.69098 0.00281931
77.877 -38.4343 3.70348 0.159701
77.877 -38.4343 3.70348 0.159701
78.0599 -38.5651 3.69581 0.169691
77.8539 -38.3437 3.70254 0.0657346
78.0599 -38.5651 3.69581 0.169691
77.7868 -38.3683 3.69769 0.013348
77.877 -38.4343 3.70348 0.159701
78.0356 -38.5118 3.69682 0.250989
78.0356 -38.5118 3.69682 0.250989
78.0356 -38.5118 3.69682 0.250989
78.0833 -38.5763 3.69695 0.20911
78.0833 -38.5763 3.69695 0.20911
78.0833 -38.5763 3.69695 0.20911
77.877 -38.4343 3.70348 0.159701
