-8.78923 -94.6836 2.91073 0.114079
-8.86374 -94.6564 2.90802 0.210107
-8.98134 -94.6087 2.90484 0.227187
-8.6058 -94.6365 2.91469 0.0278057
-8.95545 -94.3324 2.91306 0.0353828
-9.15591 -94.4691 2.9044 0.0570716
-8.98134 -94.6087 2.90484 0.227187
-8.78923 -94.6836 2.91073 0.114079
-8.86374 -94.6564 2.90802 0.210107
-8.86374 -94.6564 2.90802 0.210107
-9.15591 -94.4691 2.9044 0.0570716
-8.98134 -94.6087 2.90484 0.227187
-8.78923 -94.6836 2.91073 0.114079
-8.86594 -94.2622 2.91205 0.0364293
-8.98134 -94.6087 2.90484 0.227187
-8.98134 -94.6087 2.90484 0.227187
-8.78923 -94.6836 2.91073 0.114079
-8.86374 -94.6564 2.90802 0.210107
-8.86374 -94.6564 2.90802 0.210107
-8.98134 -94.6087 2.90484 0.227187
-8.78923 -94.6836 2.91073 0.114079
-9.15591 -94.4691 2.9044 0.0570716
-8.80907 -94.7943 2.91692 0.00244006
-8.59733 -94.5465 2.92175 0.00192163
-8.86374 -94.6564 2.90802 0.210107
-8.84903 -94.4021 2.91346 0.100871
-8.98134 -94.6087 2.90484 0.227187
-8.98134 -94.6087 2.90484 0.227187
-8.86374 -94.6564 2.90802 0.210107
-8.84903 -94.4021 2.91346 0.100871
-8.59835 -94.3781 2.91793 0.0127717
-8.78923 -94.6836 2.91073 0.114079
-8.78923 -94.6836 2.91073 0.114079
-9.24178 -94.6636 2.90674 0.00707678
-8.98134 -94.6087 2.90484 0.227187
-8.98134 -94.6087 2.90484 0.227187
-8.78923 -94.6836 2.91073 0.114079
-8.86374 -94.6564 2.90802 0.210107
-8.86374 -94.6564 2.90802 0.210107
-8.84903 -94.4021 2.91346 0.100871
-8.84903 -94.4021 2.91346 0.100871
-8.93099 -94.7883 2.89959 0.014614
-8.86374 -94.6564 2.90802 0.210107
-8.86594 -94.2622 2.91205 0.0364293
-8.84903 -94.4021 2.91346 0.100871
-8.98134 -94.6087 2.90484 0.227187
-8.78923 -94.6836 2.91073 0.114079
-8.86374 -94.6564 2.90802 0.210107
-8.87089 -94.2072 2.90474 0.0122544
-8.98134 -94.6087 2.90484 0.227187
-8.78923 -94.6836 2.91073 0.114079
-8.78923 -94.6836 2.91073 0.114079
-8.86374 -94.6564 2.90802 0.210107
-8.86374 -94.6564 2.90802 0.210107
-8.86374 -94.6564 2.90802 0.210107
-8.86594 -94.2622 2.91205 0.0364293
-8.98134 -94.6087 2.90484 0.227187
-8.86374 -94.6564 2.90802 0.210107
-8.86374 -94.6564 2.90802 0.210107
-9.24178 -94.6636 2.90674 0.00707678
-8.98134 -94.6087 2.90484 0.227187
-8.95498 -94.6243 2.89723 0.0186327
-8.84903 -94.4021 2.91346 0.100871
-8.6058 -94.6365 2.91469 0.0278057
-8.95545 -94.3324 2.91306 0.0353828
-8.86374 -94.6564 2.90802 0.210107
-8.98134 -94.6087 2.90484 0.227187
-8.6058 -94.6365 2.91469 0.0278057
-8.86374 -94.6564 2.90802 0.210107
-9.15591 -94.4691 2.9044 0.0570716
-9.15591 -94.4691 2.9044 0.0570716
-9.19549 -94.5265 2.90777 0.020525
-8.84695 -94.1745 2.91535 0.003776
-8.84903 -94.4021 2.91346 0.100871
-8.84903 -94.4021 2.91346 0.100871
-8.98134 -94.6087 2.90484 0.227187
-8.86374 -94.6564 2.90802 0.210107
-8.62693 -94.5482 2.91542 0.0442121
-8.98134 -94.6087 2.90484 0.227187
-8.95545 -94.3324 2.91306 0.0353828
-8.95498 -94.6243 2.89723 0.0186327
-8.86374 -94.6564 2.90802 0.210107
-8.86594 -94.2622 2.91205 0.0364293
-8.98134 -94.6087 2.90484 0.227187
-8.98134 -94.6087 2.90484 0.227187
-8.95545 -94.3324 2.91306 0.0353828
-9.15591 -94.4691 2.9044 0.0570716
-8.98134 -94.6087 2.90484 0.227187
-8.8426 -94.159 2.90927 0.0086835
-8.8426 -94.159 2.90927 0.0086835
-9.19549 -94.5265 2.90777 0.020525
-8.86374 -94.6564 2.90802 0.210107
-8.56389 -94.4998 2.9215 0.00228034
-8.53313 -94.6566 2.91378 0.0121236
-8.86374 -94.6564 2.90802 0.210107
-8.62693 -94.5482 2.91542 0.0442121
-9.24178 -94.6636 2.90674 0.00707678
-8.98134 -94.6087 2.90484 0.227187
-8.78923 -94.6836 2.91073 0.114079
-8.86594 -94.2622 2.91205 0.0364293
