15.7834 -91.9622 3.60122 0.126019
16.3054 -92.0073 3.62167 0.00290978
16.2206 -92.0924 3.61572 0.0152833
15.6106 -92.0175 3.6085 0.0564807
15.9964 -91.8083 3.61466 0.0189382
15.9111 -92.3661 3.60104 0.17582
15.8482 -92.2343 3.61147 0.0864306
15.6106 -92.0175 3.6085 0.0564807
15.8999 -91.9322 3.61116 0.0749317
15.8991 -91.8605 3.60613 0.050629
15.9111 -92.3661 3.60104 0.17582
16.1275 -91.8976 3.60098 0.00573768
16.011 -91.9025 3.61726 0.0232477
15.8991 -91.8605 3.60613 0.050629
15.9111 -92.3661 3.60104 0.17582
15.7834 -91.9622 3.60122 0.126019
16.2477 -92.2123 3.61034 0.013555
16.2267 -91.9524 3.60381 0.00496257
15.6106 -92.0175 3.6085 0.0564807
15.6106 -92.0175 3.6085 0.0564807
16.1109 -92.1242 3.61528 0.0331833
15.9111 -92.3661 3.60104 0.17582
15.9111 -92.3661 3.60104 0.17582
15.7834 -91.9622 3.60122 0.126019
15.7834 -91.9622 3.60122 0.126019
15.7834 -91.9622 3.60122 0.126019
16.3398 -92.1013 3.61785 0.00342944
15.6106 -92.0175 3.6085 0.0564807
16.1109 -92.1242 3.61528 0.0331833
15.9111 -92.3661 3.60104 0.17582
15.9111 -92.3661 3.60104 0.17582
16.0879 -91.9672 3.60466 0.0351049
16.2206 -92.0924 3.61572 0.0152833
15.9695 -92.1436 3.61949 0.0124577
15.8999 -91.9322 3.61116 0.0749317
15.9111 -92.3661 3.60104 0.17582
15.7834 -91.9622 3.60122 0.126019
15.7281 -91.8326 3.61675 0.00614135
15.8999 -91.9322 3.61116 0.0749317
15.8991 -91.8605 3.60613 0.050629
15.9433 -92.0027 3.61981 0.014052
16.0244 -92.3139 3.62035 0.00266582
15.5489 -91.852 3.60109 0.0213047
16.1109 -92.1242 3.61528 0.0331833
15.7834 -91.9622 3.60122 0.126019
16.2477 -92.2123 3.61034 0.013555
15.8999 -91.9322 3.61116 0.0749317
15.8999 -91.9322 3.61116 0.0749317
15.9423 -91.9539 3.61876 0.0183266
15.9111 -92.3661 3.60104 0.17582
15.9111 -92.3661 3.60104 0.17582
15.7834 -91.9622 3.60122 0.126019
16.0879 -91.9672 3.60466 0.0351049
16.2206 -92.0924 3.61572 0.0152833
15.8991 -91.8605 3.60613 0.050629
15.9964 -91.8083 3.61466 0.0189382
15.7834 -91.9622 3.60122 0.126019
16.2713 -92.0308 3.602 0.0026979
15.6106 -92.0175 3.6085 0.0564807
15.8999 -91.9322 3.61116 0.0749317
15.9423 -91.9539 3.61876 0.0183266
15.8991 -91.8605 3.60613 0.050629
15.9111 -92.3661 3.60104 0.17582
16.0879 -91.9672 3.60466 0.0351049
16.2206 -92.0924 3.61572 0.0152833
16.1109 -92.1242 3.61528 0.0331833
15.7834 -91.9622 3.60122 0.126019
15.7956 -91.7556 3.60617 0.0159841
16.0354 -91.9992 3.62104 0.0106509
15.8999 -91.9322 3.61116 0.0749317
16.1109 -92.1242 3.61528 0.0331833
15.6177 -91.7655 3.60157 0.00961308
16.0879 -91.9672 3.60466 0.0351049
15.5757 -91.9308 3.61006 0.0181832
15.6106 -92.0175 3.6085 0.0564807
16.0477 -92.1611 3.61592 0.0334731
15.9111 -92.3661 3.60104 0.17582
15.9111 -92.3661 3.60104 0.17582
15.9111 -92.3661 3.60104 0.17582
15.8482 -92.2343 3.61147 0.0864306
16.2267 -91.9524 3.60381 0.00496257
15.8991 -91.8605 3.60613 0.050629
15.7834 -91.9622 3.60122 0.126019
15.8482 -92.2343 3.61147 0.0864306
16.2503 -91.8887 3.61394 0.00765393
16.0477 -92.1611 3.61592 0.0334731
16.1109 -92.1242 3.61528 0.0331833
15.7834 -91.9622 3.60122 0.126019
15.7834 -91.9622 3.60122 0.126019
16.2477 -92.2123 3.61034 0.013555
16.0477 -92.1611 3.61592 0.0334731
15.9964 -91.8083 3.61466 0.0189382
15.9111 -92.3661 3.60104 0.17582
15.7834 -91.9622 3.60122 0.126019
15.7834 -91.9622 3.60122 0.126019
16.1275 -91.8976 3.60098 0.00573768
16.2267 -91.9524 3.60381 0.00496257
16.1109 -92.1242 3.61528 0.0331833
15.9111 -92.3661 3.60104 0.17582
15.7834 -91.9622 3.60122 0.126019
