252.259 -19.6859 3.1004 0.275575
252.259 -19.6859 3.1004 0.275575
252.524 -19.702 3.10341 0.0722814
252.524 -19.702 3.10341 0.0722814
252.16 -19.6495 3.10193 0.10214
252.392 -19.5867 3.10603 0.0677506
252.458 -19.3737 3.10208 0.0227846
252.458 -19.3737 3.10208 0.0227846
252.168 -19.8056 3.09324 0.0261732
252.259 -19.6859 3.1004 0.275575
252.458 -19.4774 3.09615 0.0201293
252.198 -19.4605 3.09023 0.0351664
252.458 -19.4774 3.09615 0.0201293
252.014 -19.5058 3.09761 0.0990314
252.259 -19.6859 3.1004 0.275575
252.524 -19.702 3.10341 0.0722814
252.16 -19.6495 3.10193 0.10214
252.16 -19.6495 3.10193 0.10214
252.477 -19.6973 3.10638 0.0645873
252.014 -19.5058 3.09761 0.0990314
252.259 -19.6859 3.1004 0.275575
252.21 -19.9117 3.10237 0.00785498
252.166 -19.2043 3.09735 0.00380778
252.259 -19.6859 3.1004 0.275575
252.477 -19.6973 3.10638 0.0645873
252.458 -19.3737 3.10208 0.0227846
252.16 -19.6495 3.10193 0.10214
251.757 -19.606 3.08706 0.0106017
252.524 -19.702 3.10341 0.0722814
252.524 -19.702 3.10341 0.0722814
252.477 -19.6973 3.10638 0.0645873
252.014 -19.5058 3.09761 0.0990314
252.634 -19.8092 3.10627 0.00981092
252.458 -19.4774 3.09615 0.0201293
252.477 -19.6973 3.10638 0.0645873
252.392 -19.5867 3.10603 0.0677506
251.757 -19.606 3.08706 0.0106017
252.259 -19.6859 3.1004 0.275575
251.757 -19.606 3.08706 0.0106017
252.259 -19.6859 3.1004 0.275575
252.259 -19.6859 3.1004 0.275575
252.16 -19.6495 3.10193 0.10214
252.503 -19.3999 3.10592 0.010303
252.259 -19.6859 3.1004 0.275575
252.601 -19.8561 3.10832 0.00627009
252.477 -19.6973 3.10638 0.0645873
252.259 -19.6859 3.1004 0.275575
252.259 -19.6859 3.1004 0.275575
252.524 -19.702 3.10341 0.0722814
252.16 -19.6495 3.10193 0.10214
252.16 -19.6495 3.10193 0.10214
252.483 -19.6926 3.1061 0.0705693
252.477 -19.6973 3.10638 0.0645873
252.392 -19.5867 3.10603 0.0677506
252.014 -19.5058 3.09761 0.0990314
252.168 -19.8056 3.09324 0.0261732
252.16 -19.6495 3.10193 0.10214
252.396 -19.7288 3.10668 0.0446764
252.198 -19.4605 3.09023 0.0351664
252.524 -19.702 3.10341 0.0722814
252.014 -19.5058 3.09761 0.0990314
252.259 -19.6859 3.1004 0.275575
252.16 -19.6495 3.10193 0.10214
252.477 -19.6973 3.10638 0.0645873
252.21 -19.9117 3.10237 0.00785498
252.198 -19.4605 3.09023 0.0351664
252.259 -19.6859 3.1004 0.275575
252.16 -19.6495 3.10193 0.10214
252.392 -19.5867 3.10603 0.0677506
252.259 -19.6859 3.1004 0.275575
252.483 -19.6926 3.1061 0.0705693
252.21 -19.9117 3.10237 0.00785498
252.014 -19.5058 3.09761 0.0990314
252.166 -19.2043 3.09735 0.00380778
252.168 -19.8056 3.09324 0.0261732
252.16 -19.6495 3.10193 0.10214
252.477 -19.6973 3.10638 0.0645873
252.014 -19.5058 3.09761 0.0990314
252.524 -19.702 3.10341 0.0722814
252.477 -19.6973 3.10638 0.0645873
252.198 -19.4605 3.09023 0.0351664
252.259 -19.6859 3.1004 0.275575
252.392 -19.5867 3.10603 0.0677506
252.014 -19.5058 3.09761 0.0990314
252.014 -19.5058 3.09761 0.0990314
252.014 -19.5058 3.09761 0.0990314
252.259 -19.6859 3.1004 0.275575
252.477 -19.6973 3.10638 0.0645873
252.259 -19.6859 3.1004 0.275575
252.521 -19.3809 3.09652 0.00264484
252.477 -19.6973 3.10638 0.0645873
252.014 -19.5058 3.09761 0.0990314
252.527 -19.3524 3.09973 0.00567797
252.168 -19.8056 3.09324 0.0261732
252.524 -19.702 3.10341 0.0722814
252.483 -19.6926 3.1061 0.0705693
252.259 -19.6859 3.1004 0.275575
252.477 -19.6973 3.10638 0.0645873
252.392 -19.5867 3.10603 0.0677506
252.503 -19.3999 3.10592 0.010303
