141.939 -16.6444 3.35648 0.11123
142.116 -16.7718 3.35781 0.113944
142.116 -16.7718 3.35781 0.113944
142.056 -16.8718 3.35652 0.0680896
142.128 -16.8273 3.36636 0.034647
142.244 -16.5552 3.36724 0.0333872
142.273 -16.6039 3.36305 0.0554934
142.256 -16.8096 3.3604 0.0462304
141.939 -16.6444 3.35648 0.11123
142.116 -16.7718 3.35781 0.113944
142.207 -16.8724 3.36486 0.0337331
142.111 -16.8019 3.35524 0.0556597
142.111 -16.8019 3.35524 0.0556597
142.528 -16.685 3.36806 0.00214019
141.952 -16.8877 3.35986 0.0542119
141.843 -16.4473 3.35441 0.00729232
141.939 -16.6444 3.35648 0.11123
142.116 -16.7718 3.35781 0.113944
142.056 -16.8718 3.35652 0.0680896
141.919 -16.8977 3.35958 0.0414261
142.128 -16.8273 3.36636 0.034647
142.111 -16.8019 3.35524 0.0556597
141.793 -16.8107 3.35078 0.0221287
142.398 -16.6981 3.36015 0.00722131
141.939 -16.6444 3.35648 0.11123
141.939 -16.6444 3.35648 0.11123
142.116 -16.7718 3.35781 0.113944
142.026 -16.4911 3.363 0.0380848
142.111 -16.8019 3.35524 0.0556597
142.043 -16.9636 3.36803 0.00172148
141.802 -16.7045 3.35229 0.0364465
142.331 -16.5782 3.36423 0.0282304
141.939 -16.6444 3.35648 0.11123
142.118 -16.4996 3.36753 0.0182095
141.919 -16.8977 3.35958 0.0414261
142.111 -16.8019 3.35524 0.0556597
142.145 -17.0662 3.36518 0.0015452
141.952 -16.8877 3.35986 0.0542119
141.939 -16.6444 3.35648 0.11123
141.939 -16.6444 3.35648 0.11123
141.939 -16.6444 3.35648 0.11123
142.133 -16.6527 3.35504 0.0422734
142.026 -16.4911 3.363 0.0380848
142.111 -16.8019 3.35524 0.0556597
142.111 -16.8019 3.35524 0.0556597
141.729 -16.7501 3.36188 0.00402278
142.331 -16.5782 3.36423 0.0282304
142.116 -16.7718 3.35781 0.113944
142.116 -16.7718 3.35781 0.113944
142.116 -16.7718 3.35781 0.113944
142.118 -16.4996 3.36753 0.0182095
142.056 -16.8718 3.35652 0.0680896
142.128 -16.8273 3.36636 0.034647
142.111 -16.8019 3.35524 0.0556597
141.952 -16.8877 3.35986 0.0542119
142.256 -16.8096 3.3604 0.0462304
141.939 -16.6444 3.35648 0.11123
141.939 -16.6444 3.35648 0.11123
142.234 -16.9356 3.36279 0.0181634
142.118 -16.4996 3.36753 0.0182095
142.056 -16.8718 3.35652 0.0680896
142.207 -16.8724 3.36486 0.0337331
141.919 -16.8977 3.35958 0.0414261
142.111 -16.8019 3.35524 0.0556597
141.793 -16.8107 3.35078 0.0221287
141.802 -16.7045 3.35229 0.0364465
142.256 -16.8096 3.3604 0.0462304
142.331 -16.5782 3.36423 0.0282304
142.116 -16.7718 3.35781 0.113944
141.813 -16.9366 3.35111 0.0109473
142.111 -16.8019 3.35524 0.0556597
141.793 -16.8107 3.35078 0.0221287
141.802 -16.7045 3.35229 0.0364465
141.939 -16.6444 3.35648 0.11123
142.116 -16.7718 3.35781 0.113944
142.056 -16.8718 3.35652 0.0680896
141.947 -16.3482 3.36253 0.00278473
142.128 -16.8273 3.36636 0.034647
142.111 -16.8019 3.35524 0.0556597
141.793 -16.8107 3.35078 0.0221287
141.802 -16.7045 3.35229 0.0364465
141.939 -16.6444 3.35648 0.11123
142.133 -16.6527 3.35504 0.0422734
142.234 -16.9356 3.36279 0.0181634
142.026 -16.4911 3.363 0.0380848
142.128 -16.8273 3.36636 0.034647
142.111 -16.8019 3.35524 0.0556597
141.952 -16.8877 3.35986 0.0542119
141.952 -16.8877 3.35986 0.0542119
142.331 -16.5782 3.36423 0.0282304
141.939 -16.6444 3.35648 0.11123
142.116 -16.7718 3.35781 0.113944
142.056 -16.8718 3.35652 0.0680896
142.026 -16.4911 3.363 0.0380848
141.919 -16.8977 3.35958 0.0414261
141.844 -16.4798 3.35205 0.00639699
142.111 -16.8019 3.35524 0.0556597
141.952 -16.8877 3.35986 0.0542119
142.256 -16.8096 3.3604 0.0462304
141.939 -16.6444 3.35648 0.11123
