24.2855 7.23616 0.253831 0.0592603
24.3836 7.26314 0.255213 0.15906
24.5486 7.24764 0.249181 0.228389
24.3737 7.2229 0.251089 0.121921
24.3836 7.26314 0.255213 0.15906
24.3836 7.26314 0.255213 0.15906
24.3042 7.15238 0.260843 0.00861008
24.3737 7.2229 0.251089 0.121921
24.2855 7.23616 0.253831 0.0592603
24.355 7.21165 0.252392 0.136465
24.355 7.21165 0.252392 0.136465
24.5486 7.24764 0.249181 0.228389
24.4807 7.17372 0.257019 0.05776
24.355 7.21165 0.252392 0.136465
24.369 7.41204 0.258501 0.00505042
24.5486 7.24764 0.249181 0.228389
24.3737 7.2229 0.251089 0.121921
24.3836 7.26314 0.255213 0.15906
24.5486 7.24764 0.249181 0.228389
24.5486 7.24764 0.249181 0.228389
24.3737 7.2229 0.251089 0.121921
24.4533 7.35256 0.253593 0.098411
24.3836 7.26314 0.255213 0.15906
24.5486 7.24764 0.249181 0.228389
24.5044 7.29177 0.256545 0.0457931
24.2807 7.10763 0.253474 0.0270611
24.3836 7.26314 0.255213 0.15906
24.5044 7.29177 0.256545 0.0457931
24.4533 7.35256 0.253593 0.098411
24.3836 7.26314 0.255213 0.15906
24.3836 7.26314 0.255213 0.15906
24.5486 7.24764 0.249181 0.228389
24.5486 7.24764 0.249181 0.228389
24.4807 7.17372 0.257019 0.05776
24.355 7.21165 0.252392 0.136465
24.5486 7.24764 0.249181 0.228389
24.4807 7.17372 0.257019 0.05776
24.355 7.21165 0.252392 0.136465
24.5486 7.24764 0.249181 0.228389
24.5044 7.29177 0.256545 0.0457931
24.3737 7.2229 0.251089 0.121921
24.3737 7.2229 0.251089 0.121921
24.4533 7.35256 0.253593 0.098411
24.355 7.21165 0.252392 0.136465
24.355 7.21165 0.252392 0.136465
24.5486 7.24764 0.249181 0.228389
24.3737 7.2229 0.251089 0.121921
24.355 7.21165 0.252392 0.136465
24.3836 7.26314 0.255213 0.15906
24.4669 6.96545 0.253761 0.0086215
24.2807 7.10763 0.253474 0.0270611
24.5486 7.24764 0.249181 0.228389
24.3737 7.2229 0.251089 0.121921
24.3836 7.26314 0.255213 0.15906
24.5486 7.24764 0.249181 0.228389
24.3737 7.2229 0.251089 0.121921
24.355 7.21165 0.252392 0.136465
24.3836 7.26314 0.255213 0.15906
24.4483 7.40223 0.258939 0.00277123
24.4533 7.35256 0.253593 0.098411
24.4533 7.35256 0.253593 0.098411
24.355 7.21165 0.252392 0.136465
24.5486 7.24764 0.249181 0.228389
24.4807 7.17372 0.257019 0.05776
24.4533 7.35256 0.253593 0.098411
24.355 7.21165 0.252392 0.136465
24.3836 7.26314 0.255213 0.15906
24.3836 7.26314 0.255213 0.15906
24.5486 7.24764 0.249181 0.228389
24.5044 7.29177 0.256545 0.0457931
24.3737 7.2229 0.251089 0.121921
24.4533 7.35256 0.253593 0.098411
24.355 7.21165 0.252392 0.136465
24.6082 7.00786 0.248313 0.014136
24.5044 7.29177 0.256545 0.0457931
24.5044 7.29177 0.256545 0.0457931
24.2807 7.10763 0.253474 0.0270611
24.5486 7.24764 0.249181 0.228389
24.5486 7.24764 0.249181 0.228389
24.5486 7.24764 0.249181 0.228389
24.5044 7.29177 0.256545 0.0457931
24.4533 7.35256 0.253593 0.098411
24.3836 7.26314 0.255213 0.15906
24.3836 7.26314 0.255213 0.15906
24.5486 7.24764 0.249181 0.228389
24.4669 6.96545 0.253761 0.0086215
24.3737 7.2229 0.251089 0.121921
24.355 7.21165 0.252392 0.136465
24.3042 7.15238 0.260843 0.00861008
24.3737 7.2229 0.251089 0.121921
24.4533 7.35256 0.253593 0.098411
24.8497 7.23036 0.247348 0.00233211
24.5486 7.24764 0.249181 0.228389
24.2855 7.23616 0.253831 0.0592603
24.2807 7.10763 0.253474 0.0270611
24.5486 7.24764 0.249181 0.228389
24.5486 7.24764 0.249181 0.228389
24.5486 7.24764 0.249181 0.228389
24.4533 7.35256 0.253593 0.098411
24.3836 7.26314 0.255213 0.15906
