98.6826 -28.261 3.48488 0.341595
98.5641 -28.265 3.48442 0.272838
98.6374 -28.377 3.48951 0.197146
98.6826 -28.261 3.48488 0.341595
98.6374 -28.377 3.48951 0.197146
98.6374 -28.377 3.48951 0.197146
98.6826 -28.261 3.48488 0.341595
98.6826 -28.261 3.48488 0.341595
98.5641 -28.265 3.48442 0.272838
98.6374 -28.377 3.48951 0.197146
98.6826 -28.261 3.48488 0.341595
98.5641 -28.265 3.48442 0.272838
98.6374 -28.377 3.48951 0.197146
98.6826 -28.261 3.48488 0.341595
98.6826 -28.261 3.48488 0.341595
98.742 -28.5126 3.48573 0.0580256
98.6826 -28.261 3.48488 0.341595
98.5641 -28.265 3.48442 0.272838
98.819 -28.2994 3.48086 0.0295344
98.6826 -28.261 3.48488 0.341595
98.6374 -28.377 3.48951 0.197146
98.5641 -28.265 3.48442 0.272838
98.6826 -28.261 3.48488 0.341595
98.5641 -28.265 3.48442 0.272838
98.5641 -28.265 3.48442 0.272838
98.7001 -27.8756 3.49411 0.00529003
98.6826 -28.261 3.48488 0.341595
98.6374 -28.377 3.48951 0.197146
98.6826 -28.261 3.48488 0.341595
98.5641 -28.265 3.48442 0.272838
98.5641 -28.265 3.48442 0.272838
98.6826 -28.261 3.48488 0.341595
98.6374 -28.377 3.48951 0.197146
98.5641 -28.265 3.48442 0.272838
98.6374 -28.377 3.48951 0.197146
98.6826 -28.261 3.48488 0.341595
98.5641 -28.265 3.48442 0.272838
98.5641 -28.265 3.48442 0.272838
98.6374 -28.377 3.48951 0.197146
98.5641 -28.265 3.48442 0.272838
98.6826 -28.261 3.48488 0.341595
98.6826 -28.261 3.48488 0.341595
98.742 -28.5126 3.48573 0.0580256
98.6826 -28.261 3.48488 0.341595
98.6374 -28.377 3.48951 0.197146
98.6826 -28.261 3.48488 0.341595
98.6826 -28.261 3.48488 0.341595
98.6374 -28.377 3.48951 0.197146
98.6826 -28.261 3.48488 0.341595
98.6826 -28.261 3.48488 0.341595
98.6374 -28.377 3.48951 0.197146
98.6826 -28.261 3.48488 0.341595
98.5641 -28.265 3.48442 0.272838
98.5641 -28.265 3.48442 0.272838
98.742 -28.5126 3.48573 0.0580256
98.6374 -28.377 3.48951 0.197146
98.6374 -28.377 3.48951 0.197146
98.6826 -28.261 3.48488 0.341595
98.6374 -28.377 3.48951 0.197146
98.6826 -28.261 3.48488 0.341595
98.5641 -28.265 3.48442 0.272838
98.6374 -28.377 3.48951 0.197146
98.6789 -28.6124 3.48704 0.0121331
98.5641 -28.265 3.48442 0.272838
98.6374 -28.377 3.48951 0.197146
98.6826 -28.261 3.48488 0.341595
98.6374 -28.377 3.48951 0.197146
98.6374 -28.377 3.48951 0.197146
98.9787 -28.4862 3.48564 0.00554286
98.6826 -28.261 3.48488 0.341595
98.6826 -28.261 3.48488 0.341595
98.5641 -28.265 3.48442 0.272838
98.5641 -28.265 3.48442 0.272838
98.5641 -28.265 3.48442 0.272838
98.742 -28.5126 3.48573 0.0580256
98.6374 -28.377 3.48951 0.197146
98.6826 -28.261 3.48488 0.341595
98.6374 -28.377 3.48951 0.197146
98.6374 -28.377 3.48951 0.197146
98.5641 -28.265 3.48442 0.272838
98.8862 -28.6044 3.49112 0.00210101
98.5641 -28.265 3.48442 0.272838
98.8862 -28.6044 3.49112 0.00210101
98.5641 -28.265 3.48442 0.272838
98.5641 -28.265 3.48442 0.272838
98.6826 -28.261 3.48488 0.341595
98.5641 -28.265 3.48442 0.272838
98.6374 -28.377 3.48951 0.197146
98.6826 -28.261 3.48488 0.341595
98.5641 -28.265 3.48442 0.272838
98.819 -28.2994 3.48086 0.0295344
98.6826 -28.261 3.48488 0.341595
98.6826 -28.261 3.48488 0.341595
98.5641 -28.265 3.48442 0.272838
98.6826 -28.261 3.48488 0.341595
98.6826 -28.261 3.48488 0.341595
98.5641 -28.265 3.48442 0.272838
98.6826 -28.261 3.48488 0.341595
98.5641 -28.265 3.48442 0.272838
98.742 -28.5126 3.48573 0.0580256
