277.118 -6.46075 4.24684 0.325819
277.236 -6.39466 4.2591 0.107482
277.478 -6.2691 4.25086 0.0141696
277.118 -6.46075 4.24684 0.325819
276.876 -6.3868 4.24393 0.186516
277.118 -6.46075 4.24684 0.325819
276.876 -6.3868 4.24393 0.186516
277.118 -6.46075 4.24684 0.325819
276.876 -6.3868 4.24393 0.186516
277.118 -6.46075 4.24684 0.325819
277.118 -6.46075 4.24684 0.325819
277.15 -6.1501 4.25008 0.198884
277.118 -6.46075 4.24684 0.325819
276.863 -6.51629 4.24587 0.0379522
277.118 -6.46075 4.24684 0.325819
277.15 -6.1501 4.25008 0.198884
276.863 -6.51629 4.24587 0.0379522
277.236 -6.39466 4.2591 0.107482
276.876 -6.3868 4.24393 0.186516
277.118 -6.46075 4.24684 0.325819
277.15 -6.1501 4.25008 0.198884
277.118 -6.46075 4.24684 0.325819
276.876 -6.3868 4.24393 0.186516
277.118 -6.46075 4.24684 0.325819
276.876 -6.3868 4.24393 0.186516
277.118 -6.46075 4.24684 0.325819
277.15 -6.1501 4.25008 0.198884
277.15 -6.1501 4.25008 0.198884
277.118 -6.46075 4.24684 0.325819
277.15 -6.1501 4.25008 0.198884
277.118 -6.46075 4.24684 0.325819
277.118 -6.46075 4.24684 0.325819
277.118 -6.46075 4.24684 0.325819
277.15 -6.1501 4.25008 0.198884
276.983 -6.10999 4.25311 0.0150933
277.07 -6.06199 4.24266 0.00870475
276.876 -6.3868 4.24393 0.186516
276.863 -6.51629 4.24587 0.0379522
277.236 -6.39466 4.2591 0.107482
276.863 -6.51629 4.24587 0.0379522
276.833 -6.19992 4.24304 0.0462439
276.876 -6.3868 4.24393 0.186516
277.121 -6.55789 4.23827 0.00660497
277.118 -6.46075 4.24684 0.325819
277.118 -6.46075 4.24684 0.325819
276.876 -6.3868 4.24393 0.186516
277.118 -6.46075 4.24684 0.325819
276.876 -6.3868 4.24393 0.186516
277.118 -6.46075 4.24684 0.325819
276.876 -6.3868 4.24393 0.186516
277.15 -6.1501 4.25008 0.198884
276.833 -6.19992 4.24304 0.0462439
277.118 -6.46075 4.24684 0.325819
276.876 -6.3868 4.24393 0.186516
276.983 -6.10999 4.25311 0.0150933
277.118 -6.46075 4.24684 0.325819
277.118 -6.46075 4.24684 0.325819
276.876 -6.3868 4.24393 0.186516
276.833 -6.19992 4.24304 0.0462439
277.236 -6.39466 4.2591 0.107482
276.876 -6.3868 4.24393 0.186516
277.15 -6.1501 4.25008 0.198884
276.876 -6.3868 4.24393 0.186516
277.15 -6.1501 4.25008 0.198884
277.236 -6.39466 4.2591 0.107482
276.876 -6.3868 4.24393 0.186516
277.118 -6.46075 4.24684 0.325819
276.876 -6.3868 4.24393 0.186516
277.118 -6.46075 4.24684 0.325819
276.876 -6.3868 4.24393 0.186516
277.118 -6.46075 4.24684 0.325819
277.118 -6.46075 4.24684 0.325819
276.876 -6.3868 4.24393 0.186516
277.118 -6.46075 4.24684 0.325819
276.876 -6.3868 4.24393 0.186516
277.478 -6.2691 4.25086 0.0141696
277.236 -6.39466 4.2591 0.107482
277.15 -6.1501 4.25008 0.198884
277.478 -6.2691 4.25086 0.0141696
277.236 -6.39466 4.2591 0.107482
277.15 -6.1501 4.25008 0.198884
277.118 -6.46075 4.24684 0.325819
276.876 -6.3868 4.24393 0.186516
277.118 -6.46075 4.24684 0.325819
277.236 -6.39466 4.2591 0.107482
277.15 -6.1501 4.25008 0.198884
276.983 -6.10999 4.25311 0.0150933
277.236 -6.39466 4.2591 0.107482
276.833 -6.19992 4.24304 0.0462439
277.118 -6.46075 4.24684 0.325819
276.876 -6.3868 4.24393 0.186516
277.118 -6.46075 4.24684 0.325819
276.876 -6.3868 4.24393 0.186516
277.118 -6.46075 4.24684 0.325819
277.118 -6.46075 4.24684 0.325819
277.15 -6.1501 4.25008 0.198884
277.118 -6.46075 4.24684 0.325819
277.15 -6.1501 4.25008 0.198884
277.236 -6.39466 4.2591 0.107482
276.863 -6.51629 4.24587 0.0379522
