125.495 -19.4098 3.40609 0.0867103
125.657 -19.6642 3.40801 0.211235
125.5 -19.5633 3.40637 0.225812
125.331 -19.2251 3.40056 0.00142561
125.732 -19.3345 3.40345 0.0219087
125.7 -19.6618 3.40813 0.185592
125.657 -19.6642 3.40801 0.211235
125.5 -19.5633 3.40637 0.225812
125.616 -19.4718 3.4078 0.167041
125.616 -19.4718 3.4078 0.167041
125.616 -19.4718 3.4078 0.167041
125.657 -19.6642 3.40801 0.211235
125.294 -19.3601 3.40454 0.0049403
125.427 -19.4909 3.3966 0.0281106
125.616 -19.4718 3.4078 0.167041
125.784 -19.331 3.40995 0.00785454
125.657 -19.6642 3.40801 0.211235
125.657 -19.6642 3.40801 0.211235
125.5 -19.5633 3.40637 0.225812
125.616 -19.4718 3.4078 0.167041
125.7 -19.6618 3.40813 0.185592
125.7 -19.6618 3.40813 0.185592
125.657 -19.6642 3.40801 0.211235
125.427 -19.4909 3.3966 0.0281106
125.616 -19.4718 3.4078 0.167041
125.616 -19.4718 3.4078 0.167041
125.616 -19.4718 3.4078 0.167041
125.495 -19.4098 3.40609 0.0867103
125.7 -19.6618 3.40813 0.185592
125.7 -19.6618 3.40813 0.185592
125.657 -19.6642 3.40801 0.211235
125.657 -19.6642 3.40801 0.211235
125.5 -19.5633 3.40637 0.225812
125.616 -19.4718 3.4078 0.167041
125.7 -19.6618 3.40813 0.185592
125.657 -19.6642 3.40801 0.211235
125.5 -19.5633 3.40637 0.225812
125.616 -19.4718 3.4078 0.167041
125.616 -19.4718 3.4078 0.167041
125.7 -19.6618 3.40813 0.185592
125.657 -19.6642 3.40801 0.211235
125.657 -19.6642 3.40801 0.211235
125.5 -19.5633 3.40637 0.225812
125.495 -19.4098 3.40609 0.0867103
125.657 -19.6642 3.40801 0.211235
125.657 -19.6642 3.40801 0.211235
125.5 -19.5633 3.40637 0.225812
125.5 -19.5633 3.40637 0.225812
125.7 -19.6618 3.40813 0.185592
125.7 -19.6618 3.40813 0.185592
125.5 -19.5633 3.40637 0.225812
125.427 -19.4909 3.3966 0.0281106
125.7 -19.6618 3.40813 0.185592
125.7 -19.6618 3.40813 0.185592
125.657 -19.6642 3.40801 0.211235
125.5 -19.5633 3.40637 0.225812
125.5 -19.5633 3.40637 0.225812
125.784 -19.331 3.40995 0.00785454
125.7 -19.6618 3.40813 0.185592
125.5 -19.5633 3.40637 0.225812
125.616 -19.4718 3.4078 0.167041
125.7 -19.6618 3.40813 0.185592
125.657 -19.6642 3.40801 0.211235
125.5 -19.5633 3.40637 0.225812
125.5 -19.5633 3.40637 0.225812
125.495 -19.4098 3.40609 0.0867103
125.657 -19.6642 3.40801 0.211235
125.5 -19.5633 3.40637 0.225812
125.352 -19.3095 3.39898 0.00758534
125.616 -19.4718 3.4078 0.167041
125.7 -19.6618 3.40813 0.185592
125.7 -19.6618 3.40813 0.185592
125.657 -19.6642 3.40801 0.211235
125.5 -19.5633 3.40637 0.225812
125.5 -19.5633 3.40637 0.225812
125.352 -19.3095 3.39898 0.00758534
125.616 -19.4718 3.4078 0.167041
125.877 -19.3508 3.40521 0.00449078
125.657 -19.6642 3.40801 0.211235
125.5 -19.5633 3.40637 0.225812
125.616 -19.4718 3.4078 0.167041
125.7 -19.6618 3.40813 0.185592
125.657 -19.6642 3.40801 0.211235
125.896 -19.4866 3.40883 0.0179263
125.732 -19.3345 3.40345 0.0219087
125.7 -19.6618 3.40813 0.185592
125.5 -19.5633 3.40637 0.225812
125.5 -19.5633 3.40637 0.225812
125.616 -19.4718 3.4078 0.167041
125.495 -19.4098 3.40609 0.0867103
125.495 -19.4098 3.40609 0.0867103
125.732 -19.3345 3.40345 0.0219087
125.7 -19.6618 3.40813 0.185592
125.657 -19.6642 3.40801 0.211235
125.294 -19.3601 3.40454 0.0049403
125.7 -19.6618 3.40813 0.185592
125.7 -19.6618 3.40813 0.185592
125.5 -19.5633 3.40637 0.225812
125.616 -19.4718 3.4078 0.167041
125.7 -19.6618 3.40813 0.185592
