278.626 1.3757 4.55252 0.0511386
278.736 1.20093 4.55793 0.0284614
278.535 1.16376 4.56288 0.0364726
278.535 1.16376 4.56288 0.0364726
278.511 1.12262 4.55391 0.088876
278.511 1.12262 4.55391 0.088876
278.402 1.31841 4.54358 0.0338977
278.627 1.32448 4.56838 0.034311
278.574 1.18266 4.55217 0.0938316
278.307 1.36358 4.5499 0.0783215
278.626 1.3757 4.55252 0.0511386
278.658 1.27216 4.55694 0.108919
278.658 1.27216 4.55694 0.108919
278.336 1.18135 4.55241 0.102496
278.511 1.12262 4.55391 0.088876
278.629 1.21308 4.55948 0.108668
278.43 1.32329 4.56074 0.093942
278.43 1.32329 4.56074 0.093942
278.307 1.36358 4.5499 0.0783215
278.307 1.36358 4.5499 0.0783215
278.626 1.3757 4.55252 0.0511386
278.736 1.20093 4.55793 0.0284614
278.511 1.12262 4.55391 0.088876
278.8 1.23109 4.56645 0.0132064
278.574 1.18266 4.55217 0.0938316
278.626 1.3757 4.55252 0.0511386
278.658 1.27216 4.55694 0.108919
278.336 1.18135 4.55241 0.102496
278.336 1.18135 4.55241 0.102496
278.511 1.12262 4.55391 0.088876
278.511 1.12262 4.55391 0.088876
278.402 1.31841 4.54358 0.0338977
278.681 1.3664 4.56877 0.036031
278.681 1.3664 4.56877 0.036031
278.681 1.3664 4.56877 0.036031
278.627 1.32448 4.56838 0.034311
278.574 1.18266 4.55217 0.0938316
278.658 1.27216 4.55694 0.108919
278.336 1.18135 4.55241 0.102496
278.336 1.18135 4.55241 0.102496
278.511 1.12262 4.55391 0.088876
278.681 1.3664 4.56877 0.036031
278.43 1.32329 4.56074 0.093942
278.574 1.18266 4.55217 0.0938316
278.626 1.3757 4.55252 0.0511386
278.336 1.18135 4.55241 0.102496
278.336 1.18135 4.55241 0.102496
278.535 1.16376 4.56288 0.0364726
278.629 1.21308 4.55948 0.108668
278.681 1.3664 4.56877 0.036031
278.574 1.18266 4.55217 0.0938316
278.574 1.18266 4.55217 0.0938316
278.658 1.27216 4.55694 0.108919
278.336 1.18135 4.55241 0.102496
278.336 1.18135 4.55241 0.102496
278.336 1.18135 4.55241 0.102496
278.511 1.12262 4.55391 0.088876
278.629 1.21308 4.55948 0.108668
278.681 1.3664 4.56877 0.036031
278.589 1.28698 4.54384 0.00434419
278.307 1.36358 4.5499 0.0783215
278.658 1.27216 4.55694 0.108919
278.78 1.27384 4.56657 0.0235078
278.629 1.21308 4.55948 0.108668
278.43 1.32329 4.56074 0.093942
278.574 1.18266 4.55217 0.0938316
278.626 1.3757 4.55252 0.0511386
278.658 1.27216 4.55694 0.108919
278.336 1.18135 4.55241 0.102496
278.336 1.18135 4.55241 0.102496
278.535 1.16376 4.56288 0.0364726
278.629 1.21308 4.55948 0.108668
278.402 1.31841 4.54358 0.0338977
278.43 1.32329 4.56074 0.093942
278.574 1.18266 4.55217 0.0938316
278.658 1.27216 4.55694 0.108919
278.658 1.27216 4.55694 0.108919
278.336 1.18135 4.55241 0.102496
278.535 1.16376 4.56288 0.0364726
278.511 1.12262 4.55391 0.088876
278.629 1.21308 4.55948 0.108668
278.43 1.32329 4.56074 0.093942
278.574 1.18266 4.55217 0.0938316
278.626 1.3757 4.55252 0.0511386
278.336 1.18135 4.55241 0.102496
278.511 1.12262 4.55391 0.088876
278.469 1.30987 4.56951 0.00394474
278.627 1.32448 4.56838 0.034311
278.574 1.18266 4.55217 0.0938316
278.574 1.18266 4.55217 0.0938316
278.307 1.36358 4.5499 0.0783215
278.626 1.3757 4.55252 0.0511386
278.336 1.18135 4.55241 0.102496
278.511 1.12262 4.55391 0.088876
278.629 1.21308 4.55948 0.108668
278.629 1.21308 4.55948 0.108668
278.43 1.32329 4.56074 0.093942
278.43 1.32329 4.56074 0.093942
278.627 1.32448 4.56838 0.034311
278.307 1.36358 4.5499 0.0783215
