69.1247 -45.139 3.82296 0.23539
68.9295 -45.0765 3.82292 0.0790264
69.0408 -45.1359 3.82167 0.192533
69.2186 -45.2847 3.81931 0.0166363
69.1247 -45.139 3.82296 0.23539
68.9342 -45.3278 3.81495 0.00342552
69.1145 -44.9136 3.82547 0.0384535
69.0054 -45.0057 3.8268 0.148625
68.9142 -45.0053 3.8309 0.0172277
69.1247 -45.139 3.82296 0.23539
68.9295 -45.0765 3.82292 0.0790264
68.9705 -45.2603 3.82034 0.0778566
69.1247 -45.139 3.82296 0.23539
69.1247 -45.139 3.82296 0.23539
69.0408 -45.1359 3.82167 0.192533
68.9705 -45.2603 3.82034 0.0778566
69.1247 -45.139 3.82296 0.23539
69.1247 -45.139 3.82296 0.23539
69.0408 -45.1359 3.82167 0.192533
69.0408 -45.1359 3.82167 0.192533
69.1801 -45.0343 3.83105 0.0740261
69.1247 -45.139 3.82296 0.23539
68.9295 -45.0765 3.82292 0.0790264
69.0408 -45.1359 3.82167 0.192533
69.1801 -45.0343 3.83105 0.0740261
69.0054 -45.0057 3.8268 0.148625
68.9574 -44.8661 3.83002 0.00954501
68.9295 -45.0765 3.82292 0.0790264
68.9705 -45.2603 3.82034 0.0778566
69.0054 -45.0057 3.8268 0.148625
69.1247 -45.139 3.82296 0.23539
69.0915 -44.9501 3.83505 0.00902756
68.9705 -45.2603 3.82034 0.0778566
68.8544 -45.1918 3.8248 0.0247665
69.1247 -45.139 3.82296 0.23539
69.0408 -45.1359 3.82167 0.192533
68.8544 -45.1918 3.8248 0.0247665
69.1145 -44.9136 3.82547 0.0384535
69.1247 -45.139 3.82296 0.23539
69.0408 -45.1359 3.82167 0.192533
68.9705 -45.2603 3.82034 0.0778566
69.1247 -45.139 3.82296 0.23539
69.1247 -45.139 3.82296 0.23539
69.0408 -45.1359 3.82167 0.192533
69.1801 -45.0343 3.83105 0.0740261
69.0054 -45.0057 3.8268 0.148625
69.1247 -45.139 3.82296 0.23539
69.0408 -45.1359 3.82167 0.192533
68.9705 -45.2603 3.82034 0.0778566
69.1247 -45.139 3.82296 0.23539
69.0408 -45.1359 3.82167 0.192533
69.0054 -45.0057 3.8268 0.148625
68.9839 -45.4087 3.8217 0.0102508
68.9705 -45.2603 3.82034 0.0778566
69.1247 -45.139 3.82296 0.23539
69.0408 -45.1359 3.82167 0.192533
68.9705 -45.2603 3.82034 0.0778566
68.8544 -45.1918 3.8248 0.0247665
69.2186 -45.2847 3.81931 0.0166363
69.1247 -45.139 3.82296 0.23539
69.0408 -45.1359 3.82167 0.192533
69.1801 -45.0343 3.83105 0.0740261
69.1247 -45.139 3.82296 0.23539
68.9295 -45.0765 3.82292 0.0790264
69.0408 -45.1359 3.82167 0.192533
69.0054 -45.0057 3.8268 0.148625
69.1247 -45.139 3.82296 0.23539
68.9295 -45.0765 3.82292 0.0790264
68.9839 -45.4087 3.8217 0.0102508
68.9705 -45.2603 3.82034 0.0778566
69.0054 -45.0057 3.8268 0.148625
69.0867 -44.9566 3.82169 0.0190853
69.0408 -45.1359 3.82167 0.192533
69.1801 -45.0343 3.83105 0.0740261
69.0054 -45.0057 3.8268 0.148625
69.1247 -45.139 3.82296 0.23539
69.1247 -45.139 3.82296 0.23539
68.9839 -45.4087 3.8217 0.0102508
69.0408 -45.1359 3.82167 0.192533
69.0408 -45.1359 3.82167 0.192533
69.1145 -44.9136 3.82547 0.0384535
69.0054 -45.0057 3.8268 0.148625
69.0054 -45.0057 3.8268 0.148625
69.0054 -45.0057 3.8268 0.148625
68.9295 -45.0765 3.82292 0.0790264
69.1801 -45.0343 3.83105 0.0740261
69.1801 -45.0343 3.83105 0.0740261
69.1247 -45.139 3.82296 0.23539
69.0408 -45.1359 3.82167 0.192533
68.9705 -45.2603 3.82034 0.0778566
69.1247 -45.139 3.82296 0.23539
69.0915 -44.9501 3.83505 0.00902756
68.8544 -45.1918 3.8248 0.0247665
69.2186 -45.2847 3.81931 0.0166363
69.1247 -45.139 3.82296 0.23539
69.1247 -45.139 3.82296 0.23539
69.1247 -45.139 3.82296 0.23539
69.1801 -45.0343 3.83105 0.0740261
69.1145 -44.9136 3.82547 0.0384535
69.1247 -45.139 3.82296 0.23539
