63.6406 -47.6891 3.84731 0.0674367
63.4213 -47.9336 3.84333 0.0623612
63.604 -47.9087 3.85166 0.0320279
63.4155 -47.5971 3.84844 0.0702469
63.3842 -47.4972 3.84544 0.0307718
63.7079 -47.5986 3.85284 0.0126517
63.4896 -47.6315 3.84773 0.138187
63.2597 -47.6143 3.84214 0.0546431
63.5479 -47.7082 3.85675 0.0235497
63.628 -47.7738 3.84921 0.136848
63.628 -47.7738 3.84921 0.136848
63.4216 -47.8536 3.83803 0.00989146
63.4896 -47.6315 3.84773 0.138187
63.4484 -47.6304 3.84591 0.0865446
63.4484 -47.6304 3.84591 0.0865446
63.6406 -47.6891 3.84731 0.0674367
63.4213 -47.9336 3.84333 0.0623612
63.6092 -47.6474 3.84523 0.0324394
63.2537 -47.6955 3.85136 0.00884368
63.5054 -47.7368 3.84093 0.0274315
63.628 -47.7738 3.84921 0.136848
63.4896 -47.6315 3.84773 0.138187
63.6406 -47.6891 3.84731 0.0674367
63.4213 -47.9336 3.84333 0.0623612
63.2244 -47.5938 3.84142 0.0301855
63.4155 -47.5971 3.84844 0.0702469
63.628 -47.7738 3.84921 0.136848
63.4896 -47.6315 3.84773 0.138187
63.6406 -47.6891 3.84731 0.0674367
63.2597 -47.6143 3.84214 0.0546431
63.2244 -47.5938 3.84142 0.0301855
63.2244 -47.5938 3.84142 0.0301855
63.628 -47.7738 3.84921 0.136848
63.628 -47.7738 3.84921 0.136848
63.4896 -47.6315 3.84773 0.138187
63.4484 -47.6304 3.84591 0.0865446
63.404 -47.8475 3.85378 0.0221905
63.2597 -47.6143 3.84214 0.0546431
63.5479 -47.7082 3.85675 0.0235497
63.628 -47.7738 3.84921 0.136848
63.628 -47.7738 3.84921 0.136848
63.4896 -47.6315 3.84773 0.138187
63.4896 -47.6315 3.84773 0.138187
63.6406 -47.6891 3.84731 0.0674367
63.6406 -47.6891 3.84731 0.0674367
63.2597 -47.6143 3.84214 0.0546431
63.604 -47.9087 3.85166 0.0320279
63.2537 -47.6955 3.85136 0.00884368
63.5054 -47.7368 3.84093 0.0274315
63.628 -47.7738 3.84921 0.136848
63.4896 -47.6315 3.84773 0.138187
63.6406 -47.6891 3.84731 0.0674367
63.404 -47.8475 3.85378 0.0221905
63.4213 -47.9336 3.84333 0.0623612
63.5479 -47.7082 3.85675 0.0235497
63.1675 -47.5678 3.84411 0.0110528
63.628 -47.7738 3.84921 0.136848
63.628 -47.7738 3.84921 0.136848
63.4484 -47.6304 3.84591 0.0865446
63.6406 -47.6891 3.84731 0.0674367
63.2597 -47.6143 3.84214 0.0546431
63.4213 -47.9336 3.84333 0.0623612
63.3842 -47.4972 3.84544 0.0307718
63.4923 -47.5682 3.8539 0.0356875
63.4896 -47.6315 3.84773 0.138187
63.4484 -47.6304 3.84591 0.0865446
63.5842 -47.6058 3.84094 0.00556103
63.4213 -47.9336 3.84333 0.0623612
63.2244 -47.5938 3.84142 0.0301855
63.4155 -47.5971 3.84844 0.0702469
63.5751 -47.6951 3.84028 0.0073246
63.628 -47.7738 3.84921 0.136848
63.4896 -47.6315 3.84773 0.138187
63.404 -47.8475 3.85378 0.0221905
63.2528 -47.6608 3.84688 0.0379026
63.4155 -47.5971 3.84844 0.0702469
63.628 -47.7738 3.84921 0.136848
63.628 -47.7738 3.84921 0.136848
63.4896 -47.6315 3.84773 0.138187
63.4484 -47.6304 3.84591 0.0865446
63.6406 -47.6891 3.84731 0.0674367
63.2528 -47.6608 3.84688 0.0379026
63.2244 -47.5938 3.84142 0.0301855
63.3842 -47.4972 3.84544 0.0307718
63.4923 -47.5682 3.8539 0.0356875
63.4484 -47.6304 3.84591 0.0865446
63.6406 -47.6891 3.84731 0.0674367
63.6406 -47.6891 3.84731 0.0674367
63.604 -47.9087 3.85166 0.0320279
63.4155 -47.5971 3.84844 0.0702469
63.628 -47.7738 3.84921 0.136848
63.4923 -47.5682 3.8539 0.0356875
63.4896 -47.6315 3.84773 0.138187
63.4484 -47.6304 3.84591 0.0865446
63.4484 -47.6304 3.84591 0.0865446
63.2597 -47.6143 3.84214 0.0546431
63.6092 -47.6474 3.84523 0.0324394
63.2244 -47.5938 3.84142 0.0301855
63.628 -47.7738 3.84921 0.136848
63.628 -47.7738 3.84921 0.136848
