-22.5905 -9.61014 0.788022 0.120449
-22.6147 -9.82243 0.793273 0.0508078
-22.7863 -9.97555 0.795099 0.00729615
-22.6372 -9.75033 0.793004 0.117212
-22.7744 -9.94001 0.794523 0.0148485
-22.6147 -9.82243 0.793273 0.0508078
-22.6717 -9.63166 0.790414 0.228832
-22.5905 -9.61014 0.788022 0.120449
-22.5905 -9.61014 0.788022 0.120449
-22.7863 -9.97555 0.795099 0.00729615
-22.6717 -9.63166 0.790414 0.228832
-22.6372 -9.75033 0.793004 0.117212
-22.5905 -9.61014 0.788022 0.120449
-22.8603 -9.55661 0.787926 0.0756227
-22.8448 -9.67696 0.792279 0.119167
-22.6372 -9.75033 0.793004 0.117212
-22.8603 -9.55661 0.787926 0.0756227
-22.8448 -9.67696 0.792279 0.119167
-22.6717 -9.63166 0.790414 0.228832
-22.5905 -9.61014 0.788022 0.120449
-22.8603 -9.55661 0.787926 0.0756227
-22.8448 -9.67696 0.792279 0.119167
-22.6372 -9.75033 0.793004 0.117212
-22.6924 -9.81651 0.790799 0.0677106
-22.8448 -9.67696 0.792279 0.119167
-22.6717 -9.63166 0.790414 0.228832
-22.6717 -9.63166 0.790414 0.228832
-22.5815 -9.6152 0.787093 0.0956777
-22.8448 -9.67696 0.792279 0.119167
-22.6717 -9.63166 0.790414 0.228832
-22.5905 -9.61014 0.788022 0.120449
-22.6924 -9.81651 0.790799 0.0677106
-22.6717 -9.63166 0.790414 0.228832
-22.5905 -9.61014 0.788022 0.120449
-22.8603 -9.55661 0.787926 0.0756227
-22.8448 -9.67696 0.792279 0.119167
-22.6717 -9.63166 0.790414 0.228832
-22.9002 -9.85376 0.79276 0.0153292
-22.5815 -9.6152 0.787093 0.0956777
-22.6717 -9.63166 0.790414 0.228832
-22.5905 -9.61014 0.788022 0.120449
-22.5815 -9.6152 0.787093 0.0956777
-22.6717 -9.63166 0.790414 0.228832
-22.6372 -9.75033 0.793004 0.117212
-22.5905 -9.61014 0.788022 0.120449
-22.5815 -9.6152 0.787093 0.0956777
-22.6147 -9.82243 0.793273 0.0508078
-22.6717 -9.63166 0.790414 0.228832
-22.6717 -9.63166 0.790414 0.228832
-22.6372 -9.75033 0.793004 0.117212
-22.6372 -9.75033 0.793004 0.117212
-22.4945 -9.50968 0.78535 0.0207118
-22.8603 -9.55661 0.787926 0.0756227
-22.7863 -9.97555 0.795099 0.00729615
-22.6717 -9.63166 0.790414 0.228832
-22.9553 -9.76364 0.796895 0.0101516
-22.7744 -9.94001 0.794523 0.0148485
-22.4945 -9.50968 0.78535 0.0207118
-22.4945 -9.50968 0.78535 0.0207118
-22.5815 -9.6152 0.787093 0.0956777
-22.5815 -9.6152 0.787093 0.0956777
-22.8603 -9.55661 0.787926 0.0756227
-22.8448 -9.67696 0.792279 0.119167
-22.6372 -9.75033 0.793004 0.117212
-22.7744 -9.94001 0.794523 0.0148485
-22.5905 -9.61014 0.788022 0.120449
-22.5905 -9.61014 0.788022 0.120449
-22.8448 -9.67696 0.792279 0.119167
-22.6372 -9.75033 0.793004 0.117212
-22.5815 -9.6152 0.787093 0.0956777
-22.6717 -9.63166 0.790414 0.228832
-22.6372 -9.75033 0.793004 0.117212
-22.8603 -9.55661 0.787926 0.0756227
-22.8448 -9.67696 0.792279 0.119167
-22.6717 -9.63166 0.790414 0.228832
-22.4945 -9.50968 0.78535 0.0207118
-22.8603 -9.55661 0.787926 0.0756227
-22.8603 -9.55661 0.787926 0.0756227
-22.8448 -9.67696 0.792279 0.119167
-22.6717 -9.63166 0.790414 0.228832
-22.5905 -9.61014 0.788022 0.120449
-22.8448 -9.67696 0.792279 0.119167
-22.6717 -9.63166 0.790414 0.228832
-22.6372 -9.75033 0.793004 0.117212
-22.6372 -9.75033 0.793004 0.117212
-22.5905 -9.61014 0.788022 0.120449
-22.6147 -9.82243 0.793273 0.0508078
-22.6717 -9.63166 0.790414 0.228832
-22.8003 -9.94898 0.798786 0.01041
-22.8603 -9.55661 0.787926 0.0756227
-22.6717 -9.63166 0.790414 0.228832
-22.5905 -9.61014 0.788022 0.120449
-22.6147 -9.82243 0.793273 0.0508078
-22.6717 -9.63166 0.790414 0.228832
-22.5905 -9.61014 0.788022 0.120449
-22.8448 -9.67696 0.792279 0.119167
-22.6717 -9.63166 0.790414 0.228832
-22.6717 -9.63166 0.790414 0.228832
-22.6717 -9.63166 0.790414 0.228832
-22.6717 -9.63166 0.790414 0.228832
