34.2137 9.27574 0.200386 0.244495
34.2425 9.30472 0.19919 0.286083
34.249 9.48656 0.201968 0.12168
34.2425 9.30472 0.19919 0.286083
34.2244 9.25011 0.201546 0.202643
34.249 9.48656 0.201968 0.12168
34.2425 9.30472 0.19919 0.286083
34.2425 9.30472 0.19919 0.286083
34.249 9.48656 0.201968 0.12168
34.2425 9.30472 0.19919 0.286083
34.2244 9.25011 0.201546 0.202643
34.249 9.48656 0.201968 0.12168
34.2137 9.27574 0.200386 0.244495
34.2425 9.30472 0.19919 0.286083
34.2244 9.25011 0.201546 0.202643
34.2667 9.39723 0.205276 0.0795417
34.2236 9.12643 0.199693 0.0284737
34.2244 9.25011 0.201546 0.202643
34.2137 9.27574 0.200386 0.244495
34.2244 9.25011 0.201546 0.202643
34.2137 9.27574 0.200386 0.244495
34.2425 9.30472 0.19919 0.286083
34.2425 9.30472 0.19919 0.286083
34.2425 9.30472 0.19919 0.286083
34.2244 9.25011 0.201546 0.202643
34.249 9.48656 0.201968 0.12168
34.2137 9.27574 0.200386 0.244495
34.2137 9.27574 0.200386 0.244495
34.2244 9.25011 0.201546 0.202643
34.249 9.48656 0.201968 0.12168
34.2425 9.30472 0.19919 0.286083
34.2425 9.30472 0.19919 0.286083
34.2244 9.25011 0.201546 0.202643
34.2244 9.25011 0.201546 0.202643
34.2667 9.39723 0.205276 0.0795417
34.2137 9.27574 0.200386 0.244495
34.2425 9.30472 0.19919 0.286083
34.2425 9.30472 0.19919 0.286083
34.2137 9.27574 0.200386 0.244495
34.2425 9.30472 0.19919 0.286083
34.2244 9.25011 0.201546 0.202643
34.249 9.48656 0.201968 0.12168
34.2137 9.27574 0.200386 0.244495
34.2425 9.30472 0.19919 0.286083
34.2244 9.25011 0.201546 0.202643
34.2244 9.25011 0.201546 0.202643
34.2137 9.27574 0.200386 0.244495
34.2244 9.25011 0.201546 0.202643
34.249 9.48656 0.201968 0.12168
34.2425 9.30472 0.19919 0.286083
34.2244 9.25011 0.201546 0.202643
34.2667 9.39723 0.205276 0.0795417
34.2137 9.27574 0.200386 0.244495
34.2425 9.30472 0.19919 0.286083
34.2244 9.25011 0.201546 0.202643
34.2137 9.27574 0.200386 0.244495
34.2425 9.30472 0.19919 0.286083
34.249 9.48656 0.201968 0.12168
34.2667 9.39723 0.205276 0.0795417
34.2137 9.27574 0.200386 0.244495
34.2425 9.30472 0.19919 0.286083
34.2425 9.30472 0.19919 0.286083
34.2244 9.25011 0.201546 0.202643
34.2137 9.27574 0.200386 0.244495
34.2244 9.25011 0.201546 0.202643
34.249 9.48656 0.201968 0.12168
34.2425 9.30472 0.19919 0.286083
34.2244 9.25011 0.201546 0.202643
34.4707 9.13185 0.199216 0.0106256
34.2137 9.27574 0.200386 0.244495
34.2244 9.25011 0.201546 0.202643
34.2425 9.30472 0.19919 0.286083
34.2244 9.25011 0.201546 0.202643
34.2137 9.27574 0.200386 0.244495
34.0134 9.09317 0.205387 0.00030851
34.249 9.48656 0.201968 0.12168
34.0262 9.34111 0.198962 0.0036589
34.2425 9.30472 0.19919 0.286083
34.2236 9.12643 0.199693 0.0284737
34.2667 9.39723 0.205276 0.0795417
34.2425 9.30472 0.19919 0.286083
34.2425 9.30472 0.19919 0.286083
34.2425 9.30472 0.19919 0.286083
34.249 9.48656 0.201968 0.12168
34.2137 9.27574 0.200386 0.244495
34.2425 9.30472 0.19919 0.286083
34.2425 9.30472 0.19919 0.286083
34.249 9.48656 0.201968 0.12168
34.2667 9.39723 0.205276 0.0795417
34.2137 9.27574 0.200386 0.244495
34.2425 9.30472 0.19919 0.286083
34.2244 9.25011 0.201546 0.202643
34.2667 9.39723 0.205276 0.0795417
34.2667 9.39723 0.205276 0.0795417
34.2425 9.30472 0.19919 0.286083
34.105 9.49051 0.19834 0.00413381
34.2244 9.25011 0.201546 0.202643
34.2244 9.25011 0.201546 0.202643
34.2667 9.39723 0.205276 0.0795417
34.2137 9.27574 0.200386 0.244495
