53.0317 -60.3011 3.93891 0.00517419
52.7269 -60.2257 3.93445 0.371061
52.7269 -60.2257 3.93445 0.371061
52.7943 -60.2283 3.9444 0.00236286
52.8285 -60.3221 3.938 0.0844304
52.7211 -59.9984 3.93445 0.026111
52.7269 -60.2257 3.93445 0.371061
52.7269 -60.2257 3.93445 0.371061
52.7269 -60.2257 3.93445 0.371061
52.7269 -60.2257 3.93445 0.371061
52.7269 -60.2257 3.93445 0.371061
52.589 -60.1219 3.93028 0.0790753
52.7211 -59.9984 3.93445 0.026111
52.6992 -60.1559 3.93017 0.212692
52.7943 -60.2283 3.9444 0.00236286
52.589 -60.1219 3.93028 0.0790753
52.7269 -60.2257 3.93445 0.371061
52.7269 -60.2257 3.93445 0.371061
52.7269 -60.2257 3.93445 0.371061
52.567 -60.3914 3.93872 0.0016605
52.6992 -60.1559 3.93017 0.212692
52.7269 -60.2257 3.93445 0.371061
52.7269 -60.2257 3.93445 0.371061
52.589 -60.1219 3.93028 0.0790753
52.7269 -60.2257 3.93445 0.371061
52.6992 -60.1559 3.93017 0.212692
52.589 -60.1219 3.93028 0.0790753
52.7269 -60.2257 3.93445 0.371061
52.589 -60.1219 3.93028 0.0790753
52.7269 -60.2257 3.93445 0.371061
52.589 -60.1219 3.93028 0.0790753
52.7269 -60.2257 3.93445 0.371061
52.7269 -60.2257 3.93445 0.371061
52.6992 -60.1559 3.93017 0.212692
52.7269 -60.2257 3.93445 0.371061
52.7269 -60.2257 3.93445 0.371061
52.7337 -59.9135 3.93298 0.00248156
52.6992 -60.1559 3.93017 0.212692
52.8285 -60.3221 3.938 0.0844304
52.7855 -60.3497 3.93884 0.0436787
52.6992 -60.1559 3.93017 0.212692
52.589 -60.1219 3.93028 0.0790753
52.9626 -60.2675 3.93605 0.0399978
52.7269 -60.2257 3.93445 0.371061
52.8285 -60.3221 3.938 0.0844304
52.7269 -60.2257 3.93445 0.371061
52.7269 -60.2257 3.93445 0.371061
52.6992 -60.1559 3.93017 0.212692
52.7269 -60.2257 3.93445 0.371061
52.6992 -60.1559 3.93017 0.212692
52.7537 -60.179 3.94285 0.00709235
52.7269 -60.2257 3.93445 0.371061
52.7269 -60.2257 3.93445 0.371061
52.6992 -60.1559 3.93017 0.212692
52.589 -60.1219 3.93028 0.0790753
52.7537 -60.179 3.94285 0.00709235
52.7269 -60.2257 3.93445 0.371061
52.8285 -60.3221 3.938 0.0844304
52.7269 -60.2257 3.93445 0.371061
52.7269 -60.2257 3.93445 0.371061
52.7269 -60.2257 3.93445 0.371061
52.6992 -60.1559 3.93017 0.212692
52.7269 -60.2257 3.93445 0.371061
52.9341 -60.4793 3.9283 0.000565506
52.6992 -60.1559 3.93017 0.212692
52.589 -60.1219 3.93028 0.0790753
52.8285 -60.3221 3.938 0.0844304
52.8285 -60.3221 3.938 0.0844304
52.7269 -60.2257 3.93445 0.371061
52.7269 -60.2257 3.93445 0.371061
52.589 -60.1219 3.93028 0.0790753
52.6992 -60.1559 3.93017 0.212692
52.7855 -60.3497 3.93884 0.0436787
52.7269 -60.2257 3.93445 0.371061
52.589 -60.1219 3.93028 0.0790753
52.6992 -60.1559 3.93017 0.212692
53.0276 -60.1603 3.93695 0.00874818
52.7269 -60.2257 3.93445 0.371061
52.6992 -60.1559 3.93017 0.212692
52.7269 -60.2257 3.93445 0.371061
52.7269 -60.2257 3.93445 0.371061
52.6992 -60.1559 3.93017 0.212692
52.6154 -60.0684 3.93115 0.0520619
52.7855 -60.3497 3.93884 0.0436787
52.6992 -60.1559 3.93017 0.212692
52.6154 -60.0684 3.93115 0.0520619
52.7269 -60.2257 3.93445 0.371061
52.6992 -60.1559 3.93017 0.212692
52.6154 -60.0684 3.93115 0.0520619
52.6992 -60.1559 3.93017 0.212692
52.6992 -60.1559 3.93017 0.212692
52.7269 -60.2257 3.93445 0.371061
52.6992 -60.1559 3.93017 0.212692
52.7269 -60.2257 3.93445 0.371061
52.8285 -60.3221 3.938 0.0844304
52.6992 -60.1559 3.93017 0.212692
52.6154 -60.0684 3.93115 0.0520619
52.7269 -60.2257 3.93445 0.371061
52.6992 -60.1559 3.93017 0.212692
52.6992 -60.1559 3.93017 0.212692
