-25.4759 -10.5966 0.835711 0.0652439
-25.7252 -10.793 0.837479 0.186217
-25.7528 -10.6754 0.836434 0.15014
-25.7528 -10.6754 0.836434 0.15014
-25.7861 -10.8852 0.845759 0.0209873
-25.8261 -10.926 0.844865 0.0170811
-25.5497 -10.4109 0.826675 0.0104197
-25.5497 -10.4109 0.826675 0.0104197
-25.4759 -10.5966 0.835711 0.0652439
-25.7528 -10.6754 0.836434 0.15014
-25.6106 -10.7088 0.831625 0.0921658
-25.4759 -10.5966 0.835711 0.0652439
-25.7252 -10.793 0.837479 0.186217
-25.7252 -10.793 0.837479 0.186217
-25.7861 -10.8852 0.845759 0.0209873
-25.3752 -10.6442 0.834482 0.0152131
-25.7252 -10.793 0.837479 0.186217
-25.7861 -10.8852 0.845759 0.0209873
-25.6106 -10.7088 0.831625 0.0921658
-25.5348 -10.7866 0.835739 0.140444
-25.6404 -10.8783 0.834128 0.0319282
-25.5672 -10.7714 0.831573 0.0391886
-25.7252 -10.793 0.837479 0.186217
-25.7528 -10.6754 0.836434 0.15014
-25.6635 -10.99 0.837653 0.0182419
-25.6106 -10.7088 0.831625 0.0921658
-25.5348 -10.7866 0.835739 0.140444
-25.7252 -10.793 0.837479 0.186217
-25.8212 -11.1234 0.84829 0.00133183
-25.5348 -10.7866 0.835739 0.140444
-25.5348 -10.7866 0.835739 0.140444
-25.4759 -10.5966 0.835711 0.0652439
-25.7252 -10.793 0.837479 0.186217
-25.6549 -10.6848 0.844478 0.0132207
-25.5497 -10.4109 0.826675 0.0104197
-25.4759 -10.5966 0.835711 0.0652439
-25.7252 -10.793 0.837479 0.186217
-25.7528 -10.6754 0.836434 0.15014
-25.7528 -10.6754 0.836434 0.15014
-25.6106 -10.7088 0.831625 0.0921658
-25.5348 -10.7866 0.835739 0.140444
-25.4759 -10.5966 0.835711 0.0652439
-25.5672 -10.7714 0.831573 0.0391886
-25.7528 -10.6754 0.836434 0.15014
-25.7528 -10.6754 0.836434 0.15014
-25.6297 -10.4983 0.836254 0.0418445
-25.3423 -10.5428 0.837186 0.00151213
-25.5348 -10.7866 0.835739 0.140444
-25.7252 -10.793 0.837479 0.186217
-25.7528 -10.6754 0.836434 0.15014
-25.6106 -10.7088 0.831625 0.0921658
-25.4759 -10.5966 0.835711 0.0652439
-25.6404 -10.8783 0.834128 0.0319282
-25.5672 -10.7714 0.831573 0.0391886
-25.7252 -10.793 0.837479 0.186217
-25.7528 -10.6754 0.836434 0.15014
-25.9501 -10.7177 0.83277 0.00114083
-25.5348 -10.7866 0.835739 0.140444
-25.5672 -10.7714 0.831573 0.0391886
-25.7861 -10.8852 0.845759 0.0209873
-25.6358 -10.9545 0.836911 0.0289794
-25.5601 -10.4925 0.836542 0.0266989
-25.6106 -10.7088 0.831625 0.0921658
-25.5348 -10.7866 0.835739 0.140444
-25.7252 -10.793 0.837479 0.186217
-25.7528 -10.6754 0.836434 0.15014
-25.6358 -10.9545 0.836911 0.0289794
-25.5348 -10.7866 0.835739 0.140444
-25.4759 -10.5966 0.835711 0.0652439
-25.7252 -10.793 0.837479 0.186217
-25.7252 -10.793 0.837479 0.186217
-25.7528 -10.6754 0.836434 0.15014
-25.5497 -10.4109 0.826675 0.0104197
-25.6106 -10.7088 0.831625 0.0921658
-25.5348 -10.7866 0.835739 0.140444
-25.4759 -10.5966 0.835711 0.0652439
-25.7528 -10.6754 0.836434 0.15014
-25.7528 -10.6754 0.836434 0.15014
-25.6549 -10.6848 0.844478 0.0132207
-25.6106 -10.7088 0.831625 0.0921658
-25.4759 -10.5966 0.835711 0.0652439
-25.7252 -10.793 0.837479 0.186217
-25.7252 -10.793 0.837479 0.186217
-25.7528 -10.6754 0.836434 0.15014
-25.7528 -10.6754 0.836434 0.15014
-25.6106 -10.7088 0.831625 0.0921658
-25.5348 -10.7866 0.835739 0.140444
-25.7252 -10.793 0.837479 0.186217
-25.7528 -10.6754 0.836434 0.15014
-25.6106 -10.7088 0.831625 0.0921658
-25.5348 -10.7866 0.835739 0.140444
-25.4759 -10.5966 0.835711 0.0652439
-25.5672 -10.7714 0.831573 0.0391886
-25.7252 -10.793 0.837479 0.186217
-25.7252 -10.793 0.837479 0.186217
-25.7252 -10.793 0.837479 0.186217
-25.7528 -10.6754 0.836434 0.15014
-25.5601 -10.4925 0.836542 0.0266989
-25.4759 -10.5966 0.835711 0.0652439
-25.7528 -10.6754 0.836434 0.15014
