-33.5626 -24.226 1.15628 0.0441982
-33.4123 -24.4298 1.16423 0.0787296
-33.4597 -24.2038 1.15677 0.120892
-33.4597 -24.2038 1.15677 0.120892
-33.4597 -24.2038 1.15677 0.120892
-33.3414 -24.1293 1.14917 0.0146786
-33.5253 -24.2096 1.16025 0.062104
-33.2258 -24.2053 1.15515 0.0620914
-33.344 -24.4524 1.15744 0.0766637
-33.5626 -24.226 1.15628 0.0441982
-33.457 -24.3046 1.15158 0.0239946
-33.4597 -24.2038 1.15677 0.120892
-33.4597 -24.2038 1.15677 0.120892
-33.4597 -24.2038 1.15677 0.120892
-33.3771 -24.0747 1.15502 0.0389983
-33.392 -24.1904 1.15436 0.109804
-33.392 -24.1904 1.15436 0.109804
-33.5253 -24.2096 1.16025 0.062104
-33.3165 -24.0441 1.15724 0.0162545
-33.6199 -24.6144 1.16061 0.00162584
-33.457 -24.3046 1.15158 0.0239946
-33.4123 -24.4298 1.16423 0.0787296
-33.2823 -24.1759 1.15575 0.0892527
-33.4597 -24.2038 1.15677 0.120892
-33.4597 -24.2038 1.15677 0.120892
-33.392 -24.1904 1.15436 0.109804
-33.5253 -24.2096 1.16025 0.062104
-33.5481 -24.2561 1.15528 0.0469107
-33.344 -24.4524 1.15744 0.0766637
-33.3812 -24.1692 1.16327 0.0211434
-33.4597 -24.2038 1.15677 0.120892
-33.4597 -24.2038 1.15677 0.120892
-33.1592 -24.469 1.16338 0.00545643
-33.5253 -24.2096 1.16025 0.062104
-33.3165 -24.0441 1.15724 0.0162545
-33.3165 -24.0441 1.15724 0.0162545
-33.2258 -24.2053 1.15515 0.0620914
-33.4123 -24.4298 1.16423 0.0787296
-33.2823 -24.1759 1.15575 0.0892527
-33.288 -24.3584 1.16673 0.0103827
-33.392 -24.1904 1.15436 0.109804
-33.392 -24.1904 1.15436 0.109804
-33.236 -24.127 1.15507 0.0382147
-33.344 -24.4524 1.15744 0.0766637
-33.457 -24.3046 1.15158 0.0239946
-33.4123 -24.4298 1.16423 0.0787296
-33.2449 -24.4839 1.15994 0.0323553
-33.4597 -24.2038 1.15677 0.120892
-33.4597 -24.2038 1.15677 0.120892
-33.3771 -24.0747 1.15502 0.0389983
-33.5253 -24.2096 1.16025 0.062104
-33.5253 -24.2096 1.16025 0.062104
-33.2258 -24.2053 1.15515 0.0620914
-33.6175 -24.183 1.15594 0.0130682
-33.344 -24.4524 1.15744 0.0766637
-33.344 -24.4524 1.15744 0.0766637
-33.4123 -24.4298 1.16423 0.0787296
-33.3812 -24.1692 1.16327 0.0211434
-33.4597 -24.2038 1.15677 0.120892
-33.3771 -24.0747 1.15502 0.0389983
-33.392 -24.1904 1.15436 0.109804
-33.5253 -24.2096 1.16025 0.062104
-33.5481 -24.2561 1.15528 0.0469107
-33.344 -24.4524 1.15744 0.0766637
-33.4123 -24.4298 1.16423 0.0787296
-33.4597 -24.2038 1.15677 0.120892
-33.288 -24.3584 1.16673 0.0103827
-33.288 -24.3584 1.16673 0.0103827
-33.3414 -24.1293 1.14917 0.0146786
-33.4418 -24.1717 1.15091 0.0255986
-33.4418 -24.1717 1.15091 0.0255986
-33.2273 -24.6557 1.1556 0.000233653
-33.2258 -24.2053 1.15515 0.0620914
-33.6175 -24.183 1.15594 0.0130682
-33.457 -24.3046 1.15158 0.0239946
-33.2823 -24.1759 1.15575 0.0892527
-33.3771 -24.0747 1.15502 0.0389983
-33.4418 -24.1717 1.15091 0.0255986
-33.5213 -24.367 1.15326 0.0177651
-33.2258 -24.2053 1.15515 0.0620914
-33.5626 -24.226 1.15628 0.0441982
-33.457 -24.3046 1.15158 0.0239946
-33.2823 -24.1759 1.15575 0.0892527
-33.4597 -24.2038 1.15677 0.120892
-33.288 -24.3584 1.16673 0.0103827
-33.3771 -24.0747 1.15502 0.0389983
-33.3771 -24.0747 1.15502 0.0389983
-33.392 -24.1904 1.15436 0.109804
-33.5253 -24.2096 1.16025 0.062104
-33.236 -24.127 1.15507 0.0382147
-33.236 -24.127 1.15507 0.0382147
-33.2258 -24.2053 1.15515 0.0620914
-33.344 -24.4524 1.15744 0.0766637
-33.4123 -24.4298 1.16423 0.0787296
-33.4123 -24.4298 1.16423 0.0787296
-33.4123 -24.4298 1.16423 0.0787296
-33.4597 -24.2038 1.15677 0.120892
-33.3771 -24.0747 1.15502 0.0389983
-33.392 -24.1904 1.15436 0.109804
-33.5481 -24.2561 1.15528 0.0469107
