44.0868 12.299 0.140549 0.437169
44.0868 12.299 0.140549 0.437169
43.9951 12.2633 0.14477 0.208007
44.0868 12.299 0.140549 0.437169
43.9702 12.4991 0.147637 0.113094
43.979 12.3014 0.14723 0.113272
44.0868 12.299 0.140549 0.437169
44.0868 12.299 0.140549 0.437169
43.9934 12.5191 0.148275 0.063854
44.0868 12.299 0.140549 0.437169
44.0868 12.299 0.140549 0.437169
44.0868 12.299 0.140549 0.437169
44.0868 12.299 0.140549 0.437169
43.9951 12.2633 0.14477 0.208007
44.0868 12.299 0.140549 0.437169
44.0868 12.299 0.140549 0.437169
44.0868 12.299 0.140549 0.437169
44.0868 12.299 0.140549 0.437169
43.9934 12.5191 0.148275 0.063854
43.9934 12.5191 0.148275 0.063854
44.0868 12.299 0.140549 0.437169
43.979 12.3014 0.14723 0.113272
44.0868 12.299 0.140549 0.437169
44.0868 12.299 0.140549 0.437169
43.979 12.3014 0.14723 0.113272
43.9951 12.2633 0.14477 0.208007
44.0868 12.299 0.140549 0.437169
44.0868 12.299 0.140549 0.437169
44.0868 12.299 0.140549 0.437169
43.979 12.3014 0.14723 0.113272
44.0868 12.299 0.140549 0.437169
43.7954 12.4373 0.148484 0.0349731
44.0868 12.299 0.140549 0.437169
43.9702 12.4991 0.147637 0.113094
43.979 12.3014 0.14723 0.113272
44.0868 12.299 0.140549 0.437169
44.0868 12.299 0.140549 0.437169
44.0868 12.299 0.140549 0.437169
43.9951 12.2633 0.14477 0.208007
44.0868 12.299 0.140549 0.437169
43.9702 12.4991 0.147637 0.113094
43.9951 12.2633 0.14477 0.208007
44.0868 12.299 0.140549 0.437169
43.9702 12.4991 0.147637 0.113094
43.9934 12.5191 0.148275 0.063854
44.0868 12.299 0.140549 0.437169
43.9702 12.4991 0.147637 0.113094
43.9951 12.2633 0.14477 0.208007
44.0868 12.299 0.140549 0.437169
44.0868 12.299 0.140549 0.437169
43.9951 12.2633 0.14477 0.208007
43.7954 12.4373 0.148484 0.0349731
44.0868 12.299 0.140549 0.437169
44.0868 12.299 0.140549 0.437169
43.9951 12.2633 0.14477 0.208007
44.0868 12.299 0.140549 0.437169
43.9951 12.2633 0.14477 0.208007
44.0868 12.299 0.140549 0.437169
44.0868 12.299 0.140549 0.437169
43.9934 12.5191 0.148275 0.063854
44.0868 12.299 0.140549 0.437169
43.7641 12.5856 0.149916 0.00411524
43.9951 12.2633 0.14477 0.208007
43.9951 12.2633 0.14477 0.208007
43.979 12.3014 0.14723 0.113272
44.0868 12.299 0.140549 0.437169
43.9951 12.2633 0.14477 0.208007
43.9934 12.5191 0.148275 0.063854
44.0868 12.299 0.140549 0.437169
44.0868 12.299 0.140549 0.437169
43.979 12.3014 0.14723 0.113272
44.0868 12.299 0.140549 0.437169
43.979 12.3014 0.14723 0.113272
44.0868 12.299 0.140549 0.437169
43.7909 12.1757 0.143326 0.00307576
43.9702 12.4991 0.147637 0.113094
44.0868 12.299 0.140549 0.437169
44.0868 12.299 0.140549 0.437169
43.979 12.3014 0.14723 0.113272
43.9951 12.2633 0.14477 0.208007
44.0868 12.299 0.140549 0.437169
43.979 12.3014 0.14723 0.113272
43.9934 12.5191 0.148275 0.063854
44.0868 12.299 0.140549 0.437169
44.0868 12.299 0.140549 0.437169
44.0868 12.299 0.140549 0.437169
44.0868 12.299 0.140549 0.437169
43.9702 12.4991 0.147637 0.113094
44.0868 12.299 0.140549 0.437169
44.0868 12.299 0.140549 0.437169
43.7954 12.4373 0.148484 0.0349731
44.0868 12.299 0.140549 0.437169
44.0868 12.299 0.140549 0.437169
43.979 12.3014 0.14723 0.113272
44.0868 12.299 0.140549 0.437169
44.0868 12.299 0.140549 0.437169
44.0868 12.299 0.140549 0.437169
44.0868 12.299 0.140549 0.437169
43.9951 12.2633 0.14477 0.208007
43.9934 12.5191 0.148275 0.063854
