257.899 29.3174 6.16724 0.145914
257.7 29.0383 6.1805 0.140845
257.738 29.2765 6.18162 0.0321274
257.828 28.9001 6.17737 0.0216998
258.043 29.2918 6.16902 0.0546235
257.958 29.1562 6.17512 0.122678
257.643 29.1739 6.16904 0.0317722
257.985 29.3035 6.16833 0.109938
257.899 29.3174 6.16724 0.145914
257.899 29.3174 6.16724 0.145914
257.7 29.0383 6.1805 0.140845
257.7 29.0383 6.1805 0.140845
258.043 29.2918 6.16902 0.0546235
257.643 29.1739 6.16904 0.0317722
257.721 29.3513 6.1646 0.0110499
257.899 29.3174 6.16724 0.145914
257.977 29.3271 6.1632 0.0404781
257.7 29.0383 6.1805 0.140845
257.603 29.1244 6.17103 0.0261528
257.958 29.1562 6.17512 0.122678
257.961 29.0755 6.17015 0.0913469
257.985 29.3035 6.16833 0.109938
257.985 29.3035 6.16833 0.109938
257.899 29.3174 6.16724 0.145914
257.7 29.0383 6.1805 0.140845
257.828 28.9001 6.17737 0.0216998
257.966 29.0038 6.16948 0.0256186
257.958 29.1562 6.17512 0.122678
257.899 28.9648 6.18095 0.0153566
257.985 29.3035 6.16833 0.109938
257.977 29.3271 6.1632 0.0404781
258.043 29.2918 6.16902 0.0546235
257.961 29.0755 6.17015 0.0913469
257.961 29.0755 6.17015 0.0913469
257.899 28.9648 6.18095 0.0153566
257.899 29.3174 6.16724 0.145914
257.899 29.3174 6.16724 0.145914
257.509 29.3334 6.18007 0.00287467
257.603 29.1244 6.17103 0.0261528
257.643 29.1739 6.16904 0.0317722
257.985 29.3035 6.16833 0.109938
257.985 29.3035 6.16833 0.109938
257.7 29.0383 6.1805 0.140845
257.603 29.1244 6.17103 0.0261528
257.961 29.0755 6.17015 0.0913469
257.899 28.9648 6.18095 0.0153566
257.838 29.2644 6.16289 0.0279831
257.721 29.3513 6.1646 0.0110499
257.899 29.3174 6.16724 0.145914
257.899 29.3174 6.16724 0.145914
257.899 29.3174 6.16724 0.145914
257.7 29.0383 6.1805 0.140845
257.7 29.0383 6.1805 0.140845
257.738 29.2765 6.18162 0.0321274
257.828 28.9001 6.17737 0.0216998
257.551 29.2269 6.18174 0.0204165
257.958 29.1562 6.17512 0.122678
257.958 29.1562 6.17512 0.122678
257.961 29.0755 6.17015 0.0913469
257.985 29.3035 6.16833 0.109938
257.899 29.3174 6.16724 0.145914
257.899 29.3174 6.16724 0.145914
257.828 28.9001 6.17737 0.0216998
257.958 29.1562 6.17512 0.122678
257.643 29.1739 6.16904 0.0317722
257.961 29.0755 6.17015 0.0913469
257.961 29.0755 6.17015 0.0913469
257.899 29.3174 6.16724 0.145914
257.899 29.3174 6.16724 0.145914
257.7 29.0383 6.1805 0.140845
257.7 29.0383 6.1805 0.140845
258.043 29.2918 6.16902 0.0546235
258.043 29.2918 6.16902 0.0546235
257.975 29.1544 6.16181 0.0118925
257.985 29.3035 6.16833 0.109938
257.899 29.3174 6.16724 0.145914
257.7 29.0383 6.1805 0.140845
257.7 29.0383 6.1805 0.140845
257.738 29.2765 6.18162 0.0321274
258.043 29.2918 6.16902 0.0546235
257.603 29.1244 6.17103 0.0261528
257.966 29.0038 6.16948 0.0256186
257.958 29.1562 6.17512 0.122678
257.961 29.0755 6.17015 0.0913469
257.981 29.286 6.17875 0.00749571
257.985 29.3035 6.16833 0.109938
257.899 29.3174 6.16724 0.145914
257.7 29.0383 6.1805 0.140845
257.828 28.9001 6.17737 0.0216998
258.043 29.2918 6.16902 0.0546235
257.966 29.0038 6.16948 0.0256186
257.958 29.1562 6.17512 0.122678
257.643 29.1739 6.16904 0.0317722
257.985 29.3035 6.16833 0.109938
257.985 29.3035 6.16833 0.109938
257.985 29.3035 6.16833 0.109938
257.7 29.0383 6.1805 0.140845
257.603 29.1244 6.17103 0.0261528
257.958 29.1562 6.17512 0.122678
257.958 29.1562 6.17512 0.122678
