-32.962 -20.7403 1.07354 0.125132
-32.8544 -20.8057 1.07152 0.177373
-32.7596 -20.9068 1.07556 0.0876544
-32.7901 -20.989 1.0714 0.0224232
-32.8544 -20.8057 1.07152 0.177373
-32.6693 -20.7367 1.07081 0.0752722
-32.9053 -20.9349 1.0731 0.0729306
-32.9053 -20.9349 1.0731 0.0729306
-32.7442 -20.6117 1.07114 0.0701431
-32.9252 -20.5858 1.07306 0.0415239
-32.962 -20.7403 1.07354 0.125132
-32.7938 -20.6059 1.07102 0.0812604
-32.8544 -20.8057 1.07152 0.177373
-32.6696 -20.8188 1.06881 0.0421512
-32.7442 -20.6117 1.07114 0.0701431
-32.7901 -20.989 1.0714 0.0224232
-32.7938 -20.6059 1.07102 0.0812604
-32.8544 -20.8057 1.07152 0.177373
-32.81 -20.9355 1.07296 0.0791895
-32.81 -20.9355 1.07296 0.0791895
-32.6693 -20.7367 1.07081 0.0752722
-32.7596 -20.9068 1.07556 0.0876544
-32.7442 -20.6117 1.07114 0.0701431
-32.7442 -20.6117 1.07114 0.0701431
-32.7938 -20.6059 1.07102 0.0812604
-32.6693 -20.7367 1.07081 0.0752722
-32.9053 -20.9349 1.0731 0.0729306
-32.9053 -20.9349 1.0731 0.0729306
-32.9252 -20.5858 1.07306 0.0415239
-32.9252 -20.5858 1.07306 0.0415239
-32.7938 -20.6059 1.07102 0.0812604
-32.8544 -20.8057 1.07152 0.177373
-32.8544 -20.8057 1.07152 0.177373
-32.9053 -20.9349 1.0731 0.0729306
-32.7596 -20.9068 1.07556 0.0876544
-32.7442 -20.6117 1.07114 0.0701431
-32.962 -20.7403 1.07354 0.125132
-32.8544 -20.8057 1.07152 0.177373
-32.6696 -20.8188 1.06881 0.0421512
-32.7442 -20.6117 1.07114 0.0701431
-32.7442 -20.6117 1.07114 0.0701431
-32.9301 -20.7965 1.08139 0.0260952
-32.7901 -20.989 1.0714 0.0224232
-32.962 -20.7403 1.07354 0.125132
-32.8544 -20.8057 1.07152 0.177373
-32.81 -20.9355 1.07296 0.0791895
-32.81 -20.9355 1.07296 0.0791895
-32.9053 -20.9349 1.0731 0.0729306
-32.7596 -20.9068 1.07556 0.0876544
-32.9301 -20.7965 1.08139 0.0260952
-32.9301 -20.7965 1.08139 0.0260952
-32.7938 -20.6059 1.07102 0.0812604
-32.6693 -20.7367 1.07081 0.0752722
-32.9053 -20.9349 1.0731 0.0729306
-32.9053 -20.9349 1.0731 0.0729306
-32.7596 -20.9068 1.07556 0.0876544
-32.962 -20.7403 1.07354 0.125132
-32.7938 -20.6059 1.07102 0.0812604
-32.8544 -20.8057 1.07152 0.177373
-32.6696 -20.8188 1.06881 0.0421512
-32.7596 -20.9068 1.07556 0.0876544
-32.7442 -20.6117 1.07114 0.0701431
-33.1877 -20.8488 1.08075 0.0026909
-32.962 -20.7403 1.07354 0.125132
-32.8544 -20.8057 1.07152 0.177373
-32.8544 -20.8057 1.07152 0.177373
-32.81 -20.9355 1.07296 0.0791895
-32.9053 -20.9349 1.0731 0.0729306
-32.7596 -20.9068 1.07556 0.0876544
-32.962 -20.7403 1.07354 0.125132
-32.962 -20.7403 1.07354 0.125132
-32.81 -20.9355 1.07296 0.0791895
-32.9053 -20.9349 1.0731 0.0729306
-32.9252 -20.5858 1.07306 0.0415239
-32.8544 -20.8057 1.07152 0.177373
-32.8544 -20.8057 1.07152 0.177373
-32.6693 -20.7367 1.07081 0.0752722
-32.7442 -20.6117 1.07114 0.0701431
-32.962 -20.7403 1.07354 0.125132
-32.7938 -20.6059 1.07102 0.0812604
-32.8544 -20.8057 1.07152 0.177373
-32.8544 -20.8057 1.07152 0.177373
-32.7596 -20.9068 1.07556 0.0876544
-32.962 -20.7403 1.07354 0.125132
-32.962 -20.7403 1.07354 0.125132
-32.7938 -20.6059 1.07102 0.0812604
-32.81 -20.9355 1.07296 0.0791895
-32.9053 -20.9349 1.0731 0.0729306
-32.9301 -20.7965 1.08139 0.0260952
-32.962 -20.7403 1.07354 0.125132
-32.962 -20.7403 1.07354 0.125132
-32.8544 -20.8057 1.07152 0.177373
-32.6693 -20.7367 1.07081 0.0752722
-32.7596 -20.9068 1.07556 0.0876544
-32.9301 -20.7965 1.08139 0.0260952
-32.962 -20.7403 1.07354 0.125132
-32.8544 -20.8057 1.07152 0.177373
-32.5816 -20.7315 1.06563 0.00844206
-32.7442 -20.6117 1.07114 0.0701431
-32.7938 -20.6059 1.07102 0.0812604
