-39.4169 -49.6111 1.53439 0.0302028
-39.461 -49.7705 1.54589 0.125138
-39.461 -49.7705 1.54589 0.125138
-39.2244 -49.5943 1.54141 0.137954
-39.2244 -49.5943 1.54141 0.137954
-39.1659 -49.4682 1.53831 0.0149761
-39.5422 -49.5949 1.54356 0.0234231
-38.9797 -49.8652 1.55526 0.0735481
-39.2352 -49.7845 1.53901 0.105586
-39.1944 -49.866 1.54176 0.139418
-39.1944 -49.866 1.54176 0.139418
-39.1944 -49.866 1.54176 0.139418
-39.4628 -49.6622 1.53813 0.0751064
-39.2244 -49.5943 1.54141 0.137954
-39.1043 -49.9191 1.55743 0.083617
-39.2352 -49.7845 1.53901 0.105586
-39.1581 -49.8204 1.5607 0.0106427
-39.1944 -49.866 1.54176 0.139418
-39.3922 -49.5018 1.53472 0.020474
-39.461 -49.7705 1.54589 0.125138
-39.2244 -49.5943 1.54141 0.137954
-39.3083 -49.4619 1.54197 0.0347706
-39.0124 -49.6103 1.5459 0.0404885
-38.9797 -49.8652 1.55526 0.0735481
-39.2352 -49.7845 1.53901 0.105586
-39.2352 -49.7845 1.53901 0.105586
-39.1581 -49.8204 1.5607 0.0106427
-39.3922 -49.5018 1.53472 0.020474
-39.2244 -49.5943 1.54141 0.137954
-39.2244 -49.5943 1.54141 0.137954
-39.5422 -49.5949 1.54356 0.0234231
-39.1043 -49.9191 1.55743 0.083617
-39.1043 -49.9191 1.55743 0.083617
-39.1129 -49.5148 1.55024 0.0161841
-39.1944 -49.866 1.54176 0.139418
-39.1944 -49.866 1.54176 0.139418
-39.4628 -49.6622 1.53813 0.0751064
-39.5422 -49.5949 1.54356 0.0234231
-38.9797 -49.8652 1.55526 0.0735481
-39.2352 -49.7845 1.53901 0.105586
-39.4169 -49.6111 1.53439 0.0302028
-39.2701 -49.4377 1.54143 0.0237332
-39.1944 -49.866 1.54176 0.139418
-39.461 -49.7705 1.54589 0.125138
-39.2244 -49.5943 1.54141 0.137954
-39.3083 -49.4619 1.54197 0.0347706
-39.1129 -49.5148 1.55024 0.0161841
-39.2352 -49.7845 1.53901 0.105586
-39.2701 -49.4377 1.54143 0.0237332
-39.1944 -49.866 1.54176 0.139418
-39.4628 -49.6622 1.53813 0.0751064
-39.2244 -49.5943 1.54141 0.137954
-39.0124 -49.6103 1.5459 0.0404885
-39.0124 -49.6103 1.5459 0.0404885
-39.1043 -49.9191 1.55743 0.083617
-38.9797 -49.8652 1.55526 0.0735481
-39.4169 -49.6111 1.53439 0.0302028
-39.461 -49.7705 1.54589 0.125138
-39.461 -49.7705 1.54589 0.125138
-39.2244 -49.5943 1.54141 0.137954
-39.3083 -49.4619 1.54197 0.0347706
-39.0427 -49.4039 1.54098 0.00214428
-39.1944 -49.866 1.54176 0.139418
-39.461 -49.7705 1.54589 0.125138
-39.461 -49.7705 1.54589 0.125138
-39.461 -49.7705 1.54589 0.125138
-39.2244 -49.5943 1.54141 0.137954
-39.3083 -49.4619 1.54197 0.0347706
-39.1043 -49.9191 1.55743 0.083617
-38.9797 -49.8652 1.55526 0.0735481
-39.2352 -49.7845 1.53901 0.105586
-39.2352 -49.7845 1.53901 0.105586
-39.4169 -49.6111 1.53439 0.0302028
-39.1944 -49.866 1.54176 0.139418
-39.4628 -49.6622 1.53813 0.0751064
-39.4628 -49.6622 1.53813 0.0751064
-39.0124 -49.6103 1.5459 0.0404885
-38.9797 -49.8652 1.55526 0.0735481
-39.2352 -49.7845 1.53901 0.105586
-39.1944 -49.866 1.54176 0.139418
-39.1944 -49.866 1.54176 0.139418
-39.1059 -49.3637 1.54442 0.00208531
-39.2244 -49.5943 1.54141 0.137954
-39.1659 -49.4682 1.53831 0.0149761
-39.1043 -49.9191 1.55743 0.083617
-39.2701 -49.4377 1.54143 0.0237332
-39.1944 -49.866 1.54176 0.139418
-39.1944 -49.866 1.54176 0.139418
-39.1944 -49.866 1.54176 0.139418
-39.2244 -49.5943 1.54141 0.137954
-39.1043 -49.9191 1.55743 0.083617
-38.8049 -49.939 1.55004 0.00400119
-39.0427 -49.4039 1.54098 0.00214428
-39.2352 -49.7845 1.53901 0.105586
-39.1944 -49.866 1.54176 0.139418
-39.461 -49.7705 1.54589 0.125138
-39.2244 -49.5943 1.54141 0.137954
-39.6572 -49.8227 1.5412 0.00575102
-39.1043 -49.9191 1.55743 0.083617
-38.9797 -49.8652 1.55526 0.0735481
