97.344 18.2173 0.0810184 0.0209735
97.344 18.2173 0.0810184 0.0209735
97.3218 17.9913 0.0807692 0.0129058
96.992 18.1526 0.0780616 0.0971947
96.8852 18.4298 0.0794962 0.0157522
96.9634 18.1716 0.0822035 0.129604
96.969 18.2225 0.0893504 0.0829435
97.1209 18.0605 0.0814088 0.0944224
96.9044 18.3077 0.0865913 0.0724252
97.287 18.2564 0.0889807 0.0160558
97.3403 18.2973 0.0836169 0.0154576
97.3403 18.2973 0.0836169 0.0154576
96.992 18.1526 0.0780616 0.0971947
96.9634 18.1716 0.0822035 0.129604
97.1729 18.1813 0.0887153 0.052734
96.969 18.2225 0.0893504 0.0829435
96.9044 18.3077 0.0865913 0.0724252
97.0903 18.003 0.0743073 0.0333266
97.0903 18.003 0.0743073 0.0333266
96.8307 18.1692 0.0707013 0.00375447
96.8852 18.4298 0.0794962 0.0157522
96.969 18.2225 0.0893504 0.0829435
96.899 17.9137 0.0872658 0.0127569
97.2647 17.9089 0.0815229 0.00986779
97.26 17.891 0.0730051 0.00484268
97.3403 18.2973 0.0836169 0.0154576
96.7401 18.1265 0.0855957 0.0194245
96.8852 18.4298 0.0794962 0.0157522
96.9634 18.1716 0.0822035 0.129604
97.1729 18.1813 0.0887153 0.052734
97.1209 18.0605 0.0814088 0.0944224
97.0903 18.003 0.0743073 0.0333266
96.7485 18.2641 0.0832414 0.0203429
96.9128 18.3883 0.0808769 0.0359041
97.1729 18.1813 0.0887153 0.052734
97.1209 18.0605 0.0814088 0.0944224
97.1209 18.0605 0.0814088 0.0944224
96.7447 18.1366 0.0898424 0.0149811
97.0139 17.8475 0.088665 0.0050985
96.9634 18.1716 0.0822035 0.129604
96.7847 18.1897 0.0730215 0.00477006
96.7847 18.1897 0.0730215 0.00477006
96.9044 18.3077 0.0865913 0.0724252
97.287 18.2564 0.0889807 0.0160558
96.9789 17.9215 0.0725373 0.00839197
96.9128 18.3883 0.0808769 0.0359041
96.9128 18.3883 0.0808769 0.0359041
96.9128 18.3883 0.0808769 0.0359041
96.8852 18.4298 0.0794962 0.0157522
96.9634 18.1716 0.0822035 0.129604
96.899 17.9137 0.0872658 0.0127569
96.7963 18.2299 0.079237 0.0251378
96.6674 18.148 0.0824352 0.00626841
96.992 18.1526 0.0780616 0.0971947
96.9634 18.1716 0.0822035 0.129604
96.969 18.2225 0.0893504 0.0829435
96.899 17.9137 0.0872658 0.0127569
96.8738 18.4185 0.0776535 0.0111871
96.8765 18.1367 0.093236 0.0220892
96.992 18.1526 0.0780616 0.0971947
96.992 18.1526 0.0780616 0.0971947
96.9634 18.1716 0.0822035 0.129604
97.1729 18.1813 0.0887153 0.052734
96.969 18.2225 0.0893504 0.0829435
96.7667 18.4356 0.0846238 0.00839397
97.2412 17.8573 0.0846983 0.00433527
96.9044 18.3077 0.0865913 0.0724252
97.3403 18.2973 0.0836169 0.0154576
96.9128 18.3883 0.0808769 0.0359041
96.8852 18.4298 0.0794962 0.0157522
96.766 18.1415 0.0784832 0.0158491
96.9634 18.1716 0.0822035 0.129604
96.969 18.2225 0.0893504 0.0829435
96.7667 18.4356 0.0846238 0.00839397
96.7963 18.2299 0.079237 0.0251378
97.287 18.2564 0.0889807 0.0160558
97.0903 18.003 0.0743073 0.0333266
96.992 18.1526 0.0780616 0.0971947
96.9634 18.1716 0.0822035 0.129604
97.1729 18.1813 0.0887153 0.052734
96.969 18.2225 0.0893504 0.0829435
96.969 18.2225 0.0893504 0.0829435
96.899 17.9137 0.0872658 0.0127569
97.1209 18.0605 0.0814088 0.0944224
96.9044 18.3077 0.0865913 0.0724252
97.344 18.2173 0.0810184 0.0209735
96.8943 18.0822 0.0925527 0.0216774
96.7401 18.1265 0.0855957 0.0194245
97.1729 18.1813 0.0887153 0.052734
97.1094 18.1059 0.0917015 0.0292881
96.9044 18.3077 0.0865913 0.0724252
96.8738 18.4185 0.0776535 0.0111871
96.7447 18.1366 0.0898424 0.0149811
97.3218 17.9913 0.0807692 0.0129058
96.8943 18.0822 0.0925527 0.0216774
96.8852 18.4298 0.0794962 0.0157522
96.969 18.2225 0.0893504 0.0829435
96.9044 18.3077 0.0865913 0.0724252
97.344 18.2173 0.0810184 0.0209735
96.992 18.1526 0.0780616 0.0971947
