114.086 19.3268 0.0501839 0.00691319
113.823 19.0599 0.0658237 0.18789
114.109 18.917 0.0649597 0.0588716
113.922 19.2008 0.0598224 0.171566
113.888 19.1603 0.0642572 0.142828
113.771 19.2036 0.0651008 0.0524753
113.722 19.0043 0.0702852 0.0370354
113.823 19.0599 0.0658237 0.18789
114.109 18.917 0.0649597 0.0588716
113.888 19.1603 0.0642572 0.142828
113.788 19.0744 0.0518169 0.0257246
113.823 19.0599 0.0658237 0.18789
114.109 18.917 0.0649597 0.0588716
113.888 19.1603 0.0642572 0.142828
113.972 19.2012 0.0521573 0.0599021
113.884 18.9494 0.0694305 0.0709902
113.823 19.0599 0.0658237 0.18789
113.922 19.2008 0.0598224 0.171566
113.888 19.1603 0.0642572 0.142828
113.892 19.4514 0.0611924 0.00170067
113.823 19.0599 0.0658237 0.18789
113.823 19.0599 0.0658237 0.18789
114.109 18.917 0.0649597 0.0588716
113.888 19.1603 0.0642572 0.142828
113.771 19.2036 0.0651008 0.0524753
113.722 19.0043 0.0702852 0.0370354
113.722 19.0043 0.0702852 0.0370354
113.823 19.0599 0.0658237 0.18789
113.823 19.0599 0.0658237 0.18789
113.823 19.0599 0.0658237 0.18789
113.922 19.2008 0.0598224 0.171566
113.972 19.2012 0.0521573 0.0599021
113.884 18.9494 0.0694305 0.0709902
114.039 18.9464 0.0700536 0.01693
113.888 19.1603 0.0642572 0.142828
113.972 19.2012 0.0521573 0.0599021
113.823 19.0599 0.0658237 0.18789
113.823 19.0599 0.0658237 0.18789
113.823 19.0599 0.0658237 0.18789
114.144 18.948 0.066509 0.0218436
113.972 19.2012 0.0521573 0.0599021
113.884 18.9494 0.0694305 0.0709902
113.884 18.9494 0.0694305 0.0709902
113.823 19.0599 0.0658237 0.18789
114.109 18.917 0.0649597 0.0588716
113.922 19.2008 0.0598224 0.171566
113.922 19.2008 0.0598224 0.171566
113.888 19.1603 0.0642572 0.142828
113.972 19.2012 0.0521573 0.0599021
113.722 19.0043 0.0702852 0.0370354
113.884 18.9494 0.0694305 0.0709902
113.705 19.0103 0.0704594 0.0304548
113.888 19.1603 0.0642572 0.142828
113.884 18.9494 0.0694305 0.0709902
113.823 19.0599 0.0658237 0.18789
113.922 19.2008 0.0598224 0.171566
113.922 19.2008 0.0598224 0.171566
113.922 19.2008 0.0598224 0.171566
113.922 19.2008 0.0598224 0.171566
113.888 19.1603 0.0642572 0.142828
113.788 19.0744 0.0518169 0.0257246
113.823 19.0599 0.0658237 0.18789
113.705 19.0103 0.0704594 0.0304548
113.922 19.2008 0.0598224 0.171566
113.888 19.1603 0.0642572 0.142828
113.972 19.2012 0.0521573 0.0599021
113.671 18.9013 0.0642397 0.0775213
113.823 19.0599 0.0658237 0.18789
114.039 18.9464 0.0700536 0.01693
114.109 18.917 0.0649597 0.0588716
113.922 19.2008 0.0598224 0.171566
113.888 19.1603 0.0642572 0.142828
113.884 18.9494 0.0694305 0.0709902
113.705 19.0103 0.0704594 0.0304548
113.888 19.1603 0.0642572 0.142828
113.788 19.0744 0.0518169 0.0257246
113.823 19.0599 0.0658237 0.18789
113.922 19.2008 0.0598224 0.171566
113.922 19.2008 0.0598224 0.171566
113.888 19.1603 0.0642572 0.142828
113.972 19.2012 0.0521573 0.0599021
113.788 19.0744 0.0518169 0.0257246
113.823 19.0599 0.0658237 0.18789
113.823 19.0599 0.0658237 0.18789
113.922 19.2008 0.0598224 0.171566
113.888 19.1603 0.0642572 0.142828
113.788 19.0744 0.0518169 0.0257246
113.788 19.0744 0.0518169 0.0257246
113.722 19.0043 0.0702852 0.0370354
113.823 19.0599 0.0658237 0.18789
113.922 19.2008 0.0598224 0.171566
114.144 18.948 0.066509 0.0218436
113.771 19.2036 0.0651008 0.0524753
113.823 19.0599 0.0658237 0.18789
113.823 19.0599 0.0658237 0.18789
113.888 19.1603 0.0642572 0.142828
113.888 19.1603 0.0642572 0.142828
114.153 18.6071 0.0575833 0.00107022
113.823 19.0599 0.0658237 0.18789
113.823 19.0599 0.0658237 0.18789
