34.8024 9.4342 0.199699 0.234499
35.0124 9.35923 0.202547 0.0878525
34.7829 9.5492 0.201415 0.143775
34.8024 9.4342 0.199699 0.234499
34.8024 9.4342 0.199699 0.234499
34.7916 9.50356 0.199938 0.172417
34.7829 9.5492 0.201415 0.143775
34.8024 9.4342 0.199699 0.234499
35.1464 9.44207 0.194594 0.0385483
34.9742 9.38471 0.204703 0.0377256
34.9103 9.25201 0.201766 0.0490315
34.8024 9.4342 0.199699 0.234499
35.0124 9.35923 0.202547 0.0878525
35.0654 9.26968 0.198652 0.047388
35.1216 9.31183 0.200876 0.013621
34.8024 9.4342 0.199699 0.234499
34.7916 9.50356 0.199938 0.172417
34.8755 9.24023 0.19964 0.044555
34.8024 9.4342 0.199699 0.234499
34.7916 9.50356 0.199938 0.172417
34.9742 9.38471 0.204703 0.0377256
35.1216 9.31183 0.200876 0.013621
34.8024 9.4342 0.199699 0.234499
34.8041 9.5206 0.197064 0.0315013
34.7916 9.50356 0.199938 0.172417
35.1216 9.31183 0.200876 0.013621
34.7829 9.5492 0.201415 0.143775
34.7829 9.5492 0.201415 0.143775
34.9103 9.25201 0.201766 0.0490315
34.8024 9.4342 0.199699 0.234499
35.0124 9.35923 0.202547 0.0878525
34.7829 9.5492 0.201415 0.143775
34.8024 9.4342 0.199699 0.234499
34.8041 9.5206 0.197064 0.0315013
35.1464 9.44207 0.194594 0.0385483
34.7829 9.5492 0.201415 0.143775
35.0124 9.35923 0.202547 0.0878525
35.0124 9.35923 0.202547 0.0878525
34.7916 9.50356 0.199938 0.172417
34.9103 9.25201 0.201766 0.0490315
34.856 9.49419 0.206922 0.02667
34.7916 9.50356 0.199938 0.172417
34.7829 9.5492 0.201415 0.143775
34.876 9.65811 0.199304 0.0276798
34.7916 9.50356 0.199938 0.172417
34.8024 9.4342 0.199699 0.234499
34.876 9.65811 0.199304 0.0276798
34.7916 9.50356 0.199938 0.172417
34.7829 9.5492 0.201415 0.143775
34.876 9.65811 0.199304 0.0276798
35.1464 9.44207 0.194594 0.0385483
34.7916 9.50356 0.199938 0.172417
34.8024 9.4342 0.199699 0.234499
35.0124 9.35923 0.202547 0.0878525
34.9742 9.38471 0.204703 0.0377256
34.8024 9.4342 0.199699 0.234499
35.0124 9.35923 0.202547 0.0878525
34.7916 9.50356 0.199938 0.172417
34.7829 9.5492 0.201415 0.143775
35.0124 9.35923 0.202547 0.0878525
34.7916 9.50356 0.199938 0.172417
34.8755 9.24023 0.19964 0.044555
34.7829 9.5492 0.201415 0.143775
34.8024 9.4342 0.199699 0.234499
34.8024 9.4342 0.199699 0.234499
35.0654 9.26968 0.198652 0.047388
34.8755 9.24023 0.19964 0.044555
34.7829 9.5492 0.201415 0.143775
34.856 9.49419 0.206922 0.02667
34.9742 9.38471 0.204703 0.0377256
34.8024 9.4342 0.199699 0.234499
35.0654 9.26968 0.198652 0.047388
34.7916 9.50356 0.199938 0.172417
34.8024 9.4342 0.199699 0.234499
34.8024 9.4342 0.199699 0.234499
35.0124 9.35923 0.202547 0.0878525
35.1216 9.31183 0.200876 0.013621
34.8024 9.4342 0.199699 0.234499
35.0654 9.26968 0.198652 0.047388
34.8755 9.24023 0.19964 0.044555
34.8024 9.4342 0.199699 0.234499
34.8024 9.4342 0.199699 0.234499
34.7916 9.50356 0.199938 0.172417
34.8024 9.4342 0.199699 0.234499
35.1464 9.44207 0.194594 0.0385483
34.9103 9.25201 0.201766 0.0490315
35.0124 9.35923 0.202547 0.0878525
35.0654 9.26968 0.198652 0.047388
34.7916 9.50356 0.199938 0.172417
34.8024 9.4342 0.199699 0.234499
34.8024 9.4342 0.199699 0.234499
34.7916 9.50356 0.199938 0.172417
34.7829 9.5492 0.201415 0.143775
34.9103 9.25201 0.201766 0.0490315
34.8024 9.4342 0.199699 0.234499
35.0124 9.35923 0.202547 0.0878525
34.7916 9.50356 0.199938 0.172417
34.9742 9.38471 0.204703 0.0377256
34.7829 9.5492 0.201415 0.143775
34.8024 9.4342 0.199699 0.234499
