267.512 25.336 5.72884 0.0561778
267.408 25.2957 5.74634 0.0337561
267.455 25.2532 5.74079 0.145183
267.676 25.3354 5.73518 0.0269684
267.58 25.3104 5.72962 0.0634489
267.512 25.336 5.72884 0.0561778
267.534 25.1916 5.73081 0.0719146
267.534 25.1916 5.73081 0.0719146
267.438 25.38 5.73261 0.0942127
267.349 25.2608 5.74514 0.0503079
267.676 25.3354 5.73518 0.0269684
267.48 25.3191 5.73385 0.178103
267.405 25.3584 5.74815 0.0121599
267.438 25.38 5.73261 0.0942127
267.455 25.2532 5.74079 0.145183
267.48 25.3191 5.73385 0.178103
267.48 25.3191 5.73385 0.178103
267.534 25.1916 5.73081 0.0719146
267.266 25.4054 5.73527 0.0188943
267.525 25.1106 5.72908 0.0181255
267.455 25.2532 5.74079 0.145183
267.199 25.1433 5.74774 0.00241834
267.48 25.3191 5.73385 0.178103
267.48 25.3191 5.73385 0.178103
267.48 25.3191 5.73385 0.178103
267.408 25.2957 5.74634 0.0337561
267.292 25.3161 5.74009 0.0765615
267.455 25.2532 5.74079 0.145183
267.48 25.3191 5.73385 0.178103
267.48 25.3191 5.73385 0.178103
267.292 25.3161 5.74009 0.0765615
267.455 25.2532 5.74079 0.145183
267.48 25.3191 5.73385 0.178103
267.512 25.336 5.72884 0.0561778
267.534 25.1916 5.73081 0.0719146
267.512 25.0595 5.74688 0.00117925
267.349 25.2608 5.74514 0.0503079
267.525 25.1106 5.72908 0.0181255
267.453 25.0548 5.72375 0.000463881
267.48 25.3191 5.73385 0.178103
267.512 25.336 5.72884 0.0561778
267.438 25.38 5.73261 0.0942127
267.438 25.38 5.73261 0.0942127
267.367 25.0193 5.73842 0.00711305
267.58 25.3104 5.72962 0.0634489
267.534 25.1916 5.73081 0.0719146
267.292 25.3161 5.74009 0.0765615
267.199 25.2457 5.74324 0.0146581
267.48 25.3191 5.73385 0.178103
267.438 25.38 5.73261 0.0942127
267.349 25.2608 5.74514 0.0503079
267.3 25.1811 5.73365 0.0275409
267.48 25.3191 5.73385 0.178103
267.48 25.3191 5.73385 0.178103
267.534 25.1916 5.73081 0.0719146
267.408 25.2957 5.74634 0.0337561
267.455 25.2532 5.74079 0.145183
267.188 25.25 5.74364 0.0118083
267.48 25.3191 5.73385 0.178103
267.534 25.1916 5.73081 0.0719146
267.534 25.1916 5.73081 0.0719146
267.438 25.38 5.73261 0.0942127
267.292 25.3161 5.74009 0.0765615
267.188 25.25 5.74364 0.0118083
267.3 25.1811 5.73365 0.0275409
267.48 25.3191 5.73385 0.178103
267.48 25.3191 5.73385 0.178103
267.438 25.38 5.73261 0.0942127
267.455 25.2532 5.74079 0.145183
267.455 25.2532 5.74079 0.145183
267.455 25.2532 5.74079 0.145183
267.48 25.3191 5.73385 0.178103
267.48 25.3191 5.73385 0.178103
267.292 25.3161 5.74009 0.0765615
267.292 25.3161 5.74009 0.0765615
267.292 25.3161 5.74009 0.0765615
267.508 25.0585 5.74155 0.00945821
267.512 25.336 5.72884 0.0561778
267.292 25.3161 5.74009 0.0765615
267.455 25.2532 5.74079 0.145183
267.3 25.1811 5.73365 0.0275409
267.58 25.3104 5.72962 0.0634489
267.534 25.1916 5.73081 0.0719146
267.408 25.2957 5.74634 0.0337561
267.455 25.2532 5.74079 0.145183
267.58 25.3104 5.72962 0.0634489
267.48 25.3191 5.73385 0.178103
267.512 25.336 5.72884 0.0561778
267.438 25.38 5.73261 0.0942127
267.455 25.2532 5.74079 0.145183
267.3 25.1811 5.73365 0.0275409
267.512 25.336 5.72884 0.0561778
267.438 25.38 5.73261 0.0942127
267.388 25.4954 5.73231 0.0130369
267.349 25.2608 5.74514 0.0503079
267.455 25.2532 5.74079 0.145183
267.3 25.1811 5.73365 0.0275409
267.48 25.3191 5.73385 0.178103
267.534 25.1916 5.73081 0.0719146
267.438 25.38 5.73261 0.0942127
