-34.2563 -26.6962 1.20758 0.0934352
-34.3277 -26.6756 1.19988 0.107763
-34.3016 -26.6458 1.19606 0.0251722
-34.206 -26.7281 1.20522 0.109041
-34.269 -26.7508 1.20546 0.160108
-34.1876 -26.7111 1.20378 0.099375
-34.2755 -26.998 1.20508 0.0090421
-34.2833 -26.6078 1.20646 0.0754622
-34.3067 -26.6368 1.19415 0.00808667
-34.269 -26.7508 1.20546 0.160108
-34.269 -26.7508 1.20546 0.160108
-34.2563 -26.6962 1.20758 0.0934352
-34.3277 -26.6756 1.19988 0.107763
-34.1627 -26.7487 1.20492 0.0681165
-34.2833 -26.6078 1.20646 0.0754622
-34.3238 -26.6617 1.196 0.0215184
-34.2563 -26.6962 1.20758 0.0934352
-34.1627 -26.7487 1.20492 0.0681165
-34.3284 -26.9219 1.20438 0.0350911
-34.269 -26.7508 1.20546 0.160108
-34.1876 -26.7111 1.20378 0.099375
-34.1627 -26.7487 1.20492 0.0681165
-34.308 -26.5527 1.20701 0.032627
-34.2833 -26.6078 1.20646 0.0754622
-34.269 -26.7508 1.20546 0.160108
-34.1876 -26.7111 1.20378 0.099375
-34.1876 -26.7111 1.20378 0.099375
-34.3016 -26.6458 1.19606 0.0251722
-34.3284 -26.9219 1.20438 0.0350911
-34.3238 -26.6617 1.196 0.0215184
-34.269 -26.7508 1.20546 0.160108
-34.2563 -26.6962 1.20758 0.0934352
-34.1876 -26.7111 1.20378 0.099375
-34.3277 -26.6756 1.19988 0.107763
-34.3887 -26.52 1.19959 0.0437355
-34.2833 -26.6078 1.20646 0.0754622
-34.206 -26.7281 1.20522 0.109041
-34.3067 -26.6368 1.19415 0.00808667
-34.269 -26.7508 1.20546 0.160108
-34.2563 -26.6962 1.20758 0.0934352
-34.3277 -26.6756 1.19988 0.107763
-34.3021 -26.4223 1.20219 0.0129303
-34.3284 -26.9219 1.20438 0.0350911
-34.3067 -26.6368 1.19415 0.00808667
-34.2563 -26.6962 1.20758 0.0934352
-34.3277 -26.6756 1.19988 0.107763
-34.1627 -26.7487 1.20492 0.0681165
-34.1627 -26.7487 1.20492 0.0681165
-34.308 -26.5527 1.20701 0.032627
-34.0677 -26.4597 1.19484 0.0015178
-34.206 -26.7281 1.20522 0.109041
-34.269 -26.7508 1.20546 0.160108
-34.1876 -26.7111 1.20378 0.099375
-34.1627 -26.7487 1.20492 0.0681165
-34.308 -26.5527 1.20701 0.032627
-34.2833 -26.6078 1.20646 0.0754622
-34.206 -26.7281 1.20522 0.109041
-34.269 -26.7508 1.20546 0.160108
-34.1876 -26.7111 1.20378 0.099375
-34.3016 -26.6458 1.19606 0.0251722
-34.206 -26.7281 1.20522 0.109041
-34.269 -26.7508 1.20546 0.160108
-34.1301 -26.6241 1.20554 0.0270314
-34.2563 -26.6962 1.20758 0.0934352
-34.3277 -26.6756 1.19988 0.107763
-34.3887 -26.52 1.19959 0.0437355
-34.3016 -26.6458 1.19606 0.0251722
-34.206 -26.7281 1.20522 0.109041
-34.3238 -26.6617 1.196 0.0215184
-34.269 -26.7508 1.20546 0.160108
-34.2563 -26.6962 1.20758 0.0934352
-34.3277 -26.6756 1.19988 0.107763
-34.3277 -26.6756 1.19988 0.107763
-34.2755 -26.998 1.20508 0.0090421
-34.2833 -26.6078 1.20646 0.0754622
-34.269 -26.7508 1.20546 0.160108
-34.269 -26.7508 1.20546 0.160108
-34.1876 -26.7111 1.20378 0.099375
-34.1876 -26.7111 1.20378 0.099375
-34.3277 -26.6756 1.19988 0.107763
-34.3887 -26.52 1.19959 0.0437355
-34.2833 -26.6078 1.20646 0.0754622
-34.206 -26.7281 1.20522 0.109041
-34.2563 -26.6962 1.20758 0.0934352
-34.1876 -26.7111 1.20378 0.099375
-34.1627 -26.7487 1.20492 0.0681165
-34.3284 -26.9219 1.20438 0.0350911
-34.269 -26.7508 1.20546 0.160108
-34.2563 -26.6962 1.20758 0.0934352
-34.2755 -26.998 1.20508 0.0090421
-34.1627 -26.7487 1.20492 0.0681165
-34.4234 -26.3913 1.19612 0.00293098
-34.3067 -26.6368 1.19415 0.00808667
-34.269 -26.7508 1.20546 0.160108
-34.1301 -26.6241 1.20554 0.0270314
-34.3277 -26.6756 1.19988 0.107763
-34.3887 -26.52 1.19959 0.0437355
-34.2833 -26.6078 1.20646 0.0754622
-34.269 -26.7508 1.20546 0.160108
-34.269 -26.7508 1.20546 0.160108
