80.471 -35.1492 3.68594 0.30902
80.471 -35.1492 3.68594 0.30902
80.6015 -34.9972 3.68975 0.130583
80.4704 -35.3444 3.68022 0.0476619
80.6015 -34.9972 3.68975 0.130583
80.4704 -35.3444 3.68022 0.0476619
80.471 -35.1492 3.68594 0.30902
80.479 -35.1547 3.6832 0.242037
80.3389 -35.2212 3.68396 0.0276636
80.471 -35.1492 3.68594 0.30902
80.7955 -35.0231 3.68476 0.0159674
80.479 -35.1547 3.6832 0.242037
80.471 -35.1492 3.68594 0.30902
80.3534 -35.0564 3.69176 0.00566469
80.471 -35.1492 3.68594 0.30902
80.6015 -34.9972 3.68975 0.130583
80.6015 -34.9972 3.68975 0.130583
80.6015 -34.9972 3.68975 0.130583
80.8361 -35.1014 3.68569 0.0150292
80.479 -35.1547 3.6832 0.242037
80.479 -35.1547 3.6832 0.242037
80.471 -35.1492 3.68594 0.30902
80.479 -35.1547 3.6832 0.242037
80.6015 -34.9972 3.68975 0.130583
80.4704 -35.3444 3.68022 0.0476619
80.6015 -34.9972 3.68975 0.130583
80.4211 -35.2512 3.6859 0.095383
80.479 -35.1547 3.6832 0.242037
80.4704 -35.3444 3.68022 0.0476619
80.6015 -34.9972 3.68975 0.130583
80.6015 -34.9972 3.68975 0.130583
80.5611 -35.2293 3.6927 0.0037578
80.471 -35.1492 3.68594 0.30902
80.4211 -35.2512 3.6859 0.095383
80.4704 -35.3444 3.68022 0.0476619
80.4704 -35.3444 3.68022 0.0476619
80.471 -35.1492 3.68594 0.30902
80.471 -35.1492 3.68594 0.30902
80.8361 -35.1014 3.68569 0.0150292
80.4211 -35.2512 3.6859 0.095383
80.471 -35.1492 3.68594 0.30902
80.6015 -34.9972 3.68975 0.130583
80.3389 -35.2212 3.68396 0.0276636
80.471 -35.1492 3.68594 0.30902
80.471 -35.1492 3.68594 0.30902
80.4211 -35.2512 3.6859 0.095383
80.471 -35.1492 3.68594 0.30902
80.471 -35.1492 3.68594 0.30902
80.4211 -35.2512 3.6859 0.095383
80.479 -35.1547 3.6832 0.242037
80.471 -35.1492 3.68594 0.30902
80.6015 -34.9972 3.68975 0.130583
80.479 -35.1547 3.6832 0.242037
80.479 -35.1547 3.6832 0.242037
80.471 -35.1492 3.68594 0.30902
80.471 -35.1492 3.68594 0.30902
80.471 -35.1492 3.68594 0.30902
80.4211 -35.2512 3.6859 0.095383
80.471 -35.1492 3.68594 0.30902
80.4211 -35.2512 3.6859 0.095383
80.3389 -35.2212 3.68396 0.0276636
80.471 -35.1492 3.68594 0.30902
80.479 -35.1547 3.6832 0.242037
80.3389 -35.2212 3.68396 0.0276636
80.4704 -35.3444 3.68022 0.0476619
80.6067 -35.452 3.68111 0.0177764
80.471 -35.1492 3.68594 0.30902
80.6015 -34.9972 3.68975 0.130583
80.479 -35.1547 3.6832 0.242037
80.471 -35.1492 3.68594 0.30902
80.4211 -35.2512 3.6859 0.095383
80.479 -35.1547 3.6832 0.242037
80.3389 -35.2212 3.68396 0.0276636
80.471 -35.1492 3.68594 0.30902
80.471 -35.1492 3.68594 0.30902
80.4211 -35.2512 3.6859 0.095383
80.471 -35.1492 3.68594 0.30902
80.4079 -35.2978 3.67863 0.0113372
80.471 -35.1492 3.68594 0.30902
80.4211 -35.2512 3.6859 0.095383
80.471 -35.1492 3.68594 0.30902
80.6015 -34.9972 3.68975 0.130583
80.4211 -35.2512 3.6859 0.095383
80.471 -35.1492 3.68594 0.30902
80.479 -35.1547 3.6832 0.242037
80.3389 -35.2212 3.68396 0.0276636
80.471 -35.1492 3.68594 0.30902
80.471 -35.1492 3.68594 0.30902
80.4211 -35.2512 3.6859 0.095383
80.479 -35.1547 3.6832 0.242037
80.4704 -35.3444 3.68022 0.0476619
80.471 -35.1492 3.68594 0.30902
80.5748 -35.3546 3.6786 0.0353566
80.479 -35.1547 3.6832 0.242037
80.471 -35.1492 3.68594 0.30902
80.5748 -35.3546 3.6786 0.0353566
80.471 -35.1492 3.68594 0.30902
80.479 -35.1547 3.6832 0.242037
80.471 -35.1492 3.68594 0.30902
80.471 -35.1492 3.68594 0.30902
