143.403 -15.6735 3.35035 0.157661
143.113 -15.903 3.34277 0.0420704
143.409 -15.6056 3.34979 0.135225
143.437 -15.6039 3.35752 0.0172118
143.383 -15.6226 3.35179 0.118731
143.403 -15.6735 3.35035 0.157661
143.484 -15.6959 3.34705 0.0864457
143.409 -15.6056 3.34979 0.135225
143.553 -15.4102 3.35266 0.00856521
143.081 -15.8206 3.34869 0.0216977
143.403 -15.6735 3.35035 0.157661
143.113 -15.903 3.34277 0.0420704
143.184 -15.832 3.34676 0.0933916
143.484 -15.6959 3.34705 0.0864457
143.098 -15.5882 3.34173 0.0435945
143.557 -15.5523 3.35324 0.0353987
143.342 -15.6865 3.3553 0.0338282
143.113 -15.903 3.34277 0.0420704
143.436 -15.8131 3.35762 0.00744066
143.437 -15.6039 3.35752 0.0172118
143.383 -15.6226 3.35179 0.118731
143.383 -15.6226 3.35179 0.118731
143.081 -15.8206 3.34869 0.0216977
143.403 -15.6735 3.35035 0.157661
143.184 -15.832 3.34676 0.0933916
143.409 -15.6056 3.34979 0.135225
143.415 -15.5147 3.34925 0.0688235
143.383 -15.6226 3.35179 0.118731
143.081 -15.8206 3.34869 0.0216977
143.113 -15.903 3.34277 0.0420704
143.409 -15.6056 3.34979 0.135225
143.611 -15.6205 3.35534 0.0220614
143.383 -15.6226 3.35179 0.118731
143.403 -15.6735 3.35035 0.157661
143.184 -15.832 3.34676 0.0933916
143.409 -15.6056 3.34979 0.135225
143.409 -15.6056 3.34979 0.135225
143.424 -15.7624 3.35724 0.0132892
143.534 -15.9765 3.35129 0.00621706
143.184 -15.832 3.34676 0.0933916
143.484 -15.6959 3.34705 0.0864457
143.409 -15.6056 3.34979 0.135225
143.557 -15.5523 3.35324 0.0353987
143.383 -15.6226 3.35179 0.118731
143.403 -15.6735 3.35035 0.157661
143.184 -15.832 3.34676 0.0933916
143.409 -15.6056 3.34979 0.135225
143.409 -15.6056 3.34979 0.135225
143.557 -15.5523 3.35324 0.0353987
143.383 -15.6226 3.35179 0.118731
143.342 -15.6865 3.3553 0.0338282
143.113 -15.903 3.34277 0.0420704
143.484 -15.6959 3.34705 0.0864457
143.409 -15.6056 3.34979 0.135225
143.415 -15.5147 3.34925 0.0688235
143.383 -15.6226 3.35179 0.118731
143.342 -15.6865 3.3553 0.0338282
143.403 -15.6735 3.35035 0.157661
143.484 -15.6959 3.34705 0.0864457
143.409 -15.6056 3.34979 0.135225
143.553 -15.4102 3.35266 0.00856521
143.383 -15.6226 3.35179 0.118731
143.403 -15.6735 3.35035 0.157661
143.403 -15.6735 3.35035 0.157661
143.484 -15.6959 3.34705 0.0864457
143.484 -15.6959 3.34705 0.0864457
143.409 -15.6056 3.34979 0.135225
143.415 -15.5147 3.34925 0.0688235
143.557 -15.5523 3.35324 0.0353987
143.278 -15.4302 3.35217 0.015647
143.113 -15.903 3.34277 0.0420704
143.484 -15.6959 3.34705 0.0864457
143.098 -15.5882 3.34173 0.0435945
143.278 -15.4302 3.35217 0.015647
143.081 -15.8206 3.34869 0.0216977
143.403 -15.6735 3.35035 0.157661
143.409 -15.6056 3.34979 0.135225
143.415 -15.5147 3.34925 0.0688235
143.383 -15.6226 3.35179 0.118731
143.342 -15.6865 3.3553 0.0338282
143.403 -15.6735 3.35035 0.157661
143.403 -15.6735 3.35035 0.157661
143.409 -15.6056 3.34979 0.135225
143.424 -15.7624 3.35724 0.0132892
143.403 -15.6735 3.35035 0.157661
143.184 -15.832 3.34676 0.0933916
143.409 -15.6056 3.34979 0.135225
143.415 -15.5147 3.34925 0.0688235
143.383 -15.6226 3.35179 0.118731
143.383 -15.6226 3.35179 0.118731
143.379 -15.9276 3.34008 0.0099259
143.113 -15.903 3.34277 0.0420704
143.484 -15.6959 3.34705 0.0864457
143.484 -15.6959 3.34705 0.0864457
143.415 -15.5147 3.34925 0.0688235
143.415 -15.5147 3.34925 0.0688235
143.557 -15.5523 3.35324 0.0353987
143.383 -15.6226 3.35179 0.118731
143.278 -15.4302 3.35217 0.015647
143.113 -15.903 3.34277 0.0420704
