215.827 -11.7245 2.99278 0.159733
215.836 -11.5501 2.99177 0.014527
215.693 -11.8022 2.98572 0.184245
215.827 -11.7245 2.99278 0.159733
215.827 -11.7245 2.99278 0.159733
215.756 -11.7093 2.99034 0.176031
215.693 -11.8022 2.98572 0.184245
215.693 -11.8022 2.98572 0.184245
215.827 -11.7245 2.99278 0.159733
215.616 -11.7992 2.98476 0.132133
215.756 -11.7093 2.99034 0.176031
215.756 -11.7093 2.99034 0.176031
215.693 -11.8022 2.98572 0.184245
215.827 -11.7245 2.99278 0.159733
215.827 -11.7245 2.99278 0.159733
215.845 -12.0816 2.98559 0.0168755
215.616 -11.7992 2.98476 0.132133
215.756 -11.7093 2.99034 0.176031
215.756 -11.7093 2.99034 0.176031
215.693 -11.8022 2.98572 0.184245
215.693 -11.8022 2.98572 0.184245
215.693 -11.8022 2.98572 0.184245
215.827 -11.7245 2.99278 0.159733
215.616 -11.7992 2.98476 0.132133
216.057 -12.0055 2.98524 0.000543011
215.751 -11.5536 2.98778 0.0123574
215.693 -11.8022 2.98572 0.184245
215.641 -11.8031 2.98085 0.017771
215.827 -11.7245 2.99278 0.159733
215.756 -11.7093 2.99034 0.176031
215.756 -11.7093 2.99034 0.176031
215.821 -11.7571 2.98465 0.0364075
215.693 -11.8022 2.98572 0.184245
215.534 -11.8423 2.98389 0.085382
215.616 -11.7992 2.98476 0.132133
215.684 -11.8818 2.98097 0.0186282
215.756 -11.7093 2.99034 0.176031
215.821 -11.7571 2.98465 0.0364075
215.475 -11.7936 2.98357 0.0402325
215.827 -11.7245 2.99278 0.159733
215.756 -11.7093 2.99034 0.176031
215.693 -11.8022 2.98572 0.184245
215.641 -11.8031 2.98085 0.017771
215.827 -11.7245 2.99278 0.159733
215.827 -11.7245 2.99278 0.159733
215.616 -11.7992 2.98476 0.132133
216.048 -11.6642 2.99882 0.00649464
215.693 -11.8022 2.98572 0.184245
215.693 -11.8022 2.98572 0.184245
215.693 -11.8022 2.98572 0.184245
215.827 -11.7245 2.99278 0.159733
215.827 -11.7245 2.99278 0.159733
215.616 -11.7992 2.98476 0.132133
215.616 -11.7992 2.98476 0.132133
215.756 -11.7093 2.99034 0.176031
215.693 -11.8022 2.98572 0.184245
215.534 -11.8423 2.98389 0.085382
215.534 -11.8423 2.98389 0.085382
215.827 -11.7245 2.99278 0.159733
215.756 -11.7093 2.99034 0.176031
215.821 -11.7571 2.98465 0.0364075
215.693 -11.8022 2.98572 0.184245
215.693 -11.8022 2.98572 0.184245
215.827 -11.7245 2.99278 0.159733
215.62 -12.1054 2.98603 0.0340937
215.756 -11.7093 2.99034 0.176031
215.756 -11.7093 2.99034 0.176031
215.693 -11.8022 2.98572 0.184245
215.827 -11.7245 2.99278 0.159733
215.616 -11.7992 2.98476 0.132133
215.756 -11.7093 2.99034 0.176031
215.751 -11.5536 2.98778 0.0123574
215.693 -11.8022 2.98572 0.184245
215.475 -11.7936 2.98357 0.0402325
215.62 -12.1054 2.98603 0.0340937
215.756 -11.7093 2.99034 0.176031
215.751 -11.5536 2.98778 0.0123574
215.693 -11.8022 2.98572 0.184245
215.475 -11.7936 2.98357 0.0402325
215.616 -11.7992 2.98476 0.132133
215.756 -11.7093 2.99034 0.176031
215.756 -11.7093 2.99034 0.176031
215.693 -11.8022 2.98572 0.184245
215.827 -11.7245 2.99278 0.159733
215.616 -11.7992 2.98476 0.132133
215.756 -11.7093 2.99034 0.176031
215.821 -11.7571 2.98465 0.0364075
215.534 -11.8423 2.98389 0.085382
215.827 -11.7245 2.99278 0.159733
215.616 -11.7992 2.98476 0.132133
215.684 -11.8818 2.98097 0.0186282
215.756 -11.7093 2.99034 0.176031
215.582 -11.5814 2.99204 0.00520284
215.693 -11.8022 2.98572 0.184245
215.534 -11.8423 2.98389 0.085382
215.827 -11.7245 2.99278 0.159733
215.616 -11.7992 2.98476 0.132133
215.684 -11.8818 2.98097 0.0186282
215.821 -11.7571 2.98465 0.0364075
215.534 -11.8423 2.98389 0.085382
