81.6264 15.9647 0.097 0.027945
81.7123 16.0262 0.0928557 0.10967
81.7123 16.0262 0.0928557 0.10967
81.4691 16.023 0.0973872 0.0103095
81.6188 16.0378 0.0959583 0.0664073
81.7666 16.1411 0.0851315 0.0400623
81.4528 16.2999 0.0905499 0.0122055
81.7123 16.0262 0.0928557 0.10967
81.7413 16.2835 0.0929503 0.14218
81.8909 16.1645 0.0971747 0.0490518
81.6598 16.0742 0.0952006 0.114013
81.6703 16.0466 0.0894444 0.0851408
81.7022 16.3855 0.088028 0.0301439
81.7123 16.0262 0.0928557 0.10967
81.7413 16.2835 0.0929503 0.14218
81.6188 16.0378 0.0959583 0.0664073
81.6188 16.0378 0.0959583 0.0664073
81.7838 16.021 0.100198 0.0182854
81.7022 16.3855 0.088028 0.0301439
81.7123 16.0262 0.0928557 0.10967
81.6188 16.0378 0.0959583 0.0664073
81.6598 16.0742 0.0952006 0.114013
81.6598 16.0742 0.0952006 0.114013
81.6357 15.9332 0.0893654 0.0224356
81.6703 16.0466 0.0894444 0.0851408
81.7479 16.2119 0.0864323 0.0655309
81.7123 16.0262 0.0928557 0.10967
81.7123 16.0262 0.0928557 0.10967
81.6188 16.0378 0.0959583 0.0664073
81.6598 16.0742 0.0952006 0.114013
81.6703 16.0466 0.0894444 0.0851408
81.7479 16.2119 0.0864323 0.0655309
81.6264 15.9647 0.097 0.027945
81.7413 16.2835 0.0929503 0.14218
81.6188 16.0378 0.0959583 0.0664073
81.6598 16.0742 0.0952006 0.114013
81.6598 16.0742 0.0952006 0.114013
81.7838 16.021 0.100198 0.0182854
81.5507 16.1142 0.101425 0.0106547
81.7123 16.0262 0.0928557 0.10967
81.7413 16.2835 0.0929503 0.14218
81.6598 16.0742 0.0952006 0.114013
81.6703 16.0466 0.0894444 0.0851408
81.7479 16.2119 0.0864323 0.0655309
81.9037 16.095 0.0865898 0.0308894
81.7413 16.2835 0.0929503 0.14218
81.7413 16.2835 0.0929503 0.14218
81.5264 16.3159 0.0973955 0.0218532
81.6188 16.0378 0.0959583 0.0664073
81.8909 16.1645 0.0971747 0.0490518
81.6598 16.0742 0.0952006 0.114013
81.7479 16.2119 0.0864323 0.0655309
81.7123 16.0262 0.0928557 0.10967
81.7413 16.2835 0.0929503 0.14218
81.7413 16.2835 0.0929503 0.14218
81.5264 16.3159 0.0973955 0.0218532
81.6598 16.0742 0.0952006 0.114013
81.6703 16.0466 0.0894444 0.0851408
81.6663 16.0218 0.0992326 0.0296788
81.7413 16.2835 0.0929503 0.14218
81.8159 16.4746 0.09108 0.0124726
81.7711 15.8788 0.0892994 0.0129964
81.6703 16.0466 0.0894444 0.0851408
81.9824 16.0485 0.0872078 0.0120516
81.4659 16.4104 0.0996218 0.0019935
81.7123 16.0262 0.0928557 0.10967
81.7123 16.0262 0.0928557 0.10967
81.8159 16.4746 0.09108 0.0124726
81.6357 15.9332 0.0893654 0.0224356
81.7479 16.2119 0.0864323 0.0655309
81.6663 16.0218 0.0992326 0.0296788
81.6264 15.9647 0.097 0.027945
81.7123 16.0262 0.0928557 0.10967
81.5264 16.3159 0.0973955 0.0218532
81.6598 16.0742 0.0952006 0.114013
81.7479 16.2119 0.0864323 0.0655309
81.7123 16.0262 0.0928557 0.10967
81.8159 16.4746 0.09108 0.0124726
81.8909 16.1645 0.0971747 0.0490518
81.7666 16.1411 0.0851315 0.0400623
81.9824 16.0485 0.0872078 0.0120516
81.7479 16.2119 0.0864323 0.0655309
81.9037 16.095 0.0865898 0.0308894
81.7413 16.2835 0.0929503 0.14218
81.8909 16.1645 0.0971747 0.0490518
81.8909 16.1645 0.0971747 0.0490518
81.6598 16.0742 0.0952006 0.114013
81.7479 16.2119 0.0864323 0.0655309
81.6264 15.9647 0.097 0.027945
81.7413 16.2835 0.0929503 0.14218
81.7413 16.2835 0.0929503 0.14218
81.6188 16.0378 0.0959583 0.0664073
81.6598 16.0742 0.0952006 0.114013
81.6703 16.0466 0.0894444 0.0851408
81.4659 16.4104 0.0996218 0.0019935
81.7123 16.0262 0.0928557 0.10967
81.7413 16.2835 0.0929503 0.14218
81.8159 16.4746 0.09108 0.0124726
81.6598 16.0742 0.0952006 0.114013
81.6598 16.0742 0.0952006 0.114013
