-35.0878 -76.1241 2.08563 0.13575
-35.1713 -76.17 2.09235 0.0912348
-35.1267 -76.3829 2.10114 0.00940624
-35.2571 -76.1778 2.0872 0.0620231
-35.1178 -76.0476 2.09702 0.015238
-35.1303 -76.0058 2.09222 0.0507624
-35.1713 -76.17 2.09235 0.0912348
-34.7998 -76.1127 2.08724 0.0343907
-35.0682 -76.1074 2.08334 0.0980088
-35.2571 -76.1778 2.0872 0.0620231
-35.1283 -75.9474 2.091 0.0397919
-35.0313 -76.49 2.09583 0.0190075
-35.1713 -76.17 2.09235 0.0912348
-35.2826 -76.1794 2.08222 0.0208436
-34.9106 -76.2555 2.09718 0.0335633
-35.1252 -76.1916 2.0943 0.0805365
-35.07 -76.2931 2.0851 0.0530811
-35.1283 -75.9474 2.091 0.0397919
-35.1283 -75.9474 2.091 0.0397919
-35.1303 -76.0058 2.09222 0.0507624
-35.0878 -76.1241 2.08563 0.13575
-35.0878 -76.1241 2.08563 0.13575
-34.7909 -76.1905 2.08872 0.0317325
-35.2571 -76.1778 2.0872 0.0620231
-35.1252 -76.1916 2.0943 0.0805365
-35.1772 -76.4089 2.09872 0.0143637
-35.1303 -76.0058 2.09222 0.0507624
-35.0878 -76.1241 2.08563 0.13575
-34.7916 -76.5277 2.09262 0.00269637
-35.0713 -76.2433 2.07935 0.0112793
-34.9106 -76.2555 2.09718 0.0335633
-34.806 -76.1335 2.10114 0.00175932
-35.07 -76.2931 2.0851 0.0530811
-35.1303 -76.0058 2.09222 0.0507624
-35.1303 -76.0058 2.09222 0.0507624
-35.1713 -76.17 2.09235 0.0912348
-35.2826 -76.1794 2.08222 0.0208436
-35.0682 -76.1074 2.08334 0.0980088
-34.9106 -76.2555 2.09718 0.0335633
-35.1252 -76.1916 2.0943 0.0805365
-35.1252 -76.1916 2.0943 0.0805365
-35.1178 -76.0476 2.09702 0.015238
-35.1283 -75.9474 2.091 0.0397919
-35.0878 -76.1241 2.08563 0.13575
-34.7909 -76.1905 2.08872 0.0317325
-35.0682 -76.1074 2.08334 0.0980088
-35.2571 -76.1778 2.0872 0.0620231
-35.1772 -76.4089 2.09872 0.0143637
-35.1303 -76.0058 2.09222 0.0507624
-35.0878 -76.1241 2.08563 0.13575
-35.0878 -76.1241 2.08563 0.13575
-34.7998 -76.1127 2.08724 0.0343907
-35.0682 -76.1074 2.08334 0.0980088
-35.2571 -76.1778 2.0872 0.0620231
-35.07 -76.2931 2.0851 0.0530811
-35.1303 -76.0058 2.09222 0.0507624
-35.0878 -76.1241 2.08563 0.13575
-35.0878 -76.1241 2.08563 0.13575
-35.0878 -76.1241 2.08563 0.13575
-34.7998 -76.1127 2.08724 0.0343907
-35.0682 -76.1074 2.08334 0.0980088
-35.1252 -76.1916 2.0943 0.0805365
-34.8698 -76.1392 2.08256 0.0305857
-35.07 -76.2931 2.0851 0.0530811
-35.1303 -76.0058 2.09222 0.0507624
-35.1303 -76.0058 2.09222 0.0507624
-35.1713 -76.17 2.09235 0.0912348
-35.1422 -76.6455 2.10126 0.000964714
-35.0682 -76.1074 2.08334 0.0980088
-35.1252 -76.1916 2.0943 0.0805365
-35.1283 -75.9474 2.091 0.0397919
-35.2841 -76.0651 2.08931 0.0426765
-35.1303 -76.0058 2.09222 0.0507624
-35.0878 -76.1241 2.08563 0.13575
-35.2826 -76.1794 2.08222 0.0208436
-35.2571 -76.1778 2.0872 0.0620231
-35.1252 -76.1916 2.0943 0.0805365
-35.1283 -75.9474 2.091 0.0397919
-35.1303 -76.0058 2.09222 0.0507624
-35.0878 -76.1241 2.08563 0.13575
-34.7998 -76.1127 2.08724 0.0343907
-35.2571 -76.1778 2.0872 0.0620231
-35.1252 -76.1916 2.0943 0.0805365
-35.1252 -76.1916 2.0943 0.0805365
-35.2841 -76.0651 2.08931 0.0426765
-35.0878 -76.1241 2.08563 0.13575
-35.1713 -76.17 2.09235 0.0912348
-35.1713 -76.17 2.09235 0.0912348
-35.0682 -76.1074 2.08334 0.0980088
-35.0682 -76.1074 2.08334 0.0980088
-34.8698 -76.1392 2.08256 0.0305857
-35.1303 -76.0058 2.09222 0.0507624
-35.0878 -76.1241 2.08563 0.13575
-35.0878 -76.1241 2.08563 0.13575
-34.7998 -76.1127 2.08724 0.0343907
-35.1252 -76.1916 2.0943 0.0805365
-35.07 -76.2931 2.0851 0.0530811
-35.2841 -76.0651 2.08931 0.0426765
-35.1303 -76.0058 2.09222 0.0507624
-35.1713 -76.17 2.09235 0.0912348
