26.9713 9.61544 0.191653 0.303685
27.1088 9.62353 0.189266 0.316952
26.992 9.63993 0.187162 0.125196
27.0317 9.39307 0.186208 0.0310843
27.1088 9.62353 0.189266 0.316952
27.3208 9.44052 0.18486 0.016396
27.1088 9.62353 0.189266 0.316952
27.1088 9.62353 0.189266 0.316952
27.1088 9.62353 0.189266 0.316952
27.1088 9.62353 0.189266 0.316952
26.9713 9.61544 0.191653 0.303685
26.992 9.63993 0.187162 0.125196
26.992 9.63993 0.187162 0.125196
26.9713 9.61544 0.191653 0.303685
27.1088 9.62353 0.189266 0.316952
26.9713 9.61544 0.191653 0.303685
27.1088 9.62353 0.189266 0.316952
26.992 9.63993 0.187162 0.125196
26.8796 9.68982 0.189133 0.0373327
26.9782 9.64731 0.184557 0.0199458
27.1088 9.62353 0.189266 0.316952
26.9713 9.61544 0.191653 0.303685
26.9713 9.61544 0.191653 0.303685
27.1088 9.62353 0.189266 0.316952
27.1088 9.62353 0.189266 0.316952
27.1088 9.62353 0.189266 0.316952
27.1088 9.62353 0.189266 0.316952
27.3208 9.44052 0.18486 0.016396
27.1553 9.40251 0.192792 0.011358
26.9713 9.61544 0.191653 0.303685
26.9713 9.61544 0.191653 0.303685
27.1088 9.62353 0.189266 0.316952
27.1088 9.62353 0.189266 0.316952
26.9713 9.61544 0.191653 0.303685
26.9782 9.64731 0.184557 0.0199458
27.1088 9.62353 0.189266 0.316952
26.9713 9.61544 0.191653 0.303685
27.1759 9.77044 0.19128 0.02376
26.898 9.43213 0.192266 0.0453878
26.8796 9.68982 0.189133 0.0373327
27.1088 9.62353 0.189266 0.316952
26.9713 9.61544 0.191653 0.303685
27.1088 9.62353 0.189266 0.316952
26.9713 9.61544 0.191653 0.303685
26.9713 9.61544 0.191653 0.303685
27.1088 9.62353 0.189266 0.316952
26.992 9.63993 0.187162 0.125196
27.1088 9.62353 0.189266 0.316952
27.1375 9.36625 0.185785 0.0261831
26.9713 9.61544 0.191653 0.303685
27.1088 9.62353 0.189266 0.316952
26.9713 9.61544 0.191653 0.303685
27.1759 9.77044 0.19128 0.02376
27.1088 9.62353 0.189266 0.316952
26.9713 9.61544 0.191653 0.303685
27.1714 9.62931 0.179157 0.00275113
27.1088 9.62353 0.189266 0.316952
27.1088 9.62353 0.189266 0.316952
27.2526 9.41873 0.179849 0.00468005
26.9713 9.61544 0.191653 0.303685
26.992 9.63993 0.187162 0.125196
26.9713 9.61544 0.191653 0.303685
27.1088 9.62353 0.189266 0.316952
27.0912 9.83865 0.181707 0.000273888
27.1088 9.62353 0.189266 0.316952
27.1375 9.36625 0.185785 0.0261831
26.9713 9.61544 0.191653 0.303685
26.992 9.63993 0.187162 0.125196
27.1553 9.40251 0.192792 0.011358
26.9713 9.61544 0.191653 0.303685
27.1088 9.62353 0.189266 0.316952
27.3208 9.44052 0.18486 0.016396
27.1088 9.62353 0.189266 0.316952
26.898 9.43213 0.192266 0.0453878
27.1375 9.36625 0.185785 0.0261831
26.9713 9.61544 0.191653 0.303685
27.1088 9.62353 0.189266 0.316952
26.992 9.63993 0.187162 0.125196
26.9713 9.61544 0.191653 0.303685
26.9713 9.61544 0.191653 0.303685
27.1088 9.62353 0.189266 0.316952
26.9713 9.61544 0.191653 0.303685
27.1088 9.62353 0.189266 0.316952
27.1088 9.62353 0.189266 0.316952
26.992 9.63993 0.187162 0.125196
26.9713 9.61544 0.191653 0.303685
27.1088 9.62353 0.189266 0.316952
26.9713 9.61544 0.191653 0.303685
27.0317 9.39307 0.186208 0.0310843
27.3208 9.44052 0.18486 0.016396
27.1088 9.62353 0.189266 0.316952
27.1375 9.36625 0.185785 0.0261831
27.0904 9.35948 0.191837 0.0154608
27.1088 9.62353 0.189266 0.316952
26.992 9.63993 0.187162 0.125196
27.3208 9.44052 0.18486 0.016396
26.9713 9.61544 0.191653 0.303685
27.1759 9.77044 0.19128 0.02376
27.1088 9.62353 0.189266 0.316952
26.9713 9.61544 0.191653 0.303685
