5.15692 -93.9513 3.35541 0.0587236
5.28023 -94.0104 3.35423 0.170755
5.35905 -94.1961 3.35214 0.165796
5.55922 -94.1394 3.36103 0.0745454
5.19234 -93.9529 3.35981 0.0496364
5.15692 -93.9513 3.35541 0.0587236
5.28023 -94.0104 3.35423 0.170755
5.35905 -94.1961 3.35214 0.165796
5.35905 -94.1961 3.35214 0.165796
5.0851 -94.0303 3.34573 0.0130644
5.55922 -94.1394 3.36103 0.0745454
5.55922 -94.1394 3.36103 0.0745454
5.21618 -93.9924 3.35389 0.114542
5.15692 -93.9513 3.35541 0.0587236
5.06912 -94.1183 3.34866 0.0325618
5.28023 -94.0104 3.35423 0.170755
5.35905 -94.1961 3.35214 0.165796
5.35905 -94.1961 3.35214 0.165796
5.28233 -93.701 3.35424 0.00648906
5.46843 -94.3386 3.36175 0.0112161
5.46254 -93.9359 3.36715 0.0268178
5.28023 -94.0104 3.35423 0.170755
5.28023 -94.0104 3.35423 0.170755
5.28023 -94.0104 3.35423 0.170755
5.32325 -94.302 3.35117 0.0871137
5.32325 -94.302 3.35117 0.0871137
5.17191 -94.248 3.34465 0.0269118
5.30789 -94.361 3.34916 0.0446073
5.28023 -94.0104 3.35423 0.170755
5.32325 -94.302 3.35117 0.0871137
5.05571 -93.8048 3.35839 0.00385624
5.06912 -94.1183 3.34866 0.0325618
5.28023 -94.0104 3.35423 0.170755
5.35905 -94.1961 3.35214 0.165796
5.55922 -94.1394 3.36103 0.0745454
5.17191 -94.248 3.34465 0.0269118
5.28023 -94.0104 3.35423 0.170755
5.35905 -94.1961 3.35214 0.165796
5.32325 -94.302 3.35117 0.0871137
5.13108 -93.8785 3.36539 0.00279833
5.28023 -94.0104 3.35423 0.170755
5.35905 -94.1961 3.35214 0.165796
5.32325 -94.302 3.35117 0.0871137
5.55922 -94.1394 3.36103 0.0745454
5.21618 -93.9924 3.35389 0.114542
5.10067 -93.7983 3.35872 0.00662839
5.35905 -94.1961 3.35214 0.165796
5.35905 -94.1961 3.35214 0.165796
5.17982 -93.7658 3.35615 0.0120726
5.55922 -94.1394 3.36103 0.0745454
5.19234 -93.9529 3.35981 0.0496364
5.28023 -94.0104 3.35423 0.170755
5.07594 -94.2234 3.34382 0.0128793
5.55922 -94.1394 3.36103 0.0745454
5.55922 -94.1394 3.36103 0.0745454
5.21618 -93.9924 3.35389 0.114542
5.30789 -94.361 3.34916 0.0446073
5.28023 -94.0104 3.35423 0.170755
5.2789 -93.5909 3.35603 0.00107197
5.32325 -94.302 3.35117 0.0871137
5.21618 -93.9924 3.35389 0.114542
5.17191 -94.248 3.34465 0.0269118
5.19234 -93.9529 3.35981 0.0496364
5.28023 -94.0104 3.35423 0.170755
5.28023 -94.0104 3.35423 0.170755
5.35905 -94.1961 3.35214 0.165796
5.32325 -94.302 3.35117 0.0871137
5.46843 -94.3386 3.36175 0.0112161
5.46254 -93.9359 3.36715 0.0268178
5.30789 -94.361 3.34916 0.0446073
5.28023 -94.0104 3.35423 0.170755
5.35905 -94.1961 3.35214 0.165796
5.55922 -94.1394 3.36103 0.0745454
5.15692 -93.9513 3.35541 0.0587236
5.15692 -93.9513 3.35541 0.0587236
5.30789 -94.361 3.34916 0.0446073
5.06912 -94.1183 3.34866 0.0325618
5.10067 -93.7983 3.35872 0.00662839
5.35905 -94.1961 3.35214 0.165796
5.21618 -93.9924 3.35389 0.114542
5.21618 -93.9924 3.35389 0.114542
4.97499 -94.2752 3.34201 0.00279711
5.28023 -94.0104 3.35423 0.170755
5.35905 -94.1961 3.35214 0.165796
5.32325 -94.302 3.35117 0.0871137
5.55922 -94.1394 3.36103 0.0745454
5.21618 -93.9924 3.35389 0.114542
5.22132 -94.1265 3.34273 0.0122322
5.28023 -94.0104 3.35423 0.170755
5.35905 -94.1961 3.35214 0.165796
5.17982 -93.7658 3.35615 0.0120726
5.32325 -94.302 3.35117 0.0871137
5.21618 -93.9924 3.35389 0.114542
5.30789 -94.361 3.34916 0.0446073
5.35905 -94.1961 3.35214 0.165796
5.32325 -94.302 3.35117 0.0871137
5.46254 -93.9359 3.36715 0.0268178
5.17191 -94.248 3.34465 0.0269118
5.19234 -93.9529 3.35981 0.0496364
5.22132 -94.1265 3.34273 0.0122322
