86.6443 -31.9643 3.55324 0.19846
86.6376 -31.6883 3.55705 0.0935842
86.6265 -31.7848 3.5522 0.0373847
86.6205 -31.8233 3.55299 0.0975436
86.5374 -31.8831 3.5587 0.116934
86.5533 -31.9394 3.55103 0.0385801
86.6443 -31.9643 3.55324 0.19846
86.457 -31.8457 3.55634 0.0508828
86.8301 -31.9992 3.55286 0.0587864
86.6205 -31.8233 3.55299 0.0975436
86.7184 -31.7387 3.563 0.0247591
86.6376 -31.6883 3.55705 0.0935842
86.6679 -31.6895 3.55826 0.113368
86.6205 -31.8233 3.55299 0.0975436
86.7184 -31.7387 3.563 0.0247591
86.6443 -31.9643 3.55324 0.19846
86.6443 -31.9643 3.55324 0.19846
86.6443 -31.9643 3.55324 0.19846
86.457 -31.8457 3.55634 0.0508828
86.5374 -31.8831 3.5587 0.116934
86.8289 -31.9973 3.55712 0.0340434
86.6376 -31.6883 3.55705 0.0935842
86.9806 -32.0329 3.55164 0.00193326
86.6679 -31.6895 3.55826 0.113368
86.5533 -31.9394 3.55103 0.0385801
86.6443 -31.9643 3.55324 0.19846
86.6376 -31.6883 3.55705 0.0935842
86.6679 -31.6895 3.55826 0.113368
86.6679 -31.6895 3.55826 0.113368
86.7902 -31.9715 3.54971 0.0263603
86.8289 -31.9973 3.55712 0.0340434
86.6443 -31.9643 3.55324 0.19846
86.8301 -31.9992 3.55286 0.0587864
86.5374 -31.8831 3.5587 0.116934
86.5374 -31.8831 3.5587 0.116934
86.6443 -31.9643 3.55324 0.19846
86.457 -31.8457 3.55634 0.0508828
86.6205 -31.8233 3.55299 0.0975436
86.5374 -31.8831 3.5587 0.116934
86.6443 -31.9643 3.55324 0.19846
86.6376 -31.6883 3.55705 0.0935842
86.6679 -31.6895 3.55826 0.113368
86.6205 -31.8233 3.55299 0.0975436
86.4985 -31.6744 3.56588 0.00189758
86.5533 -31.9394 3.55103 0.0385801
86.6443 -31.9643 3.55324 0.19846
86.787 -31.8472 3.55099 0.0259305
86.6376 -31.6883 3.55705 0.0935842
86.457 -31.8457 3.55634 0.0508828
86.5374 -31.8831 3.5587 0.116934
86.8289 -31.9973 3.55712 0.0340434
86.6443 -31.9643 3.55324 0.19846
86.8301 -31.9992 3.55286 0.0587864
86.5374 -31.8831 3.5587 0.116934
86.5533 -31.9394 3.55103 0.0385801
86.6443 -31.9643 3.55324 0.19846
86.6443 -31.9643 3.55324 0.19846
86.6376 -31.6883 3.55705 0.0935842
86.6265 -31.7848 3.5522 0.0373847
86.8301 -31.9992 3.55286 0.0587864
86.6205 -31.8233 3.55299 0.0975436
86.6205 -31.8233 3.55299 0.0975436
86.6443 -31.9643 3.55324 0.19846
86.9806 -32.0329 3.55164 0.00193326
86.6265 -31.7848 3.5522 0.0373847
86.457 -31.8457 3.55634 0.0508828
86.6205 -31.8233 3.55299 0.0975436
86.5374 -31.8831 3.5587 0.116934
86.5533 -31.9394 3.55103 0.0385801
86.6376 -31.6883 3.55705 0.0935842
86.6205 -31.8233 3.55299 0.0975436
86.6205 -31.8233 3.55299 0.0975436
86.5374 -31.8831 3.5587 0.116934
86.855 -32.0603 3.557 0.00886381
86.6443 -31.9643 3.55324 0.19846
86.6443 -31.9643 3.55324 0.19846
86.8301 -31.9992 3.55286 0.0587864
86.8301 -31.9992 3.55286 0.0587864
86.6205 -31.8233 3.55299 0.0975436
86.5374 -31.8831 3.5587 0.116934
86.5533 -31.9394 3.55103 0.0385801
86.787 -31.8472 3.55099 0.0259305
86.6376 -31.6883 3.55705 0.0935842
86.4947 -32.1349 3.55539 0.00587133
86.6205 -31.8233 3.55299 0.0975436
86.8289 -31.9973 3.55712 0.0340434
86.6443 -31.9643 3.55324 0.19846
86.6443 -31.9643 3.55324 0.19846
86.457 -31.8457 3.55634 0.0508828
86.6679 -31.6895 3.55826 0.113368
86.6679 -31.6895 3.55826 0.113368
86.8289 -31.9973 3.55712 0.0340434
86.6376 -31.6883 3.55705 0.0935842
86.8301 -31.9992 3.55286 0.0587864
86.5374 -31.8831 3.5587 0.116934
86.8289 -31.9973 3.55712 0.0340434
86.6443 -31.9643 3.55324 0.19846
86.6443 -31.9643 3.55324 0.19846
86.6679 -31.6895 3.55826 0.113368
86.6205 -31.8233 3.55299 0.0975436
