221.663 27.534 0.0771801 0.45285
221.663 27.534 0.0771801 0.45285
221.427 27.5009 0.0648872 4.22935e-05
221.663 27.534 0.0771801 0.45285
221.58 27.6805 0.0740928 0.030816
221.663 27.534 0.0771801 0.45285
221.818 27.2584 0.0783116 0.114154
221.663 27.534 0.0771801 0.45285
221.663 27.534 0.0771801 0.45285
221.663 27.534 0.0771801 0.45285
221.888 27.2482 0.0728745 0.182553
221.663 27.534 0.0771801 0.45285
221.581 27.2756 0.0734109 0.147634
221.58 27.6805 0.0740928 0.030816
221.888 27.2482 0.0728745 0.182553
221.663 27.534 0.0771801 0.45285
221.663 27.534 0.0771801 0.45285
221.888 27.2482 0.0728745 0.182553
221.818 27.2584 0.0783116 0.114154
221.663 27.534 0.0771801 0.45285
221.888 27.2482 0.0728745 0.182553
221.663 27.534 0.0771801 0.45285
221.581 27.2756 0.0734109 0.147634
221.487 27.5291 0.0684315 0.0042388
221.663 27.534 0.0771801 0.45285
221.888 27.2482 0.0728745 0.182553
221.888 27.2482 0.0728745 0.182553
221.818 27.2584 0.0783116 0.114154
221.663 27.534 0.0771801 0.45285
221.888 27.2482 0.0728745 0.182553
221.888 27.2482 0.0728745 0.182553
221.818 27.2584 0.0783116 0.114154
221.872 27.1983 0.0800025 0.00970262
221.888 27.2482 0.0728745 0.182553
221.663 27.534 0.0771801 0.45285
221.408 27.2534 0.0788131 0.00438509
221.872 27.1983 0.0800025 0.00970262
221.581 27.2756 0.0734109 0.147634
221.818 27.2584 0.0783116 0.114154
221.818 27.2584 0.0783116 0.114154
221.888 27.2482 0.0728745 0.182553
221.58 27.6805 0.0740928 0.030816
221.663 27.534 0.0771801 0.45285
221.581 27.2756 0.0734109 0.147634
221.818 27.2584 0.0783116 0.114154
221.663 27.534 0.0771801 0.45285
221.888 27.2482 0.0728745 0.182553
221.663 27.534 0.0771801 0.45285
221.663 27.534 0.0771801 0.45285
221.888 27.2482 0.0728745 0.182553
221.663 27.534 0.0771801 0.45285
221.888 27.2482 0.0728745 0.182553
221.663 27.534 0.0771801 0.45285
221.663 27.534 0.0771801 0.45285
221.663 27.534 0.0771801 0.45285
221.663 27.534 0.0771801 0.45285
221.663 27.534 0.0771801 0.45285
221.663 27.534 0.0771801 0.45285
221.581 27.2756 0.0734109 0.147634
221.663 27.534 0.0771801 0.45285
221.663 27.534 0.0771801 0.45285
221.663 27.534 0.0771801 0.45285
221.818 27.2584 0.0783116 0.114154
221.59 27.197 0.0814327 0.0105853
221.663 27.534 0.0771801 0.45285
221.663 27.534 0.0771801 0.45285
221.663 27.534 0.0771801 0.45285
221.581 27.2756 0.0734109 0.147634
221.888 27.2482 0.0728745 0.182553
221.663 27.534 0.0771801 0.45285
221.58 27.6805 0.0740928 0.030816
221.581 27.2756 0.0734109 0.147634
221.581 27.2756 0.0734109 0.147634
221.663 27.534 0.0771801 0.45285
221.888 27.2482 0.0728745 0.182553
221.663 27.534 0.0771801 0.45285
221.581 27.2756 0.0734109 0.147634
221.818 27.2584 0.0783116 0.114154
221.663 27.534 0.0771801 0.45285
221.888 27.2482 0.0728745 0.182553
221.663 27.534 0.0771801 0.45285
221.888 27.2482 0.0728745 0.182553
221.663 27.534 0.0771801 0.45285
221.663 27.534 0.0771801 0.45285
221.818 27.2584 0.0783116 0.114154
221.888 27.2482 0.0728745 0.182553
221.581 27.2756 0.0734109 0.147634
221.872 27.1983 0.0800025 0.00970262
221.663 27.534 0.0771801 0.45285
221.663 27.534 0.0771801 0.45285
221.663 27.534 0.0771801 0.45285
221.663 27.534 0.0771801 0.45285
221.818 27.2584 0.0783116 0.114154
221.888 27.2482 0.0728745 0.182553
221.818 27.2584 0.0783116 0.114154
221.663 27.534 0.0771801 0.45285
221.663 27.534 0.0771801 0.45285
221.663 27.534 0.0771801 0.45285
221.888 27.2482 0.0728745 0.182553
221.663 27.534 0.0771801 0.45285
