71.5483 16.0499 0.128534 0.0141171
71.2284 16.3201 0.139588 0.0305751
71.0013 15.9664 0.132014 0.0106171
71.2566 16.1464 0.126894 0.0696468
71.2566 16.1464 0.126894 0.0696468
71.3249 16.0202 0.139208 0.0292055
71.315 16.11 0.133302 0.0967454
71.2435 16.0735 0.139608 0.0440003
71.1649 16.2327 0.128132 0.0555931
71.2284 16.3201 0.139588 0.0305751
71.3063 16.089 0.132442 0.0953831
71.2566 16.1464 0.126894 0.0696468
71.315 16.11 0.133302 0.0967454
71.315 16.11 0.133302 0.0967454
71.3384 16.0288 0.132211 0.0667298
71.5775 16.0789 0.133407 0.00942704
71.3017 16.4411 0.139455 0.00844453
71.3063 16.089 0.132442 0.0953831
71.3063 16.089 0.132442 0.0953831
71.2566 16.1464 0.126894 0.0696468
70.9775 16.2705 0.13255 0.0146349
71.315 16.11 0.133302 0.0967454
71.0851 16.3207 0.129675 0.0253363
71.061 16.0634 0.131588 0.0357255
71.1649 16.2327 0.128132 0.0555931
71.2284 16.3201 0.139588 0.0305751
71.0013 15.9664 0.132014 0.0106171
71.3368 16.2534 0.124897 0.039061
71.2566 16.1464 0.126894 0.0696468
70.9775 16.2705 0.13255 0.0146349
71.3249 16.0202 0.139208 0.0292055
71.315 16.11 0.133302 0.0967454
71.0851 16.3207 0.129675 0.0253363
71.3384 16.0288 0.132211 0.0667298
71.2435 16.0735 0.139608 0.0440003
71.6184 16.2313 0.131725 0.00610978
71.0964 16.2729 0.135751 0.0452261
71.2284 16.3201 0.139588 0.0305751
70.9605 16.0731 0.135555 0.0138585
71.2566 16.1464 0.126894 0.0696468
71.0652 16.324 0.134388 0.0276586
71.2682 16.4483 0.133336 0.0176216
71.3384 16.0288 0.132211 0.0667298
71.1649 16.2327 0.128132 0.0555931
71.1649 16.2327 0.128132 0.0555931
71.0964 16.2729 0.135751 0.0452261
71.3063 16.089 0.132442 0.0953831
71.2566 16.1464 0.126894 0.0696468
71.3249 16.0202 0.139208 0.0292055
71.315 16.11 0.133302 0.0967454
71.2682 16.4483 0.133336 0.0176216
70.9976 16.299 0.135681 0.016659
71.061 16.0634 0.131588 0.0357255
71.1649 16.2327 0.128132 0.0555931
71.5297 16.293 0.130245 0.0161596
71.3063 16.089 0.132442 0.0953831
70.8225 16.1763 0.144275 0.000656712
71.3368 16.2534 0.124897 0.039061
71.3249 16.0202 0.139208 0.0292055
71.3978 15.9838 0.118715 0.0034068
71.4325 16.0275 0.12696 0.0313589
71.0652 16.324 0.134388 0.0276586
71.3384 16.0288 0.132211 0.0667298
71.1649 16.2327 0.128132 0.0555931
71.0964 16.2729 0.135751 0.0452261
71.2284 16.3201 0.139588 0.0305751
71.3063 16.089 0.132442 0.0953831
71.2566 16.1464 0.126894 0.0696468
71.0652 16.324 0.134388 0.0276586
71.0851 16.3207 0.129675 0.0253363
71.3384 16.0288 0.132211 0.0667298
71.3384 16.0288 0.132211 0.0667298
71.5948 16.1565 0.130966 0.0101508
71.4384 15.9071 0.125913 0.00936172
71.2284 16.3201 0.139588 0.0305751
71.3063 16.089 0.132442 0.0953831
71.3063 16.089 0.132442 0.0953831
71.2566 16.1464 0.126894 0.0696468
71.2566 16.1464 0.126894 0.0696468
71.3249 16.0202 0.139208 0.0292055
71.3973 16.2611 0.119901 0.00807029
71.315 16.11 0.133302 0.0967454
71.3384 16.0288 0.132211 0.0667298
71.061 16.0634 0.131588 0.0357255
71.1649 16.2327 0.128132 0.0555931
71.1649 16.2327 0.128132 0.0555931
71.0964 16.2729 0.135751 0.0452261
71.2284 16.3201 0.139588 0.0305751
71.2284 16.3201 0.139588 0.0305751
71.3063 16.089 0.132442 0.0953831
71.2566 16.1464 0.126894 0.0696468
71.2566 16.1464 0.126894 0.0696468
71.2566 16.1464 0.126894 0.0696468
71.315 16.11 0.133302 0.0967454
71.315 16.11 0.133302 0.0967454
71.315 16.11 0.133302 0.0967454
71.315 16.11 0.133302 0.0967454
71.315 16.11 0.133302 0.0967454
71.2435 16.0735 0.139608 0.0440003
71.4088 16.4341 0.134407 0.0115148
