-39.6952 -61.0039 1.72627 0.160002
-39.8929 -60.8153 1.72917 0.175845
-39.8929 -60.8153 1.72917 0.175845
-39.8133 -60.7288 1.72973 0.167144
-39.8569 -60.9198 1.72728 0.287362
-39.8929 -60.8153 1.72917 0.175845
-39.8133 -60.7288 1.72973 0.167144
-39.8569 -60.9198 1.72728 0.287362
-39.8569 -60.9198 1.72728 0.287362
-39.7858 -60.6452 1.71561 0.00138401
-39.6952 -61.0039 1.72627 0.160002
-39.9096 -60.6809 1.71949 0.0261954
-39.8133 -60.7288 1.72973 0.167144
-39.6952 -61.0039 1.72627 0.160002
-40.0095 -60.8022 1.72565 0.056536
-39.8569 -60.9198 1.72728 0.287362
-39.8569 -60.9198 1.72728 0.287362
-39.8569 -60.9198 1.72728 0.287362
-39.8929 -60.8153 1.72917 0.175845
-39.8133 -60.7288 1.72973 0.167144
-39.8569 -60.9198 1.72728 0.287362
-39.8929 -60.8153 1.72917 0.175845
-39.8929 -60.8153 1.72917 0.175845
-39.8133 -60.7288 1.72973 0.167144
-39.8569 -60.9198 1.72728 0.287362
-39.6952 -61.0039 1.72627 0.160002
-39.8929 -60.8153 1.72917 0.175845
-39.8929 -60.8153 1.72917 0.175845
-40.0095 -60.8022 1.72565 0.056536
-39.8133 -60.7288 1.72973 0.167144
-39.6952 -61.0039 1.72627 0.160002
-39.8133 -60.7288 1.72973 0.167144
-39.8133 -60.7288 1.72973 0.167144
-39.9088 -60.6798 1.73268 0.00804053
-39.6952 -61.0039 1.72627 0.160002
-39.6754 -60.9527 1.72151 0.0229312
-39.8133 -60.7288 1.72973 0.167144
-39.8569 -60.9198 1.72728 0.287362
-39.8929 -60.8153 1.72917 0.175845
-40.0097 -60.6819 1.72507 0.0288235
-40.0219 -60.8913 1.72576 0.042493
-39.8569 -60.9198 1.72728 0.287362
-39.6952 -61.0039 1.72627 0.160002
-39.8929 -60.8153 1.72917 0.175845
-39.8569 -60.9198 1.72728 0.287362
-39.8569 -60.9198 1.72728 0.287362
-39.8569 -60.9198 1.72728 0.287362
-39.9096 -60.6809 1.71949 0.0261954
-39.8133 -60.7288 1.72973 0.167144
-39.8569 -60.9198 1.72728 0.287362
-39.8929 -60.8153 1.72917 0.175845
-39.8133 -60.7288 1.72973 0.167144
-39.8569 -60.9198 1.72728 0.287362
-39.7225 -60.5657 1.71632 0.000781165
-39.6952 -61.0039 1.72627 0.160002
-39.8929 -60.8153 1.72917 0.175845
-39.8569 -60.9198 1.72728 0.287362
-39.6952 -61.0039 1.72627 0.160002
-40.0219 -60.8913 1.72576 0.042493
-39.8133 -60.7288 1.72973 0.167144
-39.8569 -60.9198 1.72728 0.287362
-39.8569 -60.9198 1.72728 0.287362
-40.0273 -60.7714 1.73107 0.00708237
-39.8133 -60.7288 1.72973 0.167144
-39.8569 -60.9198 1.72728 0.287362
-39.8929 -60.8153 1.72917 0.175845
-39.8569 -60.9198 1.72728 0.287362
-39.8569 -60.9198 1.72728 0.287362
-39.6952 -61.0039 1.72627 0.160002
-39.8929 -60.8153 1.72917 0.175845
-39.8133 -60.7288 1.72973 0.167144
-39.8569 -60.9198 1.72728 0.287362
-39.8569 -60.9198 1.72728 0.287362
-39.8569 -60.9198 1.72728 0.287362
-40.0095 -60.8022 1.72565 0.056536
-39.8133 -60.7288 1.72973 0.167144
-39.8569 -60.9198 1.72728 0.287362
-39.8569 -60.9198 1.72728 0.287362
-39.8929 -60.8153 1.72917 0.175845
-40.0095 -60.8022 1.72565 0.056536
-39.8133 -60.7288 1.72973 0.167144
-39.8569 -60.9198 1.72728 0.287362
-39.8569 -60.9198 1.72728 0.287362
-39.6952 -61.0039 1.72627 0.160002
-40.0219 -60.8913 1.72576 0.042493
-39.8929 -60.8153 1.72917 0.175845
-39.8569 -60.9198 1.72728 0.287362
-39.6952 -61.0039 1.72627 0.160002
-39.8929 -60.8153 1.72917 0.175845
-40.0097 -60.6819 1.72507 0.0288235
-39.8569 -60.9198 1.72728 0.287362
-39.8929 -60.8153 1.72917 0.175845
-39.8569 -60.9198 1.72728 0.287362
-39.8569 -60.9198 1.72728 0.287362
-39.6952 -61.0039 1.72627 0.160002
-39.6754 -60.9527 1.72151 0.0229312
-39.8569 -60.9198 1.72728 0.287362
-39.6952 -61.0039 1.72627 0.160002
-39.8929 -60.8153 1.72917 0.175845
-39.8569 -60.9198 1.72728 0.287362
