130.839 -18.4173 3.4052 0.745733
130.839 -18.4173 3.4052 0.745733
130.839 -18.4173 3.4052 0.745733
130.839 -18.4173 3.4052 0.745733
130.839 -18.4173 3.4052 0.745733
130.839 -18.4173 3.4052 0.745733
130.839 -18.4173 3.4052 0.745733
130.546 -18.4303 3.40192 0.0369308
130.839 -18.4173 3.4052 0.745733
130.546 -18.4303 3.40192 0.0369308
130.793 -18.2084 3.40719 0.0722225
130.793 -18.2084 3.40719 0.0722225
130.546 -18.4303 3.40192 0.0369308
130.839 -18.4173 3.4052 0.745733
130.839 -18.4173 3.4052 0.745733
130.77 -18.5852 3.41314 0.0262291
130.839 -18.4173 3.4052 0.745733
130.532 -18.472 3.39941 0.0184492
130.839 -18.4173 3.4052 0.745733
130.839 -18.4173 3.4052 0.745733
130.486 -18.3224 3.40174 0.00571347
130.839 -18.4173 3.4052 0.745733
130.839 -18.4173 3.4052 0.745733
130.77 -18.5852 3.41314 0.0262291
130.839 -18.4173 3.4052 0.745733
130.839 -18.4173 3.4052 0.745733
130.839 -18.4173 3.4052 0.745733
130.839 -18.4173 3.4052 0.745733
130.839 -18.4173 3.4052 0.745733
130.839 -18.4173 3.4052 0.745733
130.839 -18.4173 3.4052 0.745733
130.839 -18.4173 3.4052 0.745733
130.793 -18.2084 3.40719 0.0722225
130.839 -18.4173 3.4052 0.745733
130.556 -18.4494 3.39972 0.0290071
130.839 -18.4173 3.4052 0.745733
130.839 -18.4173 3.4052 0.745733
130.556 -18.4494 3.39972 0.0290071
130.839 -18.4173 3.4052 0.745733
130.839 -18.4173 3.4052 0.745733
130.839 -18.4173 3.4052 0.745733
130.839 -18.4173 3.4052 0.745733
130.839 -18.4173 3.4052 0.745733
130.532 -18.472 3.39941 0.0184492
130.793 -18.2084 3.40719 0.0722225
130.839 -18.4173 3.4052 0.745733
130.839 -18.4173 3.4052 0.745733
130.793 -18.2084 3.40719 0.0722225
130.839 -18.4173 3.4052 0.745733
130.839 -18.4173 3.4052 0.745733
130.839 -18.4173 3.4052 0.745733
130.644 -18.5889 3.3986 0.0335234
130.839 -18.4173 3.4052 0.745733
130.839 -18.4173 3.4052 0.745733
130.839 -18.4173 3.4052 0.745733
130.839 -18.4173 3.4052 0.745733
130.839 -18.4173 3.4052 0.745733
130.839 -18.4173 3.4052 0.745733
130.556 -18.4494 3.39972 0.0290071
130.839 -18.4173 3.4052 0.745733
130.793 -18.2084 3.40719 0.0722225
130.556 -18.4494 3.39972 0.0290071
130.839 -18.4173 3.4052 0.745733
130.839 -18.4173 3.4052 0.745733
130.546 -18.4303 3.40192 0.0369308
130.839 -18.4173 3.4052 0.745733
130.793 -18.2084 3.40719 0.0722225
130.839 -18.4173 3.4052 0.745733
130.839 -18.4173 3.4052 0.745733
130.839 -18.4173 3.4052 0.745733
130.77 -18.5852 3.41314 0.0262291
130.839 -18.4173 3.4052 0.745733
130.839 -18.4173 3.4052 0.745733
130.546 -18.4303 3.40192 0.0369308
130.546 -18.4303 3.40192 0.0369308
130.532 -18.472 3.39941 0.0184492
130.839 -18.4173 3.4052 0.745733
130.839 -18.4173 3.4052 0.745733
130.839 -18.4173 3.4052 0.745733
130.839 -18.4173 3.4052 0.745733
130.532 -18.472 3.39941 0.0184492
130.839 -18.4173 3.4052 0.745733
130.839 -18.4173 3.4052 0.745733
130.839 -18.4173 3.4052 0.745733
130.839 -18.4173 3.4052 0.745733
130.697 -18.1786 3.40896 0.0103614
130.839 -18.4173 3.4052 0.745733
130.556 -18.4494 3.39972 0.0290071
130.839 -18.4173 3.4052 0.745733
130.839 -18.4173 3.4052 0.745733
130.839 -18.4173 3.4052 0.745733
130.556 -18.4494 3.39972 0.0290071
130.839 -18.4173 3.4052 0.745733
130.839 -18.4173 3.4052 0.745733
130.839 -18.4173 3.4052 0.745733
130.839 -18.4173 3.4052 0.745733
130.839 -18.4173 3.4052 0.745733
130.77 -18.5852 3.41314 0.0262291
130.532 -18.472 3.39941 0.0184492
130.839 -18.4173 3.4052 0.745733
