56.2498 13.9529 0.121109 0.338759
56.2619 13.8397 0.119001 0.113953
56.3506 13.9152 0.114785 0.153306
56.2619 13.8397 0.119001 0.113953
56.1635 14.3025 0.122344 0.0110255
56.2498 13.9529 0.121109 0.338759
56.2498 13.9529 0.121109 0.338759
56.3506 13.9152 0.114785 0.153306
56.2619 13.8397 0.119001 0.113953
56.3506 13.9152 0.114785 0.153306
56.3819 13.7793 0.114803 0.0389462
56.5124 14.0573 0.115137 0.134056
56.2498 13.9529 0.121109 0.338759
56.5124 14.0573 0.115137 0.134056
56.5124 14.0573 0.115137 0.134056
56.5124 14.0573 0.115137 0.134056
56.2498 13.9529 0.121109 0.338759
56.2498 13.9529 0.121109 0.338759
56.3452 13.8778 0.11049 0.00349981
56.2619 13.8397 0.119001 0.113953
56.2836 14.0536 0.114765 0.071178
56.5008 13.9905 0.114025 0.116981
56.2498 13.9529 0.121109 0.338759
56.3506 13.9152 0.114785 0.153306
56.2498 13.9529 0.121109 0.338759
56.2498 13.9529 0.121109 0.338759
56.5124 14.0573 0.115137 0.134056
56.5124 14.0573 0.115137 0.134056
56.2498 13.9529 0.121109 0.338759
56.5124 14.0573 0.115137 0.134056
56.5124 14.0573 0.115137 0.134056
56.3506 13.9152 0.114785 0.153306
56.3506 13.9152 0.114785 0.153306
56.3819 13.7793 0.114803 0.0389462
56.5124 14.0573 0.115137 0.134056
56.2498 13.9529 0.121109 0.338759
56.5008 13.9905 0.114025 0.116981
56.2619 13.8397 0.119001 0.113953
56.2498 13.9529 0.121109 0.338759
56.5008 13.9905 0.114025 0.116981
56.5124 14.0573 0.115137 0.134056
56.2498 13.9529 0.121109 0.338759
56.3819 13.7793 0.114803 0.0389462
56.5124 14.0573 0.115137 0.134056
56.2619 13.8397 0.119001 0.113953
56.5008 13.9905 0.114025 0.116981
56.3819 13.7793 0.114803 0.0389462
56.2498 13.9529 0.121109 0.338759
56.3506 13.9152 0.114785 0.153306
56.2498 13.9529 0.121109 0.338759
56.3819 13.7793 0.114803 0.0389462
56.2498 13.9529 0.121109 0.338759
56.2498 13.9529 0.121109 0.338759
56.2498 13.9529 0.121109 0.338759
56.5135 13.8738 0.109579 0.0032483
56.2619 13.8397 0.119001 0.113953
56.3506 13.9152 0.114785 0.153306
56.2619 13.8397 0.119001 0.113953
56.2498 13.9529 0.121109 0.338759
56.2498 13.9529 0.121109 0.338759
56.2498 13.9529 0.121109 0.338759
56.3452 13.8778 0.11049 0.00349981
56.2498 13.9529 0.121109 0.338759
56.5124 14.0573 0.115137 0.134056
56.2619 13.8397 0.119001 0.113953
56.3506 13.9152 0.114785 0.153306
56.5008 13.9905 0.114025 0.116981
56.2498 13.9529 0.121109 0.338759
56.2498 13.9529 0.121109 0.338759
56.5008 13.9905 0.114025 0.116981
56.3452 13.8778 0.11049 0.00349981
56.2498 13.9529 0.121109 0.338759
56.5124 14.0573 0.115137 0.134056
56.2498 13.9529 0.121109 0.338759
56.2619 13.8397 0.119001 0.113953
56.3506 13.9152 0.114785 0.153306
56.5008 13.9905 0.114025 0.116981
56.2498 13.9529 0.121109 0.338759
56.2498 13.9529 0.121109 0.338759
56.5008 13.9905 0.114025 0.116981
56.2498 13.9529 0.121109 0.338759
56.5124 14.0573 0.115137 0.134056
56.5124 14.0573 0.115137 0.134056
56.2498 13.9529 0.121109 0.338759
56.3506 13.9152 0.114785 0.153306
56.5008 13.9905 0.114025 0.116981
56.2498 13.9529 0.121109 0.338759
56.2619 13.8397 0.119001 0.113953
56.2498 13.9529 0.121109 0.338759
56.2498 13.9529 0.121109 0.338759
56.5124 14.0573 0.115137 0.134056
56.2498 13.9529 0.121109 0.338759
56.5008 13.9905 0.114025 0.116981
56.2498 13.9529 0.121109 0.338759
56.3506 13.9152 0.114785 0.153306
56.2619 13.8397 0.119001 0.113953
56.2619 13.8397 0.119001 0.113953
56.3506 13.9152 0.114785 0.153306
56.5008 13.9905 0.114025 0.116981
56.2498 13.9529 0.121109 0.338759
