150.175 -13.4746 3.33637 0.156175
150.199 -13.5641 3.32603 0.00540453
150.091 -13.5534 3.3325 0.178662
150.415 -13.5715 3.34221 0.0208586
149.905 -13.5174 3.33268 0.0512194
150.155 -13.5227 3.3385 0.0776708
150.155 -13.5227 3.3385 0.0776708
150.266 -13.4279 3.32852 0.014277
150.091 -13.5534 3.3325 0.178662
150.091 -13.5534 3.3325 0.178662
149.905 -13.5174 3.33268 0.0512194
150.175 -13.4746 3.33637 0.156175
150.155 -13.5227 3.3385 0.0776708
150.155 -13.5227 3.3385 0.0776708
150.082 -13.3236 3.3269 0.0328789
150.277 -13.4843 3.33361 0.105003
150.091 -13.5534 3.3325 0.178662
150.309 -13.5838 3.33328 0.0494377
149.98 -13.2622 3.32321 0.00571984
150.155 -13.5227 3.3385 0.0776708
150.091 -13.5534 3.3325 0.178662
150.091 -13.5534 3.3325 0.178662
150.196 -13.6844 3.33455 0.0566278
150.175 -13.4746 3.33637 0.156175
150.082 -13.3236 3.3269 0.0328789
150.091 -13.5534 3.3325 0.178662
149.905 -13.5174 3.33268 0.0512194
150.175 -13.4746 3.33637 0.156175
150.175 -13.4746 3.33637 0.156175
150.121 -13.3457 3.32682 0.027005
150.091 -13.5534 3.3325 0.178662
150.091 -13.5534 3.3325 0.178662
150.175 -13.4746 3.33637 0.156175
150.175 -13.4746 3.33637 0.156175
150.082 -13.3236 3.3269 0.0328789
150.277 -13.4843 3.33361 0.105003
150.091 -13.5534 3.3325 0.178662
150.309 -13.5838 3.33328 0.0494377
150.01 -13.4311 3.3249 0.0331215
150.277 -13.4843 3.33361 0.105003
150.091 -13.5534 3.3325 0.178662
150.175 -13.4746 3.33637 0.156175
149.942 -13.4052 3.32561 0.0524886
150.277 -13.4843 3.33361 0.105003
150.091 -13.5534 3.3325 0.178662
150.406 -13.5926 3.34118 0.026908
150.175 -13.4746 3.33637 0.156175
150.155 -13.5227 3.3385 0.0776708
150.277 -13.4843 3.33361 0.105003
150.277 -13.4843 3.33361 0.105003
150.091 -13.5534 3.3325 0.178662
150.091 -13.5534 3.3325 0.178662
150.196 -13.6844 3.33455 0.0566278
150.175 -13.4746 3.33637 0.156175
150.01 -13.4311 3.3249 0.0331215
150.082 -13.3236 3.3269 0.0328789
150.091 -13.5534 3.3325 0.178662
149.905 -13.5174 3.33268 0.0512194
150.175 -13.4746 3.33637 0.156175
150.121 -13.3457 3.32682 0.027005
150.091 -13.5534 3.3325 0.178662
149.894 -13.2822 3.33116 0.0193568
150.175 -13.4746 3.33637 0.156175
150.155 -13.5227 3.3385 0.0776708
150.277 -13.4843 3.33361 0.105003
150.091 -13.5534 3.3325 0.178662
149.906 -13.4931 3.33866 0.00188334
150.175 -13.4746 3.33637 0.156175
150.121 -13.3457 3.32682 0.027005
150.277 -13.4843 3.33361 0.105003
150.091 -13.5534 3.3325 0.178662
150.091 -13.5534 3.3325 0.178662
150.175 -13.4746 3.33637 0.156175
150.175 -13.4746 3.33637 0.156175
150.419 -13.6149 3.33971 0.0267061
150.266 -13.4279 3.32852 0.014277
150.091 -13.5534 3.3325 0.178662
149.905 -13.5174 3.33268 0.0512194
150.175 -13.4746 3.33637 0.156175
150.175 -13.4746 3.33637 0.156175
150.175 -13.4746 3.33637 0.156175
150.053 -13.5267 3.32425 0.0125888
150.091 -13.5534 3.3325 0.178662
149.894 -13.2822 3.33116 0.0193568
150.175 -13.4746 3.33637 0.156175
150.199 -13.5641 3.32603 0.00540453
150.277 -13.4843 3.33361 0.105003
150.091 -13.5534 3.3325 0.178662
150.196 -13.6844 3.33455 0.0566278
150.309 -13.5838 3.33328 0.0494377
150.175 -13.4746 3.33637 0.156175
150.175 -13.4746 3.33637 0.156175
150.155 -13.5227 3.3385 0.0776708
150.277 -13.4843 3.33361 0.105003
150.406 -13.5926 3.34118 0.026908
150.175 -13.4746 3.33637 0.156175
150.01 -13.4311 3.3249 0.0331215
150.155 -13.5227 3.3385 0.0776708
150.121 -13.3457 3.32682 0.027005
150.277 -13.4843 3.33361 0.105003
