195.48 -9.31222 3.13891 0.641733
195.48 -9.31222 3.13891 0.641733
195.48 -9.31222 3.13891 0.641733
195.48 -9.31222 3.13891 0.641733
195.26 -9.18928 3.13698 0.115487
195.48 -9.31222 3.13891 0.641733
195.48 -9.31222 3.13891 0.641733
195.311 -9.40868 3.13294 0.0690164
195.48 -9.31222 3.13891 0.641733
195.26 -9.18928 3.13698 0.115487
195.312 -9.52327 3.13497 0.0185894
195.48 -9.31222 3.13891 0.641733
195.288 -9.03075 3.13475 0.0152443
195.288 -9.03075 3.13475 0.0152443
195.48 -9.31222 3.13891 0.641733
195.48 -9.31222 3.13891 0.641733
195.26 -9.18928 3.13698 0.115487
195.48 -9.31222 3.13891 0.641733
195.48 -9.31222 3.13891 0.641733
195.26 -9.18928 3.13698 0.115487
195.48 -9.31222 3.13891 0.641733
195.48 -9.31222 3.13891 0.641733
195.48 -9.31222 3.13891 0.641733
195.48 -9.31222 3.13891 0.641733
195.48 -9.31222 3.13891 0.641733
195.48 -9.31222 3.13891 0.641733
195.296 -9.0963 3.13616 0.0742602
195.48 -9.31222 3.13891 0.641733
195.311 -9.40868 3.13294 0.0690164
195.26 -9.18928 3.13698 0.115487
195.48 -9.31222 3.13891 0.641733
195.213 -9.36631 3.136 0.0440775
195.48 -9.31222 3.13891 0.641733
195.26 -9.18928 3.13698 0.115487
195.48 -9.31222 3.13891 0.641733
195.48 -9.31222 3.13891 0.641733
195.311 -9.40868 3.13294 0.0690164
195.48 -9.31222 3.13891 0.641733
195.48 -9.31222 3.13891 0.641733
195.48 -9.31222 3.13891 0.641733
195.48 -9.31222 3.13891 0.641733
195.311 -9.40868 3.13294 0.0690164
195.48 -9.31222 3.13891 0.641733
195.48 -9.31222 3.13891 0.641733
195.48 -9.31222 3.13891 0.641733
195.48 -9.31222 3.13891 0.641733
195.48 -9.31222 3.13891 0.641733
195.26 -9.18928 3.13698 0.115487
195.48 -9.31222 3.13891 0.641733
195.48 -9.31222 3.13891 0.641733
195.48 -9.31222 3.13891 0.641733
195.213 -9.36631 3.136 0.0440775
195.48 -9.31222 3.13891 0.641733
195.48 -9.31222 3.13891 0.641733
195.48 -9.31222 3.13891 0.641733
195.48 -9.31222 3.13891 0.641733
195.48 -9.31222 3.13891 0.641733
195.48 -9.31222 3.13891 0.641733
195.48 -9.31222 3.13891 0.641733
195.48 -9.31222 3.13891 0.641733
195.48 -9.31222 3.13891 0.641733
195.296 -9.0963 3.13616 0.0742602
195.48 -9.31222 3.13891 0.641733
195.48 -9.31222 3.13891 0.641733
195.005 -9.26534 3.13121 0.000704639
195.26 -9.18928 3.13698 0.115487
195.48 -9.31222 3.13891 0.641733
195.48 -9.31222 3.13891 0.641733
195.48 -9.31222 3.13891 0.641733
195.213 -9.36631 3.136 0.0440775
195.48 -9.31222 3.13891 0.641733
195.48 -9.31222 3.13891 0.641733
195.311 -9.40868 3.13294 0.0690164
195.48 -9.31222 3.13891 0.641733
195.179 -9.50059 3.1281 0.00202367
195.26 -9.18928 3.13698 0.115487
195.48 -9.31222 3.13891 0.641733
195.48 -9.31222 3.13891 0.641733
195.48 -9.31222 3.13891 0.641733
195.311 -9.40868 3.13294 0.0690164
195.296 -9.0963 3.13616 0.0742602
195.48 -9.31222 3.13891 0.641733
195.26 -9.18928 3.13698 0.115487
195.48 -9.31222 3.13891 0.641733
195.312 -9.52327 3.13497 0.0185894
195.48 -9.31222 3.13891 0.641733
195.48 -9.31222 3.13891 0.641733
195.48 -9.31222 3.13891 0.641733
195.48 -9.31222 3.13891 0.641733
195.48 -9.31222 3.13891 0.641733
195.48 -9.31222 3.13891 0.641733
195.48 -9.31222 3.13891 0.641733
195.48 -9.31222 3.13891 0.641733
195.48 -9.31222 3.13891 0.641733
195.26 -9.18928 3.13698 0.115487
195.48 -9.31222 3.13891 0.641733
195.48 -9.31222 3.13891 0.641733
195.48 -9.31222 3.13891 0.641733
195.48 -9.31222 3.13891 0.641733
195.48 -9.31222 3.13891 0.641733
