134.337 -17.6073 3.37615 0.0273927
134.193 -17.6198 3.36839 0.0379135
134.089 -17.5747 3.36971 0.0539239
133.933 -17.526 3.37432 0.00727811
134.174 -17.59 3.37252 0.0823555
134.078 -17.8506 3.36974 0.0927199
134.337 -17.6073 3.37615 0.0273927
134.193 -17.6198 3.36839 0.0379135
134.174 -17.59 3.37252 0.0823555
134.138 -17.7067 3.37127 0.158349
134.138 -17.7067 3.37127 0.158349
134.032 -17.7905 3.36817 0.085303
134.038 -17.8178 3.36819 0.0788831
134.183 -17.7756 3.37326 0.140672
134.089 -17.5747 3.36971 0.0539239
134.174 -17.59 3.37252 0.0823555
134.138 -17.7067 3.37127 0.158349
134.138 -17.7067 3.37127 0.158349
134.138 -17.7067 3.37127 0.158349
134.078 -17.8506 3.36974 0.0927199
134.337 -17.6073 3.37615 0.0273927
134.183 -17.7756 3.37326 0.140672
134.183 -17.7756 3.37326 0.140672
134.089 -17.5747 3.36971 0.0539239
134.089 -17.5747 3.36971 0.0539239
134.174 -17.59 3.37252 0.0823555
134.138 -17.7067 3.37127 0.158349
134.032 -17.7905 3.36817 0.085303
134.183 -17.7756 3.37326 0.140672
134.193 -17.6198 3.36839 0.0379135
134.174 -17.59 3.37252 0.0823555
134.138 -17.7067 3.37127 0.158349
134.138 -17.7067 3.37127 0.158349
134.032 -17.7905 3.36817 0.085303
134.038 -17.8178 3.36819 0.0788831
134.193 -17.6198 3.36839 0.0379135
134.089 -17.5747 3.36971 0.0539239
134.089 -17.5747 3.36971 0.0539239
134.174 -17.59 3.37252 0.0823555
133.876 -17.6597 3.3673 0.0168783
134.064 -17.6253 3.37569 0.0516441
134.138 -17.7067 3.37127 0.158349
134.078 -17.8506 3.36974 0.0927199
134.038 -17.8178 3.36819 0.0788831
134.183 -17.7756 3.37326 0.140672
134.081 -17.885 3.36879 0.0598242
134.174 -17.59 3.37252 0.0823555
133.876 -17.6597 3.3673 0.0168783
134.138 -17.7067 3.37127 0.158349
134.138 -17.7067 3.37127 0.158349
134.078 -17.8506 3.36974 0.0927199
134.038 -17.8178 3.36819 0.0788831
134.089 -17.5747 3.36971 0.0539239
134.138 -17.7067 3.37127 0.158349
134.032 -17.7905 3.36817 0.085303
134.337 -17.6073 3.37615 0.0273927
134.183 -17.7756 3.37326 0.140672
134.532 -17.6278 3.37583 0.00115671
134.174 -17.59 3.37252 0.0823555
134.138 -17.7067 3.37127 0.158349
134.032 -17.7905 3.36817 0.085303
134.183 -17.7756 3.37326 0.140672
134.193 -17.6198 3.36839 0.0379135
134.081 -17.885 3.36879 0.0598242
134.064 -17.6253 3.37569 0.0516441
134.078 -17.8506 3.36974 0.0927199
134.032 -17.7905 3.36817 0.085303
134.183 -17.7756 3.37326 0.140672
134.193 -17.6198 3.36839 0.0379135
133.876 -17.6597 3.3673 0.0168783
134.138 -17.7067 3.37127 0.158349
134.138 -17.7067 3.37127 0.158349
134.078 -17.8506 3.36974 0.0927199
134.038 -17.8178 3.36819 0.0788831
134.089 -17.5747 3.36971 0.0539239
134.138 -17.7067 3.37127 0.158349
134.078 -17.8506 3.36974 0.0927199
134.183 -17.7756 3.37326 0.140672
133.925 -17.7012 3.37196 0.0426591
133.925 -17.7012 3.37196 0.0426591
133.933 -17.526 3.37432 0.00727811
134.138 -17.7067 3.37127 0.158349
134.138 -17.7067 3.37127 0.158349
134.032 -17.7905 3.36817 0.085303
134.183 -17.7756 3.37326 0.140672
134.375 -17.5249 3.3784 0.00522858
134.174 -17.59 3.37252 0.0823555
134.138 -17.7067 3.37127 0.158349
134.078 -17.8506 3.36974 0.0927199
134.038 -17.8178 3.36819 0.0788831
134.089 -17.5747 3.36971 0.0539239
133.925 -17.7012 3.37196 0.0426591
133.925 -17.7012 3.37196 0.0426591
134.138 -17.7067 3.37127 0.158349
134.138 -17.7067 3.37127 0.158349
134.138 -17.7067 3.37127 0.158349
134.078 -17.8506 3.36974 0.0927199
134.032 -17.7905 3.36817 0.085303
134.31 -17.4484 3.37144 0.00319151
133.925 -17.7012 3.37196 0.0426591
