134.277 20.39 0.0749292 0.00184336
134.754 20.6978 0.0650737 0.114667
134.754 20.6978 0.0650737 0.114667
134.707 20.4491 0.0751247 0.00593418
134.608 20.6762 0.0663817 0.330206
134.608 20.6762 0.0663817 0.330206
134.707 20.613 0.0702606 0.100698
134.707 20.613 0.0702606 0.100698
134.608 20.6762 0.0663817 0.330206
134.489 20.6389 0.0762159 0.0246562
134.53 20.4398 0.0696882 0.0623746
134.608 20.6762 0.0663817 0.330206
134.754 20.6978 0.0650737 0.114667
134.422 20.7314 0.0617892 0.0494053
134.486 20.7559 0.0605563 0.0557487
134.754 20.6978 0.0650737 0.114667
134.707 20.613 0.0702606 0.100698
134.663 20.5949 0.0621805 0.0888828
134.53 20.4398 0.0696882 0.0623746
134.53 20.4398 0.0696882 0.0623746
134.486 20.7559 0.0605563 0.0557487
134.754 20.6978 0.0650737 0.114667
134.465 20.3287 0.071513 0.00708344
134.608 20.6762 0.0663817 0.330206
134.724 20.5469 0.0762129 0.00479749
134.486 20.7559 0.0605563 0.0557487
134.608 20.6762 0.0663817 0.330206
134.608 20.6762 0.0663817 0.330206
134.724 20.5469 0.0762129 0.00479749
134.53 20.4398 0.0696882 0.0623746
134.608 20.6762 0.0663817 0.330206
134.343 20.6179 0.0683826 0.0666923
134.663 20.5949 0.0621805 0.0888828
134.469 20.3893 0.0688347 0.0217512
134.608 20.6762 0.0663817 0.330206
134.422 20.7314 0.0617892 0.0494053
134.608 20.6762 0.0663817 0.330206
134.422 20.7314 0.0617892 0.0494053
134.601 20.4432 0.0649047 0.0359182
134.663 20.5949 0.0621805 0.0888828
134.707 20.613 0.0702606 0.100698
134.608 20.6762 0.0663817 0.330206
134.608 20.6762 0.0663817 0.330206
134.53 20.4398 0.0696882 0.0623746
134.608 20.6762 0.0663817 0.330206
134.343 20.6179 0.0683826 0.0666923
134.663 20.5949 0.0621805 0.0888828
134.608 20.6762 0.0663817 0.330206
134.489 20.6389 0.0762159 0.0246562
134.663 20.5949 0.0621805 0.0888828
134.663 20.5949 0.0621805 0.0888828
134.707 20.613 0.0702606 0.100698
134.601 20.4432 0.0649047 0.0359182
134.754 20.6978 0.0650737 0.114667
134.601 20.4432 0.0649047 0.0359182
134.53 20.4398 0.0696882 0.0623746
134.608 20.6762 0.0663817 0.330206
134.608 20.6762 0.0663817 0.330206
134.707 20.613 0.0702606 0.100698
134.486 20.7559 0.0605563 0.0557487
134.343 20.6179 0.0683826 0.0666923
134.489 20.6389 0.0762159 0.0246562
134.707 20.613 0.0702606 0.100698
134.608 20.6762 0.0663817 0.330206
134.608 20.6762 0.0663817 0.330206
134.608 20.6762 0.0663817 0.330206
134.754 20.6978 0.0650737 0.114667
134.469 20.3893 0.0688347 0.0217512
134.608 20.6762 0.0663817 0.330206
134.422 20.7314 0.0617892 0.0494053
134.608 20.6762 0.0663817 0.330206
134.248 20.6617 0.0628833 0.00322483
134.53 20.4398 0.0696882 0.0623746
134.608 20.6762 0.0663817 0.330206
134.754 20.6978 0.0650737 0.114667
134.608 20.6762 0.0663817 0.330206
134.663 20.5949 0.0621805 0.0888828
134.422 20.7314 0.0617892 0.0494053
134.608 20.6762 0.0663817 0.330206
134.663 20.5949 0.0621805 0.0888828
134.754 20.6978 0.0650737 0.114667
134.754 20.6978 0.0650737 0.114667
134.608 20.6762 0.0663817 0.330206
134.608 20.6762 0.0663817 0.330206
134.343 20.6179 0.0683826 0.0666923
134.754 20.6978 0.0650737 0.114667
134.608 20.6762 0.0663817 0.330206
134.663 20.5949 0.0621805 0.0888828
134.707 20.613 0.0702606 0.100698
134.608 20.6762 0.0663817 0.330206
134.343 20.6179 0.0683826 0.0666923
134.343 20.6179 0.0683826 0.0666923
134.608 20.6762 0.0663817 0.330206
134.422 20.7314 0.0617892 0.0494053
134.608 20.6762 0.0663817 0.330206
134.608 20.6762 0.0663817 0.330206
134.601 20.4432 0.0649047 0.0359182
134.343 20.6179 0.0683826 0.0666923
134.469 20.3893 0.0688347 0.0217512
134.53 20.4398 0.0696882 0.0623746
