106.754 -25.5567 3.45902 0.0165562
106.532 -25.8854 3.45326 0.0502835
106.894 -25.7253 3.45009 0.0277598
106.456 -25.7808 3.44667 0.0898824
106.609 -25.8176 3.44587 0.0892958
106.609 -25.8176 3.44587 0.0892958
106.616 -26.0062 3.45335 0.0252256
106.628 -25.5741 3.44691 0.083336
106.642 -25.7773 3.45567 0.0622407
106.642 -25.7773 3.45567 0.0622407
106.496 -25.4961 3.45407 0.0214502
106.532 -25.8854 3.45326 0.0502835
106.711 -25.7364 3.45988 0.0266242
106.456 -25.7808 3.44667 0.0898824
106.456 -25.7808 3.44667 0.0898824
106.456 -25.7808 3.44667 0.0898824
106.609 -25.8176 3.44587 0.0892958
106.851 -25.9174 3.44602 0.0130358
106.851 -25.9174 3.44602 0.0130358
106.61 -25.945 3.43903 0.0122
106.97 -25.6829 3.4559 0.0125857
106.642 -25.7773 3.45567 0.0622407
106.642 -25.7773 3.45567 0.0622407
106.642 -25.7773 3.45567 0.0622407
106.665 -25.925 3.45412 0.0440224
106.413 -25.9312 3.44668 0.0353426
106.868 -25.4927 3.45858 0.0073436
106.691 -25.586 3.46073 0.0127886
106.751 -25.7365 3.43984 0.0184047
106.544 -25.9554 3.44329 0.0310483
106.456 -25.7808 3.44667 0.0898824
106.609 -25.8176 3.44587 0.0892958
106.851 -25.9174 3.44602 0.0130358
106.61 -25.945 3.43903 0.0122
106.75 -25.5883 3.44321 0.0345577
106.722 -25.3855 3.45474 0.00868182
106.628 -25.5741 3.44691 0.083336
106.665 -25.925 3.45412 0.0440224
106.754 -25.5567 3.45902 0.0165562
106.695 -25.6468 3.45227 0.0820423
106.662 -25.8897 3.44441 0.0452342
106.662 -25.8897 3.44441 0.0452342
106.948 -25.7062 3.45619 0.015879
106.609 -25.8176 3.44587 0.0892958
106.258 -25.4868 3.44828 0.00897065
106.628 -25.5741 3.44691 0.083336
106.642 -25.7773 3.45567 0.0622407
106.496 -25.4961 3.45407 0.0214502
106.532 -25.8854 3.45326 0.0502835
106.695 -25.6468 3.45227 0.0820423
106.695 -25.6468 3.45227 0.0820423
106.662 -25.8897 3.44441 0.0452342
106.456 -25.7808 3.44667 0.0898824
106.456 -25.7808 3.44667 0.0898824
106.609 -25.8176 3.44587 0.0892958
106.609 -25.8176 3.44587 0.0892958
106.609 -25.8176 3.44587 0.0892958
106.616 -26.0062 3.45335 0.0252256
106.628 -25.5741 3.44691 0.083336
106.628 -25.5741 3.44691 0.083336
106.665 -25.925 3.45412 0.0440224
106.532 -25.8854 3.45326 0.0502835
106.711 -25.7364 3.45988 0.0266242
106.662 -25.8897 3.44441 0.0452342
106.456 -25.7808 3.44667 0.0898824
106.609 -25.8176 3.44587 0.0892958
106.78 -25.9048 3.45093 0.0395543
106.78 -25.9048 3.45093 0.0395543
106.616 -26.0062 3.45335 0.0252256
106.315 -26.0417 3.45173 0.004175
106.628 -25.5741 3.44691 0.083336
106.628 -25.5741 3.44691 0.083336
106.665 -25.925 3.45412 0.0440224
106.665 -25.925 3.45412 0.0440224
106.532 -25.8854 3.45326 0.0502835
106.711 -25.7364 3.45988 0.0266242
106.662 -25.8897 3.44441 0.0452342
106.609 -25.8176 3.44587 0.0892958
106.609 -25.8176 3.44587 0.0892958
106.851 -25.9174 3.44602 0.0130358
106.315 -26.0417 3.45173 0.004175
106.628 -25.5741 3.44691 0.083336
106.628 -25.5741 3.44691 0.083336
106.628 -25.5741 3.44691 0.083336
106.496 -25.4961 3.45407 0.0214502
106.695 -25.6468 3.45227 0.0820423
106.735 -26.1424 3.45324 0.00462416
106.456 -25.7808 3.44667 0.0898824
106.609 -25.8176 3.44587 0.0892958
106.616 -26.0062 3.45335 0.0252256
106.576 -25.7979 3.43762 0.0249718
106.576 -25.7979 3.43762 0.0249718
106.628 -25.5741 3.44691 0.083336
106.484 -26.1003 3.45347 0.00614929
106.695 -25.6468 3.45227 0.0820423
106.544 -25.9554 3.44329 0.0310483
106.948 -25.7062 3.45619 0.015879
106.78 -25.9048 3.45093 0.0395543
106.97 -25.6829 3.4559 0.0125857
106.75 -25.5883 3.44321 0.0345577
