41.0587 -71.3477 3.94048 0.0906995
40.9372 -71.4898 3.93491 0.112542
41.1043 -71.2823 3.94175 0.0350587
40.8507 -71.3372 3.93435 0.264052
40.8507 -71.3372 3.93435 0.264052
41.0587 -71.3477 3.94048 0.0906995
41.1108 -71.3134 3.93501 0.05067
40.8507 -71.3372 3.93435 0.264052
40.9423 -71.2769 3.93703 0.221146
40.9811 -71.1455 3.9377 0.0337848
40.8507 -71.3372 3.93435 0.264052
40.9423 -71.2769 3.93703 0.221146
40.9423 -71.2769 3.93703 0.221146
41.0076 -71.5447 3.93405 0.0256877
40.8507 -71.3372 3.93435 0.264052
40.8507 -71.3372 3.93435 0.264052
40.7576 -71.3058 3.9385 0.0181563
40.9372 -71.4898 3.93491 0.112542
40.9811 -71.1455 3.9377 0.0337848
40.9423 -71.2769 3.93703 0.221146
40.6091 -71.369 3.93298 0.00522044
40.9372 -71.4898 3.93491 0.112542
40.9372 -71.4898 3.93491 0.112542
41.1043 -71.2823 3.94175 0.0350587
40.9423 -71.2769 3.93703 0.221146
40.9372 -71.4898 3.93491 0.112542
40.8507 -71.3372 3.93435 0.264052
41.0018 -71.5755 3.9334 0.0119316
40.9423 -71.2769 3.93703 0.221146
40.9423 -71.2769 3.93703 0.221146
41.0407 -71.2003 3.93947 0.0482626
40.9423 -71.2769 3.93703 0.221146
40.9372 -71.4898 3.93491 0.112542
40.8507 -71.3372 3.93435 0.264052
40.8507 -71.3372 3.93435 0.264052
40.9423 -71.2769 3.93703 0.221146
41.0407 -71.2003 3.93947 0.0482626
40.9423 -71.2769 3.93703 0.221146
40.9423 -71.2769 3.93703 0.221146
41.1669 -71.2439 3.93628 0.0141471
40.8507 -71.3372 3.93435 0.264052
40.9423 -71.2769 3.93703 0.221146
41.0303 -71.1235 3.939 0.0140708
41.1108 -71.3134 3.93501 0.05067
40.8507 -71.3372 3.93435 0.264052
40.8507 -71.3372 3.93435 0.264052
40.9423 -71.2769 3.93703 0.221146
41.1108 -71.3134 3.93501 0.05067
40.8507 -71.3372 3.93435 0.264052
41.0018 -71.5755 3.9334 0.0119316
40.9423 -71.2769 3.93703 0.221146
41.0587 -71.3477 3.94048 0.0906995
41.0587 -71.3477 3.94048 0.0906995
40.9372 -71.4898 3.93491 0.112542
40.8507 -71.3372 3.93435 0.264052
40.9423 -71.2769 3.93703 0.221146
40.9423 -71.2769 3.93703 0.221146
41.1108 -71.3134 3.93501 0.05067
40.8507 -71.3372 3.93435 0.264052
40.9423 -71.2769 3.93703 0.221146
40.9423 -71.2769 3.93703 0.221146
41.1363 -71.1708 3.94303 0.00425142
41.1043 -71.2823 3.94175 0.0350587
40.9423 -71.2769 3.93703 0.221146
40.9423 -71.2769 3.93703 0.221146
40.9372 -71.4898 3.93491 0.112542
40.8507 -71.3372 3.93435 0.264052
41.0587 -71.3477 3.94048 0.0906995
40.8507 -71.3372 3.93435 0.264052
40.8507 -71.3372 3.93435 0.264052
40.9423 -71.2769 3.93703 0.221146
40.9423 -71.2769 3.93703 0.221146
41.0587 -71.3477 3.94048 0.0906995
41.0587 -71.3477 3.94048 0.0906995
41.1108 -71.3134 3.93501 0.05067
40.8507 -71.3372 3.93435 0.264052
40.8507 -71.3372 3.93435 0.264052
40.9423 -71.2769 3.93703 0.221146
40.9423 -71.2769 3.93703 0.221146
41.0076 -71.5447 3.93405 0.0256877
41.1108 -71.3134 3.93501 0.05067
40.8507 -71.3372 3.93435 0.264052
40.9372 -71.4898 3.93491 0.112542
40.9372 -71.4898 3.93491 0.112542
41.0076 -71.5447 3.93405 0.0256877
40.8507 -71.3372 3.93435 0.264052
40.8507 -71.3372 3.93435 0.264052
40.9423 -71.2769 3.93703 0.221146
40.9423 -71.2769 3.93703 0.221146
40.9372 -71.4898 3.93491 0.112542
41.0407 -71.2003 3.93947 0.0482626
40.9423 -71.2769 3.93703 0.221146
40.9372 -71.4898 3.93491 0.112542
40.8507 -71.3372 3.93435 0.264052
40.8507 -71.3372 3.93435 0.264052
40.7246 -71.2701 3.93658 0.0197437
40.9423 -71.2769 3.93703 0.221146
41.0076 -71.5447 3.93405 0.0256877
41.1043 -71.2823 3.94175 0.0350587
40.8507 -71.3372 3.93435 0.264052
