-36.5644 -29.058 1.22768 0.0531068
-36.5674 -28.5998 1.22594 0.0351812
-36.6781 -29.0824 1.22641 0.0698189
-36.9162 -29.0793 1.23059 0.121726
-36.6359 -28.8821 1.22051 0.0442628
-36.7255 -28.5314 1.22283 0.0455666
-36.4969 -28.459 1.22097 0.000906106
-36.5644 -29.058 1.22768 0.0531068
-36.6236 -28.9544 1.22646 0.294474
-36.9162 -29.0793 1.23059 0.121726
-36.6938 -28.784 1.23514 0.0602053
-36.7255 -28.5314 1.22283 0.0455666
-36.6236 -28.9544 1.22646 0.294474
-36.6938 -28.784 1.23514 0.0602053
-36.6236 -28.9544 1.22646 0.294474
-36.9162 -29.0793 1.23059 0.121726
-36.5674 -28.5998 1.22594 0.0351812
-36.6236 -28.9544 1.22646 0.294474
-36.5644 -29.058 1.22768 0.0531068
-36.5644 -29.058 1.22768 0.0531068
-36.5487 -28.7747 1.23346 0.0274803
-36.5674 -28.5998 1.22594 0.0351812
-36.6236 -28.9544 1.22646 0.294474
-36.9162 -29.0793 1.23059 0.121726
-36.6938 -28.784 1.23514 0.0602053
-36.6781 -29.0824 1.22641 0.0698189
-36.6359 -28.8821 1.22051 0.0442628
-36.5288 -28.6853 1.23171 0.0118503
-36.6236 -28.9544 1.22646 0.294474
-36.5644 -29.058 1.22768 0.0531068
-36.6236 -28.9544 1.22646 0.294474
-36.7368 -28.6326 1.23128 0.0424649
-36.5644 -29.058 1.22768 0.0531068
-36.6236 -28.9544 1.22646 0.294474
-36.7368 -28.6326 1.23128 0.0424649
-36.4706 -29.0588 1.23043 0.0147679
-36.5674 -28.5998 1.22594 0.0351812
-36.9162 -29.0793 1.23059 0.121726
-36.6686 -28.6285 1.21961 0.0637458
-36.6236 -28.9544 1.22646 0.294474
-36.9162 -29.0793 1.23059 0.121726
-36.6359 -28.8821 1.22051 0.0442628
-36.5013 -28.8147 1.22019 0.0109888
-36.4706 -29.0588 1.23043 0.0147679
-36.6012 -28.4911 1.22552 0.00587568
-36.6236 -28.9544 1.22646 0.294474
-36.4706 -29.0588 1.23043 0.0147679
-36.6686 -28.6285 1.21961 0.0637458
-36.6938 -28.784 1.23514 0.0602053
-36.6236 -28.9544 1.22646 0.294474
-37.0371 -28.6661 1.23043 0.0066314
-36.9162 -29.0793 1.23059 0.121726
-36.5013 -28.8147 1.22019 0.0109888
-36.5644 -29.058 1.22768 0.0531068
-36.6781 -29.0824 1.22641 0.0698189
-36.7368 -28.6326 1.23128 0.0424649
-36.9162 -29.0793 1.23059 0.121726
-36.6686 -28.6285 1.21961 0.0637458
-36.6781 -29.0824 1.22641 0.0698189
-36.6236 -28.9544 1.22646 0.294474
-36.9162 -29.0793 1.23059 0.121726
-36.6781 -29.0824 1.22641 0.0698189
-36.6236 -28.9544 1.22646 0.294474
-36.6359 -28.8821 1.22051 0.0442628
-36.5487 -28.7747 1.23346 0.0274803
-36.6781 -29.0824 1.22641 0.0698189
-36.6236 -28.9544 1.22646 0.294474
-36.6236 -28.9544 1.22646 0.294474
-36.6359 -28.8821 1.22051 0.0442628
-36.7255 -28.5314 1.22283 0.0455666
-36.5674 -28.5998 1.22594 0.0351812
-36.6236 -28.9544 1.22646 0.294474
-36.6012 -28.4911 1.22552 0.00587568
-36.6686 -28.6285 1.21961 0.0637458
-36.6781 -29.0824 1.22641 0.0698189
-36.6236 -28.9544 1.22646 0.294474
-36.7368 -28.6326 1.23128 0.0424649
-36.5644 -29.058 1.22768 0.0531068
-36.7255 -28.5314 1.22283 0.0455666
-36.6236 -28.9544 1.22646 0.294474
-37.0371 -28.6661 1.23043 0.0066314
-36.6686 -28.6285 1.21961 0.0637458
-36.6236 -28.9544 1.22646 0.294474
-36.9162 -29.0793 1.23059 0.121726
-36.5487 -28.7747 1.23346 0.0274803
-36.6236 -28.9544 1.22646 0.294474
-36.7255 -28.5314 1.22283 0.0455666
-36.6781 -29.0824 1.22641 0.0698189
-36.6359 -28.8821 1.22051 0.0442628
-36.6236 -28.9544 1.22646 0.294474
-36.6236 -28.9544 1.22646 0.294474
-36.4706 -29.0588 1.23043 0.0147679
-36.6938 -28.784 1.23514 0.0602053
-36.6236 -28.9544 1.22646 0.294474
-36.4706 -29.0588 1.23043 0.0147679
-36.5674 -28.5998 1.22594 0.0351812
-36.6781 -29.0824 1.22641 0.0698189
-36.6236 -28.9544 1.22646 0.294474
-36.6359 -28.8821 1.22051 0.0442628
-36.7255 -28.5314 1.22283 0.0455666
