136.214 -17.1951 3.35842 0.0241451
136.386 -17.1697 3.36791 0.0875927
136.246 -16.9997 3.36865 0.173242
136.246 -16.9997 3.36865 0.173242
136.238 -16.9839 3.36679 0.199372
136.238 -16.9839 3.36679 0.199372
136.238 -16.9839 3.36679 0.199372
136.272 -16.8468 3.36433 0.0310546
136.386 -17.1697 3.36791 0.0875927
136.099 -17.1686 3.36744 0.0832482
136.246 -16.9997 3.36865 0.173242
136.238 -16.9839 3.36679 0.199372
136.238 -16.9839 3.36679 0.199372
136.386 -17.1697 3.36791 0.0875927
136.246 -16.9997 3.36865 0.173242
136.05 -16.9185 3.36339 0.0381654
136.165 -17.3115 3.36488 0.0429871
136.274 -17.2423 3.36935 0.0523813
136.437 -17.2105 3.3689 0.0325921
136.238 -16.9839 3.36679 0.199372
136.272 -16.8468 3.36433 0.0310546
136.274 -17.2423 3.36935 0.0523813
136.05 -16.9185 3.36339 0.0381654
136.437 -17.2105 3.3689 0.0325921
136.238 -16.9839 3.36679 0.199372
136.238 -16.9839 3.36679 0.199372
136.253 -17.1392 3.35814 0.017949
136.386 -17.1697 3.36791 0.0875927
136.246 -16.9997 3.36865 0.173242
136.05 -16.9185 3.36339 0.0381654
136.238 -16.9839 3.36679 0.199372
136.238 -16.9839 3.36679 0.199372
136.238 -16.9839 3.36679 0.199372
136.064 -17.1589 3.36668 0.0746757
136.046 -17.3238 3.36098 0.0152675
136.099 -17.1686 3.36744 0.0832482
136.437 -17.2105 3.3689 0.0325921
136.238 -16.9839 3.36679 0.199372
136.386 -17.1697 3.36791 0.0875927
135.945 -17.3214 3.3569 0.00175664
136.246 -16.9997 3.36865 0.173242
136.437 -17.2105 3.3689 0.0325921
136.238 -16.9839 3.36679 0.199372
136.238 -16.9839 3.36679 0.199372
136.064 -17.1589 3.36668 0.0746757
136.253 -17.1392 3.35814 0.017949
136.246 -16.9997 3.36865 0.173242
136.238 -16.9839 3.36679 0.199372
136.238 -16.9839 3.36679 0.199372
136.214 -17.1951 3.35842 0.0241451
136.246 -16.9997 3.36865 0.173242
136.437 -17.2105 3.3689 0.0325921
136.064 -17.1589 3.36668 0.0746757
136.064 -17.1589 3.36668 0.0746757
136.214 -17.1951 3.35842 0.0241451
136.253 -17.1392 3.35814 0.017949
136.274 -17.2423 3.36935 0.0523813
136.246 -16.9997 3.36865 0.173242
136.068 -17.3202 3.36697 0.0118522
136.238 -16.9839 3.36679 0.199372
136.165 -17.3115 3.36488 0.0429871
136.046 -17.3238 3.36098 0.0152675
136.246 -16.9997 3.36865 0.173242
136.246 -16.9997 3.36865 0.173242
136.246 -16.9997 3.36865 0.173242
136.348 -16.8675 3.37313 0.0143107
136.214 -17.1951 3.35842 0.0241451
136.386 -17.1697 3.36791 0.0875927
136.274 -17.2423 3.36935 0.0523813
136.05 -16.9185 3.36339 0.0381654
136.238 -16.9839 3.36679 0.199372
136.272 -16.8468 3.36433 0.0310546
136.099 -17.1686 3.36744 0.0832482
136.238 -16.9839 3.36679 0.199372
136.253 -17.1392 3.35814 0.017949
136.099 -17.1686 3.36744 0.0832482
136.238 -16.9839 3.36679 0.199372
136.238 -16.9839 3.36679 0.199372
136.253 -17.1392 3.35814 0.017949
136.274 -17.2423 3.36935 0.0523813
136.246 -16.9997 3.36865 0.173242
136.238 -16.9839 3.36679 0.199372
136.386 -17.1697 3.36791 0.0875927
136.246 -16.9997 3.36865 0.173242
136.238 -16.9839 3.36679 0.199372
136.165 -17.3115 3.36488 0.0429871
136.386 -17.1697 3.36791 0.0875927
136.099 -17.1686 3.36744 0.0832482
136.455 -17.3112 3.36515 0.00714641
136.238 -16.9839 3.36679 0.199372
136.064 -17.1589 3.36668 0.0746757
136.207 -16.9293 3.35633 0.00157278
136.274 -17.2423 3.36935 0.0523813
136.246 -16.9997 3.36865 0.173242
136.068 -17.3202 3.36697 0.0118522
136.238 -16.9839 3.36679 0.199372
136.253 -17.1392 3.35814 0.017949
136.246 -16.9997 3.36865 0.173242
136.437 -17.2105 3.3689 0.0325921
136.165 -17.3115 3.36488 0.0429871
