250.125 -18.6483 3.08444 0.0639956
249.885 -18.6015 3.09101 0.0384341
249.927 -18.7073 3.08738 0.21422
249.987 -18.5598 3.08389 0.266065
249.899 -18.7847 3.08333 0.0847694
249.927 -18.7073 3.08738 0.21422
249.987 -18.5598 3.08389 0.266065
249.987 -18.5598 3.08389 0.266065
250.111 -18.7868 3.08908 0.0821296
249.899 -18.7847 3.08333 0.0847694
249.927 -18.7073 3.08738 0.21422
249.987 -18.5598 3.08389 0.266065
250.111 -18.7868 3.08908 0.0821296
249.927 -18.7073 3.08738 0.21422
249.949 -18.3819 3.08949 0.0187454
249.929 -18.2981 3.08396 0.0240404
249.927 -18.7073 3.08738 0.21422
249.949 -18.3819 3.08949 0.0187454
250.125 -18.6483 3.08444 0.0639956
250.111 -18.7868 3.08908 0.0821296
250.289 -18.5531 3.09278 0.0197725
249.987 -18.5598 3.08389 0.266065
249.899 -18.7847 3.08333 0.0847694
249.927 -18.7073 3.08738 0.21422
250.125 -18.6483 3.08444 0.0639956
249.992 -18.7209 3.07755 0.00279092
249.927 -18.7073 3.08738 0.21422
249.927 -18.7073 3.08738 0.21422
249.987 -18.5598 3.08389 0.266065
249.987 -18.5598 3.08389 0.266065
249.929 -18.2981 3.08396 0.0240404
250.289 -18.5531 3.09278 0.0197725
249.777 -18.5425 3.07529 0.0337476
249.899 -18.7847 3.08333 0.0847694
249.987 -18.5598 3.08389 0.266065
249.899 -18.7847 3.08333 0.0847694
249.885 -18.6015 3.09101 0.0384341
249.987 -18.5598 3.08389 0.266065
250.125 -18.6483 3.08444 0.0639956
250.111 -18.7868 3.08908 0.0821296
249.579 -18.4729 3.0761 0.0535617
249.469 -18.3503 3.07398 0.00788368
249.927 -18.7073 3.08738 0.21422
249.927 -18.7073 3.08738 0.21422
249.987 -18.5598 3.08389 0.266065
249.987 -18.5598 3.08389 0.266065
249.929 -18.2981 3.08396 0.0240404
249.927 -18.7073 3.08738 0.21422
249.777 -18.5425 3.07529 0.0337476
249.899 -18.7847 3.08333 0.0847694
249.927 -18.7073 3.08738 0.21422
249.927 -18.7073 3.08738 0.21422
249.987 -18.5598 3.08389 0.266065
249.777 -18.5425 3.07529 0.0337476
249.579 -18.4729 3.0761 0.0535617
249.927 -18.7073 3.08738 0.21422
249.987 -18.5598 3.08389 0.266065
249.885 -18.6015 3.09101 0.0384341
249.987 -18.5598 3.08389 0.266065
249.987 -18.5598 3.08389 0.266065
249.899 -18.7847 3.08333 0.0847694
249.927 -18.7073 3.08738 0.21422
249.927 -18.7073 3.08738 0.21422
249.987 -18.5598 3.08389 0.266065
250.111 -18.7868 3.08908 0.0821296
249.927 -18.7073 3.08738 0.21422
249.927 -18.7073 3.08738 0.21422
249.987 -18.5598 3.08389 0.266065
249.987 -18.5598 3.08389 0.266065
249.987 -18.5598 3.08389 0.266065
249.987 -18.5598 3.08389 0.266065
249.899 -18.7847 3.08333 0.0847694
249.929 -18.2981 3.08396 0.0240404
249.927 -18.7073 3.08738 0.21422
249.927 -18.7073 3.08738 0.21422
250.111 -18.7868 3.08908 0.0821296
249.564 -18.3156 3.07258 0.00713762
249.927 -18.7073 3.08738 0.21422
249.579 -18.4729 3.0761 0.0535617
249.929 -18.2981 3.08396 0.0240404
249.987 -18.5598 3.08389 0.266065
249.987 -18.5598 3.08389 0.266065
249.57 -18.5385 3.07587 0.0475394
249.927 -18.7073 3.08738 0.21422
250.111 -18.7868 3.08908 0.0821296
249.927 -18.7073 3.08738 0.21422
250.125 -18.6483 3.08444 0.0639956
249.899 -18.7847 3.08333 0.0847694
249.927 -18.7073 3.08738 0.21422
249.987 -18.5598 3.08389 0.266065
249.982 -18.3006 3.07662 0.00146237
249.992 -18.7209 3.07755 0.00279092
249.57 -18.5385 3.07587 0.0475394
249.927 -18.7073 3.08738 0.21422
249.927 -18.7073 3.08738 0.21422
249.987 -18.5598 3.08389 0.266065
250.111 -18.7868 3.08908 0.0821296
249.57 -18.5385 3.07587 0.0475394
249.927 -18.7073 3.08738 0.21422
249.987 -18.5598 3.08389 0.266065
