138.146 -16.4989 3.35293 0.0653915
138.163 -16.8798 3.35114 0.152718
138.143 -16.9159 3.35555 0.105789
138.035 -16.6219 3.35502 0.233902
138.035 -16.6219 3.35502 0.233902
138.319 -16.8094 3.35259 0.0761991
138.143 -16.9159 3.35555 0.105789
138.035 -16.6219 3.35502 0.233902
137.893 -16.8135 3.35116 0.0812372
138.226 -16.7132 3.36186 0.0436091
138.035 -16.6219 3.35502 0.233902
138.035 -16.6219 3.35502 0.233902
138.068 -16.4294 3.35561 0.0244702
138.319 -16.8094 3.35259 0.0761991
138.163 -16.8798 3.35114 0.152718
138.163 -16.8798 3.35114 0.152718
138.226 -16.7132 3.36186 0.0436091
138.035 -16.6219 3.35502 0.233902
138.119 -16.4084 3.35567 0.0191571
138.119 -16.4084 3.35567 0.0191571
138.163 -16.8798 3.35114 0.152718
138.163 -16.8798 3.35114 0.152718
138.163 -16.8798 3.35114 0.152718
138.163 -16.8798 3.35114 0.152718
138.035 -16.6219 3.35502 0.233902
138.035 -16.6219 3.35502 0.233902
138.163 -16.8798 3.35114 0.152718
137.903 -16.8103 3.35603 0.0381554
138.035 -16.6219 3.35502 0.233902
137.893 -16.8135 3.35116 0.0812372
138.163 -16.8798 3.35114 0.152718
138.035 -16.6219 3.35502 0.233902
138.035 -16.6219 3.35502 0.233902
138.146 -16.4989 3.35293 0.0653915
138.163 -16.8798 3.35114 0.152718
138.035 -16.6219 3.35502 0.233902
138.035 -16.6219 3.35502 0.233902
138.319 -16.8094 3.35259 0.0761991
138.226 -16.7132 3.36186 0.0436091
138.229 -16.7657 3.34647 0.013221
138.119 -16.4084 3.35567 0.0191571
138.163 -16.8798 3.35114 0.152718
138.143 -16.9159 3.35555 0.105789
138.035 -16.6219 3.35502 0.233902
138.319 -16.8094 3.35259 0.0761991
138.319 -16.8094 3.35259 0.0761991
138.143 -16.9159 3.35555 0.105789
138.035 -16.6219 3.35502 0.233902
137.888 -16.5621 3.3492 0.0168731
138.163 -16.8798 3.35114 0.152718
138.163 -16.8798 3.35114 0.152718
138.143 -16.9159 3.35555 0.105789
138.035 -16.6219 3.35502 0.233902
138.035 -16.6219 3.35502 0.233902
138.163 -16.8798 3.35114 0.152718
138.035 -16.6219 3.35502 0.233902
138.035 -16.6219 3.35502 0.233902
138.163 -16.8798 3.35114 0.152718
138.143 -16.9159 3.35555 0.105789
138.035 -16.6219 3.35502 0.233902
138.035 -16.6219 3.35502 0.233902
138.319 -16.8094 3.35259 0.0761991
138.163 -16.8798 3.35114 0.152718
138.226 -16.7132 3.36186 0.0436091
138.143 -16.9159 3.35555 0.105789
138.116 -16.4422 3.36099 0.0108068
138.163 -16.8798 3.35114 0.152718
138.163 -16.8798 3.35114 0.152718
138.143 -16.9159 3.35555 0.105789
137.888 -16.5621 3.3492 0.0168731
138.163 -16.8798 3.35114 0.152718
137.981 -16.6708 3.35903 0.0456697
138.035 -16.6219 3.35502 0.233902
138.146 -16.4989 3.35293 0.0653915
137.893 -16.8135 3.35116 0.0812372
138.143 -16.9159 3.35555 0.105789
138.143 -16.9159 3.35555 0.105789
138.143 -16.9159 3.35555 0.105789
138.068 -16.4294 3.35561 0.0244702
138.163 -16.8798 3.35114 0.152718
138.035 -16.6219 3.35502 0.233902
138.035 -16.6219 3.35502 0.233902
138.319 -16.8094 3.35259 0.0761991
138.163 -16.8798 3.35114 0.152718
137.7 -16.6999 3.35689 0.00031073
138.146 -16.4989 3.35293 0.0653915
138.163 -16.8798 3.35114 0.152718
138.204 -16.9076 3.3439 0.00157187
138.379 -16.7713 3.35211 0.0278173
138.163 -16.8798 3.35114 0.152718
137.981 -16.6708 3.35903 0.0456697
138.319 -16.8094 3.35259 0.0761991
138.319 -16.8094 3.35259 0.0761991
138.319 -16.8094 3.35259 0.0761991
138.163 -16.8798 3.35114 0.152718
138.035 -16.6219 3.35502 0.233902
138.146 -16.4989 3.35293 0.0653915
138.143 -16.9159 3.35555 0.105789
138.035 -16.6219 3.35502 0.233902
138.379 -16.7713 3.35211 0.0278173
