-9.81649 0.207196 0.450448 0.146559
-9.76151 0.32115 0.449231 0.239582
-9.76151 0.32115 0.449231 0.239582
-9.71085 0.208277 0.444917 0.16584
-9.81649 0.207196 0.450448 0.146559
-9.50668 0.337183 0.442365 0.0798487
-9.76151 0.32115 0.449231 0.239582
-9.54138 0.301661 0.441262 0.0700513
-9.81649 0.207196 0.450448 0.146559
-9.6736 0.40902 0.450791 0.0671292
-9.78172 0.231404 0.440004 0.00392046
-9.54138 0.301661 0.441262 0.0700513
-9.71085 0.208277 0.444917 0.16584
-9.59241 0.0952241 0.447209 0.0561748
-9.44884 0.196071 0.449024 0.0171265
-9.81649 0.207196 0.450448 0.146559
-9.53125 0.268707 0.440368 0.0349225
-9.50668 0.337183 0.442365 0.0798487
-9.6736 0.40902 0.450791 0.0671292
-9.76151 0.32115 0.449231 0.239582
-9.54138 0.301661 0.441262 0.0700513
-9.81649 0.207196 0.450448 0.146559
-9.50668 0.337183 0.442365 0.0798487
-9.76151 0.32115 0.449231 0.239582
-9.81649 0.207196 0.450448 0.146559
-9.50668 0.337183 0.442365 0.0798487
-9.76151 0.32115 0.449231 0.239582
-9.71085 0.208277 0.444917 0.16584
-9.81649 0.207196 0.450448 0.146559
-9.49302 0.463365 0.441396 0.0225075
-9.6736 0.40902 0.450791 0.0671292
-9.76151 0.32115 0.449231 0.239582
-9.54138 0.301661 0.441262 0.0700513
-9.81649 0.207196 0.450448 0.146559
-9.50668 0.337183 0.442365 0.0798487
-9.76151 0.32115 0.449231 0.239582
-9.71085 0.208277 0.444917 0.16584
-9.50668 0.337183 0.442365 0.0798487
-9.76151 0.32115 0.449231 0.239582
-9.54138 0.301661 0.441262 0.0700513
-9.71085 0.208277 0.444917 0.16584
-9.81649 0.207196 0.450448 0.146559
-9.53125 0.268707 0.440368 0.0349225
-9.6736 0.40902 0.450791 0.0671292
-9.76151 0.32115 0.449231 0.239582
-9.81649 0.207196 0.450448 0.146559
-9.6736 0.40902 0.450791 0.0671292
-9.76151 0.32115 0.449231 0.239582
-9.76151 0.32115 0.449231 0.239582
-9.71085 0.208277 0.444917 0.16584
-9.81649 0.207196 0.450448 0.146559
-9.50668 0.337183 0.442365 0.0798487
-9.76151 0.32115 0.449231 0.239582
-9.81649 0.207196 0.450448 0.146559
-9.89252 0.203745 0.452889 0.0362478
-9.76151 0.32115 0.449231 0.239582
-9.81649 0.207196 0.450448 0.146559
-9.89252 0.203745 0.452889 0.0362478
-9.76151 0.32115 0.449231 0.239582
-9.71085 0.208277 0.444917 0.16584
-9.50668 0.337183 0.442365 0.0798487
-9.50668 0.337183 0.442365 0.0798487
-9.76151 0.32115 0.449231 0.239582
-9.76151 0.32115 0.449231 0.239582
-9.53125 0.268707 0.440368 0.0349225
-9.59241 0.0952241 0.447209 0.0561748
-9.76151 0.32115 0.449231 0.239582
-9.44884 0.196071 0.449024 0.0171265
-9.81649 0.207196 0.450448 0.146559
-9.49302 0.463365 0.441396 0.0225075
-9.59241 0.0952241 0.447209 0.0561748
-9.76151 0.32115 0.449231 0.239582
-9.76151 0.32115 0.449231 0.239582
-9.71085 0.208277 0.444917 0.16584
-9.81649 0.207196 0.450448 0.146559
-9.49302 0.463365 0.441396 0.0225075
-9.76151 0.32115 0.449231 0.239582
-9.71085 0.208277 0.444917 0.16584
-9.6736 0.40902 0.450791 0.0671292
-9.76151 0.32115 0.449231 0.239582
-9.71085 0.208277 0.444917 0.16584
-9.6736 0.40902 0.450791 0.0671292
-9.76151 0.32115 0.449231 0.239582
-9.44884 0.196071 0.449024 0.0171265
-9.50668 0.337183 0.442365 0.0798487
-9.76151 0.32115 0.449231 0.239582
-9.76151 0.32115 0.449231 0.239582
-9.81649 0.207196 0.450448 0.146559
-9.76151 0.32115 0.449231 0.239582
-9.71085 0.208277 0.444917 0.16584
-9.81649 0.207196 0.450448 0.146559
-9.81649 0.207196 0.450448 0.146559
-9.50668 0.337183 0.442365 0.0798487
-9.6736 0.40902 0.450791 0.0671292
-9.54138 0.301661 0.441262 0.0700513
-9.71085 0.208277 0.444917 0.16584
-9.81649 0.207196 0.450448 0.146559
-9.6736 0.40902 0.450791 0.0671292
-9.76151 0.32115 0.449231 0.239582
-9.54138 0.301661 0.441262 0.0700513
