-32.0755 -80.922 2.26136 0.312689
-31.7077 -81.2966 2.26956 0.00951363
-31.8547 -81.1245 2.26703 0.188268
-31.6895 -81.2009 2.26471 0.0248675
-31.6895 -81.2009 2.26471 0.0248675
-32.0244 -81.029 2.26812 0.147916
-32.0065 -81.0593 2.27057 0.0624422
-32.0244 -81.029 2.26812 0.147916
-31.9388 -80.9842 2.26917 0.117119
-32.0755 -80.922 2.26136 0.312689
-31.9388 -80.9842 2.26917 0.117119
-31.9388 -80.9842 2.26917 0.117119
-32.0065 -81.0593 2.27057 0.0624422
-32.0244 -81.029 2.26812 0.147916
-31.6895 -81.2009 2.26471 0.0248675
-32.0755 -80.922 2.26136 0.312689
-32.0244 -81.029 2.26812 0.147916
-32.0244 -81.029 2.26812 0.147916
-31.6895 -81.2009 2.26471 0.0248675
-32.0244 -81.029 2.26812 0.147916
-32.0065 -81.0593 2.27057 0.0624422
-31.8021 -81.2138 2.27102 0.0342042
-32.0755 -80.922 2.26136 0.312689
-32.0755 -80.922 2.26136 0.312689
-31.8547 -81.1245 2.26703 0.188268
-32.0755 -80.922 2.26136 0.312689
-32.0244 -81.029 2.26812 0.147916
-31.8547 -81.1245 2.26703 0.188268
-31.9388 -80.9842 2.26917 0.117119
-31.9388 -80.9842 2.26917 0.117119
-32.0755 -80.922 2.26136 0.312689
-32.0244 -81.029 2.26812 0.147916
-32.0244 -81.029 2.26812 0.147916
-32.0244 -81.029 2.26812 0.147916
-31.9002 -80.5944 2.26254 0.0179502
-32.0755 -80.922 2.26136 0.312689
-31.8547 -81.1245 2.26703 0.188268
-31.8547 -81.1245 2.26703 0.188268
-32.0755 -80.922 2.26136 0.312689
-32.0755 -80.922 2.26136 0.312689
-31.8547 -81.1245 2.26703 0.188268
-32.0755 -80.922 2.26136 0.312689
-32.0755 -80.922 2.26136 0.312689
-31.8547 -81.1245 2.26703 0.188268
-32.0755 -80.922 2.26136 0.312689
-32.0755 -80.922 2.26136 0.312689
-32.0244 -81.029 2.26812 0.147916
-32.0244 -81.029 2.26812 0.147916
-31.8021 -81.2138 2.27102 0.0342042
-32.0244 -81.029 2.26812 0.147916
-32.0755 -80.922 2.26136 0.312689
-32.0244 -81.029 2.26812 0.147916
-31.8547 -81.1245 2.26703 0.188268
-31.9388 -80.9842 2.26917 0.117119
-32.0755 -80.922 2.26136 0.312689
-31.9388 -80.9842 2.26917 0.117119
-32.0755 -80.922 2.26136 0.312689
-31.9388 -80.9842 2.26917 0.117119
-32.0755 -80.922 2.26136 0.312689
-32.0244 -81.029 2.26812 0.147916
-31.8547 -81.1245 2.26703 0.188268
-31.8656 -81.4072 2.26969 0.00530087
-31.8547 -81.1245 2.26703 0.188268
-31.9388 -80.9842 2.26917 0.117119
-31.8021 -81.2138 2.27102 0.0342042
-31.7077 -81.2966 2.26956 0.00951363
-31.8876 -81.3147 2.2727 0.0117014
-31.8547 -81.1245 2.26703 0.188268
-31.9294 -80.8446 2.26881 0.0445832
-32.0755 -80.922 2.26136 0.312689
-32.0244 -81.029 2.26812 0.147916
-31.9388 -80.9842 2.26917 0.117119
-32.0755 -80.922 2.26136 0.312689
-31.9388 -80.9842 2.26917 0.117119
-31.8555 -81.4027 2.26374 0.00209909
-32.0755 -80.922 2.26136 0.312689
-32.0065 -81.0593 2.27057 0.0624422
-32.0755 -80.922 2.26136 0.312689
-31.8547 -81.1245 2.26703 0.188268
-31.8547 -81.1245 2.26703 0.188268
-32.0755 -80.922 2.26136 0.312689
-32.0244 -81.029 2.26812 0.147916
-31.8021 -81.2138 2.27102 0.0342042
-32.0755 -80.922 2.26136 0.312689
-31.9388 -80.9842 2.26917 0.117119
-31.7077 -81.2966 2.26956 0.00951363
-32.0065 -81.0593 2.27057 0.0624422
-32.0755 -80.922 2.26136 0.312689
-32.0755 -80.922 2.26136 0.312689
-31.9388 -80.9842 2.26917 0.117119
-32.0244 -81.029 2.26812 0.147916
-32.0065 -81.0593 2.27057 0.0624422
-31.9294 -80.8446 2.26881 0.0445832
-31.8547 -81.1245 2.26703 0.188268
-31.9388 -80.9842 2.26917 0.117119
-32.0755 -80.922 2.26136 0.312689
-31.8547 -81.1245 2.26703 0.188268
-32.0755 -80.922 2.26136 0.312689
-32.0755 -80.922 2.26136 0.312689
-31.8547 -81.1245 2.26703 0.188268
