57.4497 13.2547 0.143506 0.0339317
57.5583 13.3101 0.13904 0.310944
57.5583 13.3101 0.13904 0.310944
57.7535 13.1858 0.133649 0.0451218
57.7411 13.3872 0.141369 0.042372
57.5583 13.3101 0.13904 0.310944
57.6911 13.3598 0.132346 0.0600621
57.7411 13.3872 0.141369 0.042372
57.5583 13.3101 0.13904 0.310944
57.7411 13.3872 0.141369 0.042372
57.5583 13.3101 0.13904 0.310944
57.3955 13.3076 0.135662 0.049026
57.3955 13.3076 0.135662 0.049026
57.7535 13.1858 0.133649 0.0451218
57.6841 13.564 0.13497 0.0170141
57.5583 13.3101 0.13904 0.310944
57.4721 13.1585 0.144142 0.00651764
57.5583 13.3101 0.13904 0.310944
57.5583 13.3101 0.13904 0.310944
57.3987 13.0981 0.135227 0.00670298
57.5583 13.3101 0.13904 0.310944
57.7767 13.4884 0.138271 0.0319795
57.6841 13.564 0.13497 0.0170141
57.5583 13.3101 0.13904 0.310944
57.7336 13.4291 0.132173 0.0251504
57.5492 13.1226 0.139197 0.0435082
57.5583 13.3101 0.13904 0.310944
57.7535 13.1858 0.133649 0.0451218
57.7767 13.4884 0.138271 0.0319795
57.7371 13.1917 0.134907 0.0692329
57.7411 13.3872 0.141369 0.042372
57.7411 13.3872 0.141369 0.042372
57.5583 13.3101 0.13904 0.310944
57.7371 13.1917 0.134907 0.0692329
57.7411 13.3872 0.141369 0.042372
57.7371 13.1917 0.134907 0.0692329
57.5583 13.3101 0.13904 0.310944
57.5583 13.3101 0.13904 0.310944
57.3955 13.3076 0.135662 0.049026
57.5583 13.3101 0.13904 0.310944
57.5583 13.3101 0.13904 0.310944
57.7893 13.3669 0.141762 0.0149935
57.5583 13.3101 0.13904 0.310944
57.4497 13.2547 0.143506 0.0339317
57.7293 13.3984 0.139976 0.0854133
57.5583 13.3101 0.13904 0.310944
57.5583 13.3101 0.13904 0.310944
57.5583 13.3101 0.13904 0.310944
57.2201 13.5038 0.142385 0.00160454
57.7411 13.3872 0.141369 0.042372
57.5583 13.3101 0.13904 0.310944
57.7349 13.5055 0.135484 0.0362872
57.6911 13.3598 0.132346 0.0600621
57.5583 13.3101 0.13904 0.310944
57.7371 13.1917 0.134907 0.0692329
57.6911 13.3598 0.132346 0.0600621
57.5328 13.5657 0.137288 0.037838
57.7293 13.3984 0.139976 0.0854133
57.531 13.5275 0.144748 0.0181007
57.7893 13.3669 0.141762 0.0149935
57.5583 13.3101 0.13904 0.310944
57.7371 13.1917 0.134907 0.0692329
57.7893 13.3669 0.141762 0.0149935
57.7893 13.3669 0.141762 0.0149935
57.5328 13.5657 0.137288 0.037838
57.5583 13.3101 0.13904 0.310944
57.5583 13.3101 0.13904 0.310944
57.6911 13.3598 0.132346 0.0600621
57.5328 13.5657 0.137288 0.037838
57.7535 13.1858 0.133649 0.0451218
57.5583 13.3101 0.13904 0.310944
57.7371 13.1917 0.134907 0.0692329
57.7336 13.4291 0.132173 0.0251504
57.4497 13.2547 0.143506 0.0339317
57.3281 13.4035 0.1386 0.0288775
57.5583 13.3101 0.13904 0.310944
57.2586 13.2609 0.138216 0.00520583
57.7411 13.3872 0.141369 0.042372
57.7336 13.4291 0.132173 0.0251504
57.5583 13.3101 0.13904 0.310944
57.5583 13.3101 0.13904 0.310944
57.4497 13.2547 0.143506 0.0339317
57.5583 13.3101 0.13904 0.310944
57.5583 13.3101 0.13904 0.310944
57.7336 13.4291 0.132173 0.0251504
57.6841 13.564 0.13497 0.0170141
57.6841 13.564 0.13497 0.0170141
57.5583 13.3101 0.13904 0.310944
57.6911 13.3598 0.132346 0.0600621
57.7411 13.3872 0.141369 0.042372
57.5583 13.3101 0.13904 0.310944
57.7893 13.3669 0.141762 0.0149935
57.7535 13.1858 0.133649 0.0451218
57.7411 13.3872 0.141369 0.042372
57.5583 13.3101 0.13904 0.310944
57.3955 13.3076 0.135662 0.049026
57.7411 13.3872 0.141369 0.042372
57.5492 13.1226 0.139197 0.0435082
57.7371 13.1917 0.134907 0.0692329
57.9009 13.2735 0.139708 0.00264105
