7.96647 5.31453 0.26094 0.0333394
7.94973 5.37643 0.269852 0.165418
8.21101 5.41326 0.264992 0.262372
7.94973 5.37643 0.269852 0.165418
7.94973 5.37643 0.269852 0.165418
7.94973 5.37643 0.269852 0.165418
8.09415 5.30786 0.267912 0.1847
8.21101 5.41326 0.264992 0.262372
8.28296 5.28529 0.264548 0.0398482
7.96647 5.31453 0.26094 0.0333394
8.09415 5.30786 0.267912 0.1847
8.21101 5.41326 0.264992 0.262372
8.41664 5.31176 0.261765 0.00568382
7.94973 5.37643 0.269852 0.165418
8.28894 5.30082 0.261182 0.0985534
8.23416 5.37849 0.265891 0.114901
7.94973 5.37643 0.269852 0.165418
8.09415 5.30786 0.267912 0.1847
8.21101 5.41326 0.264992 0.262372
8.21101 5.41326 0.264992 0.262372
7.94973 5.37643 0.269852 0.165418
8.28894 5.30082 0.261182 0.0985534
8.21101 5.41326 0.264992 0.262372
8.23416 5.37849 0.265891 0.114901
8.09415 5.30786 0.267912 0.1847
8.28894 5.30082 0.261182 0.0985534
8.28894 5.30082 0.261182 0.0985534
8.23416 5.37849 0.265891 0.114901
8.09415 5.30786 0.267912 0.1847
8.21101 5.41326 0.264992 0.262372
8.19805 5.31769 0.269059 0.0194817
8.09415 5.30786 0.267912 0.1847
8.23416 5.37849 0.265891 0.114901
8.19805 5.31769 0.269059 0.0194817
7.94973 5.37643 0.269852 0.165418
8.21101 5.41326 0.264992 0.262372
8.23416 5.37849 0.265891 0.114901
8.09415 5.30786 0.267912 0.1847
8.10643 5.64006 0.266682 0.0170028
8.06607 5.26266 0.272306 0.0067826
8.28296 5.28529 0.264548 0.0398482
8.09415 5.30786 0.267912 0.1847
8.50537 5.47998 0.256354 0.00168805
8.23416 5.37849 0.265891 0.114901
8.09415 5.30786 0.267912 0.1847
8.09415 5.30786 0.267912 0.1847
8.28894 5.30082 0.261182 0.0985534
8.21101 5.41326 0.264992 0.262372
8.1289 5.16805 0.259141 0.00649464
7.9368 5.43311 0.27502 0.00337134
7.94973 5.37643 0.269852 0.165418
8.10643 5.64006 0.266682 0.0170028
7.76971 5.40684 0.272958 0.00770054
8.23416 5.37849 0.265891 0.114901
7.94973 5.37643 0.269852 0.165418
7.94973 5.37643 0.269852 0.165418
8.09415 5.30786 0.267912 0.1847
8.21101 5.41326 0.264992 0.262372
7.94973 5.37643 0.269852 0.165418
7.94973 5.37643 0.269852 0.165418
8.09415 5.30786 0.267912 0.1847
8.21101 5.41326 0.264992 0.262372
8.41664 5.31176 0.261765 0.00568382
8.09415 5.30786 0.267912 0.1847
8.21101 5.41326 0.264992 0.262372
8.23416 5.37849 0.265891 0.114901
8.28894 5.30082 0.261182 0.0985534
8.21101 5.41326 0.264992 0.262372
8.23416 5.37849 0.265891 0.114901
8.23416 5.37849 0.265891 0.114901
8.09415 5.30786 0.267912 0.1847
8.21101 5.41326 0.264992 0.262372
8.23416 5.37849 0.265891 0.114901
8.19805 5.31769 0.269059 0.0194817
8.09415 5.30786 0.267912 0.1847
8.21101 5.41326 0.264992 0.262372
8.09415 5.30786 0.267912 0.1847
8.21101 5.41326 0.264992 0.262372
8.21101 5.41326 0.264992 0.262372
7.96647 5.31453 0.26094 0.0333394
8.28894 5.30082 0.261182 0.0985534
8.23416 5.37849 0.265891 0.114901
8.09415 5.30786 0.267912 0.1847
8.21101 5.41326 0.264992 0.262372
8.28296 5.28529 0.264548 0.0398482
8.09415 5.30786 0.267912 0.1847
8.21101 5.41326 0.264992 0.262372
8.19805 5.31769 0.269059 0.0194817
8.09415 5.30786 0.267912 0.1847
8.21101 5.41326 0.264992 0.262372
8.23416 5.37849 0.265891 0.114901
8.09415 5.30786 0.267912 0.1847
8.1289 5.16805 0.259141 0.00649464
8.23416 5.37849 0.265891 0.114901
8.09415 5.30786 0.267912 0.1847
8.09415 5.30786 0.267912 0.1847
8.28894 5.30082 0.261182 0.0985534
8.23416 5.37849 0.265891 0.114901
8.09415 5.30786 0.267912 0.1847
8.28894 5.30082 0.261182 0.0985534
