118.675 -21.6344 3.3905 0.0203835
118.782 -21.3128 3.38711 0.0392454
119.317 -21.5524 3.39628 0.0216098
118.877 -21.3073 3.39377 0.0748652
118.803 -21.6222 3.38665 0.0412417
119.049 -21.5571 3.39006 0.0994534
118.858 -21.5868 3.3914 0.145817
118.863 -21.5898 3.39235 0.14744
118.897 -21.7978 3.38608 0.00309581
118.941 -21.658 3.39594 0.0889839
118.941 -21.658 3.39594 0.0889839
118.803 -21.6222 3.38665 0.0412417
118.803 -21.6222 3.38665 0.0412417
119.049 -21.5571 3.39006 0.0994534
118.863 -21.5898 3.39235 0.14744
118.826 -21.8308 3.39626 0.0029328
118.877 -21.3073 3.39377 0.0748652
118.803 -21.6222 3.38665 0.0412417
118.858 -21.5868 3.3914 0.145817
118.858 -21.5868 3.3914 0.145817
118.863 -21.5898 3.39235 0.14744
118.675 -21.6344 3.3905 0.0203835
119.021 -21.5495 3.40093 0.0482405
118.941 -21.658 3.39594 0.0889839
118.858 -21.5868 3.3914 0.145817
118.863 -21.5898 3.39235 0.14744
118.675 -21.6344 3.3905 0.0203835
119.051 -21.1924 3.39895 0.00862638
119.049 -21.5571 3.39006 0.0994534
119.049 -21.5571 3.39006 0.0994534
118.88 -21.4283 3.3982 0.0481984
118.663 -21.4701 3.38899 0.0361259
119.261 -21.341 3.38929 0.00255708
118.941 -21.658 3.39594 0.0889839
119.049 -21.5571 3.39006 0.0994534
118.858 -21.5868 3.3914 0.145817
118.858 -21.5868 3.3914 0.145817
119.306 -21.3682 3.39962 0.0192567
119.021 -21.5495 3.40093 0.0482405
118.941 -21.658 3.39594 0.0889839
118.858 -21.5868 3.3914 0.145817
118.863 -21.5898 3.39235 0.14744
118.863 -21.5898 3.39235 0.14744
119.077 -21.5 3.3866 0.0177504
119.025 -21.4597 3.3859 0.0220197
118.941 -21.658 3.39594 0.0889839
118.803 -21.6222 3.38665 0.0412417
118.858 -21.5868 3.3914 0.145817
118.858 -21.5868 3.3914 0.145817
118.858 -21.5868 3.3914 0.145817
118.738 -21.6395 3.39252 0.0337469
118.863 -21.5898 3.39235 0.14744
118.663 -21.4701 3.38899 0.0361259
119.025 -21.4597 3.3859 0.0220197
118.821 -21.1776 3.39325 0.00922546
118.858 -21.5868 3.3914 0.145817
118.863 -21.5898 3.39235 0.14744
119.306 -21.3682 3.39962 0.0192567
118.545 -21.4998 3.38914 0.00532925
118.941 -21.658 3.39594 0.0889839
118.858 -21.5868 3.3914 0.145817
118.863 -21.5898 3.39235 0.14744
118.863 -21.5898 3.39235 0.14744
119.4 -21.5654 3.40551 0.00271005
118.877 -21.3073 3.39377 0.0748652
118.941 -21.658 3.39594 0.0889839
118.803 -21.6222 3.38665 0.0412417
119.049 -21.5571 3.39006 0.0994534
118.88 -21.4283 3.3982 0.0481984
118.863 -21.5898 3.39235 0.14744
118.663 -21.4701 3.38899 0.0361259
119.077 -21.5 3.3866 0.0177504
119.317 -21.5524 3.39628 0.0216098
119.021 -21.5495 3.40093 0.0482405
118.941 -21.658 3.39594 0.0889839
119.049 -21.5571 3.39006 0.0994534
119.049 -21.5571 3.39006 0.0994534
118.858 -21.5868 3.3914 0.145817
118.863 -21.5898 3.39235 0.14744
118.545 -21.4998 3.38914 0.00532925
118.877 -21.3073 3.39377 0.0748652
118.803 -21.6222 3.38665 0.0412417
118.858 -21.5868 3.3914 0.145817
118.88 -21.4283 3.3982 0.0481984
118.863 -21.5898 3.39235 0.14744
118.863 -21.5898 3.39235 0.14744
118.863 -21.5898 3.39235 0.14744
119.025 -21.4597 3.3859 0.0220197
118.941 -21.658 3.39594 0.0889839
118.803 -21.6222 3.38665 0.0412417
119.049 -21.5571 3.39006 0.0994534
118.858 -21.5868 3.3914 0.145817
118.863 -21.5898 3.39235 0.14744
118.863 -21.5898 3.39235 0.14744
118.782 -21.3128 3.38711 0.0392454
118.877 -21.3073 3.39377 0.0748652
119.049 -21.5571 3.39006 0.0994534
119.049 -21.5571 3.39006 0.0994534
118.858 -21.5868 3.3914 0.145817
119.068 -21.523 3.38536 0.00866119
