34.4526 10.7828 0.170052 0.106402
34.6134 10.6787 0.163466 0.239297
34.56 10.6256 0.163251 0.0697824
34.4515 10.6786 0.165448 0.0990768
34.3179 10.8826 0.170342 0.0312562
34.6134 10.6787 0.163466 0.239297
34.6134 10.6787 0.163466 0.239297
34.7189 11.0687 0.16022 0.0133486
34.5685 11.1226 0.168174 0.00920386
34.6134 10.6787 0.163466 0.239297
34.3846 10.8355 0.164891 0.143234
34.475 11.1391 0.171259 0.00129719
34.6134 10.6787 0.163466 0.239297
34.4515 10.6786 0.165448 0.0990768
34.4526 10.7828 0.170052 0.106402
34.3936 10.8295 0.167722 0.208446
34.3936 10.8295 0.167722 0.208446
34.56 10.6256 0.163251 0.0697824
34.4515 10.6786 0.165448 0.0990768
34.3179 10.8826 0.170342 0.0312562
34.3936 10.8295 0.167722 0.208446
34.6134 10.6787 0.163466 0.239297
34.4515 10.6786 0.165448 0.0990768
34.3179 10.8826 0.170342 0.0312562
34.6134 10.6787 0.163466 0.239297
34.4515 10.6786 0.165448 0.0990768
34.4526 10.7828 0.170052 0.106402
34.3179 10.8826 0.170342 0.0312562
34.3936 10.8295 0.167722 0.208446
34.6134 10.6787 0.163466 0.239297
34.56 10.6256 0.163251 0.0697824
34.4526 10.7828 0.170052 0.106402
34.7783 10.7402 0.165978 0.031977
34.3936 10.8295 0.167722 0.208446
34.3936 10.8295 0.167722 0.208446
34.6134 10.6787 0.163466 0.239297
34.56 10.6256 0.163251 0.0697824
34.4526 10.7828 0.170052 0.106402
34.6134 10.6787 0.163466 0.239297
34.3846 10.8355 0.164891 0.143234
34.5685 11.1226 0.168174 0.00920386
34.3936 10.8295 0.167722 0.208446
34.56 10.6256 0.163251 0.0697824
34.7783 10.7402 0.165978 0.031977
34.6134 10.6787 0.163466 0.239297
34.3352 10.6752 0.164671 0.00781357
34.4515 10.6786 0.165448 0.0990768
34.3936 10.8295 0.167722 0.208446
34.3936 10.8295 0.167722 0.208446
34.56 10.6256 0.163251 0.0697824
34.4515 10.6786 0.165448 0.0990768
34.3936 10.8295 0.167722 0.208446
34.6134 10.6787 0.163466 0.239297
34.4515 10.6786 0.165448 0.0990768
34.7783 10.7402 0.165978 0.031977
34.6134 10.6787 0.163466 0.239297
34.6134 10.6787 0.163466 0.239297
34.3846 10.8355 0.164891 0.143234
34.7783 10.7402 0.165978 0.031977
34.3936 10.8295 0.167722 0.208446
34.6134 10.6787 0.163466 0.239297
34.6134 10.6787 0.163466 0.239297
34.3846 10.8355 0.164891 0.143234
34.3936 10.8295 0.167722 0.208446
34.56 10.6256 0.163251 0.0697824
34.3846 10.8355 0.164891 0.143234
34.7189 11.0687 0.16022 0.0133486
34.4515 10.6786 0.165448 0.0990768
34.4515 10.6786 0.165448 0.0990768
34.4526 10.7828 0.170052 0.106402
34.7783 10.7402 0.165978 0.031977
34.6134 10.6787 0.163466 0.239297
34.4515 10.6786 0.165448 0.0990768
34.4526 10.7828 0.170052 0.106402
34.3936 10.8295 0.167722 0.208446
34.4455 11.0603 0.172414 0.00376686
34.4526 10.7828 0.170052 0.106402
34.3936 10.8295 0.167722 0.208446
34.6134 10.6787 0.163466 0.239297
34.4515 10.6786 0.165448 0.0990768
34.3179 10.8826 0.170342 0.0312562
34.3936 10.8295 0.167722 0.208446
34.6134 10.6787 0.163466 0.239297
34.4515 10.6786 0.165448 0.0990768
34.3936 10.8295 0.167722 0.208446
34.3936 10.8295 0.167722 0.208446
34.3846 10.8355 0.164891 0.143234
34.4515 10.6786 0.165448 0.0990768
34.4887 11.0271 0.159956 0.00721289
34.8031 11.045 0.1573 0.00191671
34.6134 10.6787 0.163466 0.239297
34.3846 10.8355 0.164891 0.143234
34.4526 10.7828 0.170052 0.106402
34.3936 10.8295 0.167722 0.208446
34.6134 10.6787 0.163466 0.239297
34.4515 10.6786 0.165448 0.0990768
34.4526 10.7828 0.170052 0.106402
34.3936 10.8295 0.167722 0.208446
34.6134 10.6787 0.163466 0.239297
34.3846 10.8355 0.164891 0.143234
