242.079 28.5843 0.0734673 0.36255
242.079 28.5843 0.0734673 0.36255
242.336 28.6906 0.0741483 0.0280431
242.079 28.5843 0.0734673 0.36255
242.267 28.7933 0.0670402 0.101814
242.068 28.7993 0.0661819 0.0196863
242.176 28.4988 0.0713326 0.102903
242.468 28.8042 0.0700937 0.00177094
242.219 28.6843 0.0637567 0.0086248
242.319 28.633 0.0744147 0.0434315
242.079 28.5843 0.0734673 0.36255
242.079 28.5843 0.0734673 0.36255
241.96 28.588 0.0713423 0.0427879
242.079 28.5843 0.0734673 0.36255
242.079 28.5843 0.0734673 0.36255
242.079 28.5843 0.0734673 0.36255
242.079 28.5843 0.0734673 0.36255
241.96 28.588 0.0713423 0.0427879
242.176 28.4988 0.0713326 0.102903
242.219 28.6843 0.0637567 0.0086248
242.079 28.5843 0.0734673 0.36255
242.028 28.7893 0.0672366 0.0214791
242.079 28.5843 0.0734673 0.36255
242.33 28.6094 0.0716141 0.0826039
242.079 28.5843 0.0734673 0.36255
242.079 28.5843 0.0734673 0.36255
242.319 28.633 0.0744147 0.0434315
242.079 28.5843 0.0734673 0.36255
242.079 28.5843 0.0734673 0.36255
242.079 28.5843 0.0734673 0.36255
242.068 28.7993 0.0661819 0.0196863
242.176 28.4988 0.0713326 0.102903
242.267 28.7933 0.0670402 0.101814
242.302 28.6161 0.0755754 0.0317963
242.319 28.633 0.0744147 0.0434315
242.079 28.5843 0.0734673 0.36255
242.267 28.7933 0.0670402 0.101814
242.219 28.6843 0.0637567 0.0086248
242.17 28.735 0.0646937 0.0228759
242.079 28.5843 0.0734673 0.36255
242.079 28.5843 0.0734673 0.36255
242.176 28.4988 0.0713326 0.102903
242.17 28.735 0.0646937 0.0228759
242.079 28.5843 0.0734673 0.36255
242.176 28.4988 0.0713326 0.102903
241.901 28.5796 0.0734738 0.0219161
242.079 28.5843 0.0734673 0.36255
242.188 28.9239 0.0661962 0.013497
242.188 28.9239 0.0661962 0.013497
242.079 28.5843 0.0734673 0.36255
242.302 28.6161 0.0755754 0.0317963
242.079 28.5843 0.0734673 0.36255
242.079 28.5843 0.0734673 0.36255
242.33 28.6094 0.0716141 0.0826039
242.068 28.7993 0.0661819 0.0196863
242.079 28.5843 0.0734673 0.36255
242.267 28.7933 0.0670402 0.101814
242.304 28.8397 0.0652567 0.0249997
242.079 28.5843 0.0734673 0.36255
242.319 28.633 0.0744147 0.0434315
242.079 28.5843 0.0734673 0.36255
242.33 28.6094 0.0716141 0.0826039
242.17 28.735 0.0646937 0.0228759
242.079 28.5843 0.0734673 0.36255
242.336 28.6906 0.0741483 0.0280431
242.267 28.7933 0.0670402 0.101814
242.068 28.7993 0.0661819 0.0196863
242.33 28.6094 0.0716141 0.0826039
242.079 28.5843 0.0734673 0.36255
242.319 28.633 0.0744147 0.0434315
242.079 28.5843 0.0734673 0.36255
241.96 28.588 0.0713423 0.0427879
242.079 28.5843 0.0734673 0.36255
242.346 28.82 0.0707884 0.0276416
242.33 28.6094 0.0716141 0.0826039
242.176 28.4988 0.0713326 0.102903
242.336 28.6906 0.0741483 0.0280431
242.079 28.5843 0.0734673 0.36255
242.302 28.6161 0.0755754 0.0317963
242.079 28.5843 0.0734673 0.36255
242.176 28.4988 0.0713326 0.102903
242.267 28.7933 0.0670402 0.101814
242.267 28.7933 0.0670402 0.101814
242.079 28.5843 0.0734673 0.36255
242.267 28.7933 0.0670402 0.101814
242.079 28.5843 0.0734673 0.36255
242.079 28.5843 0.0734673 0.36255
242.33 28.6094 0.0716141 0.0826039
242.079 28.5843 0.0734673 0.36255
242.188 28.9239 0.0661962 0.013497
242.068 28.7993 0.0661819 0.0196863
242.079 28.5843 0.0734673 0.36255
242.188 28.9239 0.0661962 0.013497
242.33 28.6094 0.0716141 0.0826039
242.079 28.5843 0.0734673 0.36255
242.079 28.5843 0.0734673 0.36255
242.267 28.7933 0.0670402 0.101814
242.079 28.5843 0.0734673 0.36255
242.267 28.7933 0.0670402 0.101814
242.188 28.9239 0.0661962 0.013497
