144.452 -16.2485 3.36115 0.108384
144.452 -16.2485 3.36115 0.108384
144.542 -16.1714 3.35953 0.063831
144.483 -16.0936 3.36448 0.0726781
144.253 -16.1997 3.35069 0.0481896
144.253 -16.1997 3.35069 0.0481896
144.527 -16.1564 3.36645 0.0387905
144.363 -16.3247 3.3583 0.102356
144.363 -16.3247 3.3583 0.102356
144.452 -16.2485 3.36115 0.108384
144.044 -16.0662 3.35673 0.0201763
144.542 -16.1714 3.35953 0.063831
144.542 -16.1714 3.35953 0.063831
144.542 -16.1714 3.35953 0.063831
144.483 -16.0936 3.36448 0.0726781
144.129 -16.2893 3.34602 0.0072823
144.345 -16.3196 3.36072 0.0829851
144.246 -16.3248 3.36035 0.0588131
144.395 -16.0281 3.35897 0.0942406
144.363 -16.3247 3.3583 0.102356
144.04 -16.4435 3.35453 0.0080645
144.266 -15.9888 3.35617 0.053162
144.266 -15.9888 3.35617 0.053162
144.483 -16.0936 3.36448 0.0726781
144.483 -16.0936 3.36448 0.0726781
144.253 -16.1997 3.35069 0.0481896
144.527 -16.1564 3.36645 0.0387905
144.395 -16.0281 3.35897 0.0942406
144.395 -16.0281 3.35897 0.0942406
144.452 -16.2485 3.36115 0.108384
144.452 -16.2485 3.36115 0.108384
144.044 -16.0662 3.35673 0.0201763
144.483 -16.0936 3.36448 0.0726781
144.021 -16.2885 3.35436 0.0256035
144.345 -16.3196 3.36072 0.0829851
144.474 -16.4196 3.36161 0.0173708
144.395 -16.0281 3.35897 0.0942406
144.363 -16.3247 3.3583 0.102356
144.157 -16.3072 3.34778 0.0162341
144.542 -16.1714 3.35953 0.063831
144.483 -16.0936 3.36448 0.0726781
144.32 -16.2582 3.36521 0.0264732
144.345 -16.3196 3.36072 0.0829851
144.351 -16.409 3.35322 0.0264859
144.395 -16.0281 3.35897 0.0942406
144.235 -16.3171 3.36253 0.0273465
144.266 -15.9888 3.35617 0.053162
144.266 -15.9888 3.35617 0.053162
144.542 -16.1714 3.35953 0.063831
144.483 -16.0936 3.36448 0.0726781
144.142 -16.6303 3.35772 0.000328212
144.527 -16.1564 3.36645 0.0387905
144.395 -16.0281 3.35897 0.0942406
144.363 -16.3247 3.3583 0.102356
144.452 -16.2485 3.36115 0.108384
144.452 -16.2485 3.36115 0.108384
144.04 -16.4435 3.35453 0.0080645
144.542 -16.1714 3.35953 0.063831
144.253 -16.1997 3.35069 0.0481896
144.527 -16.1564 3.36645 0.0387905
144.395 -16.0281 3.35897 0.0942406
144.363 -16.3247 3.3583 0.102356
144.235 -16.3171 3.36253 0.0273465
144.157 -16.3072 3.34778 0.0162341
144.074 -15.9407 3.35963 0.0052156
144.483 -16.0936 3.36448 0.0726781
144.068 -16.4372 3.35488 0.0113747
144.253 -16.1997 3.35069 0.0481896
144.246 -16.3248 3.36035 0.0588131
144.363 -16.3247 3.3583 0.102356
144.452 -16.2485 3.36115 0.108384
144.044 -16.0662 3.35673 0.0201763
144.266 -15.9888 3.35617 0.053162
144.542 -16.1714 3.35953 0.063831
144.542 -16.1714 3.35953 0.063831
144.483 -16.0936 3.36448 0.0726781
144.606 -16.2812 3.36103 0.0240671
144.606 -16.2812 3.36103 0.0240671
144.345 -16.3196 3.36072 0.0829851
144.246 -16.3248 3.36035 0.0588131
144.395 -16.0281 3.35897 0.0942406
144.452 -16.2485 3.36115 0.108384
144.452 -16.2485 3.36115 0.108384
144.542 -16.1714 3.35953 0.063831
144.606 -16.2812 3.36103 0.0240671
144.253 -16.1997 3.35069 0.0481896
144.345 -16.3196 3.36072 0.0829851
144.246 -16.3248 3.36035 0.0588131
144.363 -16.3247 3.3583 0.102356
144.452 -16.2485 3.36115 0.108384
144.266 -15.9888 3.35617 0.053162
144.279 -16.653 3.35083 0.000334877
144.253 -16.1997 3.35069 0.0481896
144.351 -16.409 3.35322 0.0264859
144.395 -16.0281 3.35897 0.0942406
144.58 -16.5121 3.36253 0.00137223
144.452 -16.2485 3.36115 0.108384
144.044 -16.0662 3.35673 0.0201763
144.542 -16.1714 3.35953 0.063831
144.253 -16.1997 3.35069 0.0481896
