146.445 -15.0229 3.34531 0.108138
146.218 -15.1668 3.34701 0.00441916
146.425 -14.9724 3.34885 0.178141
146.404 -14.9458 3.34495 0.145074
146.474 -15.0563 3.34883 0.0994659
146.474 -15.0563 3.34883 0.0994659
146.445 -15.0229 3.34531 0.108138
146.288 -14.8551 3.34747 0.0968622
146.603 -14.6733 3.34532 0.0200148
146.14 -15.2144 3.34027 0.00116313
146.288 -14.8551 3.34747 0.0968622
146.613 -14.9981 3.35338 0.0974801
146.425 -14.9724 3.34885 0.178141
146.474 -15.0563 3.34883 0.0994659
146.288 -14.8551 3.34747 0.0968622
146.613 -14.9981 3.35338 0.0974801
146.613 -14.9981 3.35338 0.0974801
146.425 -14.9724 3.34885 0.178141
146.474 -15.0563 3.34883 0.0994659
146.534 -14.9706 3.34313 0.0522743
146.613 -14.9981 3.35338 0.0974801
146.613 -14.9981 3.35338 0.0974801
146.425 -14.9724 3.34885 0.178141
146.404 -14.9458 3.34495 0.145074
146.474 -15.0563 3.34883 0.0994659
146.288 -14.8551 3.34747 0.0968622
146.288 -14.8551 3.34747 0.0968622
146.613 -14.9981 3.35338 0.0974801
146.425 -14.9724 3.34885 0.178141
146.474 -15.0563 3.34883 0.0994659
146.445 -15.0229 3.34531 0.108138
146.636 -15.0413 3.34444 0.0223961
146.582 -14.6086 3.34833 0.032678
146.404 -14.9458 3.34495 0.145074
146.474 -15.0563 3.34883 0.0994659
146.459 -14.8377 3.34118 0.0289467
146.288 -14.8551 3.34747 0.0968622
146.582 -14.6086 3.34833 0.032678
146.425 -14.9724 3.34885 0.178141
146.404 -14.9458 3.34495 0.145074
146.474 -15.0563 3.34883 0.0994659
146.445 -15.0229 3.34531 0.108138
146.613 -14.9981 3.35338 0.0974801
146.425 -14.9724 3.34885 0.178141
146.404 -14.9458 3.34495 0.145074
146.474 -15.0563 3.34883 0.0994659
146.474 -15.0563 3.34883 0.0994659
146.288 -14.8551 3.34747 0.0968622
146.246 -14.7546 3.34214 0.0183104
146.425 -14.9724 3.34885 0.178141
146.404 -14.9458 3.34495 0.145074
146.724 -14.8701 3.35948 0.0331168
146.288 -14.8551 3.34747 0.0968622
146.613 -14.9981 3.35338 0.0974801
146.404 -14.9458 3.34495 0.145074
146.404 -14.9458 3.34495 0.145074
146.459 -14.8377 3.34118 0.0289467
146.534 -14.9706 3.34313 0.0522743
146.425 -14.9724 3.34885 0.178141
146.404 -14.9458 3.34495 0.145074
146.445 -15.0229 3.34531 0.108138
146.288 -14.8551 3.34747 0.0968622
146.441 -14.8351 3.33454 0.000241798
146.425 -14.9724 3.34885 0.178141
146.404 -14.9458 3.34495 0.145074
146.404 -14.9458 3.34495 0.145074
146.474 -15.0563 3.34883 0.0994659
146.474 -15.0563 3.34883 0.0994659
146.459 -14.8377 3.34118 0.0289467
146.246 -14.7546 3.34214 0.0183104
146.425 -14.9724 3.34885 0.178141
146.474 -15.0563 3.34883 0.0994659
146.445 -15.0229 3.34531 0.108138
146.534 -14.9706 3.34313 0.0522743
146.636 -15.0413 3.34444 0.0223961
146.613 -14.9981 3.35338 0.0974801
146.613 -14.9981 3.35338 0.0974801
146.613 -14.9981 3.35338 0.0974801
146.404 -14.9458 3.34495 0.145074
146.459 -14.8377 3.34118 0.0289467
146.288 -14.8551 3.34747 0.0968622
146.582 -14.6086 3.34833 0.032678
146.404 -14.9458 3.34495 0.145074
146.404 -14.9458 3.34495 0.145074
146.474 -15.0563 3.34883 0.0994659
146.445 -15.0229 3.34531 0.108138
146.636 -15.0413 3.34444 0.0223961
146.613 -14.9981 3.35338 0.0974801
146.603 -14.6733 3.34532 0.0200148
146.404 -14.9458 3.34495 0.145074
146.288 -14.8551 3.34747 0.0968622
146.603 -14.6733 3.34532 0.0200148
146.425 -14.9724 3.34885 0.178141
146.474 -15.0563 3.34883 0.0994659
146.288 -14.8551 3.34747 0.0968622
146.425 -14.9724 3.34885 0.178141
146.404 -14.9458 3.34495 0.145074
146.404 -14.9458 3.34495 0.145074
146.724 -14.8701 3.35948 0.0331168
146.474 -15.0563 3.34883 0.0994659
