209.072 25.6155 0.0721629 0.0993944
209.103 25.7895 0.0690455 0.0675284
209.059 25.6628 0.0681638 0.189368
209.059 25.6628 0.0681638 0.189368
209.222 25.6129 0.0694985 0.0537203
208.942 25.7831 0.0689177 0.0523929
209.103 25.7895 0.0690455 0.0675284
209.059 25.6628 0.0681638 0.189368
209.225 25.6034 0.0642742 0.0480802
209.225 25.6034 0.0642742 0.0480802
208.908 25.8626 0.0718033 0.0100139
209.16 25.7561 0.0684348 0.0702327
209.059 25.6628 0.0681638 0.189368
209.225 25.6034 0.0642742 0.0480802
208.942 25.7831 0.0689177 0.0523929
208.929 25.6709 0.0617741 0.0116702
209.16 25.7561 0.0684348 0.0702327
208.938 25.7071 0.0684583 0.0955442
209.154 25.6726 0.0668599 0.123981
208.942 25.7831 0.0689177 0.0523929
208.942 25.7831 0.0689177 0.0523929
209.072 25.6155 0.0721629 0.0993944
209.103 25.7895 0.0690455 0.0675284
209.059 25.6628 0.0681638 0.189368
209.016 25.622 0.0736125 0.0657481
209.072 25.6155 0.0721629 0.0993944
209.059 25.6628 0.0681638 0.189368
209.059 25.6628 0.0681638 0.189368
209.059 25.6628 0.0681638 0.189368
209.016 25.622 0.0736125 0.0657481
209.035 25.8719 0.0689198 0.0214989
208.942 25.7831 0.0689177 0.0523929
208.938 25.7071 0.0684583 0.0955442
209.154 25.6726 0.0668599 0.123981
209.197 25.4125 0.0687719 0.0124191
209.16 25.7561 0.0684348 0.0702327
209.103 25.7895 0.0690455 0.0675284
208.938 25.7071 0.0684583 0.0955442
209.059 25.6628 0.0681638 0.189368
209.016 25.622 0.0736125 0.0657481
209.103 25.7895 0.0690455 0.0675284
208.938 25.7071 0.0684583 0.0955442
209.059 25.6628 0.0681638 0.189368
209.059 25.6628 0.0681638 0.189368
209.016 25.622 0.0736125 0.0657481
209.016 25.622 0.0736125 0.0657481
209.016 25.622 0.0736125 0.0657481
209.072 25.6155 0.0721629 0.0993944
209.072 25.6155 0.0721629 0.0993944
209.103 25.7895 0.0690455 0.0675284
209.103 25.7895 0.0690455 0.0675284
208.938 25.7071 0.0684583 0.0955442
209.059 25.6628 0.0681638 0.189368
209.154 25.6726 0.0668599 0.123981
209.147 25.8614 0.0630259 0.00702997
209.16 25.7561 0.0684348 0.0702327
209.103 25.7895 0.0690455 0.0675284
209.059 25.6628 0.0681638 0.189368
209.059 25.6628 0.0681638 0.189368
209.016 25.622 0.0736125 0.0657481
209.277 25.4447 0.071885 0.00242756
209.16 25.7561 0.0684348 0.0702327
209.059 25.6628 0.0681638 0.189368
209.059 25.6628 0.0681638 0.189368
209.059 25.6628 0.0681638 0.189368
209.222 25.6129 0.0694985 0.0537203
209.222 25.6129 0.0694985 0.0537203
209.16 25.7561 0.0684348 0.0702327
208.938 25.7071 0.0684583 0.0955442
209.059 25.6628 0.0681638 0.189368
209.059 25.6628 0.0681638 0.189368
209.154 25.6726 0.0668599 0.123981
209.222 25.6129 0.0694985 0.0537203
208.942 25.7831 0.0689177 0.0523929
208.942 25.7831 0.0689177 0.0523929
208.938 25.7071 0.0684583 0.0955442
209.059 25.6628 0.0681638 0.189368
209.154 25.6726 0.0668599 0.123981
209.154 25.6726 0.0668599 0.123981
209.222 25.6129 0.0694985 0.0537203
209.072 25.6155 0.0721629 0.0993944
209.059 25.6628 0.0681638 0.189368
209.016 25.622 0.0736125 0.0657481
209.16 25.7561 0.0684348 0.0702327
209.103 25.7895 0.0690455 0.0675284
209.103 25.7895 0.0690455 0.0675284
208.938 25.7071 0.0684583 0.0955442
209.059 25.6628 0.0681638 0.189368
209.059 25.6628 0.0681638 0.189368
209.016 25.622 0.0736125 0.0657481
209.16 25.7561 0.0684348 0.0702327
209.059 25.6628 0.0681638 0.189368
209.059 25.6628 0.0681638 0.189368
209.016 25.622 0.0736125 0.0657481
208.942 25.7831 0.0689177 0.0523929
209.103 25.7895 0.0690455 0.0675284
209.148 25.5798 0.073434 0.0313952
209.059 25.6628 0.0681638 0.189368
209.222 25.6129 0.0694985 0.0537203
208.942 25.7831 0.0689177 0.0523929
