255.937 29.3333 6.23595 0.134747
255.937 29.3333 6.23595 0.134747
255.763 29.4494 6.22997 0.146697
256.017 29.4197 6.23837 0.0213358
255.712 29.4682 6.23432 0.231873
255.712 29.4682 6.23432 0.231873
255.937 29.3333 6.23595 0.134747
255.763 29.4494 6.22997 0.146697
255.933 29.3487 6.22864 0.0710565
255.712 29.4682 6.23432 0.231873
255.763 29.4494 6.22997 0.146697
255.763 29.4494 6.22997 0.146697
255.612 29.5305 6.23831 0.0404501
255.712 29.4682 6.23432 0.231873
255.712 29.4682 6.23432 0.231873
255.763 29.4494 6.22997 0.146697
255.763 29.4494 6.22997 0.146697
255.933 29.3487 6.22864 0.0710565
255.86 29.3442 6.22977 0.106632
255.712 29.4682 6.23432 0.231873
255.937 29.3333 6.23595 0.134747
255.763 29.4494 6.22997 0.146697
256.01 29.5263 6.2289 0.11304
255.712 29.4682 6.23432 0.231873
255.937 29.3333 6.23595 0.134747
256.017 29.4197 6.23837 0.0213358
255.86 29.3442 6.22977 0.106632
255.712 29.4682 6.23432 0.231873
255.712 29.4682 6.23432 0.231873
255.937 29.3333 6.23595 0.134747
255.937 29.3333 6.23595 0.134747
255.763 29.4494 6.22997 0.146697
255.808 29.5669 6.24136 0.0175963
255.86 29.3442 6.22977 0.106632
255.937 29.3333 6.23595 0.134747
255.937 29.3333 6.23595 0.134747
255.964 29.1562 6.23409 0.00538671
255.658 29.0627 6.2334 0.00015527
255.792 29.2817 6.23009 0.0342693
255.712 29.4682 6.23432 0.231873
255.763 29.4494 6.22997 0.146697
255.763 29.4494 6.22997 0.146697
256.017 29.4197 6.23837 0.0213358
255.712 29.4682 6.23432 0.231873
255.763 29.4494 6.22997 0.146697
256.01 29.5263 6.2289 0.11304
255.933 29.3487 6.22864 0.0710565
255.86 29.3442 6.22977 0.106632
255.937 29.3333 6.23595 0.134747
256.01 29.5263 6.2289 0.11304
255.86 29.3442 6.22977 0.106632
255.712 29.4682 6.23432 0.231873
255.712 29.4682 6.23432 0.231873
255.763 29.4494 6.22997 0.146697
255.86 29.3442 6.22977 0.106632
255.712 29.4682 6.23432 0.231873
255.712 29.4682 6.23432 0.231873
255.763 29.4494 6.22997 0.146697
255.763 29.4494 6.22997 0.146697
255.933 29.3487 6.22864 0.0710565
255.612 29.5305 6.23831 0.0404501
255.712 29.4682 6.23432 0.231873
255.937 29.3333 6.23595 0.134747
255.937 29.3333 6.23595 0.134747
256.01 29.5263 6.2289 0.11304
255.933 29.3487 6.22864 0.0710565
255.612 29.5305 6.23831 0.0404501
255.712 29.4682 6.23432 0.231873
255.937 29.3333 6.23595 0.134747
256.01 29.5263 6.2289 0.11304
255.86 29.3442 6.22977 0.106632
255.937 29.3333 6.23595 0.134747
255.975 29.2054 6.23014 0.00606173
255.712 29.4682 6.23432 0.231873
255.763 29.4494 6.22997 0.146697
256.01 29.5263 6.2289 0.11304
255.612 29.5305 6.23831 0.0404501
255.712 29.4682 6.23432 0.231873
255.712 29.4682 6.23432 0.231873
255.712 29.4682 6.23432 0.231873
255.712 29.4682 6.23432 0.231873
255.937 29.3333 6.23595 0.134747
256.017 29.4197 6.23837 0.0213358
255.712 29.4682 6.23432 0.231873
255.937 29.3333 6.23595 0.134747
255.975 29.2054 6.23014 0.00606173
255.712 29.4682 6.23432 0.231873
255.611 29.2116 6.24026 0.0321958
256.015 29.2583 6.2382 0.0114933
255.937 29.3333 6.23595 0.134747
255.611 29.2116 6.24026 0.0321958
255.792 29.2817 6.23009 0.0342693
255.612 29.5305 6.23831 0.0404501
255.86 29.3442 6.22977 0.106632
255.712 29.4682 6.23432 0.231873
255.763 29.4494 6.22997 0.146697
256.015 29.2583 6.2382 0.0114933
256.236 29.4963 6.22466 0.00118473
255.937 29.3333 6.23595 0.134747
255.763 29.4494 6.22997 0.146697
