196.594 25.0434 0.0721178 0.493728
196.594 25.0434 0.0721178 0.493728
196.528 24.9979 0.0693815 0.322226
196.528 24.9979 0.0693815 0.322226
196.594 25.0434 0.0721178 0.493728
196.532 24.8761 0.0644222 0.0239739
196.594 25.0434 0.0721178 0.493728
196.594 25.0434 0.0721178 0.493728
196.528 24.9979 0.0693815 0.322226
196.594 25.0434 0.0721178 0.493728
196.594 25.0434 0.0721178 0.493728
196.594 25.0434 0.0721178 0.493728
196.528 24.9979 0.0693815 0.322226
196.555 25.1087 0.0783226 0.061076
196.528 24.9979 0.0693815 0.322226
196.594 25.0434 0.0721178 0.493728
196.555 25.1087 0.0783226 0.061076
196.528 24.9979 0.0693815 0.322226
196.594 25.0434 0.0721178 0.493728
196.594 25.0434 0.0721178 0.493728
196.528 24.9979 0.0693815 0.322226
196.594 25.0434 0.0721178 0.493728
196.594 25.0434 0.0721178 0.493728
196.594 25.0434 0.0721178 0.493728
196.594 25.0434 0.0721178 0.493728
196.555 25.1087 0.0783226 0.061076
196.594 25.0434 0.0721178 0.493728
196.528 24.9979 0.0693815 0.322226
196.528 24.9979 0.0693815 0.322226
196.528 24.9979 0.0693815 0.322226
196.594 25.0434 0.0721178 0.493728
196.771 24.925 0.0615215 0.00744646
196.528 24.9979 0.0693815 0.322226
196.594 25.0434 0.0721178 0.493728
196.528 24.9979 0.0693815 0.322226
196.594 25.0434 0.0721178 0.493728
196.594 25.0434 0.0721178 0.493728
196.528 24.9979 0.0693815 0.322226
196.594 25.0434 0.0721178 0.493728
196.509 24.7281 0.0748662 0.00707411
196.594 25.0434 0.0721178 0.493728
196.477 24.8692 0.0793106 0.00990574
196.594 25.0434 0.0721178 0.493728
196.594 25.0434 0.0721178 0.493728
196.464 24.8049 0.0774036 0.00984813
196.528 24.9979 0.0693815 0.322226
196.594 25.0434 0.0721178 0.493728
196.509 24.7281 0.0748662 0.00707411
196.594 25.0434 0.0721178 0.493728
196.528 24.9979 0.0693815 0.322226
196.594 25.0434 0.0721178 0.493728
196.594 25.0434 0.0721178 0.493728
196.733 24.7703 0.062386 0.00502059
196.528 24.9979 0.0693815 0.322226
196.594 25.0434 0.0721178 0.493728
196.594 25.0434 0.0721178 0.493728
196.594 25.0434 0.0721178 0.493728
196.528 24.9979 0.0693815 0.322226
196.555 25.1087 0.0783226 0.061076
196.528 24.9979 0.0693815 0.322226
196.594 25.0434 0.0721178 0.493728
196.528 24.9979 0.0693815 0.322226
196.528 24.9979 0.0693815 0.322226
196.555 25.1087 0.0783226 0.061076
196.594 25.0434 0.0721178 0.493728
196.528 24.9979 0.0693815 0.322226
196.594 25.0434 0.0721178 0.493728
196.914 24.8707 0.0690789 0.00529246
196.594 25.0434 0.0721178 0.493728
196.528 24.9979 0.0693815 0.322226
196.532 24.8761 0.0644222 0.0239739
196.594 25.0434 0.0721178 0.493728
196.594 25.0434 0.0721178 0.493728
196.528 24.9979 0.0693815 0.322226
196.528 24.9979 0.0693815 0.322226
196.525 24.688 0.0644151 0.00133724
196.594 25.0434 0.0721178 0.493728
196.528 24.9979 0.0693815 0.322226
196.594 25.0434 0.0721178 0.493728
196.528 24.9979 0.0693815 0.322226
196.914 24.8707 0.0690789 0.00529246
196.594 25.0434 0.0721178 0.493728
196.484 24.6967 0.065722 0.00182302
196.532 24.8761 0.0644222 0.0239739
196.555 25.1087 0.0783226 0.061076
196.594 25.0434 0.0721178 0.493728
196.594 25.0434 0.0721178 0.493728
196.528 24.9979 0.0693815 0.322226
196.555 25.1087 0.0783226 0.061076
196.594 25.0434 0.0721178 0.493728
196.75 24.7743 0.0716999 0.0187546
196.528 24.9979 0.0693815 0.322226
196.532 24.8761 0.0644222 0.0239739
196.594 25.0434 0.0721178 0.493728
196.528 24.9979 0.0693815 0.322226
196.528 24.9979 0.0693815 0.322226
196.528 24.9979 0.0693815 0.322226
196.528 24.9979 0.0693815 0.322226
196.594 25.0434 0.0721178 0.493728
196.594 25.0434 0.0721178 0.493728
