156.038 -13.9819 3.30405 0.133033
156.083 -14.0238 3.30494 0.180672
156.146 -13.952 3.311 0.123544
156.29 -14.1159 3.31304 0.138497
156.29 -14.1159 3.31304 0.138497
156.038 -13.9819 3.30405 0.133033
156.419 -14.1296 3.31123 0.032725
156.233 -14.0295 3.30317 0.0154205
156.284 -13.9833 3.30625 0.0406447
156.29 -14.1159 3.31304 0.138497
156.29 -14.1159 3.31304 0.138497
156.038 -13.9819 3.30405 0.133033
156.038 -13.9819 3.30405 0.133033
156.22 -14.2529 3.31143 0.068911
156.083 -14.0238 3.30494 0.180672
156.284 -13.9833 3.30625 0.0406447
156.146 -13.952 3.311 0.123544
156.146 -13.952 3.311 0.123544
156.007 -13.8556 3.31073 0.0111201
156.255 -14.2082 3.30933 0.0906361
156.22 -14.2529 3.31143 0.068911
156.083 -14.0238 3.30494 0.180672
156.083 -14.0238 3.30494 0.180672
156.146 -13.952 3.311 0.123544
156.135 -13.9886 3.31288 0.0745541
156.255 -14.2082 3.30933 0.0906361
156.22 -14.2529 3.31143 0.068911
156.083 -14.0238 3.30494 0.180672
156.083 -14.0238 3.30494 0.180672
156.083 -14.0238 3.30494 0.180672
156.135 -13.9886 3.31288 0.0745541
156.135 -13.9886 3.31288 0.0745541
156.255 -14.2082 3.30933 0.0906361
156.038 -13.9819 3.30405 0.133033
156.22 -14.2529 3.31143 0.068911
156.083 -14.0238 3.30494 0.180672
156.233 -14.0295 3.30317 0.0154205
156.146 -13.952 3.311 0.123544
156.135 -13.9886 3.31288 0.0745541
156.386 -14.1964 3.31346 0.0437047
156.038 -13.9819 3.30405 0.133033
156.083 -14.0238 3.30494 0.180672
156.083 -14.0238 3.30494 0.180672
156.146 -13.952 3.311 0.123544
156.29 -14.1159 3.31304 0.138497
156.255 -14.2082 3.30933 0.0906361
156.038 -13.9819 3.30405 0.133033
156.038 -13.9819 3.30405 0.133033
156.22 -14.2529 3.31143 0.068911
156.083 -14.0238 3.30494 0.180672
156.29 -14.1159 3.31304 0.138497
156.255 -14.2082 3.30933 0.0906361
156.038 -13.9819 3.30405 0.133033
156.083 -14.0238 3.30494 0.180672
156.146 -13.952 3.311 0.123544
156.135 -13.9886 3.31288 0.0745541
156.135 -13.9886 3.31288 0.0745541
156.135 -13.9886 3.31288 0.0745541
156.386 -14.1964 3.31346 0.0437047
156.083 -14.0238 3.30494 0.180672
156.284 -13.9833 3.30625 0.0406447
156.135 -13.9886 3.31288 0.0745541
156.29 -14.1159 3.31304 0.138497
156.255 -14.2082 3.30933 0.0906361
156.038 -13.9819 3.30405 0.133033
156.083 -14.0238 3.30494 0.180672
156.083 -14.0238 3.30494 0.180672
156.083 -14.0238 3.30494 0.180672
156.146 -13.952 3.311 0.123544
156.135 -13.9886 3.31288 0.0745541
156.29 -14.1159 3.31304 0.138497
156.29 -14.1159 3.31304 0.138497
156.038 -13.9819 3.30405 0.133033
156.083 -14.0238 3.30494 0.180672
156.284 -13.9833 3.30625 0.0406447
156.29 -14.1159 3.31304 0.138497
156.038 -13.9819 3.30405 0.133033
156.22 -14.2529 3.31143 0.068911
156.083 -14.0238 3.30494 0.180672
156.083 -14.0238 3.30494 0.180672
156.083 -14.0238 3.30494 0.180672
156.146 -13.952 3.311 0.123544
156.255 -14.2082 3.30933 0.0906361
156.22 -14.2529 3.31143 0.068911
156.083 -14.0238 3.30494 0.180672
156.135 -13.9886 3.31288 0.0745541
156.135 -13.9886 3.31288 0.0745541
156.386 -14.1964 3.31346 0.0437047
156.22 -14.2529 3.31143 0.068911
156.284 -13.9833 3.30625 0.0406447
156.135 -13.9886 3.31288 0.0745541
156.29 -14.1159 3.31304 0.138497
155.871 -14.2661 3.30133 0.00421589
156.22 -14.2529 3.31143 0.068911
156.284 -13.9833 3.30625 0.0406447
156.135 -13.9886 3.31288 0.0745541
156.135 -13.9886 3.31288 0.0745541
156.29 -14.1159 3.31304 0.138497
156.038 -13.9819 3.30405 0.133033
156.083 -14.0238 3.30494 0.180672
