114.462 19.7165 0.0626512 0.0557093
114.462 19.7165 0.0626512 0.0557093
114.124 19.5307 0.070354 0.0729541
114.451 19.5165 0.0644903 0.0551607
114.501 19.8645 0.0655043 0.00919584
114.244 19.5999 0.0675965 0.155145
114.214 19.7512 0.0675821 0.0861233
114.214 19.7512 0.0675821 0.0861233
114.124 19.5307 0.070354 0.0729541
114.124 19.5307 0.070354 0.0729541
114.359 19.7642 0.0565269 0.0139296
114.244 19.5999 0.0675965 0.155145
114.244 19.5999 0.0675965 0.155145
114.276 19.8958 0.0748247 0.00176972
114.347 19.8812 0.0631776 0.0230187
114.353 19.4617 0.0690272 0.0606945
114.501 19.8645 0.0655043 0.00919584
114.271 19.8025 0.0637598 0.0588692
114.271 19.8025 0.0637598 0.0588692
114.5 19.4604 0.0700661 0.0114444
114.244 19.5999 0.0675965 0.155145
114.214 19.7512 0.0675821 0.0861233
114.462 19.7165 0.0626512 0.0557093
114.462 19.7165 0.0626512 0.0557093
114.494 19.7278 0.0636078 0.0408365
114.293 19.6872 0.0563147 0.0127747
114.353 19.4617 0.0690272 0.0606945
114.451 19.5165 0.0644903 0.0551607
114.271 19.8025 0.0637598 0.0588692
114.52 19.7299 0.0559309 0.00804592
114.462 19.7165 0.0626512 0.0557093
114.541 19.8324 0.0642735 0.00960485
114.353 19.4617 0.0690272 0.0606945
114.292 19.8937 0.0670987 0.0186111
114.451 19.5165 0.0644903 0.0551607
114.271 19.8025 0.0637598 0.0588692
114.244 19.5999 0.0675965 0.155145
114.315 19.8478 0.0641455 0.0383987
114.494 19.7278 0.0636078 0.0408365
114.494 19.7278 0.0636078 0.0408365
114.353 19.4617 0.0690272 0.0606945
114.428 19.6787 0.0674828 0.0700481
114.451 19.5165 0.0644903 0.0551607
114.244 19.5999 0.0675965 0.155145
114.462 19.7165 0.0626512 0.0557093
114.124 19.5307 0.070354 0.0729541
114.292 19.8937 0.0670987 0.0186111
114.244 19.5999 0.0675965 0.155145
114.462 19.7165 0.0626512 0.0557093
114.443 19.7951 0.0667109 0.0315716
114.293 19.6872 0.0563147 0.0127747
113.948 19.5861 0.0714356 0.0111984
114.5 19.4604 0.0700661 0.0114444
114.548 19.771 0.0559995 0.00550319
114.244 19.5999 0.0675965 0.155145
114.214 19.7512 0.0675821 0.0861233
114.214 19.7512 0.0675821 0.0861233
114.315 19.8478 0.0641455 0.0383987
114.293 19.6872 0.0563147 0.0127747
114.451 19.5165 0.0644903 0.0551607
114.271 19.8025 0.0637598 0.0588692
114.214 19.7512 0.0675821 0.0861233
114.443 19.7951 0.0667109 0.0315716
114.443 19.7951 0.0667109 0.0315716
114.444 19.8674 0.0611228 0.0158434
114.576 19.4489 0.0598556 0.00458374
114.428 19.6787 0.0674828 0.0700481
114.428 19.6787 0.0674828 0.0700481
114.5 19.4604 0.0700661 0.0114444
114.214 19.7512 0.0675821 0.0861233
114.347 19.8812 0.0631776 0.0230187
114.124 19.5307 0.070354 0.0729541
114.293 19.6872 0.0563147 0.0127747
114.451 19.5165 0.0644903 0.0551607
114.5 19.4604 0.0700661 0.0114444
114.244 19.5999 0.0675965 0.155145
114.462 19.7165 0.0626512 0.0557093
114.494 19.7278 0.0636078 0.0408365
114.353 19.4617 0.0690272 0.0606945
114.353 19.4617 0.0690272 0.0606945
114.504 19.8139 0.0560753 0.00594285
114.446 19.6876 0.0717588 0.0179023
114.462 19.7165 0.0626512 0.0557093
114.462 19.7165 0.0626512 0.0557093
114.28 19.7894 0.0576179 0.0144396
114.293 19.6872 0.0563147 0.0127747
114.353 19.4617 0.0690272 0.0606945
114.451 19.5165 0.0644903 0.0551607
114.244 19.5999 0.0675965 0.155145
114.244 19.5999 0.0675965 0.155145
114.315 19.8478 0.0641455 0.0383987
114.443 19.7951 0.0667109 0.0315716
114.359 19.7642 0.0565269 0.0139296
114.428 19.6787 0.0674828 0.0700481
114.5 19.4604 0.0700661 0.0114444
114.244 19.5999 0.0675965 0.155145
114.214 19.7512 0.0675821 0.0861233
114.347 19.8812 0.0631776 0.0230187
114.124 19.5307 0.070354 0.0729541
114.61 19.4366 0.0626917 0.00359972
