28.2151 8.19243 0.231398 0.176169
28.0844 8.22135 0.229328 0.337153
28.0844 8.22135 0.229328 0.337153
27.9288 8.31386 0.235158 0.212641
28.2151 8.19243 0.231398 0.176169
28.0844 8.22135 0.229328 0.337153
28.2151 8.19243 0.231398 0.176169
28.0844 8.22135 0.229328 0.337153
27.9288 8.31386 0.235158 0.212641
28.2151 8.19243 0.231398 0.176169
27.8771 8.42697 0.238572 0.0268295
28.0844 8.22135 0.229328 0.337153
28.1657 8.4286 0.225777 0.0449429
28.2787 8.21807 0.220067 0.0021673
27.9288 8.31386 0.235158 0.212641
27.9934 8.2924 0.228774 0.109511
27.9288 8.31386 0.235158 0.212641
28.2151 8.19243 0.231398 0.176169
28.0844 8.22135 0.229328 0.337153
28.0844 8.22135 0.229328 0.337153
28.5036 8.28991 0.22477 0.00236019
28.0844 8.22135 0.229328 0.337153
28.0844 8.22135 0.229328 0.337153
28.2151 8.19243 0.231398 0.176169
27.9934 8.2924 0.228774 0.109511
27.9288 8.31386 0.235158 0.212641
28.2151 8.19243 0.231398 0.176169
28.0844 8.22135 0.229328 0.337153
27.9288 8.31386 0.235158 0.212641
28.0844 8.22135 0.229328 0.337153
28.2151 8.19243 0.231398 0.176169
27.9934 8.2924 0.228774 0.109511
28.0844 8.22135 0.229328 0.337153
27.9288 8.31386 0.235158 0.212641
28.2151 8.19243 0.231398 0.176169
28.0844 8.22135 0.229328 0.337153
28.0844 8.22135 0.229328 0.337153
27.9288 8.31386 0.235158 0.212641
27.6802 8.40388 0.237096 0.00061749
28.1869 8.13576 0.223516 0.0115544
28.0844 8.22135 0.229328 0.337153
27.8771 8.42697 0.238572 0.0268295
27.9934 8.2924 0.228774 0.109511
28.0844 8.22135 0.229328 0.337153
27.9288 8.31386 0.235158 0.212641
28.0844 8.22135 0.229328 0.337153
28.1657 8.4286 0.225777 0.0449429
28.0844 8.22135 0.229328 0.337153
28.0844 8.22135 0.229328 0.337153
28.0844 8.22135 0.229328 0.337153
27.9934 8.2924 0.228774 0.109511
27.9934 8.2924 0.228774 0.109511
27.9288 8.31386 0.235158 0.212641
28.5036 8.28991 0.22477 0.00236019
27.8771 8.42697 0.238572 0.0268295
28.0844 8.22135 0.229328 0.337153
28.2151 8.19243 0.231398 0.176169
28.1657 8.4286 0.225777 0.0449429
27.9288 8.31386 0.235158 0.212641
28.2151 8.19243 0.231398 0.176169
27.9934 8.2924 0.228774 0.109511
28.0844 8.22135 0.229328 0.337153
28.2787 8.21807 0.220067 0.0021673
27.9288 8.31386 0.235158 0.212641
28.2151 8.19243 0.231398 0.176169
28.1657 8.4286 0.225777 0.0449429
27.9934 8.2924 0.228774 0.109511
27.9288 8.31386 0.235158 0.212641
28.1869 8.13576 0.223516 0.0115544
27.9934 8.2924 0.228774 0.109511
27.9288 8.31386 0.235158 0.212641
27.9288 8.31386 0.235158 0.212641
27.9288 8.31386 0.235158 0.212641
28.0844 8.22135 0.229328 0.337153
28.0844 8.22135 0.229328 0.337153
28.2151 8.19243 0.231398 0.176169
27.9288 8.31386 0.235158 0.212641
28.0844 8.22135 0.229328 0.337153
28.0844 8.22135 0.229328 0.337153
27.9434 8.3951 0.241173 0.00738762
28.0844 8.22135 0.229328 0.337153
27.9288 8.31386 0.235158 0.212641
28.0844 8.22135 0.229328 0.337153
28.2151 8.19243 0.231398 0.176169
28.0844 8.22135 0.229328 0.337153
28.0844 8.22135 0.229328 0.337153
27.9288 8.31386 0.235158 0.212641
28.0844 8.22135 0.229328 0.337153
28.1657 8.4286 0.225777 0.0449429
27.9934 8.2924 0.228774 0.109511
28.0844 8.22135 0.229328 0.337153
28.0844 8.22135 0.229328 0.337153
27.9288 8.31386 0.235158 0.212641
28.2151 8.19243 0.231398 0.176169
28.2151 8.19243 0.231398 0.176169
28.0844 8.22135 0.229328 0.337153
27.9288 8.31386 0.235158 0.212641
27.9288 8.31386 0.235158 0.212641
27.9288 8.31386 0.235158 0.212641
28.2151 8.19243 0.231398 0.176169
