83.2071 -33.2723 3.61949 0.202916
83.0882 -33.1947 3.61641 0.142199
83.0882 -33.1947 3.61641 0.142199
83.3805 -33.3516 3.61857 0.0334711
83.2507 -33.1254 3.6199 0.145396
83.2688 -33.3392 3.61841 0.153946
83.2688 -33.3392 3.61841 0.153946
83.3303 -33.3818 3.61842 0.0502541
83.2071 -33.2723 3.61949 0.202916
83.2507 -33.1254 3.6199 0.145396
83.0882 -33.1947 3.61641 0.142199
83.2778 -33.4584 3.61645 0.0583617
83.2688 -33.3392 3.61841 0.153946
83.2071 -33.2723 3.61949 0.202916
83.2071 -33.2723 3.61949 0.202916
83.2507 -33.1254 3.6199 0.145396
83.2688 -33.3392 3.61841 0.153946
83.2071 -33.2723 3.61949 0.202916
83.0882 -33.1947 3.61641 0.142199
83.2688 -33.3392 3.61841 0.153946
83.2071 -33.2723 3.61949 0.202916
83.0882 -33.1947 3.61641 0.142199
83.3303 -33.3818 3.61842 0.0502541
83.3218 -33.4913 3.61575 0.0276345
83.2507 -33.1254 3.6199 0.145396
83.0882 -33.1947 3.61641 0.142199
83.2688 -33.3392 3.61841 0.153946
83.3805 -33.3516 3.61857 0.0334711
83.2071 -33.2723 3.61949 0.202916
83.0882 -33.1947 3.61641 0.142199
83.0882 -33.1947 3.61641 0.142199
83.2688 -33.3392 3.61841 0.153946
83.0107 -33.1589 3.61505 0.0170836
83.3805 -33.3516 3.61857 0.0334711
83.2071 -33.2723 3.61949 0.202916
83.2507 -33.1254 3.6199 0.145396
83.0882 -33.1947 3.61641 0.142199
83.0186 -33.1193 3.62573 0.000838786
83.3812 -33.35 3.61203 0.0435442
83.2507 -33.1254 3.6199 0.145396
83.2507 -33.1254 3.6199 0.145396
83.2778 -33.4584 3.61645 0.0583617
83.0377 -32.9672 3.62243 0.00315278
83.318 -33.4978 3.61297 0.0421562
83.2071 -33.2723 3.61949 0.202916
83.2507 -33.1254 3.6199 0.145396
83.0882 -33.1947 3.61641 0.142199
83.3805 -33.3516 3.61857 0.0334711
83.3218 -33.4913 3.61575 0.0276345
83.3218 -33.4913 3.61575 0.0276345
83.2507 -33.1254 3.6199 0.145396
83.0882 -33.1947 3.61641 0.142199
83.3558 -33.2686 3.61073 0.0160577
83.3812 -33.35 3.61203 0.0435442
83.2507 -33.1254 3.6199 0.145396
83.0882 -33.1947 3.61641 0.142199
83.2688 -33.3392 3.61841 0.153946
83.2688 -33.3392 3.61841 0.153946
83.2688 -33.3392 3.61841 0.153946
83.2071 -33.2723 3.61949 0.202916
83.2071 -33.2723 3.61949 0.202916
83.2507 -33.1254 3.6199 0.145396
83.0882 -33.1947 3.61641 0.142199
83.2688 -33.3392 3.61841 0.153946
82.9838 -33.2124 3.61291 0.00553564
83.2071 -33.2723 3.61949 0.202916
83.2507 -33.1254 3.6199 0.145396
83.2507 -33.1254 3.6199 0.145396
83.2688 -33.3392 3.61841 0.153946
83.3812 -33.35 3.61203 0.0435442
83.2507 -33.1254 3.6199 0.145396
83.2778 -33.4584 3.61645 0.0583617
83.0107 -33.1589 3.61505 0.0170836
83.0478 -33.5462 3.61425 0.00549366
83.3218 -33.4913 3.61575 0.0276345
83.2507 -33.1254 3.6199 0.145396
83.2688 -33.3392 3.61841 0.153946
83.2064 -33.133 3.61216 0.0123722
83.3805 -33.3516 3.61857 0.0334711
83.3303 -33.3818 3.61842 0.0502541
83.2507 -33.1254 3.6199 0.145396
83.0882 -33.1947 3.61641 0.142199
83.2778 -33.4584 3.61645 0.0583617
83.2778 -33.4584 3.61645 0.0583617
83.1529 -33.136 3.62596 0.00241714
83.2071 -33.2723 3.61949 0.202916
83.0882 -33.1947 3.61641 0.142199
83.2688 -33.3392 3.61841 0.153946
83.3558 -33.2686 3.61073 0.0160577
83.318 -33.4978 3.61297 0.0421562
83.2507 -33.1254 3.6199 0.145396
83.0882 -33.1947 3.61641 0.142199
83.2064 -33.133 3.61216 0.0123722
83.318 -33.4978 3.61297 0.0421562
83.2071 -33.2723 3.61949 0.202916
83.2778 -33.4584 3.61645 0.0583617
82.9683 -33.0901 3.62147 0.00521199
83.3303 -33.3818 3.61842 0.0502541
83.2071 -33.2723 3.61949 0.202916
83.2507 -33.1254 3.6199 0.145396
