202.733 -10.9059 3.08808 0.101002
202.733 -10.9059 3.08808 0.101002
202.987 -10.8054 3.08496 0.136391
202.763 -10.7387 3.09161 0.0209161
202.907 -10.8711 3.08769 0.225453
202.733 -10.9059 3.08808 0.101002
202.987 -10.8054 3.08496 0.136391
202.907 -10.8711 3.08769 0.225453
202.884 -10.8652 3.07984 0.166168
202.987 -10.8054 3.08496 0.136391
202.707 -10.4522 3.08471 0.00081647
202.696 -10.7683 3.09155 0.0106138
202.907 -10.8711 3.08769 0.225453
202.907 -10.8711 3.08769 0.225453
203.088 -10.705 3.08888 0.0356459
202.987 -10.8054 3.08496 0.136391
202.987 -10.8054 3.08496 0.136391
202.971 -10.92 3.08918 0.135773
202.971 -10.92 3.08918 0.135773
202.907 -10.8711 3.08769 0.225453
202.907 -10.8711 3.08769 0.225453
202.733 -10.9059 3.08808 0.101002
202.987 -10.8054 3.08496 0.136391
202.696 -10.7683 3.09155 0.0106138
202.763 -10.7387 3.09161 0.0209161
202.907 -10.8711 3.08769 0.225453
202.907 -10.8711 3.08769 0.225453
202.884 -10.8652 3.07984 0.166168
202.604 -11.0206 3.0858 0.0387134
202.733 -10.9059 3.08808 0.101002
202.884 -10.8652 3.07984 0.166168
202.884 -10.8652 3.07984 0.166168
202.971 -10.92 3.08918 0.135773
202.604 -11.0206 3.0858 0.0387134
202.907 -10.8711 3.08769 0.225453
202.884 -10.8652 3.07984 0.166168
202.691 -10.6774 3.08189 0.0576238
202.987 -10.8054 3.08496 0.136391
202.864 -10.5601 3.09198 0.00676149
202.907 -10.8711 3.08769 0.225453
202.907 -10.8711 3.08769 0.225453
202.733 -10.9059 3.08808 0.101002
202.884 -10.8652 3.07984 0.166168
202.971 -10.92 3.08918 0.135773
202.907 -10.8711 3.08769 0.225453
202.691 -10.6774 3.08189 0.0576238
202.987 -10.8054 3.08496 0.136391
202.907 -10.8711 3.08769 0.225453
202.884 -10.8652 3.07984 0.166168
202.987 -10.8054 3.08496 0.136391
202.907 -10.8711 3.08769 0.225453
202.907 -10.8711 3.08769 0.225453
202.884 -10.8652 3.07984 0.166168
202.884 -10.8652 3.07984 0.166168
202.987 -10.8054 3.08496 0.136391
202.604 -11.0206 3.0858 0.0387134
202.733 -10.9059 3.08808 0.101002
202.733 -10.9059 3.08808 0.101002
202.691 -10.6774 3.08189 0.0576238
202.606 -10.9321 3.09075 0.00360682
203.065 -10.4787 3.08606 0.000764107
202.987 -10.8054 3.08496 0.136391
202.907 -10.8711 3.08769 0.225453
202.884 -10.8652 3.07984 0.166168
202.971 -10.92 3.08918 0.135773
202.733 -10.9059 3.08808 0.101002
202.716 -10.7144 3.07626 0.0302041
202.759 -10.4951 3.08437 0.00292572
203.292 -10.7991 3.089 0.00267419
202.763 -10.7387 3.09161 0.0209161
202.907 -10.8711 3.08769 0.225453
202.907 -10.8711 3.08769 0.225453
203.088 -10.705 3.08888 0.0356459
202.884 -10.8652 3.07984 0.166168
202.987 -10.8054 3.08496 0.136391
202.987 -10.8054 3.08496 0.136391
202.907 -10.8711 3.08769 0.225453
203.088 -10.705 3.08888 0.0356459
202.971 -10.92 3.08918 0.135773
202.907 -10.8711 3.08769 0.225453
203.088 -10.705 3.08888 0.0356459
202.987 -10.8054 3.08496 0.136391
202.971 -10.92 3.08918 0.135773
202.971 -10.92 3.08918 0.135773
202.599 -10.6311 3.0901 0.00154963
202.907 -10.8711 3.08769 0.225453
202.884 -10.8652 3.07984 0.166168
202.763 -10.7387 3.09161 0.0209161
203.088 -10.705 3.08888 0.0356459
202.884 -10.8652 3.07984 0.166168
202.987 -10.8054 3.08496 0.136391
202.971 -10.92 3.08918 0.135773
202.971 -10.92 3.08918 0.135773
202.907 -10.8711 3.08769 0.225453
203.088 -10.705 3.08888 0.0356459
202.987 -10.8054 3.08496 0.136391
202.987 -10.8054 3.08496 0.136391
202.907 -10.8711 3.08769 0.225453
202.907 -10.8711 3.08769 0.225453
202.716 -10.7144 3.07626 0.0302041
