56.0613 -55.3988 3.93547 0.0562341
56.1652 -55.6355 3.93445 0.371437
56.1325 -55.5751 3.93349 0.370073
56.1325 -55.5751 3.93349 0.370073
56.0848 -55.4198 3.94082 0.0427513
56.1325 -55.5751 3.93349 0.370073
56.1652 -55.6355 3.93445 0.371437
56.1652 -55.6355 3.93445 0.371437
56.1652 -55.6355 3.93445 0.371437
56.1325 -55.5751 3.93349 0.370073
56.1652 -55.6355 3.93445 0.371437
56.1325 -55.5751 3.93349 0.370073
56.1652 -55.6355 3.93445 0.371437
56.1652 -55.6355 3.93445 0.371437
56.1122 -55.7968 3.93045 0.021745
56.1652 -55.6355 3.93445 0.371437
56.1325 -55.5751 3.93349 0.370073
56.1065 -55.6045 3.92622 0.0154423
56.0613 -55.3988 3.93547 0.0562341
56.1652 -55.6355 3.93445 0.371437
56.1325 -55.5751 3.93349 0.370073
56.1652 -55.6355 3.93445 0.371437
56.0613 -55.3988 3.93547 0.0562341
56.1652 -55.6355 3.93445 0.371437
55.9737 -55.4909 3.92728 0.00381195
56.1325 -55.5751 3.93349 0.370073
56.1325 -55.5751 3.93349 0.370073
56.1652 -55.6355 3.93445 0.371437
56.1325 -55.5751 3.93349 0.370073
56.1652 -55.6355 3.93445 0.371437
56.1325 -55.5751 3.93349 0.370073
56.1325 -55.5751 3.93349 0.370073
56.1325 -55.5751 3.93349 0.370073
56.1652 -55.6355 3.93445 0.371437
56.0613 -55.3988 3.93547 0.0562341
56.0259 -55.7672 3.92733 0.00640192
56.4315 -55.6593 3.93379 0.0125289
56.1325 -55.5751 3.93349 0.370073
56.1325 -55.5751 3.93349 0.370073
56.1543 -55.363 3.94268 0.0207548
56.1652 -55.6355 3.93445 0.371437
56.1652 -55.6355 3.93445 0.371437
56.1325 -55.5751 3.93349 0.370073
56.1652 -55.6355 3.93445 0.371437
56.1652 -55.6355 3.93445 0.371437
56.1325 -55.5751 3.93349 0.370073
56.0848 -55.4198 3.94082 0.0427513
56.1325 -55.5751 3.93349 0.370073
56.1325 -55.5751 3.93349 0.370073
56.1652 -55.6355 3.93445 0.371437
56.1325 -55.5751 3.93349 0.370073
56.1325 -55.5751 3.93349 0.370073
56.1325 -55.5751 3.93349 0.370073
56.1652 -55.6355 3.93445 0.371437
56.1652 -55.6355 3.93445 0.371437
56.1325 -55.5751 3.93349 0.370073
56.1652 -55.6355 3.93445 0.371437
56.1652 -55.6355 3.93445 0.371437
56.1325 -55.5751 3.93349 0.370073
56.1325 -55.5751 3.93349 0.370073
56.1652 -55.6355 3.93445 0.371437
56.0848 -55.4198 3.94082 0.0427513
56.1325 -55.5751 3.93349 0.370073
56.1652 -55.6355 3.93445 0.371437
56.1735 -55.8466 3.93686 0.00630729
56.1325 -55.5751 3.93349 0.370073
56.1652 -55.6355 3.93445 0.371437
55.9459 -55.4822 3.93172 0.0134089
56.1325 -55.5751 3.93349 0.370073
56.1652 -55.6355 3.93445 0.371437
56.1122 -55.7968 3.93045 0.021745
56.1652 -55.6355 3.93445 0.371437
56.1325 -55.5751 3.93349 0.370073
56.1325 -55.5751 3.93349 0.370073
56.1652 -55.6355 3.93445 0.371437
56.0848 -55.4198 3.94082 0.0427513
56.1325 -55.5751 3.93349 0.370073
56.1325 -55.5751 3.93349 0.370073
56.1652 -55.6355 3.93445 0.371437
56.1652 -55.6355 3.93445 0.371437
56.1325 -55.5751 3.93349 0.370073
56.1543 -55.363 3.94268 0.0207548
56.1325 -55.5751 3.93349 0.370073
56.1325 -55.5751 3.93349 0.370073
56.1652 -55.6355 3.93445 0.371437
56.1325 -55.5751 3.93349 0.370073
56.2622 -55.55 3.9274 0.0128817
56.1652 -55.6355 3.93445 0.371437
56.1325 -55.5751 3.93349 0.370073
56.1325 -55.5751 3.93349 0.370073
56.1652 -55.6355 3.93445 0.371437
56.1325 -55.5751 3.93349 0.370073
56.1543 -55.363 3.94268 0.0207548
56.1065 -55.6045 3.92622 0.0154423
55.9459 -55.4822 3.93172 0.0134089
56.1325 -55.5751 3.93349 0.370073
56.1652 -55.6355 3.93445 0.371437
56.4315 -55.6593 3.93379 0.0125289
56.0848 -55.4198 3.94082 0.0427513
56.1325 -55.5751 3.93349 0.370073
