247.575 -18.1593 3.00527 0.069731
247.322 -17.8849 2.99142 0.0257166
247.363 -17.9977 2.99718 0.11794
247.697 -17.8873 3.00237 0.0196024
247.475 -18.0215 3.00372 0.0901652
247.375 -18.0705 3.00113 0.101235
247.349 -17.9478 3.00124 0.0635313
247.53 -18.1767 2.99963 0.0643097
247.53 -18.1767 2.99963 0.0643097
247.53 -18.1767 2.99963 0.0643097
247.41 -18.1776 3.00201 0.0694858
247.225 -18.0382 2.99483 0.0591278
247.35 -18.148 3.0039 0.0325914
247.475 -18.0215 3.00372 0.0901652
247.475 -18.0215 3.00372 0.0901652
247.375 -18.0705 3.00113 0.101235
247.575 -18.1593 3.00527 0.069731
247.628 -18.4137 3.00936 0.00222726
247.53 -18.1767 2.99963 0.0643097
247.227 -18.0467 2.99171 0.0314989
247.41 -18.1776 3.00201 0.0694858
247.225 -18.0382 2.99483 0.0591278
247.481 -18.1824 2.99454 0.0147139
247.475 -18.0215 3.00372 0.0901652
247.375 -18.0705 3.00113 0.101235
247.575 -18.1593 3.00527 0.069731
247.53 -18.1767 2.99963 0.0643097
247.363 -17.9977 2.99718 0.11794
247.363 -17.9977 2.99718 0.11794
247.184 -17.901 2.9955 0.0353869
247.697 -17.8873 3.00237 0.0196024
247.475 -18.0215 3.00372 0.0901652
247.375 -18.0705 3.00113 0.101235
247.53 -18.1767 2.99963 0.0643097
247.53 -18.1767 2.99963 0.0643097
247.322 -17.8849 2.99142 0.0257166
247.54 -18.2607 3.00377 0.0389665
247.363 -17.9977 2.99718 0.11794
247.35 -18.148 3.0039 0.0325914
247.258 -18.1361 3.00163 0.0253999
247.375 -18.0705 3.00113 0.101235
247.399 -17.7413 3.00083 0.00907766
247.53 -18.1767 2.99963 0.0643097
247.41 -18.1776 3.00201 0.0694858
247.41 -18.1776 3.00201 0.0694858
247.363 -17.9977 2.99718 0.11794
247.363 -17.9977 2.99718 0.11794
247.225 -18.0382 2.99483 0.0591278
247.475 -18.0215 3.00372 0.0901652
247.475 -18.0215 3.00372 0.0901652
247.349 -17.9478 3.00124 0.0635313
247.575 -18.0546 2.99583 0.0239357
247.227 -18.0467 2.99171 0.0314989
247.227 -18.0467 2.99171 0.0314989
247.227 -18.0467 2.99171 0.0314989
247.739 -18.2309 3.00271 0.0130209
247.322 -17.8849 2.99142 0.0257166
247.363 -17.9977 2.99718 0.11794
247.225 -18.0382 2.99483 0.0591278
247.481 -18.1824 2.99454 0.0147139
247.258 -18.1361 3.00163 0.0253999
247.375 -18.0705 3.00113 0.101235
247.575 -18.1593 3.00527 0.069731
247.399 -17.7413 3.00083 0.00907766
247.424 -18.4779 3.0051 0.00061643
247.363 -17.9977 2.99718 0.11794
247.697 -17.8873 3.00237 0.0196024
247.435 -17.7934 2.98893 0.00149925
247.475 -18.0215 3.00372 0.0901652
247.375 -18.0705 3.00113 0.101235
247.375 -18.0705 3.00113 0.101235
247.575 -18.1593 3.00527 0.069731
247.53 -18.1767 2.99963 0.0643097
247.41 -18.1776 3.00201 0.0694858
247.363 -17.9977 2.99718 0.11794
247.225 -18.0382 2.99483 0.0591278
247.35 -18.148 3.0039 0.0325914
247.475 -18.0215 3.00372 0.0901652
247.375 -18.0705 3.00113 0.101235
247.375 -18.0705 3.00113 0.101235
247.349 -17.9478 3.00124 0.0635313
247.628 -18.4137 3.00936 0.00222726
247.54 -18.2607 3.00377 0.0389665
247.363 -17.9977 2.99718 0.11794
247.225 -18.0382 2.99483 0.0591278
247.481 -18.1824 2.99454 0.0147139
247.35 -18.148 3.0039 0.0325914
247.35 -18.148 3.0039 0.0325914
247.475 -18.0215 3.00372 0.0901652
247.82 -17.9552 2.99487 0.000105811
247.575 -18.1593 3.00527 0.069731
247.227 -18.0467 2.99171 0.0314989
247.41 -18.1776 3.00201 0.0694858
247.363 -17.9977 2.99718 0.11794
247.363 -17.9977 2.99718 0.11794
247.225 -18.0382 2.99483 0.0591278
247.258 -18.1361 3.00163 0.0253999
247.375 -18.0705 3.00113 0.101235
247.575 -18.1593 3.00527 0.069731
247.575 -18.1593 3.00527 0.069731
