69.6528 -42.8432 3.81646 0.206391
69.5096 -42.8796 3.81258 0.0950562
69.6627 -42.9689 3.8219 0.156885
69.6627 -42.9689 3.8219 0.156885
69.6528 -42.8432 3.81646 0.206391
69.4472 -43.048 3.81267 0.126095
69.4472 -43.048 3.81267 0.126095
69.5393 -42.6625 3.82113 0.0887111
69.5977 -43.1259 3.8157 0.0923506
69.8299 -42.8843 3.82227 0.00881673
69.3387 -42.7149 3.81458 0.00313211
69.5393 -42.6625 3.82113 0.0887111
69.6528 -42.8432 3.81646 0.206391
69.5977 -43.1259 3.8157 0.0923506
69.4297 -42.7649 3.82805 0.0178208
69.4472 -43.048 3.81267 0.126095
69.6627 -42.9689 3.8219 0.156885
69.6922 -43.106 3.81308 0.0275412
69.5393 -42.6625 3.82113 0.0887111
69.5977 -43.1259 3.8157 0.0923506
69.5977 -43.1259 3.8157 0.0923506
69.6491 -42.8522 3.82727 0.030836
69.5096 -42.8796 3.81258 0.0950562
69.5096 -42.8796 3.81258 0.0950562
69.6627 -42.9689 3.8219 0.156885
69.6528 -42.8432 3.81646 0.206391
69.5096 -42.8796 3.81258 0.0950562
69.4472 -43.048 3.81267 0.126095
69.4377 -43.1677 3.81322 0.0323792
69.6528 -42.8432 3.81646 0.206391
69.4675 -42.9619 3.82781 0.0046578
69.6922 -43.106 3.81308 0.0275412
69.4377 -43.1677 3.81322 0.0323792
69.6528 -42.8432 3.81646 0.206391
69.5977 -43.1259 3.8157 0.0923506
69.4472 -43.048 3.81267 0.126095
69.4377 -43.1677 3.81322 0.0323792
69.3387 -42.7149 3.81458 0.00313211
69.5977 -43.1259 3.8157 0.0923506
69.5977 -43.1259 3.8157 0.0923506
69.4472 -43.048 3.81267 0.126095
69.5393 -42.6625 3.82113 0.0887111
69.6528 -42.8432 3.81646 0.206391
69.5825 -42.9521 3.80993 0.0231504
69.6627 -42.9689 3.8219 0.156885
69.5393 -42.6625 3.82113 0.0887111
69.6528 -42.8432 3.81646 0.206391
69.5096 -42.8796 3.81258 0.0950562
69.5096 -42.8796 3.81258 0.0950562
69.4472 -43.048 3.81267 0.126095
69.4472 -43.048 3.81267 0.126095
69.3387 -42.7149 3.81458 0.00313211
69.6528 -42.8432 3.81646 0.206391
69.6528 -42.8432 3.81646 0.206391
69.6528 -42.8432 3.81646 0.206391
69.5096 -42.8796 3.81258 0.0950562
69.6627 -42.9689 3.8219 0.156885
69.6922 -43.106 3.81308 0.0275412
69.7694 -42.8872 3.82369 0.0260127
69.6528 -42.8432 3.81646 0.206391
69.5096 -42.8796 3.81258 0.0950562
69.3387 -42.7149 3.81458 0.00313211
69.5393 -42.6625 3.82113 0.0887111
69.6528 -42.8432 3.81646 0.206391
69.4472 -43.048 3.81267 0.126095
69.5393 -42.6625 3.82113 0.0887111
69.5977 -43.1259 3.8157 0.0923506
69.4472 -43.048 3.81267 0.126095
69.6627 -42.9689 3.8219 0.156885
69.6528 -42.8432 3.81646 0.206391
69.6491 -42.8522 3.82727 0.030836
69.4472 -43.048 3.81267 0.126095
69.6627 -42.9689 3.8219 0.156885
69.6528 -42.8432 3.81646 0.206391
69.6528 -42.8432 3.81646 0.206391
69.5977 -43.1259 3.8157 0.0923506
69.4472 -43.048 3.81267 0.126095
69.4472 -43.048 3.81267 0.126095
69.4472 -43.048 3.81267 0.126095
69.5393 -42.6625 3.82113 0.0887111
69.5825 -42.9521 3.80993 0.0231504
69.5096 -42.8796 3.81258 0.0950562
69.5096 -42.8796 3.81258 0.0950562
69.5096 -42.8796 3.81258 0.0950562
69.6627 -42.9689 3.8219 0.156885
69.5393 -42.6625 3.82113 0.0887111
69.6528 -42.8432 3.81646 0.206391
69.4297 -42.7649 3.82805 0.0178208
69.6627 -42.9689 3.8219 0.156885
69.5393 -42.6625 3.82113 0.0887111
69.6528 -42.8432 3.81646 0.206391
69.5825 -42.9521 3.80993 0.0231504
69.5096 -42.8796 3.81258 0.0950562
69.4472 -43.048 3.81267 0.126095
69.8299 -42.8843 3.82227 0.00881673
69.6627 -42.9689 3.8219 0.156885
69.4377 -43.1677 3.81322 0.0323792
69.5977 -43.1259 3.8157 0.0923506
69.4472 -43.048 3.81267 0.126095
69.6627 -42.9689 3.8219 0.156885
