102.551 18.5911 0.070855 0.103314
102.533 18.5825 0.0666148 0.0820828
102.673 18.4255 0.0679683 0.247819
102.711 18.5501 0.0703766 0.162642
102.467 18.4402 0.0690656 0.0863315
102.673 18.4255 0.0679683 0.247819
102.673 18.4255 0.0679683 0.247819
102.711 18.5501 0.0703766 0.162642
102.919 18.6636 0.0640952 0.0108485
102.91 18.5237 0.0629262 0.0212759
102.673 18.4255 0.0679683 0.247819
102.673 18.4255 0.0679683 0.247819
102.711 18.5501 0.0703766 0.162642
102.711 18.5501 0.0703766 0.162642
102.533 18.5825 0.0666148 0.0820828
102.857 18.3829 0.0652265 0.044919
102.673 18.4255 0.0679683 0.247819
102.711 18.5501 0.0703766 0.162642
102.533 18.5825 0.0666148 0.0820828
102.912 18.5994 0.0627811 0.0155742
102.673 18.4255 0.0679683 0.247819
102.673 18.4255 0.0679683 0.247819
102.861 18.5822 0.060503 0.0117024
102.551 18.5911 0.070855 0.103314
102.467 18.4402 0.0690656 0.0863315
102.533 18.5825 0.0666148 0.0820828
102.857 18.3829 0.0652265 0.044919
102.673 18.4255 0.0679683 0.247819
102.497 18.3275 0.0661777 0.0280235
102.578 18.2168 0.069511 0.0309316
102.673 18.4255 0.0679683 0.247819
102.73 18.6189 0.0740676 0.0180526
102.711 18.5501 0.0703766 0.162642
102.711 18.5501 0.0703766 0.162642
102.533 18.5825 0.0666148 0.0820828
102.533 18.5825 0.0666148 0.0820828
102.566 18.7733 0.0610441 0.00136845
102.711 18.5501 0.0703766 0.162642
102.551 18.5911 0.070855 0.103314
102.533 18.5825 0.0666148 0.0820828
102.676 18.7832 0.0670655 0.0117666
102.623 18.3251 0.0635218 0.0241542
102.533 18.5825 0.0666148 0.0820828
102.673 18.4255 0.0679683 0.247819
102.551 18.5911 0.070855 0.103314
102.533 18.5825 0.0666148 0.0820828
102.673 18.4255 0.0679683 0.247819
102.551 18.5911 0.070855 0.103314
102.578 18.2168 0.069511 0.0309316
102.673 18.4255 0.0679683 0.247819
102.673 18.4255 0.0679683 0.247819
102.711 18.5501 0.0703766 0.162642
102.533 18.5825 0.0666148 0.0820828
102.857 18.3829 0.0652265 0.044919
102.673 18.4255 0.0679683 0.247819
102.711 18.5501 0.0703766 0.162642
102.533 18.5825 0.0666148 0.0820828
102.673 18.4255 0.0679683 0.247819
102.673 18.4255 0.0679683 0.247819
102.467 18.4402 0.0690656 0.0863315
102.91 18.5237 0.0629262 0.0212759
102.673 18.4255 0.0679683 0.247819
102.711 18.5501 0.0703766 0.162642
102.551 18.5911 0.070855 0.103314
102.91 18.5237 0.0629262 0.0212759
102.673 18.4255 0.0679683 0.247819
102.711 18.5501 0.0703766 0.162642
102.861 18.5822 0.060503 0.0117024
102.551 18.5911 0.070855 0.103314
102.706 18.5574 0.0600888 0.0144584
102.673 18.4255 0.0679683 0.247819
102.673 18.4255 0.0679683 0.247819
102.551 18.5911 0.070855 0.103314
102.673 18.4255 0.0679683 0.247819
102.711 18.5501 0.0703766 0.162642
102.711 18.5501 0.0703766 0.162642
102.533 18.5825 0.0666148 0.0820828
102.673 18.4255 0.0679683 0.247819
102.711 18.5501 0.0703766 0.162642
102.623 18.3251 0.0635218 0.0241542
102.533 18.5825 0.0666148 0.0820828
102.673 18.4255 0.0679683 0.247819
102.551 18.5911 0.070855 0.103314
102.857 18.3829 0.0652265 0.044919
102.673 18.4255 0.0679683 0.247819
102.673 18.4255 0.0679683 0.247819
102.409 18.5721 0.0643383 0.00618448
102.578 18.2168 0.069511 0.0309316
102.62 18.1314 0.0695179 0.00685539
102.673 18.4255 0.0679683 0.247819
102.467 18.4402 0.0690656 0.0863315
102.919 18.6636 0.0640952 0.0108485
102.578 18.2168 0.069511 0.0309316
102.711 18.5501 0.0703766 0.162642
102.497 18.3275 0.0661777 0.0280235
102.706 18.5574 0.0600888 0.0144584
102.673 18.4255 0.0679683 0.247819
102.673 18.4255 0.0679683 0.247819
102.467 18.4402 0.0690656 0.0863315
102.533 18.5825 0.0666148 0.0820828
