266.836 25.5837 5.76776 0.257698
266.804 25.5093 5.7586 0.0474533
266.9 25.6291 5.7546 0.0237491
266.787 25.7734 5.77047 0.12369
266.836 25.5837 5.76776 0.257698
266.836 25.5837 5.76776 0.257698
266.443 25.8984 5.76551 0.000148408
266.836 25.5837 5.76776 0.257698
266.877 25.7872 5.75986 0.0662576
266.557 25.6326 5.76472 0.0357684
266.75 25.5431 5.76474 0.224147
266.75 25.5431 5.76474 0.224147
266.867 25.6908 5.75376 0.0153043
266.787 25.7734 5.77047 0.12369
266.557 25.6326 5.76472 0.0357684
266.75 25.5431 5.76474 0.224147
266.867 25.6908 5.75376 0.0153043
266.592 25.7125 5.76123 0.0208482
266.787 25.7734 5.77047 0.12369
266.836 25.5837 5.76776 0.257698
266.877 25.7872 5.75986 0.0662576
266.867 25.6908 5.75376 0.0153043
266.836 25.5837 5.76776 0.257698
266.775 25.5204 5.75596 0.0153329
266.75 25.5431 5.76474 0.224147
266.836 25.5837 5.76776 0.257698
266.557 25.6326 5.76472 0.0357684
266.75 25.5431 5.76474 0.224147
266.787 25.7734 5.77047 0.12369
266.877 25.7872 5.75986 0.0662576
266.867 25.6908 5.75376 0.0153043
266.836 25.5837 5.76776 0.257698
266.75 25.5431 5.76474 0.224147
266.836 25.5837 5.76776 0.257698
266.822 25.8201 5.76935 0.0673524
266.775 25.8068 5.75919 0.0404256
266.836 25.5837 5.76776 0.257698
266.9 25.6291 5.7546 0.0237491
266.836 25.5837 5.76776 0.257698
266.836 25.5837 5.76776 0.257698
266.75 25.5431 5.76474 0.224147
266.787 25.7734 5.77047 0.12369
266.787 25.7734 5.77047 0.12369
266.836 25.5837 5.76776 0.257698
266.877 25.7872 5.75986 0.0662576
266.75 25.5431 5.76474 0.224147
266.787 25.7734 5.77047 0.12369
266.775 25.8068 5.75919 0.0404256
266.557 25.6326 5.76472 0.0357684
266.75 25.5431 5.76474 0.224147
266.787 25.7734 5.77047 0.12369
266.877 25.7872 5.75986 0.0662576
266.557 25.6326 5.76472 0.0357684
266.822 25.8201 5.76935 0.0673524
266.75 25.5431 5.76474 0.224147
266.836 25.5837 5.76776 0.257698
266.836 25.5837 5.76776 0.257698
266.822 25.8201 5.76935 0.0673524
266.775 25.8068 5.75919 0.0404256
266.822 25.8201 5.76935 0.0673524
266.787 25.7734 5.77047 0.12369
266.836 25.5837 5.76776 0.257698
266.75 25.5431 5.76474 0.224147
266.75 25.5431 5.76474 0.224147
266.787 25.7734 5.77047 0.12369
266.787 25.7734 5.77047 0.12369
266.836 25.5837 5.76776 0.257698
266.804 25.5093 5.7586 0.0474533
266.75 25.5431 5.76474 0.224147
266.836 25.5837 5.76776 0.257698
266.836 25.5837 5.76776 0.257698
266.75 25.5431 5.76474 0.224147
266.836 25.5837 5.76776 0.257698
266.557 25.6326 5.76472 0.0357684
266.75 25.5431 5.76474 0.224147
266.787 25.7734 5.77047 0.12369
266.877 25.7872 5.75986 0.0662576
266.75 25.5431 5.76474 0.224147
266.836 25.5837 5.76776 0.257698
266.775 25.5204 5.75596 0.0153329
266.867 25.6908 5.75376 0.0153043
266.787 25.7734 5.77047 0.12369
266.775 25.8068 5.75919 0.0404256
266.877 25.7872 5.75986 0.0662576
266.75 25.5431 5.76474 0.224147
266.836 25.5837 5.76776 0.257698
266.804 25.5093 5.7586 0.0474533
266.75 25.5431 5.76474 0.224147
266.836 25.5837 5.76776 0.257698
266.75 25.5431 5.76474 0.224147
266.867 25.6908 5.75376 0.0153043
266.839 25.9173 5.77433 0.00176447
266.787 25.7734 5.77047 0.12369
266.836 25.5837 5.76776 0.257698
266.836 25.5837 5.76776 0.257698
266.75 25.5431 5.76474 0.224147
266.787 25.7734 5.77047 0.12369
266.787 25.7734 5.77047 0.12369
266.836 25.5837 5.76776 0.257698
266.877 25.7872 5.75986 0.0662576
