48.6519 -61.8863 3.93516 0.0593808
48.5128 -61.9453 3.93534 0.189534
48.5128 -61.9453 3.93534 0.189534
48.5191 -61.9755 3.92707 0.33142
48.5128 -61.9453 3.93534 0.189534
48.556 -62.0474 3.92255 0.0498198
48.5128 -61.9453 3.93534 0.189534
48.4536 -62.2826 3.92801 0.0641651
48.5191 -61.9755 3.92707 0.33142
48.4536 -62.2826 3.92801 0.0641651
48.5191 -61.9755 3.92707 0.33142
48.5191 -61.9755 3.92707 0.33142
48.556 -62.0474 3.92255 0.0498198
48.5787 -61.6977 3.93476 0.00180472
48.3695 -62.0649 3.93284 0.164638
48.5191 -61.9755 3.92707 0.33142
48.5191 -61.9755 3.92707 0.33142
48.3695 -62.0649 3.93284 0.164638
48.5191 -61.9755 3.92707 0.33142
48.4536 -62.2826 3.92801 0.0641651
48.5191 -61.9755 3.92707 0.33142
48.5128 -61.9453 3.93534 0.189534
48.5128 -61.9453 3.93534 0.189534
48.3695 -62.0649 3.93284 0.164638
48.5191 -61.9755 3.92707 0.33142
48.5191 -61.9755 3.92707 0.33142
48.4536 -62.2826 3.92801 0.0641651
48.5191 -61.9755 3.92707 0.33142
48.5191 -61.9755 3.92707 0.33142
48.3695 -62.0649 3.93284 0.164638
48.5191 -61.9755 3.92707 0.33142
48.3695 -62.0649 3.93284 0.164638
48.5191 -61.9755 3.92707 0.33142
48.5128 -61.9453 3.93534 0.189534
48.5128 -61.9453 3.93534 0.189534
48.3695 -62.0649 3.93284 0.164638
48.5191 -61.9755 3.92707 0.33142
48.2381 -62.0325 3.92629 0.0226796
48.3695 -62.0649 3.93284 0.164638
48.5191 -61.9755 3.92707 0.33142
48.5128 -61.9453 3.93534 0.189534
48.5128 -61.9453 3.93534 0.189534
48.3695 -62.0649 3.93284 0.164638
48.5191 -61.9755 3.92707 0.33142
48.3695 -62.0649 3.93284 0.164638
48.5191 -61.9755 3.92707 0.33142
48.5191 -61.9755 3.92707 0.33142
48.5191 -61.9755 3.92707 0.33142
48.5128 -61.9453 3.93534 0.189534
48.4536 -62.2826 3.92801 0.0641651
48.6519 -61.8863 3.93516 0.0593808
48.5191 -61.9755 3.92707 0.33142
48.3695 -62.0649 3.93284 0.164638
48.3695 -62.0649 3.93284 0.164638
48.5191 -61.9755 3.92707 0.33142
48.5128 -61.9453 3.93534 0.189534
48.724 -62.0212 3.92587 0.0165555
48.5191 -61.9755 3.92707 0.33142
48.3695 -62.0649 3.93284 0.164638
48.5191 -61.9755 3.92707 0.33142
48.3695 -62.0649 3.93284 0.164638
48.556 -62.0474 3.92255 0.0498198
48.5128 -61.9453 3.93534 0.189534
48.6252 -62.2544 3.92841 0.0500647
48.5191 -61.9755 3.92707 0.33142
48.3695 -62.0649 3.93284 0.164638
48.6252 -62.2544 3.92841 0.0500647
48.5191 -61.9755 3.92707 0.33142
48.3695 -62.0649 3.93284 0.164638
48.3831 -61.8274 3.92415 0.0039408
48.5191 -61.9755 3.92707 0.33142
48.5606 -62.1808 3.91999 0.0078933
48.4536 -62.2826 3.92801 0.0641651
48.3695 -62.0649 3.93284 0.164638
48.3695 -62.0649 3.93284 0.164638
48.6252 -62.2544 3.92841 0.0500647
48.5191 -61.9755 3.92707 0.33142
48.4536 -62.2826 3.92801 0.0641651
48.3695 -62.0649 3.93284 0.164638
48.3695 -62.0649 3.93284 0.164638
48.6519 -61.8863 3.93516 0.0593808
48.5191 -61.9755 3.92707 0.33142
48.6519 -61.8863 3.93516 0.0593808
48.5787 -61.6977 3.93476 0.00180472
48.5128 -61.9453 3.93534 0.189534
48.5191 -61.9755 3.92707 0.33142
48.5191 -61.9755 3.92707 0.33142
48.5128 -61.9453 3.93534 0.189534
48.3695 -62.0649 3.93284 0.164638
48.6252 -62.2544 3.92841 0.0500647
48.724 -62.0212 3.92587 0.0165555
48.5128 -61.9453 3.93534 0.189534
48.5128 -61.9453 3.93534 0.189534
48.5191 -61.9755 3.92707 0.33142
48.5191 -61.9755 3.92707 0.33142
48.4536 -62.2826 3.92801 0.0641651
48.3695 -62.0649 3.93284 0.164638
48.5191 -61.9755 3.92707 0.33142
48.3695 -62.0649 3.93284 0.164638
48.5191 -61.9755 3.92707 0.33142
