271.603 -13.2838 3.93636 0.0167057
271.4 -12.9351 3.93618 0.128825
271.4 -12.9351 3.93618 0.128825
271.532 -13.0214 3.93243 0.172873
271.323 -12.8932 3.93284 0.075307
271.323 -12.8932 3.93284 0.075307
271.382 -13.0735 3.93086 0.130508
271.461 -12.7442 3.93264 0.019019
271.532 -13.0214 3.93243 0.172873
271.468 -12.9692 3.93786 0.214054
271.382 -13.0735 3.93086 0.130508
271.382 -13.0735 3.93086 0.130508
271.498 -13.196 3.93371 0.0631536
271.532 -13.0214 3.93243 0.172873
271.214 -13.113 3.92959 0.0284205
271.468 -12.9692 3.93786 0.214054
271.4 -12.9351 3.93618 0.128825
271.211 -12.9861 3.92148 0.00720891
271.382 -13.0735 3.93086 0.130508
271.4 -12.9351 3.93618 0.128825
271.615 -12.8311 3.94282 0.079312
271.532 -13.0214 3.93243 0.172873
271.323 -12.8932 3.93284 0.075307
271.323 -12.8932 3.93284 0.075307
271.4 -12.9351 3.93618 0.128825
271.4 -12.9351 3.93618 0.128825
271.498 -13.196 3.93371 0.0631536
271.615 -12.8311 3.94282 0.079312
271.615 -12.8311 3.94282 0.079312
271.532 -13.0214 3.93243 0.172873
271.532 -13.0214 3.93243 0.172873
271.214 -13.113 3.92959 0.0284205
271.214 -13.113 3.92959 0.0284205
271.468 -12.9692 3.93786 0.214054
271.468 -12.9692 3.93786 0.214054
271.4 -12.9351 3.93618 0.128825
271.615 -12.8311 3.94282 0.079312
271.468 -12.9692 3.93786 0.214054
271.4 -12.9351 3.93618 0.128825
271.498 -13.196 3.93371 0.0631536
271.532 -13.0214 3.93243 0.172873
271.468 -12.9692 3.93786 0.214054
271.468 -12.9692 3.93786 0.214054
271.382 -13.0735 3.93086 0.130508
271.498 -13.196 3.93371 0.0631536
271.532 -13.0214 3.93243 0.172873
271.468 -12.9692 3.93786 0.214054
271.4 -12.9351 3.93618 0.128825
271.498 -13.196 3.93371 0.0631536
271.498 -13.196 3.93371 0.0631536
271.532 -13.0214 3.93243 0.172873
271.323 -12.8932 3.93284 0.075307
271.382 -13.0735 3.93086 0.130508
271.498 -13.196 3.93371 0.0631536
271.214 -13.113 3.92959 0.0284205
271.323 -12.8932 3.93284 0.075307
271.468 -12.9692 3.93786 0.214054
271.382 -13.0735 3.93086 0.130508
271.281 -13.1612 3.93647 0.00671072
271.468 -12.9692 3.93786 0.214054
271.4 -12.9351 3.93618 0.128825
271.615 -12.8311 3.94282 0.079312
271.468 -12.9692 3.93786 0.214054
271.27 -13.3106 3.92852 0.001642
271.4 -12.9351 3.93618 0.128825
271.4 -12.9351 3.93618 0.128825
271.23 -13.1753 3.93179 0.0121672
271.532 -13.0214 3.93243 0.172873
271.532 -13.0214 3.93243 0.172873
271.468 -12.9692 3.93786 0.214054
271.382 -13.0735 3.93086 0.130508
271.4 -12.9351 3.93618 0.128825
271.532 -13.0214 3.93243 0.172873
271.532 -13.0214 3.93243 0.172873
271.323 -12.8932 3.93284 0.075307
271.468 -12.9692 3.93786 0.214054
271.382 -13.0735 3.93086 0.130508
271.498 -13.196 3.93371 0.0631536
271.532 -13.0214 3.93243 0.172873
271.532 -13.0214 3.93243 0.172873
271.468 -12.9692 3.93786 0.214054
271.468 -12.9692 3.93786 0.214054
271.219 -12.8328 3.92582 0.0145046
270.949 -12.8181 3.91871 0.000481044
271.382 -13.0735 3.93086 0.130508
271.498 -13.196 3.93371 0.0631536
271.532 -13.0214 3.93243 0.172873
271.214 -13.113 3.92959 0.0284205
271.468 -12.9692 3.93786 0.214054
271.382 -13.0735 3.93086 0.130508
271.532 -13.0214 3.93243 0.172873
271.323 -12.8932 3.93284 0.075307
271.382 -13.0735 3.93086 0.130508
271.382 -13.0735 3.93086 0.130508
271.382 -13.0735 3.93086 0.130508
271.461 -12.7442 3.93264 0.019019
271.323 -12.8932 3.93284 0.075307
271.4 -12.9351 3.93618 0.128825
271.532 -13.0214 3.93243 0.172873
271.468 -12.9692 3.93786 0.214054
