231.371 -14.8119 2.90287 0.0703142
231.59 -14.9394 2.90015 0.0120405
231.63 -14.7351 2.90511 0.435383
231.631 -14.9761 2.9165 0.0822106
231.394 -15.0265 2.89852 0.0151442
231.63 -14.7351 2.90511 0.435383
231.63 -14.7351 2.90511 0.435383
231.63 -14.7351 2.90511 0.435383
231.582 -14.8907 2.9013 0.0430114
231.63 -14.7351 2.90511 0.435383
231.59 -14.9394 2.90015 0.0120405
231.63 -14.7351 2.90511 0.435383
231.302 -14.8276 2.89661 0.0121997
231.371 -14.8119 2.90287 0.0703142
231.546 -14.9493 2.9021 0.042708
231.63 -14.7351 2.90511 0.435383
231.884 -15.002 2.90788 0.0414672
231.63 -14.7351 2.90511 0.435383
231.631 -14.9761 2.9165 0.0822106
231.63 -14.7351 2.90511 0.435383
231.63 -14.7351 2.90511 0.435383
231.63 -14.7351 2.90511 0.435383
231.63 -14.7351 2.90511 0.435383
231.63 -14.7351 2.90511 0.435383
231.749 -14.9909 2.90644 0.095599
231.631 -14.9761 2.9165 0.0822106
231.63 -14.7351 2.90511 0.435383
231.631 -14.9761 2.9165 0.0822106
231.631 -14.9761 2.9165 0.0822106
231.63 -14.7351 2.90511 0.435383
231.63 -14.7351 2.90511 0.435383
231.371 -14.8119 2.90287 0.0703142
231.63 -14.7351 2.90511 0.435383
231.63 -14.7351 2.90511 0.435383
231.63 -14.7351 2.90511 0.435383
231.63 -14.7351 2.90511 0.435383
231.749 -14.9909 2.90644 0.095599
231.749 -14.9909 2.90644 0.095599
231.63 -14.7351 2.90511 0.435383
231.26 -14.966 2.90027 0.0290412
231.63 -14.7351 2.90511 0.435383
231.63 -14.7351 2.90511 0.435383
231.26 -14.966 2.90027 0.0290412
231.63 -14.7351 2.90511 0.435383
231.371 -14.8119 2.90287 0.0703142
231.63 -14.7351 2.90511 0.435383
231.221 -14.8747 2.90455 0.0105217
231.532 -14.8238 2.89793 0.00688472
231.63 -14.7351 2.90511 0.435383
231.363 -14.8503 2.8945 0.00408811
231.63 -14.7351 2.90511 0.435383
231.631 -14.9761 2.9165 0.0822106
231.63 -14.7351 2.90511 0.435383
231.631 -14.9761 2.9165 0.0822106
231.26 -14.966 2.90027 0.0290412
231.26 -14.966 2.90027 0.0290412
231.498 -14.8408 2.89969 0.025601
231.63 -14.7351 2.90511 0.435383
231.59 -14.9394 2.90015 0.0120405
231.394 -15.0265 2.89852 0.0151442
231.852 -14.5827 2.90143 0.0019042
231.63 -14.7351 2.90511 0.435383
231.498 -14.8408 2.89969 0.025601
231.749 -14.9909 2.90644 0.095599
231.63 -14.7351 2.90511 0.435383
231.63 -14.7351 2.90511 0.435383
231.749 -14.9909 2.90644 0.095599
231.63 -14.7351 2.90511 0.435383
231.63 -14.7351 2.90511 0.435383
231.63 -14.7351 2.90511 0.435383
231.371 -14.8119 2.90287 0.0703142
231.63 -14.7351 2.90511 0.435383
231.63 -14.7351 2.90511 0.435383
231.63 -14.7351 2.90511 0.435383
231.582 -14.8907 2.9013 0.0430114
232.161 -15.0322 2.91677 0.00523646
231.546 -14.9493 2.9021 0.042708
231.63 -14.7351 2.90511 0.435383
231.63 -14.7351 2.90511 0.435383
232.238 -14.7866 2.9192 0.00920077
231.546 -14.9493 2.9021 0.042708
231.63 -14.7351 2.90511 0.435383
231.582 -14.8907 2.9013 0.0430114
231.582 -14.8907 2.9013 0.0430114
232.238 -14.7866 2.9192 0.00920077
231.63 -14.7351 2.90511 0.435383
231.63 -14.7351 2.90511 0.435383
231.631 -14.9761 2.9165 0.0822106
231.63 -14.7351 2.90511 0.435383
231.884 -15.002 2.90788 0.0414672
231.749 -14.9909 2.90644 0.095599
231.749 -14.9909 2.90644 0.095599
231.63 -14.7351 2.90511 0.435383
232.238 -14.7866 2.9192 0.00920077
231.749 -14.9909 2.90644 0.095599
231.546 -14.9493 2.9021 0.042708
231.63 -14.7351 2.90511 0.435383
231.582 -14.8907 2.9013 0.0430114
231.63 -14.7351 2.90511 0.435383
231.26 -14.966 2.90027 0.0290412
