-35.6594 -29.1113 1.24406 0.023781
-35.5866 -29.1946 1.24168 0.0983751
-35.4177 -29.3216 1.2458 0.131975
-35.5154 -29.4076 1.24461 0.0357963
-35.2393 -29.233 1.24376 0.0656696
-35.3761 -29.0981 1.23513 0.0650694
-35.2921 -29.3141 1.24805 0.0418121
-35.4177 -29.3216 1.2458 0.131975
-35.5154 -29.4076 1.24461 0.0357963
-35.5166 -29.2375 1.24202 0.170688
-35.3761 -29.0981 1.23513 0.0650694
-35.2157 -29.2371 1.24218 0.0457413
-35.2157 -29.2371 1.24218 0.0457413
-35.5866 -29.1946 1.24168 0.0983751
-35.4177 -29.3216 1.2458 0.131975
-35.4177 -29.3216 1.2458 0.131975
-35.4364 -29.4103 1.25088 0.018297
-35.2393 -29.233 1.24376 0.0656696
-35.2393 -29.233 1.24376 0.0656696
-35.3708 -29.2302 1.24983 0.0367688
-35.5866 -29.1946 1.24168 0.0983751
-35.587 -29.1403 1.24274 0.0989632
-35.5166 -29.2375 1.24202 0.170688
-35.2755 -28.8677 1.23699 0.0104264
-35.5866 -29.1946 1.24168 0.0983751
-35.4177 -29.3216 1.2458 0.131975
-35.587 -29.1403 1.24274 0.0989632
-35.5154 -29.4076 1.24461 0.0357963
-35.5166 -29.2375 1.24202 0.170688
-35.4473 -28.8432 1.23467 0.0109509
-35.2104 -29.3197 1.24219 0.0204757
-35.4177 -29.3216 1.2458 0.131975
-35.4177 -29.3216 1.2458 0.131975
-35.5154 -29.4076 1.24461 0.0357963
-35.5166 -29.2375 1.24202 0.170688
-35.3708 -29.2302 1.24983 0.0367688
-35.2921 -29.3141 1.24805 0.0418121
-35.4177 -29.3216 1.2458 0.131975
-35.4177 -29.3216 1.2458 0.131975
-35.4177 -29.3216 1.2458 0.131975
-35.4177 -29.3216 1.2458 0.131975
-35.5154 -29.4076 1.24461 0.0357963
-35.3554 -29.2525 1.23663 0.0344891
-35.5166 -29.2375 1.24202 0.170688
-35.2104 -29.3197 1.24219 0.0204757
-35.5866 -29.1946 1.24168 0.0983751
-35.4177 -29.3216 1.2458 0.131975
-35.588 -29.2974 1.25272 0.00396582
-35.2393 -29.233 1.24376 0.0656696
-35.2393 -29.233 1.24376 0.0656696
-35.3761 -29.0981 1.23513 0.0650694
-35.3761 -29.0981 1.23513 0.0650694
-35.6205 -29.3011 1.24998 0.0116719
-35.5866 -29.1946 1.24168 0.0983751
-35.2921 -29.3141 1.24805 0.0418121
-35.587 -29.1403 1.24274 0.0989632
-35.5166 -29.2375 1.24202 0.170688
-35.5166 -29.2375 1.24202 0.170688
-35.5711 -29.3455 1.23664 0.00315118
-35.2104 -29.3197 1.24219 0.0204757
-35.6594 -29.1113 1.24406 0.023781
-35.5457 -29.109 1.23294 0.00932332
-35.5166 -29.2375 1.24202 0.170688
-35.2393 -29.233 1.24376 0.0656696
-35.5866 -29.1946 1.24168 0.0983751
-35.4177 -29.3216 1.2458 0.131975
-35.5154 -29.4076 1.24461 0.0357963
-35.5166 -29.2375 1.24202 0.170688
-35.5166 -29.2375 1.24202 0.170688
-35.3761 -29.0981 1.23513 0.0650694
-35.5866 -29.1946 1.24168 0.0983751
-35.4177 -29.3216 1.2458 0.131975
-35.4177 -29.3216 1.2458 0.131975
-35.587 -29.1403 1.24274 0.0989632
-35.511 -28.8586 1.23518 0.0109749
-35.5166 -29.2375 1.24202 0.170688
-35.5711 -29.3455 1.23664 0.00315118
-35.6205 -29.3011 1.24998 0.0116719
-35.4177 -29.3216 1.2458 0.131975
-35.4177 -29.3216 1.2458 0.131975
-35.5166 -29.2375 1.24202 0.170688
-35.5166 -29.2375 1.24202 0.170688
-35.3761 -29.0981 1.23513 0.0650694
-35.2157 -29.2371 1.24218 0.0457413
-35.5866 -29.1946 1.24168 0.0983751
-35.587 -29.1403 1.24274 0.0989632
-35.587 -29.1403 1.24274 0.0989632
-35.5154 -29.4076 1.24461 0.0357963
-35.5166 -29.2375 1.24202 0.170688
-35.2755 -28.8677 1.23699 0.0104264
-35.5866 -29.1946 1.24168 0.0983751
-35.5866 -29.1946 1.24168 0.0983751
-35.4177 -29.3216 1.2458 0.131975
-35.587 -29.1403 1.24274 0.0989632
-35.4761 -29.0463 1.24766 0.0205952
-35.5166 -29.2375 1.24202 0.170688
-35.2393 -29.233 1.24376 0.0656696
-35.2157 -29.2371 1.24218 0.0457413
-35.2921 -29.3141 1.24805 0.0418121
-35.3554 -29.2525 1.23663 0.0344891
