42.8383 12.0231 0.137623 0.133316
42.6336 11.8802 0.144631 0.169823
42.8699 12.148 0.142526 0.147971
42.8699 12.148 0.142526 0.147971
42.8188 12.2283 0.148238 0.0122238
42.9125 11.8975 0.142275 0.109139
42.7253 12.0664 0.139326 0.166139
42.6933 12.3348 0.146633 0.00663121
42.8699 12.148 0.142526 0.147971
42.8325 12.2236 0.139433 0.0231693
42.7253 12.0664 0.139326 0.166139
42.6507 12.1511 0.150852 0.0366788
42.6336 11.8802 0.144631 0.169823
42.7841 11.8458 0.136271 0.0199344
42.7841 11.8458 0.136271 0.0199344
42.7253 12.0664 0.139326 0.166139
42.8383 12.0231 0.137623 0.133316
42.8383 12.0231 0.137623 0.133316
42.6336 11.8802 0.144631 0.169823
42.6336 11.8802 0.144631 0.169823
42.8699 12.148 0.142526 0.147971
42.7101 12.2444 0.139997 0.0126324
42.7253 12.0664 0.139326 0.166139
42.8383 12.0231 0.137623 0.133316
42.6336 11.8802 0.144631 0.169823
42.8699 12.148 0.142526 0.147971
42.9125 11.8975 0.142275 0.109139
42.9125 11.8975 0.142275 0.109139
42.7253 12.0664 0.139326 0.166139
42.8383 12.0231 0.137623 0.133316
42.5854 11.9451 0.137389 0.00344799
42.8699 12.148 0.142526 0.147971
42.8188 12.2283 0.148238 0.0122238
42.9125 11.8975 0.142275 0.109139
42.7253 12.0664 0.139326 0.166139
42.8383 12.0231 0.137623 0.133316
42.4456 12.0437 0.148005 0.0377649
42.8699 12.148 0.142526 0.147971
42.7101 12.2444 0.139997 0.0126324
42.4466 12.2129 0.148747 0.0109979
42.7253 12.0664 0.139326 0.166139
42.6507 12.1511 0.150852 0.0366788
42.6507 12.1511 0.150852 0.0366788
42.6567 12.2202 0.150596 0.0193609
42.8699 12.148 0.142526 0.147971
42.9125 11.8975 0.142275 0.109139
42.9125 11.8975 0.142275 0.109139
42.7253 12.0664 0.139326 0.166139
42.6933 12.3348 0.146633 0.00663121
42.8699 12.148 0.142526 0.147971
42.9125 11.8975 0.142275 0.109139
42.9125 11.8975 0.142275 0.109139
42.7253 12.0664 0.139326 0.166139
42.6507 12.1511 0.150852 0.0366788
42.6336 11.8802 0.144631 0.169823
42.8843 11.8455 0.147053 0.00502562
42.7841 11.8458 0.136271 0.0199344
42.7253 12.0664 0.139326 0.166139
42.4456 12.0437 0.148005 0.0377649
42.6336 11.8802 0.144631 0.169823
42.6336 11.8802 0.144631 0.169823
42.8699 12.148 0.142526 0.147971
42.7253 12.0664 0.139326 0.166139
42.7253 12.0664 0.139326 0.166139
42.6507 12.1511 0.150852 0.0366788
42.8699 12.148 0.142526 0.147971
42.8699 12.148 0.142526 0.147971
42.7841 11.8458 0.136271 0.0199344
42.7841 11.8458 0.136271 0.0199344
42.7253 12.0664 0.139326 0.166139
42.8383 12.0231 0.137623 0.133316
42.6336 11.8802 0.144631 0.169823
42.8699 12.148 0.142526 0.147971
42.9125 11.8975 0.142275 0.109139
42.8383 12.0231 0.137623 0.133316
42.8383 12.0231 0.137623 0.133316
42.6336 11.8802 0.144631 0.169823
42.8699 12.148 0.142526 0.147971
42.9125 11.8975 0.142275 0.109139
42.8383 12.0231 0.137623 0.133316
42.6336 11.8802 0.144631 0.169823
42.8843 11.8455 0.147053 0.00502562
42.8699 12.148 0.142526 0.147971
42.8325 12.2236 0.139433 0.0231693
42.9125 11.8975 0.142275 0.109139
42.7253 12.0664 0.139326 0.166139
42.8383 12.0231 0.137623 0.133316
42.6336 11.8802 0.144631 0.169823
42.8699 12.148 0.142526 0.147971
42.7101 12.2444 0.139997 0.0126324
42.4466 12.2129 0.148747 0.0109979
42.7253 12.0664 0.139326 0.166139
42.8383 12.0231 0.137623 0.133316
42.8383 12.0231 0.137623 0.133316
42.6336 11.8802 0.144631 0.169823
42.8699 12.148 0.142526 0.147971
42.8699 12.148 0.142526 0.147971
42.7841 11.8458 0.136271 0.0199344
42.7841 11.8458 0.136271 0.0199344
42.7253 12.0664 0.139326 0.166139
