249.639 29.3691 0.0595756 0.00179919
249.429 29.2422 0.0545208 0.193529
249.482 29.3742 0.0537005 0.0384315
249.462 29.2504 0.0542446 0.18119
249.481 28.9653 0.0632943 0.0371131
249.274 29.0116 0.0600021 0.0826231
249.429 29.2422 0.0545208 0.193529
249.462 29.2504 0.0542446 0.18119
249.462 29.2504 0.0542446 0.18119
249.462 29.2504 0.0542446 0.18119
249.444 28.9901 0.0574268 0.0952074
249.571 29.1369 0.0603018 0.084231
249.482 29.3742 0.0537005 0.0384315
249.462 29.2504 0.0542446 0.18119
249.481 28.9653 0.0632943 0.0371131
249.313 29.3964 0.0602905 0.00705549
249.363 29.1358 0.0533865 0.0670774
249.429 29.2422 0.0545208 0.193529
249.084 28.9526 0.0615553 0.000824427
249.462 29.2504 0.0542446 0.18119
249.571 29.1369 0.0603018 0.084231
249.429 29.2422 0.0545208 0.193529
249.462 29.2504 0.0542446 0.18119
249.444 28.9901 0.0574268 0.0952074
249.313 29.3964 0.0602905 0.00705549
249.363 29.1358 0.0533865 0.0670774
249.558 29.1113 0.0612181 0.0748768
249.558 29.1113 0.0612181 0.0748768
249.644 29.088 0.056774 0.0324202
249.462 29.2504 0.0542446 0.18119
249.274 29.0116 0.0600021 0.0826231
249.571 29.1369 0.0603018 0.084231
249.429 29.2422 0.0545208 0.193529
249.558 29.1113 0.0612181 0.0748768
249.462 29.2504 0.0542446 0.18119
249.274 29.0116 0.0600021 0.0826231
249.113 29.118 0.0599509 0.00568615
249.571 29.1369 0.0603018 0.084231
249.363 29.1358 0.0533865 0.0670774
249.429 29.2422 0.0545208 0.193529
249.429 29.2422 0.0545208 0.193529
249.462 29.2504 0.0542446 0.18119
249.444 28.9901 0.0574268 0.0952074
249.481 28.9653 0.0632943 0.0371131
249.429 29.2422 0.0545208 0.193529
249.462 29.2504 0.0542446 0.18119
249.462 29.2504 0.0542446 0.18119
249.462 29.2504 0.0542446 0.18119
249.462 29.2504 0.0542446 0.18119
249.571 29.1369 0.0603018 0.084231
249.482 29.3742 0.0537005 0.0384315
249.558 29.1113 0.0612181 0.0748768
249.644 29.088 0.056774 0.0324202
249.444 28.9901 0.0574268 0.0952074
249.274 29.0116 0.0600021 0.0826231
249.429 29.2422 0.0545208 0.193529
249.462 29.2504 0.0542446 0.18119
249.274 29.0116 0.0600021 0.0826231
249.4 29.3285 0.0621442 0.0211877
249.429 29.2422 0.0545208 0.193529
249.429 29.2422 0.0545208 0.193529
249.558 29.1113 0.0612181 0.0748768
249.444 28.9901 0.0574268 0.0952074
249.615 29.2197 0.0511829 0.0263426
249.4 29.3285 0.0621442 0.0211877
249.429 29.2422 0.0545208 0.193529
249.429 29.2422 0.0545208 0.193529
249.462 29.2504 0.0542446 0.18119
249.615 29.2197 0.0511829 0.0263426
249.429 29.2422 0.0545208 0.193529
249.429 29.2422 0.0545208 0.193529
249.482 29.3742 0.0537005 0.0384315
249.462 29.2504 0.0542446 0.18119
249.481 28.9653 0.0632943 0.0371131
249.429 29.2422 0.0545208 0.193529
249.429 29.2422 0.0545208 0.193529
249.429 29.2422 0.0545208 0.193529
249.462 29.2504 0.0542446 0.18119
249.274 29.0116 0.0600021 0.0826231
249.615 29.2197 0.0511829 0.0263426
249.429 29.2422 0.0545208 0.193529
249.429 29.2422 0.0545208 0.193529
249.462 29.2504 0.0542446 0.18119
249.615 29.2197 0.0511829 0.0263426
249.571 29.1369 0.0603018 0.084231
249.429 29.2422 0.0545208 0.193529
249.644 29.088 0.056774 0.0324202
249.462 29.2504 0.0542446 0.18119
249.481 28.9653 0.0632943 0.0371131
249.571 29.1369 0.0603018 0.084231
249.429 29.2422 0.0545208 0.193529
249.462 29.2504 0.0542446 0.18119
249.274 29.0116 0.0600021 0.0826231
249.274 29.0116 0.0600021 0.0826231
249.429 29.2422 0.0545208 0.193529
249.644 29.088 0.056774 0.0324202
249.462 29.2504 0.0542446 0.18119
249.4 29.3285 0.0621442 0.0211877
249.429 29.2422 0.0545208 0.193529
249.462 29.2504 0.0542446 0.18119
