73.3763 15.6474 0.100023 0.0443272
73.4743 16.035 0.105855 0.103542
73.4743 16.035 0.105855 0.103542
73.4156 15.6905 0.107117 0.0803523
73.3897 15.9456 0.0936526 0.0222713
73.3358 15.7868 0.0976435 0.0605543
73.3358 15.7868 0.0976435 0.0605543
73.5694 15.9567 0.102311 0.0976809
73.4123 15.9598 0.0956769 0.0428528
73.3763 15.6474 0.100023 0.0443272
73.298 15.712 0.103317 0.0749855
73.4743 16.035 0.105855 0.103542
73.2142 15.9883 0.0994531 0.028457
73.0596 15.611 0.099652 0.0012265
73.4606 16.01 0.0972918 0.0514813
73.2876 15.8761 0.0932641 0.0126225
73.4123 15.9598 0.0956769 0.0428528
73.5638 15.8219 0.109313 0.0700036
73.3763 15.6474 0.100023 0.0443272
73.4743 16.035 0.105855 0.103542
73.4743 16.035 0.105855 0.103542
73.4156 15.6905 0.107117 0.0803523
73.1402 15.8449 0.0974571 0.00997411
73.3991 16.0486 0.095093 0.0191978
73.2638 15.6632 0.0997244 0.0268117
73.3358 15.7868 0.0976435 0.0605543
73.4123 15.9598 0.0956769 0.0428528
73.5638 15.8219 0.109313 0.0700036
73.298 15.712 0.103317 0.0749855
73.122 16.0899 0.113558 0.00742802
73.4743 16.035 0.105855 0.103542
73.4156 15.6905 0.107117 0.0803523
73.2903 15.806 0.08457 0.000156677
73.2876 15.8761 0.0932641 0.0126225
73.3358 15.7868 0.0976435 0.0605543
73.5753 15.824 0.116298 0.00894425
73.2236 15.7768 0.0992157 0.0353919
73.5638 15.8219 0.109313 0.0700036
73.298 15.712 0.103317 0.0749855
73.298 15.712 0.103317 0.0749855
73.298 15.712 0.103317 0.0749855
73.3419 16.1236 0.111747 0.0297905
73.4439 15.5857 0.104266 0.0296804
73.2142 15.9883 0.0994531 0.028457
73.3762 15.7618 0.0931467 0.0182613
73.2876 15.8761 0.0932641 0.0126225
73.3358 15.7868 0.0976435 0.0605543
73.5694 15.9567 0.102311 0.0976809
73.7777 15.7618 0.104426 0.00820434
73.5108 15.4712 0.100945 0.0042009
73.5638 15.8219 0.109313 0.0700036
73.298 15.712 0.103317 0.0749855
73.4743 16.035 0.105855 0.103542
73.4743 16.035 0.105855 0.103542
73.4743 16.035 0.105855 0.103542
73.1123 16.0141 0.104577 0.016442
73.4156 15.6905 0.107117 0.0803523
73.3762 15.7618 0.0931467 0.0182613
73.3897 15.9456 0.0936526 0.0222713
73.3358 15.7868 0.0976435 0.0605543
73.4123 15.9598 0.0956769 0.0428528
73.5638 15.8219 0.109313 0.0700036
73.298 15.712 0.103317 0.0749855
73.298 15.712 0.103317 0.0749855
73.4743 16.035 0.105855 0.103542
73.4439 15.5857 0.104266 0.0296804
73.3762 15.7618 0.0931467 0.0182613
73.1073 15.6868 0.111109 0.00813796
73.3358 15.7868 0.0976435 0.0605543
73.2236 15.7768 0.0992157 0.0353919
73.2236 15.7768 0.0992157 0.0353919
73.5638 15.8219 0.109313 0.0700036
73.5638 15.8219 0.109313 0.0700036
73.3419 16.1236 0.111747 0.0297905
73.4743 16.035 0.105855 0.103542
73.4439 15.5857 0.104266 0.0296804
73.4156 15.6905 0.107117 0.0803523
73.3897 15.9456 0.0936526 0.0222713
73.348 16.2025 0.0979358 0.00575122
73.3358 15.7868 0.0976435 0.0605543
73.2236 15.7768 0.0992157 0.0353919
73.3763 15.6474 0.100023 0.0443272
73.298 15.712 0.103317 0.0749855
73.4743 16.035 0.105855 0.103542
73.4156 15.6905 0.107117 0.0803523
73.4156 15.6905 0.107117 0.0803523
73.4282 15.587 0.0981988 0.0191958
73.2876 15.8761 0.0932641 0.0126225
73.5694 15.9567 0.102311 0.0976809
73.5694 15.9567 0.102311 0.0976809
73.7777 15.7618 0.104426 0.00820434
73.298 15.712 0.103317 0.0749855
73.4743 16.035 0.105855 0.103542
73.4743 16.035 0.105855 0.103542
73.3762 15.7618 0.0931467 0.0182613
73.2638 15.6632 0.0997244 0.0268117
73.5694 15.9567 0.102311 0.0976809
73.5694 15.9567 0.102311 0.0976809
73.5638 15.8219 0.109313 0.0700036
73.3419 16.1236 0.111747 0.0297905
