-37.9089 -33.3201 1.30041 0.0956933
-37.8847 -33.405 1.30552 0.260067
-37.8847 -33.405 1.30552 0.260067
-38.0192 -33.0972 1.30505 0.111047
-38.0192 -33.0972 1.30505 0.111047
-37.6569 -33.3725 1.31326 0.0051238
-38.1019 -33.0392 1.30694 0.0103689
-38.0192 -33.0972 1.30505 0.111047
-37.9934 -33.2362 1.31301 0.0277111
-38.1483 -33.3579 1.3103 0.0612347
-37.8847 -33.405 1.30552 0.260067
-38.0192 -33.0972 1.30505 0.111047
-38.1483 -33.3579 1.3103 0.0612347
-37.8847 -33.405 1.30552 0.260067
-38.0962 -33.5634 1.31136 0.0323478
-37.8015 -33.2888 1.31032 0.105565
-37.7252 -33.2726 1.31118 0.0229922
-38.0192 -33.0972 1.30505 0.111047
-37.9089 -33.3201 1.30041 0.0956933
-37.7252 -33.2726 1.31118 0.0229922
-37.8847 -33.405 1.30552 0.260067
-38.0192 -33.0972 1.30505 0.111047
-37.8015 -33.2888 1.31032 0.105565
-37.9089 -33.3201 1.30041 0.0956933
-37.7252 -33.2726 1.31118 0.0229922
-37.8847 -33.405 1.30552 0.260067
-37.8847 -33.405 1.30552 0.260067
-38.0962 -33.5634 1.31136 0.0323478
-37.9934 -33.2362 1.31301 0.0277111
-37.8015 -33.2888 1.31032 0.105565
-37.8839 -33.4277 1.30105 0.0294507
-38.0192 -33.0972 1.30505 0.111047
-37.9089 -33.3201 1.30041 0.0956933
-37.8847 -33.405 1.30552 0.260067
-38.0192 -33.0972 1.30505 0.111047
-38.1483 -33.3579 1.3103 0.0612347
-38.1483 -33.3579 1.3103 0.0612347
-37.8847 -33.405 1.30552 0.260067
-37.9089 -33.3201 1.30041 0.0956933
-37.9089 -33.3201 1.30041 0.0956933
-37.8847 -33.405 1.30552 0.260067
-38.0192 -33.0972 1.30505 0.111047
-38.1483 -33.3579 1.3103 0.0612347
-37.8847 -33.405 1.30552 0.260067
-37.8847 -33.405 1.30552 0.260067
-38.0962 -33.5634 1.31136 0.0323478
-37.997 -33.536 1.30886 0.105819
-37.9261 -33.1538 1.312 0.0149314
-37.8847 -33.405 1.30552 0.260067
-37.9089 -33.3201 1.30041 0.0956933
-37.997 -33.536 1.30886 0.105819
-38.0192 -33.0972 1.30505 0.111047
-37.8015 -33.2888 1.31032 0.105565
-37.8015 -33.2888 1.31032 0.105565
-37.9089 -33.3201 1.30041 0.0956933
-38.1483 -33.3579 1.3103 0.0612347
-37.997 -33.536 1.30886 0.105819
-37.8847 -33.405 1.30552 0.260067
-38.0192 -33.0972 1.30505 0.111047
-37.8015 -33.2888 1.31032 0.105565
-37.997 -33.536 1.30886 0.105819
-38.0192 -33.0972 1.30505 0.111047
-37.8015 -33.2888 1.31032 0.105565
-37.8847 -33.405 1.30552 0.260067
-37.8015 -33.2888 1.31032 0.105565
-37.997 -33.536 1.30886 0.105819
-38.1019 -33.0392 1.30694 0.0103689
-37.8847 -33.405 1.30552 0.260067
-37.9934 -33.2362 1.31301 0.0277111
-38.2633 -33.4451 1.30305 0.00253916
-38.0256 -33.4875 1.30151 0.0146858
-37.8847 -33.405 1.30552 0.260067
-37.8847 -33.405 1.30552 0.260067
-37.9934 -33.2362 1.31301 0.0277111
-37.997 -33.536 1.30886 0.105819
-37.8847 -33.405 1.30552 0.260067
-38.0192 -33.0972 1.30505 0.111047
-37.997 -33.536 1.30886 0.105819
-37.8847 -33.405 1.30552 0.260067
-38.0192 -33.0972 1.30505 0.111047
-37.9806 -33.3425 1.29936 0.0469877
-37.8847 -33.405 1.30552 0.260067
-37.9036 -32.955 1.3004 0.015665
-37.997 -33.536 1.30886 0.105819
-37.8839 -33.4277 1.30105 0.0294507
-38.2349 -33.4563 1.31467 0.00174386
-37.8015 -33.2888 1.31032 0.105565
-37.997 -33.536 1.30886 0.105819
-37.7252 -33.2726 1.31118 0.0229922
-37.8847 -33.405 1.30552 0.260067
-37.6569 -33.3725 1.31326 0.0051238
-37.9089 -33.3201 1.30041 0.0956933
-38.1483 -33.3579 1.3103 0.0612347
-38.1483 -33.3579 1.3103 0.0612347
-37.8847 -33.405 1.30552 0.260067
-37.8015 -33.2888 1.31032 0.105565
-37.9806 -33.3425 1.29936 0.0469877
-37.997 -33.536 1.30886 0.105819
-37.7252 -33.2726 1.31118 0.0229922
-38.0192 -33.0972 1.30505 0.111047
