135.135 -17.597 3.36714 0.0368451
135.261 -17.4075 3.3762 0.0189012
135.09 -17.3278 3.36934 0.0145346
135.142 -17.5769 3.37207 0.192604
135.135 -17.597 3.36714 0.0368451
135.03 -17.4878 3.36764 0.0939821
135.08 -17.431 3.37292 0.16314
135.142 -17.5769 3.37207 0.192604
134.922 -17.4072 3.36626 0.0314814
135.283 -17.6069 3.36922 0.00700321
135.283 -17.6069 3.36922 0.00700321
135.142 -17.5769 3.37207 0.192604
135.142 -17.5769 3.37207 0.192604
135.18 -17.4121 3.37443 0.0599771
135.08 -17.431 3.37292 0.16314
135.08 -17.431 3.37292 0.16314
135.142 -17.5769 3.37207 0.192604
135.142 -17.5769 3.37207 0.192604
135.142 -17.5769 3.37207 0.192604
135.123 -17.4379 3.36962 0.0558073
135.03 -17.4878 3.36764 0.0939821
135.08 -17.431 3.37292 0.16314
135.08 -17.431 3.37292 0.16314
135.08 -17.431 3.37292 0.16314
135.142 -17.5769 3.37207 0.192604
135.18 -17.4121 3.37443 0.0599771
135.18 -17.4121 3.37443 0.0599771
135.03 -17.4878 3.36764 0.0939821
135.08 -17.431 3.37292 0.16314
135.142 -17.5769 3.37207 0.192604
135.142 -17.5769 3.37207 0.192604
134.843 -17.4561 3.37276 0.13609
134.843 -17.4561 3.37276 0.13609
135.18 -17.4121 3.37443 0.0599771
135.08 -17.431 3.37292 0.16314
135.08 -17.431 3.37292 0.16314
135.142 -17.5769 3.37207 0.192604
134.922 -17.4072 3.36626 0.0314814
135.123 -17.4379 3.36962 0.0558073
135.03 -17.4878 3.36764 0.0939821
135.261 -17.4075 3.3762 0.0189012
135.08 -17.431 3.37292 0.16314
135.142 -17.5769 3.37207 0.192604
135.142 -17.5769 3.37207 0.192604
134.843 -17.4561 3.37276 0.13609
134.843 -17.4561 3.37276 0.13609
134.906 -17.752 3.36581 0.0616666
134.793 -17.4036 3.37508 0.0242846
135.061 -17.3181 3.37759 0.0216247
134.843 -17.4561 3.37276 0.13609
135.129 -17.4902 3.36362 0.0017234
134.793 -17.4036 3.37508 0.0242846
134.906 -17.2548 3.37201 0.0101417
135.18 -17.4121 3.37443 0.0599771
135.03 -17.4878 3.36764 0.0939821
135.142 -17.5769 3.37207 0.192604
135.142 -17.5769 3.37207 0.192604
135.142 -17.5769 3.37207 0.192604
135.135 -17.597 3.36714 0.0368451
134.906 -17.752 3.36581 0.0616666
135.08 -17.431 3.37292 0.16314
135.142 -17.5769 3.37207 0.192604
135.076 -17.29 3.3772 0.0147389
135.135 -17.597 3.36714 0.0368451
135.123 -17.4379 3.36962 0.0558073
135.08 -17.431 3.37292 0.16314
135.08 -17.431 3.37292 0.16314
134.793 -17.4036 3.37508 0.0242846
135.142 -17.5769 3.37207 0.192604
134.843 -17.4561 3.37276 0.13609
135.03 -17.4878 3.36764 0.0939821
135.261 -17.4075 3.3762 0.0189012
135.142 -17.5769 3.37207 0.192604
135.142 -17.5769 3.37207 0.192604
135.135 -17.597 3.36714 0.0368451
135.08 -17.431 3.37292 0.16314
135.061 -17.3181 3.37759 0.0216247
135.061 -17.3181 3.37759 0.0216247
135.142 -17.5769 3.37207 0.192604
135.18 -17.4121 3.37443 0.0599771
135.08 -17.431 3.37292 0.16314
135.08 -17.431 3.37292 0.16314
135.142 -17.5769 3.37207 0.192604
135.057 -17.8679 3.36444 0.00261318
135.03 -17.4878 3.36764 0.0939821
135.08 -17.431 3.37292 0.16314
135.142 -17.5769 3.37207 0.192604
135.135 -17.597 3.36714 0.0368451
135.03 -17.4878 3.36764 0.0939821
135.08 -17.431 3.37292 0.16314
135.142 -17.5769 3.37207 0.192604
135.142 -17.5769 3.37207 0.192604
134.843 -17.4561 3.37276 0.13609
134.843 -17.4561 3.37276 0.13609
134.906 -17.752 3.36581 0.0616666
135.08 -17.431 3.37292 0.16314
134.793 -17.4036 3.37508 0.0242846
134.843 -17.4561 3.37276 0.13609
135.123 -17.4379 3.36962 0.0558073
134.906 -17.752 3.36581 0.0616666
