202.959 -9.52505 3.09205 0.00298699
203.068 -9.33046 3.09467 0.00896177
202.886 -9.83028 3.07835 0.00191273
203.325 -9.69384 3.09301 0.0106717
203.068 -9.33046 3.09467 0.00896177
203.211 -9.41192 3.08245 0.123164
203.13 -9.42698 3.0816 0.120539
202.99 -9.64416 3.07475 0.0137061
203.23 -9.40646 3.08798 0.247819
203.088 -9.4215 3.09301 0.0266778
203.13 -9.42698 3.0816 0.120539
203.23 -9.40646 3.08798 0.247819
203.23 -9.40646 3.08798 0.247819
203.23 -9.66301 3.0871 0.0656276
203.13 -9.42698 3.0816 0.120539
203.23 -9.40646 3.08798 0.247819
203.23 -9.40646 3.08798 0.247819
203.23 -9.66301 3.0871 0.0656276
202.984 -9.44626 3.0754 0.0143544
203.23 -9.40646 3.08798 0.247819
203.088 -9.4215 3.09301 0.0266778
203.26 -9.32748 3.08247 0.0555735
203.23 -9.40646 3.08798 0.247819
203.088 -9.4215 3.09301 0.0266778
203.211 -9.41192 3.08245 0.123164
203.033 -9.39162 3.08186 0.0802683
203.26 -9.32748 3.08247 0.0555735
203.13 -9.42698 3.0816 0.120539
202.974 -9.74008 3.08327 0.010725
203.088 -9.4215 3.09301 0.0266778
203.23 -9.66301 3.0871 0.0656276
203.23 -9.66301 3.0871 0.0656276
203.033 -9.39162 3.08186 0.0802683
203.424 -9.5425 3.08788 0.076376
203.23 -9.40646 3.08798 0.247819
203.23 -9.66301 3.0871 0.0656276
203.26 -9.32748 3.08247 0.0555735
203.13 -9.42698 3.0816 0.120539
203.012 -9.61967 3.07757 0.0371908
203.424 -9.5425 3.08788 0.076376
203.23 -9.40646 3.08798 0.247819
203.211 -9.41192 3.08245 0.123164
203.23 -9.66301 3.0871 0.0656276
203.13 -9.42698 3.0816 0.120539
203.424 -9.5425 3.08788 0.076376
202.875 -9.43437 3.08668 0.00847529
203.211 -9.41192 3.08245 0.123164
203.012 -9.61967 3.07757 0.0371908
203.088 -9.4215 3.09301 0.0266778
203.298 -9.72081 3.08223 0.0187646
203.211 -9.41192 3.08245 0.123164
203.26 -9.32748 3.08247 0.0555735
203.23 -9.40646 3.08798 0.247819
203.298 -9.72081 3.08223 0.0187646
203.26 -9.32748 3.08247 0.0555735
203.13 -9.42698 3.0816 0.120539
203.23 -9.40646 3.08798 0.247819
203.23 -9.40646 3.08798 0.247819
203.451 -9.28201 3.08347 0.006761
203.211 -9.41192 3.08245 0.123164
203.23 -9.66301 3.0871 0.0656276
203.13 -9.42698 3.0816 0.120539
203.13 -9.42698 3.0816 0.120539
203.23 -9.40646 3.08798 0.247819
203.23 -9.66301 3.0871 0.0656276
203.13 -9.42698 3.0816 0.120539
203.535 -9.46874 3.08148 0.00139036
203.23 -9.40646 3.08798 0.247819
203.211 -9.41192 3.08245 0.123164
203.13 -9.42698 3.0816 0.120539
203.424 -9.5425 3.08788 0.076376
203.424 -9.5425 3.08788 0.076376
203.23 -9.40646 3.08798 0.247819
203.23 -9.40646 3.08798 0.247819
203.068 -9.33046 3.09467 0.00896177
203.033 -9.39162 3.08186 0.0802683
203.23 -9.40646 3.08798 0.247819
203.23 -9.66301 3.0871 0.0656276
203.012 -9.61967 3.07757 0.0371908
203.23 -9.40646 3.08798 0.247819
203.033 -9.39162 3.08186 0.0802683
202.984 -9.44626 3.0754 0.0143544
203.23 -9.40646 3.08798 0.247819
203.23 -9.40646 3.08798 0.247819
203.13 -9.42698 3.0816 0.120539
203.23 -9.40646 3.08798 0.247819
203.033 -9.39162 3.08186 0.0802683
203.424 -9.5425 3.08788 0.076376
203.325 -9.69384 3.09301 0.0106717
203.23 -9.40646 3.08798 0.247819
203.23 -9.40646 3.08798 0.247819
203.211 -9.41192 3.08245 0.123164
203.23 -9.66301 3.0871 0.0656276
202.974 -9.74008 3.08327 0.010725
203.23 -9.40646 3.08798 0.247819
203.23 -9.40646 3.08798 0.247819
203.088 -9.4215 3.09301 0.0266778
203.23 -9.66301 3.0871 0.0656276
203.23 -9.66301 3.0871 0.0656276
203.23 -9.66301 3.0871 0.0656276
