226.765 27.3881 0.0724927 0.187658
226.829 27.5792 0.068755 0.119781
226.826 27.4987 0.0669839 0.0687939
226.712 27.5552 0.0771577 0.0473994
226.765 27.3881 0.0724927 0.187658
226.829 27.5792 0.068755 0.119781
226.829 27.5792 0.068755 0.119781
226.718 27.4621 0.0748872 0.140346
226.938 27.2903 0.0710638 0.0592662
226.938 27.2903 0.0710638 0.0592662
226.765 27.3881 0.0724927 0.187658
226.826 27.4987 0.0669839 0.0687939
226.938 27.2903 0.0710638 0.0592662
226.938 27.2903 0.0710638 0.0592662
226.765 27.3881 0.0724927 0.187658
226.929 27.6245 0.0696871 0.105733
226.829 27.5792 0.068755 0.119781
226.718 27.4621 0.0748872 0.140346
226.718 27.4621 0.0748872 0.140346
226.712 27.5552 0.0771577 0.0473994
226.765 27.3881 0.0724927 0.187658
226.929 27.6245 0.0696871 0.105733
226.829 27.5792 0.068755 0.119781
226.718 27.4621 0.0748872 0.140346
226.69 27.6542 0.0756279 0.0220554
226.765 27.3881 0.0724927 0.187658
226.765 27.3881 0.0724927 0.187658
226.829 27.5792 0.068755 0.119781
226.718 27.4621 0.0748872 0.140346
227.019 27.3607 0.0686858 0.0488592
226.765 27.3881 0.0724927 0.187658
226.829 27.5792 0.068755 0.119781
226.718 27.4621 0.0748872 0.140346
227.019 27.3607 0.0686858 0.0488592
226.929 27.6245 0.0696871 0.105733
226.929 27.6245 0.0696871 0.105733
226.826 27.4987 0.0669839 0.0687939
226.722 27.3613 0.0696169 0.0469898
226.801 27.6179 0.0676445 0.0387046
226.69 27.6542 0.0756279 0.0220554
226.929 27.6245 0.0696871 0.105733
226.829 27.5792 0.068755 0.119781
226.718 27.4621 0.0748872 0.140346
226.712 27.5552 0.0771577 0.0473994
226.834 27.6783 0.0675134 0.0188267
226.929 27.6245 0.0696871 0.105733
226.826 27.4987 0.0669839 0.0687939
226.718 27.4621 0.0748872 0.140346
226.834 27.6783 0.0675134 0.0188267
227.05 27.2748 0.075899 0.00346904
226.722 27.3613 0.0696169 0.0469898
226.938 27.2903 0.0710638 0.0592662
226.765 27.3881 0.0724927 0.187658
226.829 27.5792 0.068755 0.119781
226.827 27.2601 0.0752479 0.028368
226.938 27.2903 0.0710638 0.0592662
227.019 27.3607 0.0686858 0.0488592
226.765 27.3881 0.0724927 0.187658
226.929 27.6245 0.0696871 0.105733
226.929 27.6245 0.0696871 0.105733
226.829 27.5792 0.068755 0.119781
226.718 27.4621 0.0748872 0.140346
226.712 27.5552 0.0771577 0.0473994
226.573 27.5469 0.0784909 0.00299308
226.765 27.3881 0.0724927 0.187658
226.765 27.3881 0.0724927 0.187658
226.826 27.4987 0.0669839 0.0687939
226.718 27.4621 0.0748872 0.140346
226.712 27.5552 0.0771577 0.0473994
226.765 27.3881 0.0724927 0.187658
226.929 27.6245 0.0696871 0.105733
226.827 27.2601 0.0752479 0.028368
226.718 27.4621 0.0748872 0.140346
226.718 27.4621 0.0748872 0.140346
226.712 27.5552 0.0771577 0.0473994
226.765 27.3881 0.0724927 0.187658
226.829 27.5792 0.068755 0.119781
226.829 27.5792 0.068755 0.119781
226.827 27.2601 0.0752479 0.028368
226.826 27.4987 0.0669839 0.0687939
226.712 27.5552 0.0771577 0.0473994
226.765 27.3881 0.0724927 0.187658
226.827 27.2601 0.0752479 0.028368
226.826 27.4987 0.0669839 0.0687939
226.938 27.2903 0.0710638 0.0592662
226.765 27.3881 0.0724927 0.187658
226.829 27.5792 0.068755 0.119781
226.718 27.4621 0.0748872 0.140346
226.834 27.6783 0.0675134 0.0188267
226.929 27.6245 0.0696871 0.105733
226.829 27.5792 0.068755 0.119781
226.845 27.6461 0.0653049 0.0073837
226.722 27.3613 0.0696169 0.0469898
226.938 27.2903 0.0710638 0.0592662
226.69 27.6542 0.0756279 0.0220554
226.829 27.5792 0.068755 0.119781
226.718 27.4621 0.0748872 0.140346
226.712 27.5552 0.0771577 0.0473994
226.765 27.3881 0.0724927 0.187658
226.826 27.4987 0.0669839 0.0687939
