204.617 25.4287 0.0606679 0.0297099
204.329 25.5238 0.0692916 0.231809
204.509 25.1548 0.0688656 0.0269462
204.404 25.3635 0.0621829 0.186048
204.508 25.5098 0.0716881 0.113259
204.329 25.5238 0.0692916 0.231809
204.404 25.3635 0.0621829 0.186048
204.508 25.5098 0.0716881 0.113259
204.329 25.5238 0.0692916 0.231809
204.222 25.2667 0.0609247 0.0251074
204.508 25.5098 0.0716881 0.113259
204.329 25.5238 0.0692916 0.231809
204.222 25.2667 0.0609247 0.0251074
204.404 25.3635 0.0621829 0.186048
204.475 25.4298 0.059793 0.0704564
204.508 25.5098 0.0716881 0.113259
204.329 25.5238 0.0692916 0.231809
204.404 25.3635 0.0621829 0.186048
204.508 25.5098 0.0716881 0.113259
204.617 25.4287 0.0606679 0.0297099
204.404 25.3635 0.0621829 0.186048
204.238 25.5348 0.0784347 0.0247024
204.604 25.4761 0.0664699 0.0655761
204.604 25.4761 0.0664699 0.0655761
204.329 25.5238 0.0692916 0.231809
204.404 25.3635 0.0621829 0.186048
204.508 25.5098 0.0716881 0.113259
204.604 25.4761 0.0664699 0.0655761
204.329 25.5238 0.0692916 0.231809
204.404 25.3635 0.0621829 0.186048
204.527 25.4861 0.0595462 0.0343915
204.222 25.2667 0.0609247 0.0251074
204.475 25.4298 0.059793 0.0704564
204.617 25.4287 0.0606679 0.0297099
204.509 25.1548 0.0688656 0.0269462
204.509 25.1548 0.0688656 0.0269462
204.508 25.5098 0.0716881 0.113259
204.508 25.5098 0.0716881 0.113259
204.329 25.5238 0.0692916 0.231809
204.609 25.7166 0.073883 0.00357576
204.475 25.4298 0.059793 0.0704564
204.508 25.5098 0.0716881 0.113259
204.527 25.4861 0.0595462 0.0343915
204.329 25.5238 0.0692916 0.231809
204.556 25.3136 0.0762928 0.0104816
204.203 25.3593 0.0569585 0.00400053
204.527 25.4861 0.0595462 0.0343915
204.329 25.5238 0.0692916 0.231809
204.329 25.5238 0.0692916 0.231809
204.404 25.3635 0.0621829 0.186048
204.604 25.4761 0.0664699 0.0655761
204.329 25.5238 0.0692916 0.231809
204.404 25.3635 0.0621829 0.186048
204.448 25.7047 0.064743 0.00964905
204.613 25.1997 0.05633 0.00395903
204.604 25.4761 0.0664699 0.0655761
204.329 25.5238 0.0692916 0.231809
204.609 25.4754 0.0614328 0.0309213
204.613 25.1997 0.05633 0.00395903
204.329 25.5238 0.0692916 0.231809
204.404 25.3635 0.0621829 0.186048
204.475 25.4298 0.059793 0.0704564
204.604 25.4761 0.0664699 0.0655761
204.106 25.2215 0.065051 0.00761985
204.329 25.5238 0.0692916 0.231809
204.222 25.2667 0.0609247 0.0251074
204.404 25.3635 0.0621829 0.186048
204.542 25.2505 0.0776094 0.00324222
204.604 25.4761 0.0664699 0.0655761
204.329 25.5238 0.0692916 0.231809
204.556 25.3136 0.0762928 0.0104816
204.404 25.3635 0.0621829 0.186048
204.527 25.4861 0.0595462 0.0343915
204.38 25.0684 0.0700725 0.00713676
204.404 25.3635 0.0621829 0.186048
204.475 25.4298 0.059793 0.0704564
204.508 25.5098 0.0716881 0.113259
204.329 25.5238 0.0692916 0.231809
204.222 25.2667 0.0609247 0.0251074
204.609 25.4754 0.0614328 0.0309213
204.508 25.5098 0.0716881 0.113259
204.106 25.2215 0.065051 0.00761985
204.329 25.5238 0.0692916 0.231809
204.238 25.5348 0.0784347 0.0247024
204.238 25.5348 0.0784347 0.0247024
204.475 25.4298 0.059793 0.0704564
204.508 25.5098 0.0716881 0.113259
204.329 25.5238 0.0692916 0.231809
204.404 25.3635 0.0621829 0.186048
204.404 25.3635 0.0621829 0.186048
204.617 25.4287 0.0606679 0.0297099
204.404 25.3635 0.0621829 0.186048
204.404 25.3635 0.0621829 0.186048
204.508 25.5098 0.0716881 0.113259
204.604 25.4761 0.0664699 0.0655761
204.329 25.5238 0.0692916 0.231809
204.404 25.3635 0.0621829 0.186048
204.604 25.4761 0.0664699 0.0655761
204.329 25.5238 0.0692916 0.231809
204.404 25.3635 0.0621829 0.186048
