150.945 21.2325 0.0815894 0.0403787
150.867 21.4242 0.0705574 0.0506929
150.889 21.345 0.0819729 0.0168266
150.864 21.1848 0.0779049 0.256235
150.864 21.1848 0.0779049 0.256235
150.864 21.1848 0.0779049 0.256235
150.973 21.1384 0.0776144 0.136403
150.945 21.2325 0.0815894 0.0403787
150.864 21.1848 0.0779049 0.256235
150.964 21.2333 0.0781191 0.148902
150.973 21.1384 0.0776144 0.136403
150.973 21.1384 0.0776144 0.136403
150.864 21.1848 0.0779049 0.256235
150.864 21.1848 0.0779049 0.256235
150.964 21.2333 0.0781191 0.148902
150.964 21.2333 0.0781191 0.148902
150.973 21.1384 0.0776144 0.136403
150.998 21.3131 0.0777367 0.0772878
150.843 21.09 0.0841953 0.0221035
150.864 21.1848 0.0779049 0.256235
150.864 21.1848 0.0779049 0.256235
150.973 21.1384 0.0776144 0.136403
150.973 21.1384 0.0776144 0.136403
150.998 21.3131 0.0777367 0.0772878
150.945 21.2325 0.0815894 0.0403787
150.964 21.2333 0.0781191 0.148902
150.998 21.3131 0.0777367 0.0772878
150.998 21.3131 0.0777367 0.0772878
150.998 21.3131 0.0777367 0.0772878
150.945 21.2325 0.0815894 0.0403787
150.864 21.1848 0.0779049 0.256235
150.998 21.3131 0.0777367 0.0772878
150.717 21.044 0.0780025 0.0472616
150.864 21.1848 0.0779049 0.256235
150.864 21.1848 0.0779049 0.256235
150.964 21.2333 0.0781191 0.148902
151.095 21.1411 0.0765907 0.0337931
150.998 21.3131 0.0777367 0.0772878
151.131 21.3232 0.0786087 0.00522779
151.069 21.3676 0.073056 0.0577709
150.864 21.1848 0.0779049 0.256235
150.864 21.1848 0.0779049 0.256235
150.973 21.1384 0.0776144 0.136403
150.843 21.09 0.0841953 0.0221035
150.864 21.1848 0.0779049 0.256235
150.964 21.2333 0.0781191 0.148902
151.084 21.5631 0.0700705 0.00267599
151.061 21.1241 0.0825357 0.00456842
150.964 21.2333 0.0781191 0.148902
151.069 21.3676 0.073056 0.0577709
150.945 21.2325 0.0815894 0.0403787
150.964 21.2333 0.0781191 0.148902
150.889 21.345 0.0819729 0.0168266
150.864 21.1848 0.0779049 0.256235
150.964 21.2333 0.0781191 0.148902
151.069 21.3676 0.073056 0.0577709
150.864 21.1848 0.0779049 0.256235
150.864 21.1848 0.0779049 0.256235
150.864 21.1848 0.0779049 0.256235
150.964 21.2333 0.0781191 0.148902
150.973 21.1384 0.0776144 0.136403
151.069 21.3676 0.073056 0.0577709
150.864 21.1848 0.0779049 0.256235
150.879 21.313 0.0677376 0.0322582
150.973 21.1384 0.0776144 0.136403
150.998 21.3131 0.0777367 0.0772878
151.069 21.3676 0.073056 0.0577709
150.864 21.1848 0.0779049 0.256235
150.867 21.4242 0.0705574 0.0506929
150.998 21.3131 0.0777367 0.0772878
150.864 21.1848 0.0779049 0.256235
150.864 21.1848 0.0779049 0.256235
150.879 21.313 0.0677376 0.0322582
150.998 21.3131 0.0777367 0.0772878
150.864 21.1848 0.0779049 0.256235
150.964 21.2333 0.0781191 0.148902
150.998 21.3131 0.0777367 0.0772878
150.864 21.1848 0.0779049 0.256235
150.864 21.1848 0.0779049 0.256235
150.879 21.313 0.0677376 0.0322582
150.964 21.2333 0.0781191 0.148902
150.998 21.3131 0.0777367 0.0772878
150.864 21.1848 0.0779049 0.256235
150.964 21.2333 0.0781191 0.148902
150.964 21.2333 0.0781191 0.148902
150.973 21.1384 0.0776144 0.136403
150.945 21.2325 0.0815894 0.0403787
150.864 21.1848 0.0779049 0.256235
150.964 21.2333 0.0781191 0.148902
151.221 21.3048 0.0738515 0.00462702
151.069 21.3676 0.073056 0.0577709
150.864 21.1848 0.0779049 0.256235
150.92 21.5218 0.0770734 0.00598576
150.843 21.09 0.0841953 0.0221035
150.945 21.2325 0.0815894 0.0403787
150.864 21.1848 0.0779049 0.256235
150.964 21.2333 0.0781191 0.148902
150.973 21.1384 0.0776144 0.136403
150.864 21.1848 0.0779049 0.256235
150.864 21.1848 0.0779049 0.256235
