-29.5338 -84.073 2.41873 0.0628352
-29.5338 -84.073 2.41873 0.0628352
-29.5804 -84.1504 2.42257 0.178353
-29.7293 -84.1816 2.4192 0.131405
-29.7293 -84.1816 2.4192 0.131405
-29.6607 -84.1084 2.41882 0.138585
-29.8286 -84.043 2.41705 0.0624571
-29.7683 -83.8716 2.41521 0.0211081
-29.5804 -84.1504 2.42257 0.178353
-29.7145 -83.855 2.4286 0.00124299
-29.9103 -84.2024 2.42442 0.0497891
-29.7546 -83.7594 2.41517 0.00541718
-29.8286 -84.043 2.41705 0.0624571
-29.5804 -84.1504 2.42257 0.178353
-29.927 -84.0435 2.41865 0.033404
-29.6607 -84.1084 2.41882 0.138585
-29.8053 -83.9383 2.42284 0.0389218
-29.7906 -84.2225 2.42905 0.0608646
-29.7683 -83.8716 2.41521 0.0211081
-29.927 -84.0435 2.41865 0.033404
-29.7293 -84.1816 2.4192 0.131405
-29.6607 -84.1084 2.41882 0.138585
-29.7959 -84.0802 2.41964 0.130424
-29.7414 -83.7596 2.41913 0.00577663
-29.5804 -84.1504 2.42257 0.178353
-29.9103 -84.2024 2.42442 0.0497891
-29.6607 -84.1084 2.41882 0.138585
-29.7994 -83.7311 2.41706 0.0032048
-29.7546 -83.7594 2.41517 0.00541718
-29.7959 -84.0802 2.41964 0.130424
-29.5338 -84.073 2.41873 0.0628352
-29.5804 -84.1504 2.42257 0.178353
-29.5804 -84.1504 2.42257 0.178353
-29.7293 -84.1816 2.4192 0.131405
-29.6607 -84.1084 2.41882 0.138585
-29.7959 -84.0802 2.41964 0.130424
-29.7906 -84.2225 2.42905 0.0608646
-29.5804 -84.1504 2.42257 0.178353
-29.5804 -84.1504 2.42257 0.178353
-29.5804 -84.1504 2.42257 0.178353
-29.7293 -84.1816 2.4192 0.131405
-29.7959 -84.0802 2.41964 0.130424
-29.7959 -84.0802 2.41964 0.130424
-29.5338 -84.073 2.41873 0.0628352
-29.7683 -83.8716 2.41521 0.0211081
-29.7293 -84.1816 2.4192 0.131405
-29.9103 -84.2024 2.42442 0.0497891
-29.7959 -84.0802 2.41964 0.130424
-29.7959 -84.0802 2.41964 0.130424
-29.8286 -84.043 2.41705 0.0624571
-29.5804 -84.1504 2.42257 0.178353
-30.0803 -84.0272 2.42177 0.00215279
-29.7293 -84.1816 2.4192 0.131405
-29.8053 -83.9383 2.42284 0.0389218
-29.5338 -84.073 2.41873 0.0628352
-29.5033 -84.3679 2.41685 0.00192934
-29.5804 -84.1504 2.42257 0.178353
-29.7293 -84.1816 2.4192 0.131405
-29.6607 -84.1084 2.41882 0.138585
-29.7959 -84.0802 2.41964 0.130424
-29.5804 -84.1504 2.42257 0.178353
-29.7293 -84.1816 2.4192 0.131405
-29.7293 -84.1816 2.4192 0.131405
-29.7546 -83.7594 2.41517 0.00541718
-29.5338 -84.073 2.41873 0.0628352
-29.5804 -84.1504 2.42257 0.178353
-29.5804 -84.1504 2.42257 0.178353
-29.6607 -84.1084 2.41882 0.138585
-29.6607 -84.1084 2.41882 0.138585
-29.7959 -84.0802 2.41964 0.130424
-29.7906 -84.2225 2.42905 0.0608646
-29.5804 -84.1504 2.42257 0.178353
-29.5495 -84.0119 2.41441 0.0140974
-29.9103 -84.2024 2.42442 0.0497891
-29.6607 -84.1084 2.41882 0.138585
-29.6607 -84.1084 2.41882 0.138585
-29.8053 -83.9383 2.42284 0.0389218
-29.7959 -84.0802 2.41964 0.130424
-29.8286 -84.043 2.41705 0.0624571
-29.5804 -84.1504 2.42257 0.178353
-29.9103 -84.2024 2.42442 0.0497891
-29.6607 -84.1084 2.41882 0.138585
-29.7959 -84.0802 2.41964 0.130424
-29.5804 -84.1504 2.42257 0.178353
-29.5804 -84.1504 2.42257 0.178353
-29.7293 -84.1816 2.4192 0.131405
-29.7293 -84.1816 2.4192 0.131405
-29.6607 -84.1084 2.41882 0.138585
-29.7959 -84.0802 2.41964 0.130424
-29.7959 -84.0802 2.41964 0.130424
-29.5804 -84.1504 2.42257 0.178353
-29.9103 -84.2024 2.42442 0.0497891
-29.6607 -84.1084 2.41882 0.138585
-29.6607 -84.1084 2.41882 0.138585
-29.6607 -84.1084 2.41882 0.138585
-29.8286 -84.043 2.41705 0.0624571
-29.5338 -84.073 2.41873 0.0628352
-29.5338 -84.073 2.41873 0.0628352
-29.324 -84.2195 2.42772 0.00736176
-29.7293 -84.1816 2.4192 0.131405
