220.354 26.9448 0.0728032 0.206849
220.376 26.992 0.0834766 0.00893949
220.501 27.1038 0.0790657 0.0822243
220.501 27.1038 0.0790657 0.0822243
220.354 26.9448 0.0728032 0.206849
220.602 27.1212 0.0803689 0.0115163
220.398 27.1881 0.0794217 0.0364331
220.501 27.1038 0.0790657 0.0822243
220.354 26.9448 0.0728032 0.206849
220.354 26.9448 0.0728032 0.206849
220.377 26.9167 0.0703148 0.111414
220.377 26.9167 0.0703148 0.111414
220.354 26.9448 0.0728032 0.206849
220.435 26.9547 0.0697542 0.181114
220.553 26.8144 0.0792858 0.0141113
220.377 26.9167 0.0703148 0.111414
220.501 27.1038 0.0790657 0.0822243
220.354 26.9448 0.0728032 0.206849
220.354 26.9448 0.0728032 0.206849
220.435 26.9547 0.0697542 0.181114
220.376 26.992 0.0834766 0.00893949
220.607 27.1534 0.0683223 0.0553336
220.249 26.922 0.0735747 0.0480142
220.435 26.9547 0.0697542 0.181114
220.377 26.9167 0.0703148 0.111414
220.377 26.9167 0.0703148 0.111414
220.501 27.1038 0.0790657 0.0822243
220.354 26.9448 0.0728032 0.206849
220.354 26.9448 0.0728032 0.206849
220.241 27.1697 0.0719651 0.0157436
220.398 27.1881 0.0794217 0.0364331
220.292 26.8223 0.0748557 0.0350056
220.354 26.9448 0.0728032 0.206849
220.435 26.9547 0.0697542 0.181114
220.377 26.9167 0.0703148 0.111414
220.501 27.1038 0.0790657 0.0822243
220.478 26.8014 0.0783442 0.0306596
220.435 26.9547 0.0697542 0.181114
220.292 26.8223 0.0748557 0.0350056
220.292 26.8223 0.0748557 0.0350056
220.354 26.9448 0.0728032 0.206849
220.354 26.9448 0.0728032 0.206849
220.354 26.9448 0.0728032 0.206849
220.435 26.9547 0.0697542 0.181114
220.435 26.9547 0.0697542 0.181114
220.193 27.0018 0.0760947 0.0284574
220.292 26.8223 0.0748557 0.0350056
220.354 26.9448 0.0728032 0.206849
220.354 26.9448 0.0728032 0.206849
220.435 26.9547 0.0697542 0.181114
220.602 27.1212 0.0803689 0.0115163
220.376 26.992 0.0834766 0.00893949
220.377 26.9167 0.0703148 0.111414
220.528 26.7967 0.0733311 0.0672376
220.249 26.922 0.0735747 0.0480142
220.354 26.9448 0.0728032 0.206849
220.435 26.9547 0.0697542 0.181114
220.435 26.9547 0.0697542 0.181114
220.528 26.7967 0.0733311 0.0672376
220.528 26.7967 0.0733311 0.0672376
220.354 26.9448 0.0728032 0.206849
220.354 26.9448 0.0728032 0.206849
220.435 26.9547 0.0697542 0.181114
220.229 27.2849 0.076266 0.00320911
220.377 26.9167 0.0703148 0.111414
220.501 27.1038 0.0790657 0.0822243
220.354 26.9448 0.0728032 0.206849
220.354 26.9448 0.0728032 0.206849
220.275 27.2618 0.0760627 0.010478
220.435 26.9547 0.0697542 0.181114
220.193 27.0018 0.0760947 0.0284574
220.607 27.1534 0.0683223 0.0553336
220.354 26.9448 0.0728032 0.206849
220.354 26.9448 0.0728032 0.206849
220.435 26.9547 0.0697542 0.181114
220.528 26.7967 0.0733311 0.0672376
220.501 27.1038 0.0790657 0.0822243
220.249 26.922 0.0735747 0.0480142
220.354 26.9448 0.0728032 0.206849
220.193 27.0018 0.0760947 0.0284574
220.292 26.8223 0.0748557 0.0350056
220.501 27.1038 0.0790657 0.0822243
220.478 26.8014 0.0783442 0.0306596
220.275 27.2618 0.0760627 0.010478
220.377 26.9167 0.0703148 0.111414
220.607 27.1534 0.0683223 0.0553336
220.501 27.1038 0.0790657 0.0822243
220.435 26.9547 0.0697542 0.181114
220.435 26.9547 0.0697542 0.181114
220.377 26.9167 0.0703148 0.111414
220.607 27.1534 0.0683223 0.0553336
220.354 26.9448 0.0728032 0.206849
220.354 26.9448 0.0728032 0.206849
220.435 26.9547 0.0697542 0.181114
220.292 26.8223 0.0748557 0.0350056
220.422 27.3581 0.0751285 0.00423553
220.354 26.9448 0.0728032 0.206849
220.398 27.1881 0.0794217 0.0364331
220.249 26.922 0.0735747 0.0480142
220.249 26.922 0.0735747 0.0480142
