-27.6431 -86.2339 2.48098 0.111591
-27.6017 -85.9395 2.47441 0.0605035
-27.3919 -86.177 2.48024 0.143393
-27.3919 -86.177 2.48024 0.143393
-27.5746 -86.168 2.47546 0.185726
-27.5746 -86.168 2.47546 0.185726
-27.6431 -86.2339 2.48098 0.111591
-27.6017 -85.9395 2.47441 0.0605035
-27.3919 -86.177 2.48024 0.143393
-27.4143 -86.064 2.47492 0.0974631
-27.513 -85.8191 2.47754 0.00787227
-27.6431 -86.2339 2.48098 0.111591
-27.3919 -86.177 2.48024 0.143393
-27.7633 -86.385 2.48355 0.00820731
-27.5746 -86.168 2.47546 0.185726
-27.711 -86.1629 2.47387 0.0715051
-27.6017 -85.9395 2.47441 0.0605035
-27.2494 -86.0301 2.47744 0.0157979
-27.5746 -86.168 2.47546 0.185726
-27.4639 -86.0772 2.4847 0.0302218
-27.6431 -86.2339 2.48098 0.111591
-27.6431 -86.2339 2.48098 0.111591
-27.3919 -86.177 2.48024 0.143393
-27.3919 -86.177 2.48024 0.143393
-27.5746 -86.168 2.47546 0.185726
-27.5746 -86.168 2.47546 0.185726
-27.4443 -86.1534 2.46775 0.00538821
-27.711 -86.1629 2.47387 0.0715051
-27.2703 -86.4355 2.47814 0.00613956
-27.3919 -86.177 2.48024 0.143393
-27.3919 -86.177 2.48024 0.143393
-27.5746 -86.168 2.47546 0.185726
-27.5746 -86.168 2.47546 0.185726
-27.6017 -85.9395 2.47441 0.0605035
-27.6017 -85.9395 2.47441 0.0605035
-27.3919 -86.177 2.48024 0.143393
-27.5746 -86.168 2.47546 0.185726
-27.5746 -86.168 2.47546 0.185726
-27.6431 -86.2339 2.48098 0.111591
-27.6269 -85.9925 2.47213 0.0668711
-27.3919 -86.177 2.48024 0.143393
-27.3919 -86.177 2.48024 0.143393
-27.4143 -86.064 2.47492 0.0974631
-27.4143 -86.064 2.47492 0.0974631
-27.711 -86.1629 2.47387 0.0715051
-27.6431 -86.2339 2.48098 0.111591
-27.6508 -86.0654 2.4836 0.0196537
-27.4143 -86.064 2.47492 0.0974631
-27.5746 -86.168 2.47546 0.185726
-27.513 -85.8191 2.47754 0.00787227
-27.711 -86.1629 2.47387 0.0715051
-27.6017 -85.9395 2.47441 0.0605035
-27.3725 -86.0145 2.47589 0.0589679
-27.4143 -86.064 2.47492 0.0974631
-27.5746 -86.168 2.47546 0.185726
-27.5746 -86.168 2.47546 0.185726
-27.5746 -86.168 2.47546 0.185726
-27.6431 -86.2339 2.48098 0.111591
-27.6431 -86.2339 2.48098 0.111591
-27.3725 -86.0145 2.47589 0.0589679
-27.3919 -86.177 2.48024 0.143393
-27.5746 -86.168 2.47546 0.185726
-27.711 -86.1629 2.47387 0.0715051
-27.2731 -85.9984 2.47063 0.00371927
-27.6269 -85.9925 2.47213 0.0668711
-27.2494 -86.0301 2.47744 0.0157979
-27.799 -85.9614 2.48009 0.00404171
-27.5746 -86.168 2.47546 0.185726
-27.4372 -86.2198 2.472 0.0350699
-27.6431 -86.2339 2.48098 0.111591
-27.6269 -85.9925 2.47213 0.0668711
-27.3919 -86.177 2.48024 0.143393
-27.7323 -86.0364 2.46863 0.0150203
-27.799 -85.9614 2.48009 0.00404171
-27.5746 -86.168 2.47546 0.185726
-27.5746 -86.168 2.47546 0.185726
-27.4639 -86.0772 2.4847 0.0302218
-27.6269 -85.9925 2.47213 0.0668711
-27.6269 -85.9925 2.47213 0.0668711
-27.4143 -86.064 2.47492 0.0974631
-27.4143 -86.064 2.47492 0.0974631
-27.513 -85.8191 2.47754 0.00787227
-27.6431 -86.2339 2.48098 0.111591
-27.3725 -86.0145 2.47589 0.0589679
-27.7042 -85.84 2.47015 0.00825703
-27.896 -86.382 2.47836 0.00154379
-27.6508 -86.0654 2.4836 0.0196537
-27.3725 -86.0145 2.47589 0.0589679
-27.6269 -85.9925 2.47213 0.0668711
-27.3919 -86.177 2.48024 0.143393
-27.1128 -86.083 2.48018 0.00183944
-27.4372 -86.2198 2.472 0.0350699
-27.6431 -86.2339 2.48098 0.111591
-27.3725 -86.0145 2.47589 0.0589679
-27.6269 -85.9925 2.47213 0.0668711
-27.5746 -86.168 2.47546 0.185726
-27.711 -86.1629 2.47387 0.0715051
-27.6431 -86.2339 2.48098 0.111591
-27.3725 -86.0145 2.47589 0.0589679
-27.3919 -86.177 2.48024 0.143393
