46.341 -65.2947 3.94583 0.14313
46.4468 -65.2909 3.9479 0.245742
46.5388 -65.4838 3.94484 0.106278
46.5628 -65.1898 3.94701 0.100385
46.4468 -65.2909 3.9479 0.245742
46.2738 -65.3505 3.93831 0.0263483
46.341 -65.2947 3.94583 0.14313
46.3585 -65.3142 3.94223 0.184032
46.2738 -65.3505 3.93831 0.0263483
46.5628 -65.1898 3.94701 0.100385
46.341 -65.2947 3.94583 0.14313
46.3585 -65.3142 3.94223 0.184032
46.5628 -65.1898 3.94701 0.100385
46.341 -65.2947 3.94583 0.14313
46.6242 -65.1428 3.94735 0.0252478
46.6564 -65.322 3.94382 0.048915
46.4468 -65.2909 3.9479 0.245742
46.4468 -65.2909 3.9479 0.245742
46.286 -65.2426 3.95174 0.00299953
46.5628 -65.1898 3.94701 0.100385
46.5937 -65.3709 3.93877 0.0149473
46.4468 -65.2909 3.9479 0.245742
46.5388 -65.4838 3.94484 0.106278
46.5388 -65.4838 3.94484 0.106278
46.341 -65.2947 3.94583 0.14313
46.6242 -65.1428 3.94735 0.0252478
46.5628 -65.1898 3.94701 0.100385
46.4468 -65.2909 3.9479 0.245742
46.4468 -65.2909 3.9479 0.245742
46.6242 -65.1428 3.94735 0.0252478
46.341 -65.2947 3.94583 0.14313
46.4468 -65.2909 3.9479 0.245742
46.5388 -65.4838 3.94484 0.106278
46.472 -65.3471 3.95372 0.0135145
46.4468 -65.2909 3.9479 0.245742
46.4468 -65.2909 3.9479 0.245742
46.6267 -65.4426 3.94072 0.0187435
46.341 -65.2947 3.94583 0.14313
46.4468 -65.2909 3.9479 0.245742
46.3585 -65.3142 3.94223 0.184032
46.5388 -65.4838 3.94484 0.106278
46.5628 -65.1898 3.94701 0.100385
46.6564 -65.322 3.94382 0.048915
46.3585 -65.3142 3.94223 0.184032
46.3585 -65.3142 3.94223 0.184032
46.3516 -65.4367 3.93324 0.00156645
46.5937 -65.3709 3.93877 0.0149473
46.341 -65.2947 3.94583 0.14313
46.3585 -65.3142 3.94223 0.184032
46.3585 -65.3142 3.94223 0.184032
46.5628 -65.1898 3.94701 0.100385
46.4468 -65.2909 3.9479 0.245742
46.4468 -65.2909 3.9479 0.245742
46.3585 -65.3142 3.94223 0.184032
46.3585 -65.3142 3.94223 0.184032
46.2702 -65.1871 3.94289 0.0172391
46.341 -65.2947 3.94583 0.14313
46.3585 -65.3142 3.94223 0.184032
46.6564 -65.322 3.94382 0.048915
46.4468 -65.2909 3.9479 0.245742
46.3585 -65.3142 3.94223 0.184032
46.2702 -65.1871 3.94289 0.0172391
46.4468 -65.2909 3.9479 0.245742
46.3585 -65.3142 3.94223 0.184032
46.5628 -65.1898 3.94701 0.100385
46.4468 -65.2909 3.9479 0.245742
46.4468 -65.2909 3.9479 0.245742
46.4468 -65.2909 3.9479 0.245742
46.3585 -65.3142 3.94223 0.184032
46.3585 -65.3142 3.94223 0.184032
46.6267 -65.4426 3.94072 0.0187435
46.341 -65.2947 3.94583 0.14313
46.4468 -65.2909 3.9479 0.245742
46.3585 -65.3142 3.94223 0.184032
46.3585 -65.3142 3.94223 0.184032
46.7453 -65.2011 3.95719 0.000293787
46.341 -65.2947 3.94583 0.14313
46.341 -65.2947 3.94583 0.14313
46.4468 -65.2909 3.9479 0.245742
46.2702 -65.1871 3.94289 0.0172391
46.4468 -65.2909 3.9479 0.245742
46.3585 -65.3142 3.94223 0.184032
46.3585 -65.3142 3.94223 0.184032
46.5628 -65.1898 3.94701 0.100385
46.341 -65.2947 3.94583 0.14313
46.3585 -65.3142 3.94223 0.184032
46.5388 -65.4838 3.94484 0.106278
46.2702 -65.1871 3.94289 0.0172391
46.2738 -65.3505 3.93831 0.0263483
46.4468 -65.2909 3.9479 0.245742
46.4468 -65.2909 3.9479 0.245742
46.3585 -65.3142 3.94223 0.184032
46.5628 -65.1898 3.94701 0.100385
46.4468 -65.2909 3.9479 0.245742
46.4468 -65.2909 3.9479 0.245742
46.3585 -65.3142 3.94223 0.184032
46.7042 -65.21 3.9545 0.00337303
46.341 -65.2947 3.94583 0.14313
46.4468 -65.2909 3.9479 0.245742
46.3585 -65.3142 3.94223 0.184032
