142.907 21.1954 0.0578632 0.200392
142.717 21.2493 0.0613887 0.189728
143.073 21.1801 0.0577693 0.0413172
142.907 21.1954 0.0578632 0.200392
142.717 21.2493 0.0613887 0.189728
142.717 21.2493 0.0613887 0.189728
143.05 21.2524 0.0618037 0.0539396
142.907 21.1954 0.0578632 0.200392
142.907 21.1954 0.0578632 0.200392
142.717 21.2493 0.0613887 0.189728
143.073 21.1801 0.0577693 0.0413172
142.948 21.0391 0.0627787 0.009821
142.907 21.1954 0.0578632 0.200392
142.907 21.1954 0.0578632 0.200392
142.717 21.2493 0.0613887 0.189728
142.906 21.1205 0.0575792 0.068721
142.935 21.5573 0.0579614 0.0537507
142.907 21.1954 0.0578632 0.200392
142.717 21.2493 0.0613887 0.189728
143.05 21.2524 0.0618037 0.0539396
142.935 21.5573 0.0579614 0.0537507
143.073 21.1801 0.0577693 0.0413172
142.907 21.1954 0.0578632 0.200392
142.672 21.1539 0.0642059 0.0414508
142.95 21.5077 0.0527633 0.0361873
142.907 21.1954 0.0578632 0.200392
143.01 21.2045 0.061512 0.0778113
142.906 21.1205 0.0575792 0.068721
142.935 21.5573 0.0579614 0.0537507
142.95 21.5077 0.0527633 0.0361873
143.053 21.3324 0.050072 0.0124481
142.717 21.2493 0.0613887 0.189728
142.672 21.1539 0.0642059 0.0414508
142.672 21.1539 0.0642059 0.0414508
143.069 21.2131 0.0497072 0.00349782
142.948 21.0391 0.0627787 0.009821
142.907 21.1954 0.0578632 0.200392
142.907 21.1954 0.0578632 0.200392
142.907 21.1954 0.0578632 0.200392
142.717 21.2493 0.0613887 0.189728
142.717 21.2493 0.0613887 0.189728
142.717 21.2493 0.0613887 0.189728
142.991 21.3829 0.0660202 0.012217
143.05 21.2524 0.0618037 0.0539396
142.935 21.5573 0.0579614 0.0537507
142.907 21.1954 0.0578632 0.200392
142.717 21.2493 0.0613887 0.189728
142.717 21.2493 0.0613887 0.189728
142.672 21.1539 0.0642059 0.0414508
142.667 21.1203 0.0627507 0.0298522
142.907 21.1954 0.0578632 0.200392
143.01 21.2045 0.061512 0.0778113
142.906 21.1205 0.0575792 0.068721
142.948 21.0391 0.0627787 0.009821
142.667 21.1203 0.0627507 0.0298522
142.907 21.1954 0.0578632 0.200392
142.907 21.1954 0.0578632 0.200392
142.907 21.1954 0.0578632 0.200392
143.01 21.2045 0.061512 0.0778113
143.148 21.4744 0.0539073 0.0127519
142.935 21.5573 0.0579614 0.0537507
142.697 21.1708 0.0610005 0.0794959
143.01 21.2045 0.061512 0.0778113
143.01 21.2045 0.061512 0.0778113
143.125 21.5295 0.0566441 0.0110069
142.717 21.2493 0.0613887 0.189728
142.717 21.2493 0.0613887 0.189728
142.935 21.5573 0.0579614 0.0537507
142.907 21.1954 0.0578632 0.200392
143.125 21.5295 0.0566441 0.0110069
142.717 21.2493 0.0613887 0.189728
142.672 21.1539 0.0642059 0.0414508
142.906 21.1205 0.0575792 0.068721
142.935 21.5573 0.0579614 0.0537507
142.95 21.5077 0.0527633 0.0361873
143.002 20.9893 0.0564916 0.00187446
143.01 21.2045 0.061512 0.0778113
143.05 21.2524 0.0618037 0.0539396
143.042 21.2787 0.0654423 0.0100307
143.042 21.2787 0.0654423 0.0100307
142.948 21.0391 0.0627787 0.009821
142.697 21.1708 0.0610005 0.0794959
142.907 21.1954 0.0578632 0.200392
142.498 21.3215 0.0626933 0.00492808
142.717 21.2493 0.0613887 0.189728
143.073 21.1801 0.0577693 0.0413172
142.667 21.1203 0.0627507 0.0298522
142.697 21.1708 0.0610005 0.0794959
142.717 21.2493 0.0613887 0.189728
142.935 21.5573 0.0579614 0.0537507
142.935 21.5573 0.0579614 0.0537507
142.935 21.5573 0.0579614 0.0537507
143.073 21.1801 0.0577693 0.0413172
142.891 21.025 0.0591257 0.0133041
142.907 21.1954 0.0578632 0.200392
142.907 21.1954 0.0578632 0.200392
143.01 21.2045 0.061512 0.0778113
142.717 21.2493 0.0613887 0.189728
142.717 21.2493 0.0613887 0.189728
142.717 21.2493 0.0613887 0.189728
