113.78 -23.535 3.41112 0.0634993
113.867 -23.68 3.40504 0.0770704
113.753 -23.6725 3.40633 0.096695
113.931 -23.6477 3.41618 0.0397321
113.987 -23.6625 3.40689 0.0791855
113.907 -23.3941 3.40947 0.0436219
113.804 -23.6778 3.40284 0.0405317
113.867 -23.68 3.40504 0.0770704
113.999 -23.4422 3.41057 0.0580224
113.984 -23.7811 3.40657 0.0320606
113.984 -23.7811 3.40657 0.0320606
113.931 -23.6477 3.41618 0.0397321
113.844 -23.5902 3.4066 0.143826
113.987 -23.6625 3.40689 0.0791855
114.001 -23.4775 3.40915 0.076661
114.12 -23.782 3.40526 0.00290339
113.78 -23.535 3.41112 0.0634993
113.867 -23.68 3.40504 0.0770704
113.999 -23.4422 3.41057 0.0580224
114.14 -23.8286 3.41509 0.0260405
113.844 -23.5902 3.4066 0.143826
114.001 -23.4775 3.40915 0.076661
113.907 -23.3941 3.40947 0.0436219
113.648 -23.522 3.40958 0.0212405
113.78 -23.535 3.41112 0.0634993
113.867 -23.68 3.40504 0.0770704
113.999 -23.4422 3.41057 0.0580224
113.579 -23.5708 3.39933 0.00966177
113.987 -23.6625 3.40689 0.0791855
114.001 -23.4775 3.40915 0.076661
113.804 -23.6778 3.40284 0.0405317
113.753 -23.6725 3.40633 0.096695
113.984 -23.7811 3.40657 0.0320606
113.984 -23.7811 3.40657 0.0320606
113.931 -23.6477 3.41618 0.0397321
113.844 -23.5902 3.4066 0.143826
113.987 -23.6625 3.40689 0.0791855
113.987 -23.6625 3.40689 0.0791855
114.001 -23.4775 3.40915 0.076661
113.648 -23.522 3.40958 0.0212405
113.867 -23.68 3.40504 0.0770704
113.999 -23.4422 3.41057 0.0580224
113.931 -23.6477 3.41618 0.0397321
113.844 -23.5902 3.4066 0.143826
114.001 -23.4775 3.40915 0.076661
113.648 -23.522 3.40958 0.0212405
113.78 -23.535 3.41112 0.0634993
113.867 -23.68 3.40504 0.0770704
113.753 -23.6725 3.40633 0.096695
113.753 -23.6725 3.40633 0.096695
113.984 -23.7811 3.40657 0.0320606
113.931 -23.6477 3.41618 0.0397321
113.987 -23.6625 3.40689 0.0791855
114.001 -23.4775 3.40915 0.076661
113.774 -23.5016 3.40268 0.0490871
113.867 -23.68 3.40504 0.0770704
113.999 -23.4422 3.41057 0.0580224
113.984 -23.7811 3.40657 0.0320606
114.14 -23.8286 3.41509 0.0260405
113.844 -23.5902 3.4066 0.143826
114.001 -23.4775 3.40915 0.076661
114.001 -23.4775 3.40915 0.076661
113.804 -23.6778 3.40284 0.0405317
113.867 -23.68 3.40504 0.0770704
113.475 -23.8234 3.40002 0.000555091
113.987 -23.6625 3.40689 0.0791855
114.001 -23.4775 3.40915 0.076661
113.78 -23.535 3.41112 0.0634993
113.867 -23.68 3.40504 0.0770704
113.999 -23.4422 3.41057 0.0580224
113.489 -23.4306 3.40065 0.00409473
113.763 -23.8319 3.41583 0.00356136
113.987 -23.6625 3.40689 0.0791855
113.907 -23.3941 3.40947 0.0436219
113.774 -23.5016 3.40268 0.0490871
113.771 -23.8489 3.4115 0.018742
113.753 -23.6725 3.40633 0.096695
113.844 -23.5902 3.4066 0.143826
113.834 -23.7595 3.40305 0.0206209
113.596 -23.3824 3.40354 0.0106271
113.78 -23.535 3.41112 0.0634993
113.999 -23.4422 3.41057 0.0580224
113.753 -23.6725 3.40633 0.096695
113.984 -23.7811 3.40657 0.0320606
114.14 -23.8286 3.41509 0.0260405
114.14 -23.8286 3.41509 0.0260405
113.844 -23.5902 3.4066 0.143826
113.987 -23.6625 3.40689 0.0791855
113.907 -23.3941 3.40947 0.0436219
113.804 -23.6778 3.40284 0.0405317
113.753 -23.6725 3.40633 0.096695
114.144 -23.338 3.40791 0.00278269
113.579 -23.5708 3.39933 0.00966177
113.844 -23.5902 3.4066 0.143826
114.001 -23.4775 3.40915 0.076661
113.78 -23.535 3.41112 0.0634993
113.999 -23.4422 3.41057 0.0580224
113.844 -23.5902 3.4066 0.143826
113.834 -23.7595 3.40305 0.0206209
114.001 -23.4775 3.40915 0.076661
