263.933 -15.5701 3.66484 0.0706779
264.068 -15.5864 3.66212 0.0615327
263.624 -15.8387 3.6547 0.00897373
264.229 -15.8037 3.67053 0.290716
264.068 -15.5864 3.66212 0.0615327
264.271 -15.7593 3.66533 0.0366544
264.15 -15.923 3.66641 0.0781457
264.229 -15.8037 3.67053 0.290716
264.229 -15.8037 3.67053 0.290716
264.106 -15.8608 3.6629 0.0526572
264.225 -15.6616 3.67188 0.139352
264.229 -15.8037 3.67053 0.290716
263.767 -15.6311 3.66614 0.0059105
264.028 -15.6989 3.65811 0.0196303
264.229 -15.8037 3.67053 0.290716
264.15 -15.923 3.66641 0.0781457
264.15 -15.923 3.66641 0.0781457
264.229 -15.8037 3.67053 0.290716
264.15 -15.923 3.66641 0.0781457
264.15 -15.923 3.66641 0.0781457
264.005 -15.8343 3.67031 0.0719064
263.795 -15.5442 3.65787 0.0512356
263.795 -15.5442 3.65787 0.0512356
264.225 -15.6616 3.67188 0.139352
264.068 -15.5864 3.66212 0.0615327
263.624 -15.8387 3.6547 0.00897373
263.933 -15.5701 3.66484 0.0706779
264.15 -15.923 3.66641 0.0781457
264.225 -15.6616 3.67188 0.139352
264.15 -15.923 3.66641 0.0781457
264.15 -15.923 3.66641 0.0781457
264.225 -15.6616 3.67188 0.139352
264.271 -15.7593 3.66533 0.0366544
264.005 -15.8343 3.67031 0.0719064
264.229 -15.8037 3.67053 0.290716
264.005 -15.8343 3.67031 0.0719064
264.225 -15.6616 3.67188 0.139352
264.229 -15.8037 3.67053 0.290716
264.068 -15.5864 3.66212 0.0615327
264.005 -15.8343 3.67031 0.0719064
264.229 -15.8037 3.67053 0.290716
264.106 -15.8608 3.6629 0.0526572
264.225 -15.6616 3.67188 0.139352
264.229 -15.8037 3.67053 0.290716
264.028 -15.6989 3.65811 0.0196303
264.229 -15.8037 3.67053 0.290716
263.881 -16.0081 3.66088 0.00512293
264.271 -15.7593 3.66533 0.0366544
264.225 -15.6616 3.67188 0.139352
264.229 -15.8037 3.67053 0.290716
263.556 -15.558 3.64916 0.00622603
264.005 -15.8343 3.67031 0.0719064
264.225 -15.6616 3.67188 0.139352
264.229 -15.8037 3.67053 0.290716
263.933 -15.5701 3.66484 0.0706779
264.225 -15.6616 3.67188 0.139352
264.229 -15.8037 3.67053 0.290716
264.068 -15.5864 3.66212 0.0615327
264.093 -15.8052 3.67681 0.00441447
264.229 -15.8037 3.67053 0.290716
264.229 -15.8037 3.67053 0.290716
264.093 -15.8052 3.67681 0.00441447
264.225 -15.6616 3.67188 0.139352
263.933 -15.5701 3.66484 0.0706779
263.795 -15.5442 3.65787 0.0512356
264.229 -15.8037 3.67053 0.290716
264.229 -15.8037 3.67053 0.290716
264.005 -15.8343 3.67031 0.0719064
264.225 -15.6616 3.67188 0.139352
264.271 -15.7593 3.66533 0.0366544
264.225 -15.6616 3.67188 0.139352
263.933 -15.5701 3.66484 0.0706779
264.005 -15.8343 3.67031 0.0719064
264.229 -15.8037 3.67053 0.290716
264.038 -15.8402 3.65747 0.00362887
264.229 -15.8037 3.67053 0.290716
264.106 -15.8608 3.6629 0.0526572
264.225 -15.6616 3.67188 0.139352
264.229 -15.8037 3.67053 0.290716
263.963 -15.9586 3.66965 0.0162361
264.229 -15.8037 3.67053 0.290716
264.106 -15.8608 3.6629 0.0526572
264.229 -15.8037 3.67053 0.290716
264.106 -15.8608 3.6629 0.0526572
263.977 -15.479 3.65762 0.00656531
264.229 -15.8037 3.67053 0.290716
264.106 -15.8608 3.6629 0.0526572
264.225 -15.6616 3.67188 0.139352
264.068 -15.5864 3.66212 0.0615327
264.211 -15.6113 3.66402 0.0270745
264.068 -15.5864 3.66212 0.0615327
264.15 -15.923 3.66641 0.0781457
264.005 -15.8343 3.67031 0.0719064
264.229 -15.8037 3.67053 0.290716
264.271 -15.7593 3.66533 0.0366544
264.225 -15.6616 3.67188 0.139352
264.068 -15.5864 3.66212 0.0615327
264.225 -15.6616 3.67188 0.139352
264.229 -15.8037 3.67053 0.290716
263.795 -15.5442 3.65787 0.0512356
