162.769 -12.6221 3.28366 0.0161701
162.808 -12.8334 3.28071 0.00737143
162.772 -12.7152 3.28525 0.00405052
162.941 -12.4026 3.28192 0.0676095
162.958 -12.6535 3.283 0.11027
162.791 -12.5355 3.28138 0.0603991
163 -12.646 3.27826 0.103317
162.676 -12.5394 3.2798 0.019468
162.923 -12.6097 3.28624 0.035204
162.958 -12.6535 3.283 0.11027
162.912 -12.4894 3.28026 0.157678
163.188 -12.5791 3.28422 0.0505685
162.923 -12.6097 3.28624 0.035204
162.923 -12.6097 3.28624 0.035204
163.041 -12.4239 3.28321 0.0680043
162.813 -12.5138 3.28379 0.0282868
162.912 -12.4894 3.28026 0.157678
162.791 -12.5355 3.28138 0.0603991
162.769 -12.5432 3.28427 0.0121333
162.979 -12.6301 3.28668 0.0429227
162.979 -12.6301 3.28668 0.0429227
162.631 -12.6952 3.27955 0.00469531
163.041 -12.4239 3.28321 0.0680043
163.041 -12.4239 3.28321 0.0680043
162.941 -12.4026 3.28192 0.0676095
162.912 -12.4894 3.28026 0.157678
163.188 -12.5791 3.28422 0.0505685
163.188 -12.5791 3.28422 0.0505685
163.041 -12.4239 3.28321 0.0680043
162.958 -12.6535 3.283 0.11027
162.912 -12.4894 3.28026 0.157678
163.188 -12.5791 3.28422 0.0505685
162.59 -12.63 3.27847 0.0048471
162.941 -12.4026 3.28192 0.0676095
162.912 -12.4894 3.28026 0.157678
162.791 -12.5355 3.28138 0.0603991
162.979 -12.6301 3.28668 0.0429227
163 -12.646 3.27826 0.103317
163.377 -12.6692 3.2882 0.00268486
163.041 -12.4239 3.28321 0.0680043
162.958 -12.6535 3.283 0.11027
162.912 -12.4894 3.28026 0.157678
162.791 -12.5355 3.28138 0.0603991
162.767 -12.7242 3.27971 0.0287081
163 -12.646 3.27826 0.103317
162.676 -12.5394 3.2798 0.019468
163.041 -12.4239 3.28321 0.0680043
162.912 -12.4894 3.28026 0.157678
162.912 -12.4894 3.28026 0.157678
163.188 -12.5791 3.28422 0.0505685
163 -12.646 3.27826 0.103317
163 -12.646 3.27826 0.103317
162.941 -12.4026 3.28192 0.0676095
162.912 -12.4894 3.28026 0.157678
162.979 -12.6301 3.28668 0.0429227
163.188 -12.5791 3.28422 0.0505685
163 -12.646 3.27826 0.103317
162.923 -12.6097 3.28624 0.035204
162.958 -12.6535 3.283 0.11027
162.912 -12.4894 3.28026 0.157678
162.791 -12.5355 3.28138 0.0603991
162.769 -12.5432 3.28427 0.0121333
163 -12.646 3.27826 0.103317
163.068 -12.7255 3.27999 0.0441473
162.958 -12.6535 3.283 0.11027
162.813 -12.5138 3.28379 0.0282868
162.769 -12.5432 3.28427 0.0121333
163 -12.646 3.27826 0.103317
162.941 -12.4026 3.28192 0.0676095
162.958 -12.6535 3.283 0.11027
162.912 -12.4894 3.28026 0.157678
162.769 -12.6221 3.28366 0.0161701
162.808 -12.8334 3.28071 0.00737143
162.923 -12.6097 3.28624 0.035204
162.958 -12.6535 3.283 0.11027
162.912 -12.4894 3.28026 0.157678
162.769 -12.6221 3.28366 0.0161701
163.188 -12.5791 3.28422 0.0505685
163 -12.646 3.27826 0.103317
162.923 -12.6097 3.28624 0.035204
162.941 -12.4026 3.28192 0.0676095
162.941 -12.4026 3.28192 0.0676095
162.958 -12.6535 3.283 0.11027
162.912 -12.4894 3.28026 0.157678
162.662 -12.6688 3.27225 0.0175826
163 -12.646 3.27826 0.103317
162.941 -12.4026 3.28192 0.0676095
162.958 -12.6535 3.283 0.11027
162.791 -12.5355 3.28138 0.0603991
162.979 -12.6301 3.28668 0.0429227
162.767 -12.7242 3.27971 0.0287081
163 -12.646 3.27826 0.103317
163 -12.646 3.27826 0.103317
163 -12.646 3.27826 0.103317
163.041 -12.4239 3.28321 0.0680043
162.958 -12.6535 3.283 0.11027
162.912 -12.4894 3.28026 0.157678
163.19 -12.7078 3.2828 0.0237972
163.188 -12.5791 3.28422 0.0505685
163.068 -12.7255 3.27999 0.0441473
