258.6 -19.8261 3.33661 0.115246
258.396 -19.4774 3.33087 0.0802378
258.347 -19.4907 3.33285 0.064903
258.699 -19.5442 3.33921 0.160277
258.399 -19.5164 3.3315 0.128658
258.6 -19.8261 3.33661 0.115246
258.396 -19.4774 3.33087 0.0802378
258.396 -19.4774 3.33087 0.0802378
258.508 -19.8268 3.33608 0.092971
258.699 -19.5442 3.33921 0.160277
258.399 -19.5164 3.3315 0.128658
258.648 -19.7797 3.33291 0.0445027
258.396 -19.4774 3.33087 0.0802378
258.235 -19.4073 3.33067 0.00798078
258.347 -19.4907 3.33285 0.064903
258.63 -19.7575 3.34175 0.0787517
258.699 -19.5442 3.33921 0.160277
258.699 -19.5442 3.33921 0.160277
258.465 -19.6138 3.32617 0.00848537
258.515 -19.7611 3.33961 0.0681864
258.508 -19.8268 3.33608 0.092971
258.63 -19.7575 3.34175 0.0787517
258.699 -19.5442 3.33921 0.160277
258.699 -19.5442 3.33921 0.160277
258.525 -19.3548 3.33371 0.0148165
258.632 -19.3511 3.33406 0.00828864
258.648 -19.7797 3.33291 0.0445027
258.6 -19.8261 3.33661 0.115246
258.342 -19.464 3.33098 0.0543872
258.63 -19.7575 3.34175 0.0787517
258.699 -19.5442 3.33921 0.160277
258.648 -19.7797 3.33291 0.0445027
258.6 -19.8261 3.33661 0.115246
258.515 -19.7611 3.33961 0.0681864
258.347 -19.4907 3.33285 0.064903
258.63 -19.7575 3.34175 0.0787517
258.399 -19.5164 3.3315 0.128658
258.399 -19.5164 3.3315 0.128658
258.399 -19.5164 3.3315 0.128658
258.6 -19.8261 3.33661 0.115246
258.396 -19.4774 3.33087 0.0802378
258.342 -19.464 3.33098 0.0543872
258.508 -19.8268 3.33608 0.092971
258.63 -19.7575 3.34175 0.0787517
258.399 -19.5164 3.3315 0.128658
258.399 -19.5164 3.3315 0.128658
258.396 -19.4774 3.33087 0.0802378
258.258 -19.7605 3.33149 0.0285182
258.63 -19.7575 3.34175 0.0787517
258.63 -19.7575 3.34175 0.0787517
258.399 -19.5164 3.3315 0.128658
258.399 -19.5164 3.3315 0.128658
258.6 -19.8261 3.33661 0.115246
258.6 -19.8261 3.33661 0.115246
258.6 -19.8261 3.33661 0.115246
258.515 -19.7611 3.33961 0.0681864
258.508 -19.8268 3.33608 0.092971
258.699 -19.5442 3.33921 0.160277
258.699 -19.5442 3.33921 0.160277
258.632 -19.3511 3.33406 0.00828864
258.396 -19.4774 3.33087 0.0802378
258.396 -19.4774 3.33087 0.0802378
258.342 -19.464 3.33098 0.0543872
258.508 -19.8268 3.33608 0.092971
258.699 -19.5442 3.33921 0.160277
258.699 -19.5442 3.33921 0.160277
258.699 -19.5442 3.33921 0.160277
258.566 -19.8075 3.33007 0.0126533
258.6 -19.8261 3.33661 0.115246
258.6 -19.8261 3.33661 0.115246
258.396 -19.4774 3.33087 0.0802378
258.508 -19.8268 3.33608 0.092971
258.508 -19.8268 3.33608 0.092971
258.63 -19.7575 3.34175 0.0787517
258.699 -19.5442 3.33921 0.160277
258.399 -19.5164 3.3315 0.128658
258.396 -19.4774 3.33087 0.0802378
258.508 -19.8268 3.33608 0.092971
258.699 -19.5442 3.33921 0.160277
258.399 -19.5164 3.3315 0.128658
258.6 -19.8261 3.33661 0.115246
258.6 -19.8261 3.33661 0.115246
258.342 -19.464 3.33098 0.0543872
258.63 -19.7575 3.34175 0.0787517
258.399 -19.5164 3.3315 0.128658
258.396 -19.4774 3.33087 0.0802378
258.515 -19.7611 3.33961 0.0681864
258.515 -19.7611 3.33961 0.0681864
258.63 -19.7575 3.34175 0.0787517
258.63 -19.7575 3.34175 0.0787517
258.399 -19.5164 3.3315 0.128658
258.6 -19.8261 3.33661 0.115246
258.515 -19.7611 3.33961 0.0681864
258.508 -19.8268 3.33608 0.092971
258.63 -19.7575 3.34175 0.0787517
258.399 -19.5164 3.3315 0.128658
258.6 -19.8261 3.33661 0.115246
258.396 -19.4774 3.33087 0.0802378
258.347 -19.4907 3.33285 0.064903
258.347 -19.4907 3.33285 0.064903
