-24.9821 -87.9695 2.58614 0.00344547
-24.6488 -88.0442 2.60247 0.168844
-24.9653 -87.976 2.5968 0.202981
-24.7127 -87.6824 2.59536 0.0353026
-24.8398 -88.0883 2.60187 0.228334
-24.8398 -88.0883 2.60187 0.228334
-25.0801 -87.7454 2.5952 0.026561
-24.8001 -87.7133 2.59601 0.0824506
-25.1523 -87.946 2.60323 0.00403375
-24.8398 -88.0883 2.60187 0.228334
-24.8001 -87.7133 2.59601 0.0824506
-24.764 -87.9314 2.60674 0.0583035
-24.8398 -88.0883 2.60187 0.228334
-24.6488 -88.0442 2.60247 0.168844
-24.9653 -87.976 2.5968 0.202981
-24.8398 -88.0883 2.60187 0.228334
-24.8001 -87.7133 2.59601 0.0824506
-24.764 -87.9314 2.60674 0.0583035
-24.8398 -88.0883 2.60187 0.228334
-24.7444 -88.397 2.6088 0.00210049
-24.9653 -87.976 2.5968 0.202981
-24.8398 -88.0883 2.60187 0.228334
-24.6488 -88.0442 2.60247 0.168844
-25.1959 -87.9721 2.58894 0.00212165
-24.9653 -87.976 2.5968 0.202981
-24.9653 -87.976 2.5968 0.202981
-24.8398 -88.0883 2.60187 0.228334
-24.8398 -88.0883 2.60187 0.228334
-24.6488 -88.0442 2.60247 0.168844
-24.6488 -88.0442 2.60247 0.168844
-24.9653 -87.976 2.5968 0.202981
-24.7533 -87.7275 2.604 0.0189178
-24.8398 -88.0883 2.60187 0.228334
-24.955 -88.0987 2.59409 0.0596045
-24.6488 -88.0442 2.60247 0.168844
-25.1252 -87.6939 2.59464 0.00834252
-24.6488 -88.0442 2.60247 0.168844
-24.8001 -87.7133 2.59601 0.0824506
-24.9653 -87.976 2.5968 0.202981
-24.8398 -88.0883 2.60187 0.228334
-24.8001 -87.7133 2.59601 0.0824506
-24.764 -87.9314 2.60674 0.0583035
-24.764 -87.9314 2.60674 0.0583035
-24.6488 -88.0442 2.60247 0.168844
-24.8001 -87.7133 2.59601 0.0824506
-24.9653 -87.976 2.5968 0.202981
-24.8398 -88.0883 2.60187 0.228334
-24.6488 -88.0442 2.60247 0.168844
-24.6488 -88.0442 2.60247 0.168844
-25.0632 -87.7621 2.60079 0.0124236
-24.8398 -88.0883 2.60187 0.228334
-24.6488 -88.0442 2.60247 0.168844
-24.6488 -88.0442 2.60247 0.168844
-25.0632 -87.7621 2.60079 0.0124236
-25.0729 -87.675 2.59834 0.00713445
-24.955 -88.0987 2.59409 0.0596045
-24.9653 -87.976 2.5968 0.202981
-24.9653 -87.976 2.5968 0.202981
-24.9653 -87.976 2.5968 0.202981
-24.8398 -88.0883 2.60187 0.228334
-24.8001 -87.7133 2.59601 0.0824506
-24.9653 -87.976 2.5968 0.202981
-24.8398 -88.0883 2.60187 0.228334
-24.8398 -88.0883 2.60187 0.228334
-24.8398 -88.0883 2.60187 0.228334
-25.0801 -87.7454 2.5952 0.026561
-25.0872 -87.8961 2.5856 0.00221897
-24.9653 -87.976 2.5968 0.202981
-24.9653 -87.976 2.5968 0.202981
-24.8398 -88.0883 2.60187 0.228334
-24.6488 -88.0442 2.60247 0.168844
-24.7533 -87.7275 2.604 0.0189178
-24.8398 -88.0883 2.60187 0.228334
-24.6488 -88.0442 2.60247 0.168844
-25.0872 -87.8961 2.5856 0.00221897
-24.9653 -87.976 2.5968 0.202981
-24.8398 -88.0883 2.60187 0.228334
-24.955 -88.0987 2.59409 0.0596045
-24.8001 -87.7133 2.59601 0.0824506
-24.9653 -87.976 2.5968 0.202981
-24.8398 -88.0883 2.60187 0.228334
-25.0801 -87.7454 2.5952 0.026561
-24.6488 -88.0442 2.60247 0.168844
-24.7533 -87.7275 2.604 0.0189178
-24.764 -87.9314 2.60674 0.0583035
-25.0801 -87.7454 2.5952 0.026561
-24.9653 -87.976 2.5968 0.202981
-24.9653 -87.976 2.5968 0.202981
-24.8398 -88.0883 2.60187 0.228334
-24.955 -88.0987 2.59409 0.0596045
-24.9653 -87.976 2.5968 0.202981
-24.9653 -87.976 2.5968 0.202981
-24.764 -87.9314 2.60674 0.0583035
-24.8398 -88.0883 2.60187 0.228334
-24.6488 -88.0442 2.60247 0.168844
-25.1252 -87.6939 2.59464 0.00834252
-24.8398 -88.0883 2.60187 0.228334
-24.8001 -87.7133 2.59601 0.0824506
-25.1252 -87.6939 2.59464 0.00834252
-24.764 -87.9314 2.60674 0.0583035
