280.078 3.97382 4.67534 0.0685904
280.002 4.01843 4.67513 0.082781
280.117 4.33631 4.67923 0.0228956
280.047 4.21625 4.68603 0.128156
280.047 4.21625 4.68603 0.128156
280.047 4.21625 4.68603 0.128156
280.311 4.15161 4.68559 0.104162
280.168 4.02793 4.68937 0.0732284
280.168 4.02793 4.68937 0.0732284
280.078 3.97382 4.67534 0.0685904
280.002 4.01843 4.67513 0.082781
280.174 3.97101 4.68848 0.0406682
280.117 4.33631 4.67923 0.0228956
280.047 4.21625 4.68603 0.128156
280.047 4.21625 4.68603 0.128156
280.047 4.21625 4.68603 0.128156
279.899 4.02893 4.68303 0.0197563
280.168 4.02793 4.68937 0.0732284
280.402 3.97538 4.68699 0.00797003
280.268 4.04782 4.68412 0.0990608
280.268 4.04782 4.68412 0.0990608
279.901 4.21231 4.67139 0.00861485
280.047 4.21625 4.68603 0.128156
280.047 4.21625 4.68603 0.128156
279.899 4.02893 4.68303 0.0197563
279.899 4.02893 4.68303 0.0197563
280.168 4.02793 4.68937 0.0732284
280.268 4.04782 4.68412 0.0990608
280.174 3.97101 4.68848 0.0406682
280.047 4.21625 4.68603 0.128156
280.311 4.15161 4.68559 0.104162
280.309 4.04543 4.6875 0.0672216
280.19 3.9825 4.67964 0.0769717
280.19 3.9825 4.67964 0.0769717
279.959 4.12862 4.69066 0.0112981
280.078 3.97382 4.67534 0.0685904
280.174 3.97101 4.68848 0.0406682
280.117 4.33631 4.67923 0.0228956
280.047 4.21625 4.68603 0.128156
280.311 4.15161 4.68559 0.104162
280.309 4.04543 4.6875 0.0672216
280.19 3.9825 4.67964 0.0769717
280.168 4.02793 4.68937 0.0732284
279.989 4.12131 4.68879 0.0356075
280.033 4.0079 4.68788 0.0323487
280.063 4.48832 4.68624 0.00243722
280.002 4.01843 4.67513 0.082781
280.002 4.01843 4.67513 0.082781
280.047 4.21625 4.68603 0.128156
280.047 4.21625 4.68603 0.128156
280.309 4.04543 4.6875 0.0672216
280.168 4.02793 4.68937 0.0732284
280.033 4.0079 4.68788 0.0323487
280.078 3.97382 4.67534 0.0685904
280.268 4.04782 4.68412 0.0990608
280.174 3.97101 4.68848 0.0406682
280.117 4.33631 4.67923 0.0228956
279.883 3.95643 4.68324 0.00617564
279.937 3.87275 4.66821 0.00617234
280.309 4.04543 4.6875 0.0672216
280.19 3.9825 4.67964 0.0769717
280.147 4.23694 4.67266 0.00813141
280.033 4.20048 4.67094 0.012513
280.268 4.04782 4.68412 0.0990608
280.002 4.01843 4.67513 0.082781
280.002 4.01843 4.67513 0.082781
280.002 4.01843 4.67513 0.082781
280.174 3.97101 4.68848 0.0406682
280.047 4.21625 4.68603 0.128156
280.309 4.04543 4.6875 0.0672216
280.309 4.04543 4.6875 0.0672216
279.989 4.12131 4.68879 0.0356075
280.078 3.97382 4.67534 0.0685904
280.002 4.01843 4.67513 0.082781
280.174 3.97101 4.68848 0.0406682
280.047 4.21625 4.68603 0.128156
280.047 4.21625 4.68603 0.128156
280.19 3.9825 4.67964 0.0769717
280.19 3.9825 4.67964 0.0769717
280.19 3.9825 4.67964 0.0769717
280.168 4.02793 4.68937 0.0732284
280.078 3.97382 4.67534 0.0685904
280.002 4.01843 4.67513 0.082781
280.047 4.21625 4.68603 0.128156
280.309 4.04543 4.6875 0.0672216
279.899 4.02893 4.68303 0.0197563
280.19 3.9825 4.67964 0.0769717
280.168 4.02793 4.68937 0.0732284
280.168 4.02793 4.68937 0.0732284
280.215 4.42857 4.68289 0.00636335
280.002 4.01843 4.67513 0.082781
280.002 4.01843 4.67513 0.082781
280.117 4.33631 4.67923 0.0228956
280.047 4.21625 4.68603 0.128156
280.311 4.15161 4.68559 0.104162
280.168 4.02793 4.68937 0.0732284
279.911 4.13052 4.68807 0.0108174
280.078 3.97382 4.67534 0.0685904
280.033 4.20048 4.67094 0.012513
280.268 4.04782 4.68412 0.0990608
