213.256 -11.0727 2.9984 0.0915014
213.417 -10.8521 3.00426 0.123043
213.344 -10.8835 3.00351 0.17902
213.589 -10.941 3.00264 0.0211348
213.24 -10.7905 2.99884 0.0934388
213.417 -10.8521 3.00426 0.123043
213.344 -10.8835 3.00351 0.17902
213.344 -10.8835 3.00351 0.17902
213.24 -10.7905 2.99884 0.0934388
213.256 -11.0727 2.9984 0.0915014
213.417 -10.8521 3.00426 0.123043
213.417 -10.8521 3.00426 0.123043
213.344 -10.8835 3.00351 0.17902
213.344 -10.8835 3.00351 0.17902
213.347 -11.0312 2.99728 0.0558949
213.347 -11.0312 2.99728 0.0558949
213.29 -10.8393 3.00429 0.108174
213.417 -10.8521 3.00426 0.123043
213.205 -10.9876 3.00239 0.127606
213.351 -11.1804 2.99501 0.00286844
213.135 -11.0318 2.99432 0.0332661
213.256 -11.0727 2.9984 0.0915014
213.417 -10.8521 3.00426 0.123043
213.205 -10.9876 3.00239 0.127606
213.593 -10.8133 2.99939 0.00301857
213.24 -10.7905 2.99884 0.0934388
213.24 -10.7905 2.99884 0.0934388
213.29 -10.8393 3.00429 0.108174
213.417 -10.8521 3.00426 0.123043
213.344 -10.8835 3.00351 0.17902
213.205 -10.9876 3.00239 0.127606
213.589 -10.941 3.00264 0.0211348
213.29 -10.8393 3.00429 0.108174
213.29 -10.8393 3.00429 0.108174
213.098 -10.8642 2.99766 0.0739383
213.205 -10.9876 3.00239 0.127606
213.24 -10.7905 2.99884 0.0934388
213.29 -10.8393 3.00429 0.108174
213.29 -10.8393 3.00429 0.108174
213.135 -11.0318 2.99432 0.0332661
213.522 -10.9688 2.99984 0.0239079
213.344 -10.8835 3.00351 0.17902
213.644 -10.9826 3.00101 0.00340554
213.589 -10.941 3.00264 0.0211348
213.351 -11.311 3.0011 0.00177048
213.24 -10.7905 2.99884 0.0934388
213.29 -10.8393 3.00429 0.108174
213.098 -10.8642 2.99766 0.0739383
213.344 -10.8835 3.00351 0.17902
213.24 -10.7905 2.99884 0.0934388
213.29 -10.8393 3.00429 0.108174
213.417 -10.8521 3.00426 0.123043
213.344 -10.8835 3.00351 0.17902
213.24 -10.7905 2.99884 0.0934388
213.256 -11.0727 2.9984 0.0915014
213.256 -11.0727 2.9984 0.0915014
213.256 -11.0727 2.9984 0.0915014
213.098 -10.8642 2.99766 0.0739383
213.344 -10.8835 3.00351 0.17902
213.344 -10.8835 3.00351 0.17902
213.205 -10.9876 3.00239 0.127606
213.205 -10.9876 3.00239 0.127606
213.347 -11.0312 2.99728 0.0558949
213.24 -10.7905 2.99884 0.0934388
213.29 -10.8393 3.00429 0.108174
213.522 -10.9688 2.99984 0.0239079
213.205 -10.9876 3.00239 0.127606
213.589 -10.941 3.00264 0.0211348
213.24 -10.7905 2.99884 0.0934388
213.256 -11.0727 2.9984 0.0915014
213.417 -10.8521 3.00426 0.123043
213.344 -10.8835 3.00351 0.17902
213.344 -10.8835 3.00351 0.17902
213.344 -10.8835 3.00351 0.17902
213.777 -11.0724 3.00996 0.000429956
213.24 -10.7905 2.99884 0.0934388
213.256 -11.0727 2.9984 0.0915014
213.417 -10.8521 3.00426 0.123043
213.344 -10.8835 3.00351 0.17902
213.347 -11.0312 2.99728 0.0558949
213.347 -11.0312 2.99728 0.0558949
213.24 -10.7905 2.99884 0.0934388
213.256 -11.0727 2.9984 0.0915014
213.417 -10.8521 3.00426 0.123043
213.098 -10.8642 2.99766 0.0739383
213.347 -11.0312 2.99728 0.0558949
213.29 -10.8393 3.00429 0.108174
213.256 -11.0727 2.9984 0.0915014
213.417 -10.8521 3.00426 0.123043
213.344 -10.8835 3.00351 0.17902
213.205 -10.9876 3.00239 0.127606
213.24 -10.7905 2.99884 0.0934388
213.256 -11.0727 2.9984 0.0915014
213.256 -11.0727 2.9984 0.0915014
213.256 -11.0727 2.9984 0.0915014
213.098 -10.8642 2.99766 0.0739383
213.344 -10.8835 3.00351 0.17902
213.589 -10.941 3.00264 0.0211348
213.24 -10.7905 2.99884 0.0934388
213.29 -10.8393 3.00429 0.108174
