56.7776 -54.8871 3.92216 0.434836
56.7776 -54.8871 3.92216 0.434836
56.8994 -54.9074 3.9231 0.0715012
56.7776 -54.8871 3.92216 0.434836
56.6636 -54.92 3.92758 0.0478316
56.7776 -54.8871 3.92216 0.434836
56.5791 -54.7732 3.91719 0.128832
56.5948 -54.659 3.91939 0.0333508
56.8994 -54.9074 3.9231 0.0715012
56.6278 -54.9614 3.92378 0.165175
56.5791 -54.7732 3.91719 0.128832
56.7776 -54.8871 3.92216 0.434836
56.7776 -54.8871 3.92216 0.434836
56.8994 -54.9074 3.9231 0.0715012
56.7776 -54.8871 3.92216 0.434836
56.6278 -54.9614 3.92378 0.165175
56.7776 -54.8871 3.92216 0.434836
56.5948 -54.659 3.91939 0.0333508
56.8994 -54.9074 3.9231 0.0715012
56.5791 -54.7732 3.91719 0.128832
56.7776 -54.8871 3.92216 0.434836
56.7776 -54.8871 3.92216 0.434836
56.5948 -54.659 3.91939 0.0333508
56.7776 -54.8871 3.92216 0.434836
56.8994 -54.9074 3.9231 0.0715012
56.5791 -54.7732 3.91719 0.128832
56.5725 -55.1228 3.91308 0.011197
56.7776 -54.8871 3.92216 0.434836
56.5791 -54.7732 3.91719 0.128832
56.6278 -54.9614 3.92378 0.165175
56.7776 -54.8871 3.92216 0.434836
56.6278 -54.9614 3.92378 0.165175
56.5791 -54.7732 3.91719 0.128832
56.7776 -54.8871 3.92216 0.434836
56.6636 -54.92 3.92758 0.0478316
56.7776 -54.8871 3.92216 0.434836
56.5791 -54.7732 3.91719 0.128832
56.5791 -54.7732 3.91719 0.128832
56.5995 -54.6209 3.92023 0.0160783
56.6278 -54.9614 3.92378 0.165175
56.6278 -54.9614 3.92378 0.165175
56.5948 -54.659 3.91939 0.0333508
56.6636 -54.92 3.92758 0.0478316
56.5948 -54.659 3.91939 0.0333508
56.7776 -54.8871 3.92216 0.434836
56.7776 -54.8871 3.92216 0.434836
56.7776 -54.8871 3.92216 0.434836
56.7776 -54.8871 3.92216 0.434836
56.5791 -54.7732 3.91719 0.128832
56.7776 -54.8871 3.92216 0.434836
56.8994 -54.9074 3.9231 0.0715012
56.7776 -54.8871 3.92216 0.434836
56.8994 -54.9074 3.9231 0.0715012
56.7776 -54.8871 3.92216 0.434836
56.6278 -54.9614 3.92378 0.165175
56.7776 -54.8871 3.92216 0.434836
56.7776 -54.8871 3.92216 0.434836
56.7776 -54.8871 3.92216 0.434836
56.7776 -54.8871 3.92216 0.434836
56.6278 -54.9614 3.92378 0.165175
56.6636 -54.92 3.92758 0.0478316
56.5948 -54.659 3.91939 0.0333508
56.9885 -54.783 3.92831 0.00276832
56.7776 -54.8871 3.92216 0.434836
56.7776 -54.8871 3.92216 0.434836
56.7776 -54.8871 3.92216 0.434836
56.8994 -54.9074 3.9231 0.0715012
56.7776 -54.8871 3.92216 0.434836
56.5791 -54.7732 3.91719 0.128832
56.7776 -54.8871 3.92216 0.434836
56.7776 -54.8871 3.92216 0.434836
56.5791 -54.7732 3.91719 0.128832
56.6636 -54.92 3.92758 0.0478316
56.7776 -54.8871 3.92216 0.434836
56.7776 -54.8871 3.92216 0.434836
56.8994 -54.9074 3.9231 0.0715012
56.7776 -54.8871 3.92216 0.434836
56.7776 -54.8871 3.92216 0.434836
56.7776 -54.8871 3.92216 0.434836
56.8994 -54.9074 3.9231 0.0715012
56.7776 -54.8871 3.92216 0.434836
56.7776 -54.8871 3.92216 0.434836
56.5015 -54.543 3.92685 0.000185158
56.6278 -54.9614 3.92378 0.165175
56.6278 -54.9614 3.92378 0.165175
56.5031 -55.0123 3.9225 0.0233735
56.6278 -54.9614 3.92378 0.165175
56.6278 -54.9614 3.92378 0.165175
56.5791 -54.7732 3.91719 0.128832
56.7776 -54.8871 3.92216 0.434836
56.7776 -54.8871 3.92216 0.434836
56.7776 -54.8871 3.92216 0.434836
56.4351 -54.8118 3.91417 0.00747145
56.7776 -54.8871 3.92216 0.434836
56.6278 -54.9614 3.92378 0.165175
57.0194 -54.8107 3.92254 0.00353444
56.7776 -54.8871 3.92216 0.434836
56.8994 -54.9074 3.9231 0.0715012
56.5791 -54.7732 3.91719 0.128832
56.7776 -54.8871 3.92216 0.434836
