85.3971 -32.4395 3.60742 0.191585
85.3971 -32.4395 3.60742 0.191585
85.2354 -32.4981 3.60495 0.560058
85.2354 -32.4981 3.60495 0.560058
85.2342 -32.2012 3.61154 0.155505
85.2342 -32.2012 3.61154 0.155505
85.3971 -32.4395 3.60742 0.191585
85.2342 -32.2012 3.61154 0.155505
85.2354 -32.4981 3.60495 0.560058
85.2342 -32.2012 3.61154 0.155505
85.4618 -32.5758 3.60439 0.027317
85.2354 -32.4981 3.60495 0.560058
85.2354 -32.4981 3.60495 0.560058
85.2354 -32.4981 3.60495 0.560058
85.4618 -32.5758 3.60439 0.027317
85.2354 -32.4981 3.60495 0.560058
85.2342 -32.2012 3.61154 0.155505
85.2354 -32.4981 3.60495 0.560058
85.2354 -32.4981 3.60495 0.560058
85.2354 -32.4981 3.60495 0.560058
85.3213 -32.7221 3.60728 0.00431603
85.2354 -32.4981 3.60495 0.560058
85.2354 -32.4981 3.60495 0.560058
85.2342 -32.2012 3.61154 0.155505
85.3971 -32.4395 3.60742 0.191585
85.2354 -32.4981 3.60495 0.560058
85.4618 -32.5758 3.60439 0.027317
85.3971 -32.4395 3.60742 0.191585
85.2354 -32.4981 3.60495 0.560058
85.3213 -32.7221 3.60728 0.00431603
85.3971 -32.4395 3.60742 0.191585
85.2354 -32.4981 3.60495 0.560058
85.3971 -32.4395 3.60742 0.191585
85.3971 -32.4395 3.60742 0.191585
85.3971 -32.4395 3.60742 0.191585
85.2354 -32.4981 3.60495 0.560058
85.2354 -32.4981 3.60495 0.560058
85.2354 -32.4981 3.60495 0.560058
85.233 -32.7446 3.60736 0.00293331
85.3971 -32.4395 3.60742 0.191585
85.2354 -32.4981 3.60495 0.560058
85.2342 -32.2012 3.61154 0.155505
85.3971 -32.4395 3.60742 0.191585
85.2354 -32.4981 3.60495 0.560058
85.2354 -32.4981 3.60495 0.560058
85.4783 -32.3249 3.602 0.00154712
85.2354 -32.4981 3.60495 0.560058
85.2354 -32.4981 3.60495 0.560058
85.2354 -32.4981 3.60495 0.560058
85.2354 -32.4981 3.60495 0.560058
85.2354 -32.4981 3.60495 0.560058
85.3971 -32.4395 3.60742 0.191585
85.2354 -32.4981 3.60495 0.560058
85.2354 -32.4981 3.60495 0.560058
85.2354 -32.4981 3.60495 0.560058
85.2354 -32.4981 3.60495 0.560058
85.2354 -32.4981 3.60495 0.560058
85.2354 -32.4981 3.60495 0.560058
85.3971 -32.4395 3.60742 0.191585
85.3971 -32.4395 3.60742 0.191585
85.2354 -32.4981 3.60495 0.560058
85.2354 -32.4981 3.60495 0.560058
85.2342 -32.2012 3.61154 0.155505
85.3971 -32.4395 3.60742 0.191585
85.2342 -32.2012 3.61154 0.155505
85.2354 -32.4981 3.60495 0.560058
85.2354 -32.4981 3.60495 0.560058
85.2354 -32.4981 3.60495 0.560058
85.3971 -32.4395 3.60742 0.191585
85.2354 -32.4981 3.60495 0.560058
85.2354 -32.4981 3.60495 0.560058
85.2354 -32.4981 3.60495 0.560058
85.3971 -32.4395 3.60742 0.191585
85.3971 -32.4395 3.60742 0.191585
85.3971 -32.4395 3.60742 0.191585
85.2342 -32.2012 3.61154 0.155505
85.3971 -32.4395 3.60742 0.191585
85.2354 -32.4981 3.60495 0.560058
85.2354 -32.4981 3.60495 0.560058
85.2354 -32.4981 3.60495 0.560058
85.3971 -32.4395 3.60742 0.191585
85.2354 -32.4981 3.60495 0.560058
85.2354 -32.4981 3.60495 0.560058
85.2354 -32.4981 3.60495 0.560058
85.2354 -32.4981 3.60495 0.560058
85.2354 -32.4981 3.60495 0.560058
85.2354 -32.4981 3.60495 0.560058
85.2354 -32.4981 3.60495 0.560058
85.233 -32.7446 3.60736 0.00293331
85.3971 -32.4395 3.60742 0.191585
85.2354 -32.4981 3.60495 0.560058
85.2342 -32.2012 3.61154 0.155505
85.2342 -32.2012 3.61154 0.155505
85.2354 -32.4981 3.60495 0.560058
85.2354 -32.4981 3.60495 0.560058
85.4618 -32.5758 3.60439 0.027317
85.3971 -32.4395 3.60742 0.191585
85.2342 -32.2012 3.61154 0.155505
85.2354 -32.4981 3.60495 0.560058
85.2354 -32.4981 3.60495 0.560058
