170.264 23.5468 0.0783168 0.121806
170.15 23.3637 0.0810453 0.205481
170.405 23.5883 0.0808023 0.0624466
170.394 23.327 0.0749418 0.0505172
170.287 23.5105 0.0781042 0.169436
170.15 23.3637 0.0810453 0.205481
170.433 23.2489 0.0857581 0.0287946
170.304 23.1966 0.0829342 0.0762779
170.287 23.5105 0.0781042 0.169436
170.15 23.3637 0.0810453 0.205481
170.304 23.1966 0.0829342 0.0762779
170.264 23.5468 0.0783168 0.121806
170.394 23.327 0.0749418 0.0505172
170.15 23.3637 0.0810453 0.205481
170.247 23.579 0.0779512 0.0699905
170.302 23.6867 0.0851737 0.0123541
170.287 23.5105 0.0781042 0.169436
170.15 23.3637 0.0810453 0.205481
170.15 23.3637 0.0810453 0.205481
170.304 23.1966 0.0829342 0.0762779
170.304 23.1966 0.0829342 0.0762779
170.191 23.5876 0.0735007 0.00494654
170.287 23.5105 0.0781042 0.169436
170.15 23.3637 0.0810453 0.205481
170.304 23.1966 0.0829342 0.0762779
170.405 23.5883 0.0808023 0.0624466
170.537 23.4961 0.0719189 0.00253287
170.264 23.5468 0.0783168 0.121806
170.287 23.5105 0.0781042 0.169436
170.287 23.5105 0.0781042 0.169436
170.15 23.3637 0.0810453 0.205481
170.304 23.1966 0.0829342 0.0762779
170.287 23.5105 0.0781042 0.169436
170.484 23.4475 0.0772878 0.0568779
170.413 23.4124 0.088221 0.0324545
170.302 23.6867 0.0851737 0.0123541
170.287 23.5105 0.0781042 0.169436
170.247 23.579 0.0779512 0.0699905
170.405 23.5883 0.0808023 0.0624466
170.287 23.5105 0.0781042 0.169436
170.484 23.4475 0.0772878 0.0568779
170.15 23.3637 0.0810453 0.205481
170.026 23.6013 0.0795285 0.00526832
170.365 23.6008 0.0762714 0.0304488
170.304 23.1966 0.0829342 0.0762779
170.287 23.5105 0.0781042 0.169436
170.484 23.4475 0.0772878 0.0568779
170.247 23.579 0.0779512 0.0699905
170.264 23.5468 0.0783168 0.121806
170.287 23.5105 0.0781042 0.169436
170.287 23.5105 0.0781042 0.169436
170.287 23.5105 0.0781042 0.169436
170.413 23.4124 0.088221 0.0324545
170.405 23.5883 0.0808023 0.0624466
170.264 23.5468 0.0783168 0.121806
170.287 23.5105 0.0781042 0.169436
170.247 23.579 0.0779512 0.0699905
170.405 23.5883 0.0808023 0.0624466
170.287 23.5105 0.0781042 0.169436
170.484 23.4475 0.0772878 0.0568779
170.484 23.4475 0.0772878 0.0568779
170.15 23.3637 0.0810453 0.205481
170.15 23.3637 0.0810453 0.205481
170.15 23.3637 0.0810453 0.205481
170.413 23.4124 0.088221 0.0324545
170.247 23.579 0.0779512 0.0699905
170.264 23.5468 0.0783168 0.121806
170.287 23.5105 0.0781042 0.169436
170.247 23.579 0.0779512 0.0699905
170.405 23.5883 0.0808023 0.0624466
170.476 23.1146 0.0826115 0.00310933
170.287 23.5105 0.0781042 0.169436
170.15 23.3637 0.0810453 0.205481
170.247 23.579 0.0779512 0.0699905
170.394 23.327 0.0749418 0.0505172
170.484 23.4475 0.0772878 0.0568779
170.15 23.3637 0.0810453 0.205481
170.15 23.3637 0.0810453 0.205481
170.15 23.3637 0.0810453 0.205481
170.15 23.3637 0.0810453 0.205481
170.302 23.6867 0.0851737 0.0123541
170.302 23.6867 0.0851737 0.0123541
170.287 23.5105 0.0781042 0.169436
170.15 23.3637 0.0810453 0.205481
170.405 23.5883 0.0808023 0.0624466
170.259 23.4415 0.07321 0.0239269
170.15 23.3637 0.0810453 0.205481
170.304 23.1966 0.0829342 0.0762779
170.405 23.5883 0.0808023 0.0624466
170.264 23.5468 0.0783168 0.121806
170.394 23.327 0.0749418 0.0505172
170.287 23.5105 0.0781042 0.169436
170.15 23.3637 0.0810453 0.205481
170.433 23.2489 0.0857581 0.0287946
170.264 23.5468 0.0783168 0.121806
170.15 23.3637 0.0810453 0.205481
170.433 23.2489 0.0857581 0.0287946
170.394 23.327 0.0749418 0.0505172
170.287 23.5105 0.0781042 0.169436
170.15 23.3637 0.0810453 0.205481
