276.479 15.933 5.20242 0.205135
276.624 16.0804 5.20361 0.132456
276.699 15.886 5.1986 0.0884766
276.756 15.9301 5.19846 0.0390979
276.479 15.933 5.20242 0.205135
276.605 15.889 5.20774 0.0641609
276.624 16.0804 5.20361 0.132456
276.699 15.886 5.1986 0.0884766
276.479 15.933 5.20242 0.205135
276.709 15.8169 5.20416 0.0299542
276.772 16.0418 5.19131 0.000795934
276.555 16.0428 5.20191 0.206903
276.781 15.81 5.19967 0.0137883
276.605 15.889 5.20774 0.0641609
276.555 16.0428 5.20191 0.206903
276.696 15.8423 5.19702 0.0611239
276.605 15.889 5.20774 0.0641609
276.555 16.0428 5.20191 0.206903
276.555 16.0428 5.20191 0.206903
276.38 15.9777 5.20554 0.047065
276.696 15.8423 5.19702 0.0611239
276.479 15.933 5.20242 0.205135
276.709 15.8169 5.20416 0.0299542
276.555 16.0428 5.20191 0.206903
276.696 15.8423 5.19702 0.0611239
276.756 15.9301 5.19846 0.0390979
276.479 15.933 5.20242 0.205135
276.631 16.2569 5.20213 0.00439957
276.555 16.0428 5.20191 0.206903
276.699 15.886 5.1986 0.0884766
276.479 15.933 5.20242 0.205135
276.479 15.933 5.20242 0.205135
276.624 16.0804 5.20361 0.132456
276.555 16.0428 5.20191 0.206903
276.756 15.9301 5.19846 0.0390979
276.479 15.933 5.20242 0.205135
276.605 15.889 5.20774 0.0641609
276.624 16.0804 5.20361 0.132456
276.624 16.0804 5.20361 0.132456
276.699 15.886 5.1986 0.0884766
276.627 15.7171 5.19607 0.0260506
276.479 15.933 5.20242 0.205135
276.624 16.0804 5.20361 0.132456
276.555 16.0428 5.20191 0.206903
276.555 16.0428 5.20191 0.206903
276.696 15.8423 5.19702 0.0611239
276.479 15.933 5.20242 0.205135
276.479 15.933 5.20242 0.205135
276.479 15.933 5.20242 0.205135
276.479 15.933 5.20242 0.205135
276.605 15.889 5.20774 0.0641609
276.586 16.1039 5.21371 0.0138501
276.555 16.0428 5.20191 0.206903
276.756 15.9301 5.19846 0.0390979
276.624 16.0804 5.20361 0.132456
276.624 16.0804 5.20361 0.132456
276.699 15.886 5.1986 0.0884766
276.479 15.933 5.20242 0.205135
276.624 16.0804 5.20361 0.132456
276.305 15.8363 5.19475 0.00669434
276.38 15.9777 5.20554 0.047065
276.756 15.9301 5.19846 0.0390979
276.624 16.0804 5.20361 0.132456
276.38 15.9777 5.20554 0.047065
276.756 15.9301 5.19846 0.0390979
276.624 16.0804 5.20361 0.132456
276.555 16.0428 5.20191 0.206903
276.555 16.0428 5.20191 0.206903
276.38 15.9777 5.20554 0.047065
276.479 15.933 5.20242 0.205135
276.624 16.0804 5.20361 0.132456
276.555 16.0428 5.20191 0.206903
276.38 15.9777 5.20554 0.047065
276.756 15.9301 5.19846 0.0390979
276.479 15.933 5.20242 0.205135
276.605 15.889 5.20774 0.0641609
276.624 16.0804 5.20361 0.132456
276.555 16.0428 5.20191 0.206903
276.38 15.9777 5.20554 0.047065
276.756 15.9301 5.19846 0.0390979
276.624 16.0804 5.20361 0.132456
276.555 16.0428 5.20191 0.206903
276.555 16.0428 5.20191 0.206903
276.479 15.933 5.20242 0.205135
276.709 15.8169 5.20416 0.0299542
276.624 16.0804 5.20361 0.132456
276.808 15.7936 5.19141 0.00137323
276.555 16.0428 5.20191 0.206903
276.555 16.0428 5.20191 0.206903
276.699 15.886 5.1986 0.0884766
276.479 15.933 5.20242 0.205135
276.624 16.0804 5.20361 0.132456
276.555 16.0428 5.20191 0.206903
276.696 15.8423 5.19702 0.0611239
276.479 15.933 5.20242 0.205135
276.605 15.889 5.20774 0.0641609
276.555 16.0428 5.20191 0.206903
276.38 15.9777 5.20554 0.047065
276.699 15.886 5.1986 0.0884766
276.699 15.886 5.1986 0.0884766
