18.1436 7.70481 0.218554 0.0895211
18.073 7.77249 0.22563 0.419225
18.139 7.87801 0.222309 0.0605988
17.8429 7.89151 0.231265 0.0598088
17.8429 7.89151 0.231265 0.0598088
18.139 7.87801 0.222309 0.0605988
18.1503 7.69462 0.224005 0.196622
18.073 7.77249 0.22563 0.419225
18.1503 7.69462 0.224005 0.196622
18.0098 7.81904 0.219387 0.0930865
18.1436 7.70481 0.218554 0.0895211
18.1503 7.69462 0.224005 0.196622
18.1436 7.70481 0.218554 0.0895211
18.073 7.77249 0.22563 0.419225
18.1436 7.70481 0.218554 0.0895211
18.0098 7.81904 0.219387 0.0930865
18.1436 7.70481 0.218554 0.0895211
18.0098 7.81904 0.219387 0.0930865
18.073 7.77249 0.22563 0.419225
18.0098 7.81904 0.219387 0.0930865
18.1436 7.70481 0.218554 0.0895211
18.073 7.77249 0.22563 0.419225
18.139 7.87801 0.222309 0.0605988
18.073 7.77249 0.22563 0.419225
18.073 7.77249 0.22563 0.419225
18.0098 7.81904 0.219387 0.0930865
18.1503 7.69462 0.224005 0.196622
18.1503 7.69462 0.224005 0.196622
18.139 7.87801 0.222309 0.0605988
18.073 7.77249 0.22563 0.419225
18.073 7.77249 0.22563 0.419225
18.139 7.87801 0.222309 0.0605988
17.8429 7.89151 0.231265 0.0598088
18.073 7.77249 0.22563 0.419225
18.073 7.77249 0.22563 0.419225
18.073 7.77249 0.22563 0.419225
18.073 7.77249 0.22563 0.419225
18.073 7.77249 0.22563 0.419225
18.139 7.87801 0.222309 0.0605988
18.0098 7.81904 0.219387 0.0930865
17.8429 7.89151 0.231265 0.0598088
18.073 7.77249 0.22563 0.419225
18.1436 7.70481 0.218554 0.0895211
18.0098 7.81904 0.219387 0.0930865
18.073 7.77249 0.22563 0.419225
18.1503 7.69462 0.224005 0.196622
18.073 7.77249 0.22563 0.419225
17.8429 7.89151 0.231265 0.0598088
18.073 7.77249 0.22563 0.419225
18.073 7.77249 0.22563 0.419225
18.1436 7.70481 0.218554 0.0895211
18.073 7.77249 0.22563 0.419225
17.941 7.80673 0.233752 0.013321
18.073 7.77249 0.22563 0.419225
18.1436 7.70481 0.218554 0.0895211
18.073 7.77249 0.22563 0.419225
18.1503 7.69462 0.224005 0.196622
18.0428 8.04359 0.219262 0.000477282
18.073 7.77249 0.22563 0.419225
18.1468 7.91514 0.217315 0.00518003
18.073 7.77249 0.22563 0.419225
18.1503 7.69462 0.224005 0.196622
18.3008 7.7561 0.219476 0.00770053
18.073 7.77249 0.22563 0.419225
18.0098 7.81904 0.219387 0.0930865
17.8429 7.89151 0.231265 0.0598088
17.9088 7.96993 0.22428 0.0243575
18.073 7.77249 0.22563 0.419225
18.1436 7.70481 0.218554 0.0895211
18.1503 7.69462 0.224005 0.196622
18.1503 7.69462 0.224005 0.196622
18.0892 7.60755 0.230557 0.0132225
18.073 7.77249 0.22563 0.419225
18.1503 7.69462 0.224005 0.196622
18.073 7.77249 0.22563 0.419225
18.073 7.77249 0.22563 0.419225
18.1503 7.69462 0.224005 0.196622
18.0098 7.81904 0.219387 0.0930865
17.8429 7.89151 0.231265 0.0598088
18.3008 7.7561 0.219476 0.00770053
18.1503 7.69462 0.224005 0.196622
18.073 7.77249 0.22563 0.419225
18.0098 7.81904 0.219387 0.0930865
18.073 7.77249 0.22563 0.419225
18.1503 7.69462 0.224005 0.196622
17.9088 7.96993 0.22428 0.0243575
18.073 7.77249 0.22563 0.419225
18.1436 7.70481 0.218554 0.0895211
18.1503 7.69462 0.224005 0.196622
18.1503 7.69462 0.224005 0.196622
18.139 7.87801 0.222309 0.0605988
18.073 7.77249 0.22563 0.419225
18.1503 7.69462 0.224005 0.196622
17.8429 7.89151 0.231265 0.0598088
18.073 7.77249 0.22563 0.419225
17.8429 7.89151 0.231265 0.0598088
18.073 7.77249 0.22563 0.419225
18.1503 7.69462 0.224005 0.196622
17.8429 7.89151 0.231265 0.0598088
18.073 7.77249 0.22563 0.419225
