224.53 26.8928 0.074335 0.0492624
224.321 26.956 0.0717929 0.0931956
224.44 26.7547 0.0721875 0.299736
224.239 26.9535 0.077249 0.0709731
224.44 26.7547 0.0721875 0.299736
224.439 26.653 0.0682953 0.0927718
224.44 26.7547 0.0721875 0.299736
224.44 26.7547 0.0721875 0.299736
224.44 26.7547 0.0721875 0.299736
224.45 26.6476 0.0769529 0.0594792
224.239 26.9535 0.077249 0.0709731
224.44 26.7547 0.0721875 0.299736
224.45 26.6476 0.0769529 0.0594792
224.207 26.8839 0.0801489 0.0455517
224.44 26.7547 0.0721875 0.299736
224.44 26.7547 0.0721875 0.299736
224.039 26.631 0.0789704 0.00493916
224.44 26.7547 0.0721875 0.299736
224.45 26.6476 0.0769529 0.0594792
224.53 26.8928 0.074335 0.0492624
224.321 26.956 0.0717929 0.0931956
224.44 26.7547 0.0721875 0.299736
224.514 26.9385 0.077296 0.016225
224.321 26.956 0.0717929 0.0931956
224.44 26.7547 0.0721875 0.299736
224.239 26.9535 0.077249 0.0709731
224.009 26.7696 0.0816334 0.00254976
224.44 26.7547 0.0721875 0.299736
224.53 26.8928 0.074335 0.0492624
224.44 26.7547 0.0721875 0.299736
224.325 26.6526 0.0799188 0.03631
224.155 26.8828 0.0808703 0.0225129
224.44 26.7547 0.0721875 0.299736
224.239 26.9535 0.077249 0.0709731
224.083 26.6941 0.0769588 0.032078
224.207 26.8839 0.0801489 0.0455517
224.44 26.7547 0.0721875 0.299736
224.44 26.7547 0.0721875 0.299736
224.325 26.6526 0.0799188 0.03631
224.355 26.9917 0.0795819 0.0166139
224.439 26.653 0.0682953 0.0927718
224.207 26.8839 0.0801489 0.0455517
224.44 26.7547 0.0721875 0.299736
224.561 26.5479 0.0710174 0.0119585
224.099 26.8457 0.0708143 0.0194804
224.162 26.6263 0.0781387 0.0366743
224.44 26.7547 0.0721875 0.299736
224.239 26.9535 0.077249 0.0709731
224.239 26.9535 0.077249 0.0709731
224.44 26.7547 0.0721875 0.299736
224.53 26.8928 0.074335 0.0492624
224.44 26.7547 0.0721875 0.299736
224.239 26.9535 0.077249 0.0709731
224.53 26.8928 0.074335 0.0492624
224.44 26.7547 0.0721875 0.299736
224.001 26.6342 0.0792852 0.00212725
224.239 26.9535 0.077249 0.0709731
224.44 26.7547 0.0721875 0.299736
224.44 26.7547 0.0721875 0.299736
224.083 26.6941 0.0769588 0.032078
224.53 26.8928 0.074335 0.0492624
224.514 26.9385 0.077296 0.016225
224.44 26.7547 0.0721875 0.299736
224.44 26.7547 0.0721875 0.299736
224.53 26.8928 0.074335 0.0492624
224.44 26.7547 0.0721875 0.299736
224.45 26.6476 0.0769529 0.0594792
224.155 26.8828 0.0808703 0.0225129
224.44 26.7547 0.0721875 0.299736
224.325 26.6526 0.0799188 0.03631
224.45 26.6476 0.0769529 0.0594792
224.439 26.653 0.0682953 0.0927718
224.193 27.0038 0.0794298 0.0136134
224.45 26.6476 0.0769529 0.0594792
224.439 26.653 0.0682953 0.0927718
224.439 26.653 0.0682953 0.0927718
224.162 26.6263 0.0781387 0.0366743
224.44 26.7547 0.0721875 0.299736
224.239 26.9535 0.077249 0.0709731
224.239 26.9535 0.077249 0.0709731
224.44 26.7547 0.0721875 0.299736
224.355 26.9917 0.0795819 0.0166139
224.239 26.9535 0.077249 0.0709731
224.105 26.8173 0.0673659 0.00367824
224.44 26.7547 0.0721875 0.299736
224.44 26.7547 0.0721875 0.299736
224.239 26.9535 0.077249 0.0709731
224.53 26.8928 0.074335 0.0492624
224.321 26.956 0.0717929 0.0931956
224.321 26.956 0.0717929 0.0931956
224.44 26.8954 0.081228 0.0081165
224.083 26.6941 0.0769588 0.032078
224.162 26.6263 0.0781387 0.0366743
224.44 26.7547 0.0721875 0.299736
224.123 26.557 0.076808 0.0115869
224.193 27.0038 0.0794298 0.0136134
224.45 26.6476 0.0769529 0.0594792
224.439 26.653 0.0682953 0.0927718
224.239 26.9535 0.077249 0.0709731
224.44 26.7547 0.0721875 0.299736
