263.091 27.7938 5.94723 0.209898
263.016 27.9134 5.94804 0.160657
262.977 28.0362 5.95346 0.0201352
263.093 27.9585 5.95506 0.0457353
263.093 27.9585 5.95506 0.0457353
263.254 27.8833 5.94816 0.158031
263.016 27.9134 5.94804 0.160657
263.225 27.7885 5.94691 0.166873
263.225 27.7885 5.94691 0.166873
262.977 28.0362 5.95346 0.0201352
263.091 27.7938 5.94723 0.209898
263.091 27.7938 5.94723 0.209898
263.016 27.9134 5.94804 0.160657
262.998 27.7093 5.95025 0.0515697
263.091 27.7938 5.94723 0.209898
263.026 27.8849 5.95991 0.00926003
263.016 27.9134 5.94804 0.160657
263.225 27.7885 5.94691 0.166873
263.091 27.7938 5.94723 0.209898
263.254 27.8833 5.94816 0.158031
263.225 27.7885 5.94691 0.166873
263.158 27.856 5.95592 0.0365789
263.091 27.7938 5.94723 0.209898
263.016 27.9134 5.94804 0.160657
263.016 27.9134 5.94804 0.160657
263.205 27.9787 5.95307 0.0366445
263.254 27.8833 5.94816 0.158031
263.016 27.9134 5.94804 0.160657
263.016 27.9134 5.94804 0.160657
262.998 27.7093 5.95025 0.0515697
263.093 27.9585 5.95506 0.0457353
263.254 27.8833 5.94816 0.158031
263.254 27.8833 5.94816 0.158031
263.016 27.9134 5.94804 0.160657
262.998 27.7093 5.95025 0.0515697
263.091 27.7938 5.94723 0.209898
263.254 27.8833 5.94816 0.158031
263.225 27.7885 5.94691 0.166873
263.225 27.7885 5.94691 0.166873
263.093 27.9585 5.95506 0.0457353
263.28 28.0569 5.93684 0.0168526
263.016 27.9134 5.94804 0.160657
263.016 27.9134 5.94804 0.160657
263.225 27.7885 5.94691 0.166873
263.093 27.9585 5.95506 0.0457353
262.874 27.975 5.95017 0.0131233
263.091 27.7938 5.94723 0.209898
263.091 27.7938 5.94723 0.209898
263.254 27.8833 5.94816 0.158031
263.225 27.7885 5.94691 0.166873
262.998 27.7093 5.95025 0.0515697
263.205 27.9787 5.95307 0.0366445
263.093 27.9585 5.95506 0.0457353
263.254 27.8833 5.94816 0.158031
263.225 27.7885 5.94691 0.166873
262.977 28.0362 5.95346 0.0201352
263.091 27.7938 5.94723 0.209898
263.091 27.7938 5.94723 0.209898
263.091 27.7938 5.94723 0.209898
263.016 27.9134 5.94804 0.160657
263.158 27.856 5.95592 0.0365789
262.874 27.975 5.95017 0.0131233
263.091 27.7938 5.94723 0.209898
263.254 27.8833 5.94816 0.158031
263.016 27.9134 5.94804 0.160657
263.225 27.7885 5.94691 0.166873
263.091 27.7938 5.94723 0.209898
263.026 27.8849 5.95991 0.00926003
263.016 27.9134 5.94804 0.160657
263.093 27.9585 5.95506 0.0457353
262.764 27.7853 5.94725 0.000410176
263.254 27.8833 5.94816 0.158031
263.225 27.7885 5.94691 0.166873
263.093 27.9585 5.95506 0.0457353
263.254 27.8833 5.94816 0.158031
263.225 27.7885 5.94691 0.166873
263.091 27.7938 5.94723 0.209898
263.091 27.7938 5.94723 0.209898
263.091 27.7938 5.94723 0.209898
263.254 27.8833 5.94816 0.158031
263.225 27.7885 5.94691 0.166873
263.105 27.8422 5.95815 0.0191171
263.091 27.7938 5.94723 0.209898
263.016 27.9134 5.94804 0.160657
263.225 27.7885 5.94691 0.166873
263.091 27.7938 5.94723 0.209898
263.091 27.7938 5.94723 0.209898
263.254 27.8833 5.94816 0.158031
263.225 27.7885 5.94691 0.166873
262.874 27.975 5.95017 0.0131233
263.091 27.7938 5.94723 0.209898
263.254 27.8833 5.94816 0.158031
263.016 27.9134 5.94804 0.160657
263.225 27.7885 5.94691 0.166873
262.998 27.7093 5.95025 0.0515697
263.093 27.9585 5.95506 0.0457353
263.254 27.8833 5.94816 0.158031
263.225 27.7885 5.94691 0.166873
263.225 27.7885 5.94691 0.166873
263.091 27.7938 5.94723 0.209898
