181.226 -10.8054 3.19986 0.128937
181.237 -10.6465 3.20389 0.0817538
181.124 -10.6876 3.20107 0.155976
181.24 -10.8772 3.2042 0.152771
181.09 -10.6969 3.20237 0.150867
181.09 -10.6969 3.20237 0.150867
181.226 -10.8054 3.19986 0.128937
180.926 -10.7401 3.19672 0.0388891
181.24 -10.8772 3.2042 0.152771
181.24 -10.8772 3.2042 0.152771
181.368 -10.6956 3.20475 0.0391693
181.226 -10.8054 3.19986 0.128937
181.276 -10.9528 3.20035 0.0321817
181.124 -10.6876 3.20107 0.155976
181.24 -10.8772 3.2042 0.152771
181.24 -10.8772 3.2042 0.152771
181.09 -10.6969 3.20237 0.150867
181.226 -10.8054 3.19986 0.128937
180.926 -10.7401 3.19672 0.0388891
181.24 -10.8772 3.2042 0.152771
181.24 -10.8772 3.2042 0.152771
181.09 -10.6969 3.20237 0.150867
181.44 -10.6882 3.20778 0.0105024
181.226 -10.8054 3.19986 0.128937
181.065 -10.7272 3.19788 0.107276
181.237 -10.6465 3.20389 0.0817538
181.237 -10.6465 3.20389 0.0817538
181.24 -10.8772 3.2042 0.152771
181.09 -10.6969 3.20237 0.150867
181.09 -10.6969 3.20237 0.150867
180.797 -10.7182 3.19655 0.00398312
181.124 -10.6876 3.20107 0.155976
181.124 -10.6876 3.20107 0.155976
181.24 -10.8772 3.2042 0.152771
181.09 -10.6969 3.20237 0.150867
181.09 -10.6969 3.20237 0.150867
181.44 -10.6882 3.20778 0.0105024
181.065 -10.7272 3.19788 0.107276
181.237 -10.6465 3.20389 0.0817538
181.124 -10.6876 3.20107 0.155976
181.24 -10.8772 3.2042 0.152771
181.09 -10.6969 3.20237 0.150867
181.09 -10.6969 3.20237 0.150867
181.368 -10.6956 3.20475 0.0391693
181.325 -10.6327 3.20767 0.021484
181.226 -10.8054 3.19986 0.128937
181.237 -10.6465 3.20389 0.0817538
181.276 -10.9528 3.20035 0.0321817
181.24 -10.8772 3.2042 0.152771
181.09 -10.6969 3.20237 0.150867
181.09 -10.6969 3.20237 0.150867
181.065 -10.7272 3.19788 0.107276
181.124 -10.6876 3.20107 0.155976
181.09 -10.6969 3.20237 0.150867
181.226 -10.8054 3.19986 0.128937
181.237 -10.6465 3.20389 0.0817538
181.124 -10.6876 3.20107 0.155976
181.18 -10.5918 3.19973 0.0233284
181.09 -10.6969 3.20237 0.150867
181.368 -10.6956 3.20475 0.0391693
181.226 -10.8054 3.19986 0.128937
181.237 -10.6465 3.20389 0.0817538
181.276 -10.9528 3.20035 0.0321817
181.24 -10.8772 3.2042 0.152771
181.09 -10.6969 3.20237 0.150867
181.09 -10.6969 3.20237 0.150867
181.44 -10.6882 3.20778 0.0105024
181.226 -10.8054 3.19986 0.128937
181.276 -10.9528 3.20035 0.0321817
181.124 -10.6876 3.20107 0.155976
181.24 -10.8772 3.2042 0.152771
181.325 -10.6327 3.20767 0.021484
181.226 -10.8054 3.19986 0.128937
181.065 -10.7272 3.19788 0.107276
181.065 -10.7272 3.19788 0.107276
181.124 -10.6876 3.20107 0.155976
181.24 -10.8772 3.2042 0.152771
181.368 -10.6956 3.20475 0.0391693
181.065 -10.7272 3.19788 0.107276
181.237 -10.6465 3.20389 0.0817538
181.276 -10.9528 3.20035 0.0321817
181.124 -10.6876 3.20107 0.155976
181.24 -10.8772 3.2042 0.152771
181.18 -10.5918 3.19973 0.0233284
181.368 -10.6956 3.20475 0.0391693
181.325 -10.6327 3.20767 0.021484
181.065 -10.7272 3.19788 0.107276
181.237 -10.6465 3.20389 0.0817538
181.237 -10.6465 3.20389 0.0817538
181.124 -10.6876 3.20107 0.155976
181.24 -10.8772 3.2042 0.152771
181.18 -10.5918 3.19973 0.0233284
181.44 -10.6882 3.20778 0.0105024
181.065 -10.7272 3.19788 0.107276
181.065 -10.7272 3.19788 0.107276
181.276 -10.9528 3.20035 0.0321817
181.24 -10.8772 3.2042 0.152771
181.368 -10.6956 3.20475 0.0391693
181.065 -10.7272 3.19788 0.107276
181.237 -10.6465 3.20389 0.0817538
