51.8712 13.4527 0.129478 0.216388
51.8712 13.4527 0.129478 0.216388
51.8186 13.4692 0.126468 0.23963
51.9531 13.4572 0.124521 0.164474
51.871 13.5668 0.129122 0.201289
51.8712 13.4527 0.129478 0.216388
51.8186 13.4692 0.126468 0.23963
51.5481 13.52 0.130612 0.0161193
51.9531 13.4572 0.124521 0.164474
51.871 13.5668 0.129122 0.201289
51.8712 13.4527 0.129478 0.216388
51.8186 13.4692 0.126468 0.23963
51.692 13.7139 0.127952 0.0127685
51.871 13.5668 0.129122 0.201289
51.8186 13.4692 0.126468 0.23963
51.6668 13.4636 0.125639 0.0406445
51.9531 13.4572 0.124521 0.164474
51.9531 13.4572 0.124521 0.164474
51.8712 13.4527 0.129478 0.216388
51.7144 13.331 0.130629 0.0418384
51.5169 13.5583 0.136019 0.00481668
51.8712 13.4527 0.129478 0.216388
51.8712 13.4527 0.129478 0.216388
51.8186 13.4692 0.126468 0.23963
51.9531 13.4572 0.124521 0.164474
51.8712 13.4527 0.129478 0.216388
51.9749 13.5088 0.119996 0.0149588
51.9531 13.4572 0.124521 0.164474
51.871 13.5668 0.129122 0.201289
51.8712 13.4527 0.129478 0.216388
51.692 13.7139 0.127952 0.0127685
51.871 13.5668 0.129122 0.201289
51.8712 13.4527 0.129478 0.216388
51.9749 13.5088 0.119996 0.0149588
51.9531 13.4572 0.124521 0.164474
51.871 13.5668 0.129122 0.201289
51.871 13.5668 0.129122 0.201289
51.8712 13.4527 0.129478 0.216388
51.8712 13.4527 0.129478 0.216388
51.9531 13.4572 0.124521 0.164474
51.8712 13.4527 0.129478 0.216388
51.8186 13.4692 0.126468 0.23963
51.9531 13.4572 0.124521 0.164474
51.871 13.5668 0.129122 0.201289
51.871 13.5668 0.129122 0.201289
51.8712 13.4527 0.129478 0.216388
51.8186 13.4692 0.126468 0.23963
51.9531 13.4572 0.124521 0.164474
51.871 13.5668 0.129122 0.201289
51.8712 13.4527 0.129478 0.216388
51.6668 13.4636 0.125639 0.0406445
51.871 13.5668 0.129122 0.201289
51.871 13.5668 0.129122 0.201289
51.8186 13.4692 0.126468 0.23963
51.9531 13.4572 0.124521 0.164474
51.8712 13.4527 0.129478 0.216388
51.8186 13.4692 0.126468 0.23963
51.871 13.5668 0.129122 0.201289
51.8712 13.4527 0.129478 0.216388
51.8712 13.4527 0.129478 0.216388
51.5481 13.52 0.130612 0.0161193
51.9531 13.4572 0.124521 0.164474
51.9531 13.4572 0.124521 0.164474
51.8186 13.4692 0.126468 0.23963
51.8186 13.4692 0.126468 0.23963
51.9531 13.4572 0.124521 0.164474
51.871 13.5668 0.129122 0.201289
51.8186 13.4692 0.126468 0.23963
51.692 13.7139 0.127952 0.0127685
51.6668 13.4636 0.125639 0.0406445
51.5481 13.52 0.130612 0.0161193
51.9531 13.4572 0.124521 0.164474
51.871 13.5668 0.129122 0.201289
51.8712 13.4527 0.129478 0.216388
51.8712 13.4527 0.129478 0.216388
51.8712 13.4527 0.129478 0.216388
51.7144 13.331 0.130629 0.0418384
51.9531 13.4572 0.124521 0.164474
51.871 13.5668 0.129122 0.201289
51.8712 13.4527 0.129478 0.216388
51.8186 13.4692 0.126468 0.23963
51.9531 13.4572 0.124521 0.164474
51.871 13.5668 0.129122 0.201289
51.8712 13.4527 0.129478 0.216388
51.6668 13.4636 0.125639 0.0406445
51.871 13.5668 0.129122 0.201289
51.8186 13.4692 0.126468 0.23963
51.7144 13.331 0.130629 0.0418384
51.871 13.5668 0.129122 0.201289
51.871 13.5668 0.129122 0.201289
51.8186 13.4692 0.126468 0.23963
51.8186 13.4692 0.126468 0.23963
51.9531 13.4572 0.124521 0.164474
51.8712 13.4527 0.129478 0.216388
51.8186 13.4692 0.126468 0.23963
51.8186 13.4692 0.126468 0.23963
51.8186 13.4692 0.126468 0.23963
51.9531 13.4572 0.124521 0.164474
51.871 13.5668 0.129122 0.201289
51.8186 13.4692 0.126468 0.23963
