63.0832 -48.4732 3.88676 0.00644935
62.7507 -48.5871 3.88253 0.0294442
62.9283 -48.7888 3.88034 0.257371
62.9283 -48.7888 3.88034 0.257371
62.9283 -48.7888 3.88034 0.257371
62.8919 -48.8582 3.87601 0.123451
63.0488 -48.8806 3.87594 0.0436848
63.1696 -48.853 3.87497 0.00474023
62.8919 -48.8582 3.87601 0.123451
62.9268 -48.7296 3.88227 0.268594
62.9268 -48.7296 3.88227 0.268594
62.8919 -48.8582 3.87601 0.123451
62.9268 -48.7296 3.88227 0.268594
62.8149 -48.4038 3.88372 0.00191489
62.7508 -48.708 3.88372 0.0546369
62.9283 -48.7888 3.88034 0.257371
62.8919 -48.8582 3.87601 0.123451
62.7507 -48.5871 3.88253 0.0294442
62.9283 -48.7888 3.88034 0.257371
62.9424 -48.9994 3.87753 0.0198704
62.9268 -48.7296 3.88227 0.268594
62.8919 -48.8582 3.87601 0.123451
62.9268 -48.7296 3.88227 0.268594
62.9283 -48.7888 3.88034 0.257371
62.8942 -48.584 3.86865 0.000281562
63.1 -48.7447 3.87642 0.0337862
62.7508 -48.708 3.88372 0.0546369
62.8919 -48.8582 3.87601 0.123451
62.9268 -48.7296 3.88227 0.268594
62.9268 -48.7296 3.88227 0.268594
62.8919 -48.8582 3.87601 0.123451
62.8919 -48.8582 3.87601 0.123451
63.0801 -48.7308 3.87183 0.00589401
62.6995 -48.7273 3.8745 0.0129857
62.8919 -48.8582 3.87601 0.123451
62.9268 -48.7296 3.88227 0.268594
63.0359 -48.7994 3.87275 0.0243137
63.0488 -48.8806 3.87594 0.0436848
62.9268 -48.7296 3.88227 0.268594
62.9283 -48.7888 3.88034 0.257371
63.1 -48.7447 3.87642 0.0337862
62.9268 -48.7296 3.88227 0.268594
62.9283 -48.7888 3.88034 0.257371
62.9283 -48.7888 3.88034 0.257371
62.9283 -48.7888 3.88034 0.257371
62.9283 -48.7888 3.88034 0.257371
62.9424 -48.9994 3.87753 0.0198704
63.1 -48.7447 3.87642 0.0337862
62.9268 -48.7296 3.88227 0.268594
62.9283 -48.7888 3.88034 0.257371
62.9283 -48.7888 3.88034 0.257371
62.9283 -48.7888 3.88034 0.257371
62.9268 -48.7296 3.88227 0.268594
62.9283 -48.7888 3.88034 0.257371
63.0489 -48.9619 3.87632 0.0169108
62.9283 -48.7888 3.88034 0.257371
62.9283 -48.7888 3.88034 0.257371
62.9283 -48.7888 3.88034 0.257371
62.9283 -48.7888 3.88034 0.257371
62.8919 -48.8582 3.87601 0.123451
63.1 -48.7447 3.87642 0.0337862
62.9268 -48.7296 3.88227 0.268594
62.7508 -48.708 3.88372 0.0546369
62.9283 -48.7888 3.88034 0.257371
62.9283 -48.7888 3.88034 0.257371
62.9636 -48.6862 3.87346 0.0325339
62.9268 -48.7296 3.88227 0.268594
62.8997 -48.5271 3.87832 0.0210095
63.2287 -48.5872 3.8824 0.00202217
63.1 -48.7447 3.87642 0.0337862
62.9283 -48.7888 3.88034 0.257371
62.9283 -48.7888 3.88034 0.257371
62.9283 -48.7888 3.88034 0.257371
62.9268 -48.7296 3.88227 0.268594
62.9268 -48.7296 3.88227 0.268594
62.9283 -48.7888 3.88034 0.257371
63.0488 -48.8806 3.87594 0.0436848
63.0488 -48.8806 3.87594 0.0436848
62.9268 -48.7296 3.88227 0.268594
62.9283 -48.7888 3.88034 0.257371
62.7507 -48.5871 3.88253 0.0294442
62.9268 -48.7296 3.88227 0.268594
62.9268 -48.7296 3.88227 0.268594
62.7508 -48.708 3.88372 0.0546369
62.9283 -48.7888 3.88034 0.257371
62.9268 -48.7296 3.88227 0.268594
62.9268 -48.7296 3.88227 0.268594
62.9283 -48.7888 3.88034 0.257371
62.8919 -48.8582 3.87601 0.123451
62.9268 -48.7296 3.88227 0.268594
62.9283 -48.7888 3.88034 0.257371
63.0488 -48.8806 3.87594 0.0436848
62.9268 -48.7296 3.88227 0.268594
62.9268 -48.7296 3.88227 0.268594
62.9268 -48.7296 3.88227 0.268594
62.9283 -48.7888 3.88034 0.257371
62.9636 -48.6862 3.87346 0.0325339
62.6995 -48.7273 3.8745 0.0129857
62.9283 -48.7888 3.88034 0.257371
62.8919 -48.8582 3.87601 0.123451
