189.781 24.3746 0.0720585 0.0525625
189.652 24.12 0.0685194 0.0528669
189.962 24.1633 0.0717893 0.0152096
189.652 24.3843 0.0743536 0.0771804
189.652 24.3843 0.0743536 0.0771804
189.749 24.3066 0.0702242 0.0982599
189.962 24.1633 0.0717893 0.0152096
189.602 24.1646 0.0726605 0.249017
189.68 24.1391 0.0704376 0.17472
189.781 24.3746 0.0720585 0.0525625
189.466 24.17 0.0750383 0.0687143
189.602 24.1646 0.0726605 0.249017
189.781 24.3746 0.0720585 0.0525625
189.749 24.3066 0.0702242 0.0982599
189.861 24.2514 0.0796443 0.0113822
189.602 24.1646 0.0726605 0.249017
189.68 24.1391 0.0704376 0.17472
189.68 24.1391 0.0704376 0.17472
189.703 24.1472 0.0693724 0.121641
189.389 24.1699 0.0667447 8.24296e-05
189.781 24.3746 0.0720585 0.0525625
189.466 24.17 0.0750383 0.0687143
189.602 24.1646 0.0726605 0.249017
189.652 24.3843 0.0743536 0.0771804
189.781 24.3746 0.0720585 0.0525625
189.703 24.1472 0.0693724 0.121641
189.602 24.1646 0.0726605 0.249017
189.68 24.1391 0.0704376 0.17472
189.68 24.1391 0.0704376 0.17472
189.749 24.3066 0.0702242 0.0982599
189.703 24.1472 0.0693724 0.121641
189.68 24.1391 0.0704376 0.17472
189.749 24.3066 0.0702242 0.0982599
189.602 24.1646 0.0726605 0.249017
189.602 24.1646 0.0726605 0.249017
189.602 24.1646 0.0726605 0.249017
189.68 24.1391 0.0704376 0.17472
189.652 24.12 0.0685194 0.0528669
189.962 24.1633 0.0717893 0.0152096
189.602 24.1646 0.0726605 0.249017
189.652 24.3843 0.0743536 0.0771804
189.703 24.1472 0.0693724 0.121641
189.703 24.1472 0.0693724 0.121641
189.466 24.17 0.0750383 0.0687143
189.384 24.2444 0.0746095 0.0090329
189.602 24.1646 0.0726605 0.249017
189.602 24.1646 0.0726605 0.249017
189.68 24.1391 0.0704376 0.17472
189.652 24.3843 0.0743536 0.0771804
189.703 24.1472 0.0693724 0.121641
189.602 24.1646 0.0726605 0.249017
189.749 24.3066 0.0702242 0.0982599
189.703 24.1472 0.0693724 0.121641
189.602 24.1646 0.0726605 0.249017
189.68 24.1391 0.0704376 0.17472
189.652 24.3843 0.0743536 0.0771804
189.654 24.479 0.0793156 0.00407521
189.602 24.1646 0.0726605 0.249017
189.781 24.3746 0.0720585 0.0525625
189.703 24.1472 0.0693724 0.121641
189.703 24.1472 0.0693724 0.121641
189.602 24.1646 0.0726605 0.249017
189.68 24.1391 0.0704376 0.17472
189.703 24.1472 0.0693724 0.121641
189.703 24.1472 0.0693724 0.121641
189.735 23.8081 0.0814729 5.89463e-05
189.602 24.1646 0.0726605 0.249017
189.602 24.1646 0.0726605 0.249017
189.749 24.3066 0.0702242 0.0982599
189.703 24.1472 0.0693724 0.121641
189.602 24.1646 0.0726605 0.249017
189.602 24.1646 0.0726605 0.249017
189.602 24.1646 0.0726605 0.249017
189.749 24.3066 0.0702242 0.0982599
189.703 24.1472 0.0693724 0.121641
189.602 24.1646 0.0726605 0.249017
189.68 24.1391 0.0704376 0.17472
189.703 24.1472 0.0693724 0.121641
189.602 24.1646 0.0726605 0.249017
189.749 24.3066 0.0702242 0.0982599
189.749 24.3066 0.0702242 0.0982599
189.466 24.17 0.0750383 0.0687143
189.68 24.1391 0.0704376 0.17472
189.781 24.3746 0.0720585 0.0525625
189.652 24.12 0.0685194 0.0528669
189.703 24.1472 0.0693724 0.121641
189.466 24.17 0.0750383 0.0687143
189.68 24.1391 0.0704376 0.17472
189.749 24.3066 0.0702242 0.0982599
189.602 24.1646 0.0726605 0.249017
189.781 24.3746 0.0720585 0.0525625
189.781 24.3746 0.0720585 0.0525625
189.861 24.2514 0.0796443 0.0113822
189.602 24.1646 0.0726605 0.249017
189.652 24.3843 0.0743536 0.0771804
189.652 24.12 0.0685194 0.0528669
189.749 24.3066 0.0702242 0.0982599
189.602 24.1646 0.0726605 0.249017
189.652 24.3843 0.0743536 0.0771804
189.358 24.0659 0.0716555 0.000742933
