95.9334 -28.0592 3.46354 0.417394
95.907 -28.1632 3.45564 0.046854
95.8395 -28.1325 3.45758 0.166979
95.9334 -28.0592 3.46354 0.417394
96.0256 -28.1689 3.4614 0.127337
95.9334 -28.0592 3.46354 0.417394
95.8395 -28.1325 3.45758 0.166979
95.9334 -28.0592 3.46354 0.417394
95.9334 -28.0592 3.46354 0.417394
95.9334 -28.0592 3.46354 0.417394
95.8395 -28.1325 3.45758 0.166979
96.0256 -28.1689 3.4614 0.127337
95.907 -28.1632 3.45564 0.046854
95.8395 -28.1325 3.45758 0.166979
95.9334 -28.0592 3.46354 0.417394
95.8395 -28.1325 3.45758 0.166979
95.9334 -28.0592 3.46354 0.417394
95.9334 -28.0592 3.46354 0.417394
95.8395 -28.1325 3.45758 0.166979
95.8395 -28.1325 3.45758 0.166979
95.9984 -28.0663 3.45803 0.083175
95.9334 -28.0592 3.46354 0.417394
96.0256 -28.1689 3.4614 0.127337
95.8395 -28.1325 3.45758 0.166979
95.6594 -28.1262 3.45624 0.0361165
95.9334 -28.0592 3.46354 0.417394
95.9334 -28.0592 3.46354 0.417394
95.7854 -28.3403 3.46211 0.0241184
95.5139 -27.9609 3.46462 0.00386184
96.0256 -28.1689 3.4614 0.127337
96.0256 -28.1689 3.4614 0.127337
95.75 -28.3421 3.46023 0.0249683
96.0256 -28.1689 3.4614 0.127337
95.8395 -28.1325 3.45758 0.166979
95.5149 -28.2366 3.45585 0.00208245
95.8395 -28.1325 3.45758 0.166979
95.7854 -28.3403 3.46211 0.0241184
95.9334 -28.0592 3.46354 0.417394
95.8395 -28.1325 3.45758 0.166979
95.8395 -28.1325 3.45758 0.166979
95.9334 -28.0592 3.46354 0.417394
95.9334 -28.0592 3.46354 0.417394
95.9984 -28.0663 3.45803 0.083175
95.9334 -28.0592 3.46354 0.417394
95.6594 -28.1262 3.45624 0.0361165
96.0256 -28.1689 3.4614 0.127337
95.9334 -28.0592 3.46354 0.417394
95.8395 -28.1325 3.45758 0.166979
95.9334 -28.0592 3.46354 0.417394
95.9334 -28.0592 3.46354 0.417394
95.9334 -28.0592 3.46354 0.417394
95.8395 -28.1325 3.45758 0.166979
95.9334 -28.0592 3.46354 0.417394
95.7259 -28.3412 3.45584 0.0111883
95.75 -28.3421 3.46023 0.0249683
95.9334 -28.0592 3.46354 0.417394
95.907 -28.1632 3.45564 0.046854
95.8395 -28.1325 3.45758 0.166979
95.907 -28.1632 3.45564 0.046854
95.5847 -27.7821 3.46704 0.00173418
96.0256 -28.1689 3.4614 0.127337
95.9334 -28.0592 3.46354 0.417394
95.9984 -28.0663 3.45803 0.083175
95.9984 -28.0663 3.45803 0.083175
95.8395 -28.1325 3.45758 0.166979
95.907 -28.1632 3.45564 0.046854
95.8395 -28.1325 3.45758 0.166979
95.9334 -28.0592 3.46354 0.417394
96.1702 -27.8974 3.46067 0.00602674
95.7854 -28.3403 3.46211 0.0241184
95.8395 -28.1325 3.45758 0.166979
95.8395 -28.1325 3.45758 0.166979
95.6594 -28.1262 3.45624 0.0361165
95.6594 -28.1262 3.45624 0.0361165
96.0256 -28.1689 3.4614 0.127337
95.9334 -28.0592 3.46354 0.417394
95.6594 -28.1262 3.45624 0.0361165
96.0256 -28.1689 3.4614 0.127337
95.907 -28.1632 3.45564 0.046854
95.9334 -28.0592 3.46354 0.417394
95.5788 -28.2126 3.45857 0.0159877
95.9334 -28.0592 3.46354 0.417394
95.9984 -28.0663 3.45803 0.083175
96.0256 -28.1689 3.4614 0.127337
95.8395 -28.1325 3.45758 0.166979
96.0256 -28.1689 3.4614 0.127337
96.0256 -28.1689 3.4614 0.127337
95.9334 -28.0592 3.46354 0.417394
95.6594 -28.1262 3.45624 0.0361165
95.8395 -28.1325 3.45758 0.166979
95.9984 -28.0663 3.45803 0.083175
95.7259 -28.3412 3.45584 0.0111883
95.9984 -28.0663 3.45803 0.083175
96.0256 -28.1689 3.4614 0.127337
95.6594 -28.1262 3.45624 0.0361165
95.9334 -28.0592 3.46354 0.417394
95.9984 -28.0663 3.45803 0.083175
95.9334 -28.0592 3.46354 0.417394
95.8395 -28.1325 3.45758 0.166979
95.9334 -28.0592 3.46354 0.417394
