-41.5167 -52.3626 1.59606 0.0413869
-41.2392 -52.3133 1.6031 0.171549
-41.4536 -52.2318 1.5972 0.118289
-41.2417 -52.1707 1.59821 0.125232
-41.4056 -52.2882 1.60345 0.112092
-41.2392 -52.3133 1.6031 0.171549
-41.2795 -52.4033 1.60603 0.0845827
-41.3695 -52.6295 1.60444 0.016126
-41.0659 -52.1579 1.59672 0.0134524
-41.4056 -52.2882 1.60345 0.112092
-41.2392 -52.3133 1.6031 0.171549
-41.4536 -52.2318 1.5972 0.118289
-41.2417 -52.1707 1.59821 0.125232
-41.4056 -52.2882 1.60345 0.112092
-41.1211 -52.4101 1.59537 0.0171002
-41.2392 -52.3133 1.6031 0.171549
-41.4536 -52.2318 1.5972 0.118289
-41.2417 -52.1707 1.59821 0.125232
-41.5167 -52.3626 1.59606 0.0413869
-41.2392 -52.3133 1.6031 0.171549
-41.2392 -52.3133 1.6031 0.171549
-41.2718 -52.0878 1.60521 0.00543123
-41.3695 -52.6295 1.60444 0.016126
-41.1426 -52.6043 1.59801 0.00405027
-41.5903 -52.4117 1.60322 0.0123445
-41.1211 -52.4101 1.59537 0.0171002
-41.208 -52.4778 1.61098 0.00404195
-41.4536 -52.2318 1.5972 0.118289
-41.2417 -52.1707 1.59821 0.125232
-41.4056 -52.2882 1.60345 0.112092
-41.2392 -52.3133 1.6031 0.171549
-41.4536 -52.2318 1.5972 0.118289
-41.1471 -52.4808 1.60478 0.04677
-41.1293 -52.2181 1.60546 0.0152719
-41.2392 -52.3133 1.6031 0.171549
-41.4536 -52.2318 1.5972 0.118289
-41.3608 -52.5109 1.60904 0.0123173
-41.5059 -52.5474 1.60172 0.0188403
-41.4147 -52.4701 1.61121 0.00207258
-41.1471 -52.4808 1.60478 0.04677
-41.2417 -52.1707 1.59821 0.125232
-41.5167 -52.3626 1.59606 0.0413869
-41.2392 -52.3133 1.6031 0.171549
-41.2392 -52.3133 1.6031 0.171549
-41.208 -52.4778 1.61098 0.00404195
-41.1741 -52.5826 1.5968 0.00506093
-41.2795 -52.4033 1.60603 0.0845827
-41.0659 -52.1579 1.59672 0.0134524
-41.5059 -52.5474 1.60172 0.0188403
-41.2392 -52.3133 1.6031 0.171549
-41.1842 -52.5063 1.59577 0.0128844
-41.4536 -52.2318 1.5972 0.118289
-41.0384 -52.3897 1.59863 0.016416
-41.0355 -52.4262 1.61018 0.00114811
-41.2392 -52.3133 1.6031 0.171549
-41.2392 -52.3133 1.6031 0.171549
-41.2795 -52.4033 1.60603 0.0845827
-41.3608 -52.5109 1.60904 0.0123173
-41.0659 -52.1579 1.59672 0.0134524
-41.2392 -52.3133 1.6031 0.171549
-41.1842 -52.5063 1.59577 0.0128844
-41.4536 -52.2318 1.5972 0.118289
-41.2795 -52.4033 1.60603 0.0845827
-41.0512 -52.5156 1.60126 0.0109075
-41.1211 -52.4101 1.59537 0.0171002
-41.2392 -52.3133 1.6031 0.171549
-41.4536 -52.2318 1.5972 0.118289
-41.4536 -52.2318 1.5972 0.118289
-41.2795 -52.4033 1.60603 0.0845827
-41.2417 -52.1707 1.59821 0.125232
-41.2071 -52.7822 1.6027 0.000420687
-41.4536 -52.2318 1.5972 0.118289
-41.4536 -52.2318 1.5972 0.118289
-41.2417 -52.1707 1.59821 0.125232
-41.4056 -52.2882 1.60345 0.112092
-41.2392 -52.3133 1.6031 0.171549
-41.5023 -52.5279 1.60571 0.0128579
-41.4536 -52.2318 1.5972 0.118289
-41.4536 -52.2318 1.5972 0.118289
-41.2795 -52.4033 1.60603 0.0845827
-41.1293 -52.2181 1.60546 0.0152719
-41.2392 -52.3133 1.6031 0.171549
-41.2795 -52.4033 1.60603 0.0845827
-41.2417 -52.1707 1.59821 0.125232
-40.9476 -52.3133 1.60241 0.00321656
-41.4056 -52.2882 1.60345 0.112092
-41.1842 -52.5063 1.59577 0.0128844
-41.2795 -52.4033 1.60603 0.0845827
-41.2417 -52.1707 1.59821 0.125232
-41.2417 -52.1707 1.59821 0.125232
-41.5167 -52.3626 1.59606 0.0413869
-41.2392 -52.3133 1.6031 0.171549
-41.4536 -52.2318 1.5972 0.118289
-41.2795 -52.4033 1.60603 0.0845827
-41.1471 -52.601 1.60187 0.0132031
-40.9476 -52.3133 1.60241 0.00321656
-41.5903 -52.4117 1.60322 0.0123445
-41.2392 -52.3133 1.6031 0.171549
-41.4495 -52.0823 1.5968 0.0331685
-41.4536 -52.2318 1.5972 0.118289
