20.4501 -87.8622 3.72893 0.123832
20.6522 -88.0283 3.73286 0.0177868
20.3715 -87.6853 3.72391 0.139791
20.4944 -87.5914 3.73317 0.0251875
20.7915 -87.7105 3.72697 0.0555938
20.7915 -87.7105 3.72697 0.0555938
20.5189 -87.8849 3.72401 0.0395821
20.2848 -87.7134 3.72452 0.0487887
20.4302 -87.8671 3.7291 0.0890421
20.2633 -87.5924 3.72288 0.0268008
20.8184 -87.8924 3.73438 0.078609
20.8614 -87.7771 3.73585 0.0690658
20.4738 -87.6922 3.72212 0.0865523
20.6454 -87.9384 3.72635 0.0301288
20.4302 -87.8671 3.7291 0.0890421
20.4501 -87.8622 3.72893 0.123832
20.3715 -87.6853 3.72391 0.139791
20.3715 -87.6853 3.72391 0.139791
20.8614 -87.7771 3.73585 0.0690658
20.4738 -87.6922 3.72212 0.0865523
20.6117 -87.5964 3.72282 0.0436386
20.4302 -87.8671 3.7291 0.0890421
20.4302 -87.8671 3.7291 0.0890421
20.4501 -87.8622 3.72893 0.123832
20.3715 -87.6853 3.72391 0.139791
20.8285 -87.4932 3.72884 0.0105691
20.5189 -87.8849 3.72401 0.0395821
20.4302 -87.8671 3.7291 0.0890421
20.4501 -87.8622 3.72893 0.123832
20.3715 -87.6853 3.72391 0.139791
20.8614 -87.7771 3.73585 0.0690658
20.4738 -87.6922 3.72212 0.0865523
20.2848 -87.7134 3.72452 0.0487887
20.4501 -87.8622 3.72893 0.123832
20.5563 -87.474 3.73222 0.0144673
20.6522 -88.0283 3.73286 0.0177868
20.8614 -87.7771 3.73585 0.0690658
20.7915 -87.7105 3.72697 0.0555938
20.6454 -87.9384 3.72635 0.0301288
20.4302 -87.8671 3.7291 0.0890421
20.4501 -87.8622 3.72893 0.123832
20.6522 -88.0283 3.73286 0.0177868
20.3715 -87.6853 3.72391 0.139791
20.3715 -87.6853 3.72391 0.139791
20.8614 -87.7771 3.73585 0.0690658
20.5189 -87.8849 3.72401 0.0395821
20.4302 -87.8671 3.7291 0.0890421
20.5563 -87.474 3.73222 0.0144673
20.8184 -87.8924 3.73438 0.078609
20.3715 -87.6853 3.72391 0.139791
20.8614 -87.7771 3.73585 0.0690658
20.8614 -87.7771 3.73585 0.0690658
20.4944 -87.5914 3.73317 0.0251875
20.2681 -87.53 3.71974 0.00779392
20.6117 -87.5964 3.72282 0.0436386
20.4302 -87.8671 3.7291 0.0890421
20.4501 -87.8622 3.72893 0.123832
20.2633 -87.5924 3.72288 0.0268008
20.8184 -87.8924 3.73438 0.078609
20.8614 -87.7771 3.73585 0.0690658
20.7915 -87.7105 3.72697 0.0555938
20.6117 -87.5964 3.72282 0.0436386
20.2848 -87.7134 3.72452 0.0487887
20.4302 -87.8671 3.7291 0.0890421
20.4501 -87.8622 3.72893 0.123832
20.4501 -87.8622 3.72893 0.123832
20.8184 -87.8924 3.73438 0.078609
20.3715 -87.6853 3.72391 0.139791
20.8614 -87.7771 3.73585 0.0690658
20.5189 -87.8849 3.72401 0.0395821
20.3947 -88.0741 3.72594 0.000748645
20.6452 -87.4734 3.72762 0.054974
20.4302 -87.8671 3.7291 0.0890421
20.6033 -87.3456 3.72652 0.00343808
20.4501 -87.8622 3.72893 0.123832
20.8184 -87.8924 3.73438 0.078609
20.479 -87.6114 3.71779 0.00197572
20.7915 -87.7105 3.72697 0.0555938
20.4738 -87.6922 3.72212 0.0865523
20.2848 -87.7134 3.72452 0.0487887
20.6452 -87.4734 3.72762 0.054974
20.4302 -87.8671 3.7291 0.0890421
20.4302 -87.8671 3.7291 0.0890421
20.8184 -87.8924 3.73438 0.078609
20.3715 -87.6853 3.72391 0.139791
20.8614 -87.7771 3.73585 0.0690658
20.2681 -87.53 3.71974 0.00779392
20.2848 -87.7134 3.72452 0.0487887
20.2848 -87.7134 3.72452 0.0487887
20.6452 -87.4734 3.72762 0.054974
20.6452 -87.4734 3.72762 0.054974
20.4501 -87.8622 3.72893 0.123832
20.8184 -87.8924 3.73438 0.078609
20.8614 -87.7771 3.73585 0.0690658
20.5189 -87.8849 3.72401 0.0395821
20.6117 -87.5964 3.72282 0.0436386
20.4302 -87.8671 3.7291 0.0890421
20.4501 -87.8622 3.72893 0.123832
20.5563 -87.474 3.73222 0.0144673
20.3715 -87.6853 3.72391 0.139791
