-37.5555 -68.2266 1.88908 0.0615245
-37.6226 -67.8867 1.88308 0.0551962
-37.5775 -68.0934 1.88782 0.122776
-37.5028 -68.0543 1.8867 0.140912
-37.5071 -68.026 1.8814 0.0431417
-37.3864 -68.0805 1.88577 0.0683729
-37.5921 -68.1773 1.88448 0.0505351
-37.7482 -67.9638 1.88537 0.0335715
-37.7482 -67.9638 1.88537 0.0335715
-37.4148 -67.9436 1.88828 0.0833375
-37.4148 -67.9436 1.88828 0.0833375
-37.5775 -68.0934 1.88782 0.122776
-37.5028 -68.0543 1.8867 0.140912
-37.5918 -68.1134 1.89225 0.0538928
-37.5921 -68.1773 1.88448 0.0505351
-37.1443 -68.3025 1.88945 0.00111933
-37.4148 -67.9436 1.88828 0.0833375
-37.5775 -68.0934 1.88782 0.122776
-37.5775 -68.0934 1.88782 0.122776
-37.5775 -68.0934 1.88782 0.122776
-37.5028 -68.0543 1.8867 0.140912
-37.4728 -67.7675 1.88849 0.013627
-37.3631 -67.8404 1.88654 0.0239027
-37.5775 -68.0934 1.88782 0.122776
-37.3663 -67.8814 1.88641 0.0363467
-37.6642 -68.001 1.8779 0.0115104
-37.5028 -68.0543 1.8867 0.140912
-37.3447 -67.8409 1.88912 0.0189631
-37.3631 -67.8404 1.88654 0.0239027
-37.4148 -67.9436 1.88828 0.0833375
-37.4148 -67.9436 1.88828 0.0833375
-37.5775 -68.0934 1.88782 0.122776
-37.5028 -68.0543 1.8867 0.140912
-37.5028 -68.0543 1.8867 0.140912
-37.4309 -68.2764 1.89681 0.012598
-37.7482 -67.9638 1.88537 0.0335715
-37.5555 -68.2266 1.88908 0.0615245
-37.6226 -67.8867 1.88308 0.0551962
-37.4148 -67.9436 1.88828 0.0833375
-37.5775 -68.0934 1.88782 0.122776
-37.5028 -68.0543 1.8867 0.140912
-37.3864 -68.0805 1.88577 0.0683729
-37.2722 -67.8469 1.8964 0.00120357
-37.3631 -67.8404 1.88654 0.0239027
-37.5555 -68.2266 1.88908 0.0615245
-37.4148 -67.9436 1.88828 0.0833375
-37.5775 -68.0934 1.88782 0.122776
-37.5071 -68.026 1.8814 0.0431417
-37.2524 -68.0175 1.88632 0.0173744
-37.3447 -67.8409 1.88912 0.0189631
-37.3864 -68.0805 1.88577 0.0683729
-37.3198 -68.1257 1.88335 0.0116902
-37.7482 -67.9638 1.88537 0.0335715
-37.4148 -67.9436 1.88828 0.0833375
-37.5775 -68.0934 1.88782 0.122776
-37.5028 -68.0543 1.8867 0.140912
-37.5028 -68.0543 1.8867 0.140912
-37.5071 -68.026 1.8814 0.0431417
-37.5873 -68.0074 1.87897 0.0196593
-37.3864 -68.0805 1.88577 0.0683729
-37.3198 -68.1257 1.88335 0.0116902
-37.6226 -67.8867 1.88308 0.0551962
-37.3663 -67.8814 1.88641 0.0363467
-37.5071 -68.026 1.8814 0.0431417
-37.3864 -68.0805 1.88577 0.0683729
-37.3631 -67.8404 1.88654 0.0239027
-37.5775 -68.0934 1.88782 0.122776
-37.3663 -67.8814 1.88641 0.0363467
-37.6642 -68.001 1.8779 0.0115104
-37.5028 -68.0543 1.8867 0.140912
-37.5918 -68.1134 1.89225 0.0538928
-37.4309 -68.2764 1.89681 0.012598
-37.5555 -68.2266 1.88908 0.0615245
-37.5775 -68.0934 1.88782 0.122776
-37.5028 -68.0543 1.8867 0.140912
-37.5071 -68.026 1.8814 0.0431417
-37.5918 -68.1134 1.89225 0.0538928
-37.5918 -68.1134 1.89225 0.0538928
-37.5921 -68.1773 1.88448 0.0505351
-37.5555 -68.2266 1.88908 0.0615245
-37.5775 -68.0934 1.88782 0.122776
-37.5775 -68.0934 1.88782 0.122776
-37.5028 -68.0543 1.8867 0.140912
-37.5918 -68.1134 1.89225 0.0538928
-37.3864 -68.0805 1.88577 0.0683729
-37.0377 -68.1345 1.8963 0.000558646
-37.5775 -68.0934 1.88782 0.122776
-37.2918 -67.8142 1.8882 0.00842134
-37.5028 -68.0543 1.8867 0.140912
-37.5873 -68.0074 1.87897 0.0196593
-37.4728 -67.7675 1.88849 0.013627
-37.5555 -68.2266 1.88908 0.0615245
-37.4148 -67.9436 1.88828 0.0833375
-37.5028 -68.0543 1.8867 0.140912
-37.5028 -68.0543 1.8867 0.140912
-37.5071 -68.026 1.8814 0.0431417
-37.3864 -68.0805 1.88577 0.0683729
-37.5921 -68.1773 1.88448 0.0505351
-37.4148 -67.9436 1.88828 0.0833375
-37.2918 -67.8142 1.8882 0.00842134
