76.8581 16.1801 0.0940917 0.351491
77.1047 16.0137 0.0949129 0.172639
76.8581 16.1801 0.0940917 0.351491
77.1047 16.0137 0.0949129 0.172639
76.8581 16.1801 0.0940917 0.351491
76.9144 16.1133 0.086669 0.043114
77.0133 15.8015 0.0912996 0.0465852
76.8581 16.1801 0.0940917 0.351491
76.8581 16.1801 0.0940917 0.351491
76.8581 16.1801 0.0940917 0.351491
77.1047 16.0137 0.0949129 0.172639
77.0133 15.8015 0.0912996 0.0465852
76.8581 16.1801 0.0940917 0.351491
76.8338 15.7491 0.0950323 0.0946635
76.8581 16.1801 0.0940917 0.351491
76.7075 16.222 0.0983753 0.107428
77.1022 16.1944 0.0929511 0.066215
76.8581 16.1801 0.0940917 0.351491
76.8338 15.7491 0.0950323 0.0946635
76.8581 16.1801 0.0940917 0.351491
77.1022 16.1944 0.0929511 0.066215
77.1022 16.1944 0.0929511 0.066215
76.8581 16.1801 0.0940917 0.351491
76.8581 16.1801 0.0940917 0.351491
77.1047 16.0137 0.0949129 0.172639
76.8581 16.1801 0.0940917 0.351491
76.8581 16.1801 0.0940917 0.351491
76.9144 16.1133 0.086669 0.043114
76.7075 16.222 0.0983753 0.107428
77.1047 16.0137 0.0949129 0.172639
76.8338 15.7491 0.0950323 0.0946635
76.8581 16.1801 0.0940917 0.351491
76.8581 16.1801 0.0940917 0.351491
76.7075 16.222 0.0983753 0.107428
77.1047 16.0137 0.0949129 0.172639
76.8581 16.1801 0.0940917 0.351491
76.8338 15.7491 0.0950323 0.0946635
76.8581 16.1801 0.0940917 0.351491
77.1022 16.1944 0.0929511 0.066215
77.1047 16.0137 0.0949129 0.172639
76.8581 16.1801 0.0940917 0.351491
76.8755 16.187 0.104593 0.042987
76.8581 16.1801 0.0940917 0.351491
77.079 15.6429 0.0987498 0.0056961
77.1047 16.0137 0.0949129 0.172639
77.1047 16.0137 0.0949129 0.172639
76.8581 16.1801 0.0940917 0.351491
76.8338 15.7491 0.0950323 0.0946635
77.1047 16.0137 0.0949129 0.172639
77.1047 16.0137 0.0949129 0.172639
76.8581 16.1801 0.0940917 0.351491
76.8581 16.1801 0.0940917 0.351491
76.8338 15.7491 0.0950323 0.0946635
77.1047 16.0137 0.0949129 0.172639
76.8581 16.1801 0.0940917 0.351491
76.8581 16.1801 0.0940917 0.351491
76.7075 16.222 0.0983753 0.107428
77.1047 16.0137 0.0949129 0.172639
76.7075 16.222 0.0983753 0.107428
76.8581 16.1801 0.0940917 0.351491
76.8581 16.1801 0.0940917 0.351491
76.7075 16.222 0.0983753 0.107428
76.8581 16.1801 0.0940917 0.351491
76.7075 16.222 0.0983753 0.107428
76.7075 16.222 0.0983753 0.107428
76.7262 16.3694 0.0994536 0.00934257
76.7262 16.3694 0.0994536 0.00934257
76.8581 16.1801 0.0940917 0.351491
77.0088 16.1982 0.0838024 0.00349635
76.7075 16.222 0.0983753 0.107428
76.8581 16.1801 0.0940917 0.351491
76.8581 16.1801 0.0940917 0.351491
76.7075 16.222 0.0983753 0.107428
76.8338 15.7491 0.0950323 0.0946635
76.8581 16.1801 0.0940917 0.351491
76.8581 16.1801 0.0940917 0.351491
76.8338 15.7491 0.0950323 0.0946635
76.8581 16.1801 0.0940917 0.351491
76.8581 16.1801 0.0940917 0.351491
77.1047 16.0137 0.0949129 0.172639
77.1047 16.0137 0.0949129 0.172639
76.8338 15.7491 0.0950323 0.0946635
76.8581 16.1801 0.0940917 0.351491
77.0133 15.8015 0.0912996 0.0465852
76.8338 15.7491 0.0950323 0.0946635
77.1047 16.0137 0.0949129 0.172639
76.8581 16.1801 0.0940917 0.351491
77.1022 16.1944 0.0929511 0.066215
76.8581 16.1801 0.0940917 0.351491
76.9144 16.1133 0.086669 0.043114
76.8755 16.187 0.104593 0.042987
76.8581 16.1801 0.0940917 0.351491
76.8581 16.1801 0.0940917 0.351491
76.8338 15.7491 0.0950323 0.0946635
76.8581 16.1801 0.0940917 0.351491
76.8581 16.1801 0.0940917 0.351491
76.8748 16.4111 0.101719 0.00298127
77.1022 16.1944 0.0929511 0.066215
76.8581 16.1801 0.0940917 0.351491
77.0133 15.8015 0.0912996 0.0465852
