-41.0754 -56.7959 1.64626 0.018955
-40.7748 -56.7856 1.64695 0.114379
-40.8246 -56.7403 1.64907 0.119662
-40.8836 -56.7612 1.64479 0.128867
-40.6737 -56.5928 1.64428 0.0500383
-40.6737 -56.5928 1.64428 0.0500383
-40.8649 -56.7443 1.64692 0.153857
-41.0783 -56.7793 1.64566 0.0211469
-40.9089 -56.7931 1.64734 0.10013
-41.0754 -56.7959 1.64626 0.018955
-40.7748 -56.7856 1.64695 0.114379
-40.8246 -56.7403 1.64907 0.119662
-40.8246 -56.7403 1.64907 0.119662
-40.8836 -56.7612 1.64479 0.128867
-40.8649 -56.7443 1.64692 0.153857
-40.7287 -56.5733 1.65168 0.0156634
-40.9089 -56.7931 1.64734 0.10013
-40.7748 -56.7856 1.64695 0.114379
-40.7888 -56.9288 1.65375 0.00857759
-40.9202 -56.6963 1.6567 0.000743136
-40.8836 -56.7612 1.64479 0.128867
-40.8649 -56.7443 1.64692 0.153857
-40.8649 -56.7443 1.64692 0.153857
-40.9089 -56.7931 1.64734 0.10013
-40.9089 -56.7931 1.64734 0.10013
-40.8246 -56.7403 1.64907 0.119662
-40.7122 -56.9135 1.65484 0.0051785
-41.0849 -56.849 1.64839 0.00762327
-40.7921 -56.6112 1.65156 0.0290839
-40.7693 -56.9732 1.65148 0.0099301
-40.8649 -56.7443 1.64692 0.153857
-40.7008 -56.5539 1.64782 0.0434172
-40.9061 -56.8069 1.6445 0.0804265
-40.7748 -56.7856 1.64695 0.114379
-40.7748 -56.7856 1.64695 0.114379
-40.8246 -56.7403 1.64907 0.119662
-40.7122 -56.9135 1.65484 0.0051785
-40.8649 -56.7443 1.64692 0.153857
-40.8649 -56.7443 1.64692 0.153857
-40.8649 -56.7443 1.64692 0.153857
-40.9061 -56.8069 1.6445 0.0804265
-40.6886 -56.802 1.65442 0.00978146
-40.9089 -56.7931 1.64734 0.10013
-40.8246 -56.7403 1.64907 0.119662
-40.8246 -56.7403 1.64907 0.119662
-40.8836 -56.7612 1.64479 0.128867
-41.0783 -56.7793 1.64566 0.0211469
-40.9089 -56.7931 1.64734 0.10013
-40.7748 -56.7856 1.64695 0.114379
-40.7748 -56.7856 1.64695 0.114379
-40.7748 -56.7856 1.64695 0.114379
-40.8836 -56.7612 1.64479 0.128867
-40.8649 -56.7443 1.64692 0.153857
-40.9061 -56.8069 1.6445 0.0804265
-40.7748 -56.7856 1.64695 0.114379
-40.7748 -56.7856 1.64695 0.114379
-40.9981 -56.6766 1.65039 0.0226348
-40.6737 -56.5928 1.64428 0.0500383
-40.8649 -56.7443 1.64692 0.153857
-41.0783 -56.7793 1.64566 0.0211469
-40.9061 -56.8069 1.6445 0.0804265
-41.0754 -56.7959 1.64626 0.018955
-40.8246 -56.7403 1.64907 0.119662
-40.8017 -56.5572 1.63826 0.0208896
-40.8836 -56.7612 1.64479 0.128867
-40.8649 -56.7443 1.64692 0.153857
-40.7008 -56.5539 1.64782 0.0434172
-40.8221 -56.6348 1.63565 0.00370771
-40.9089 -56.7931 1.64734 0.10013
-40.7748 -56.7856 1.64695 0.114379
-40.7122 -56.9135 1.65484 0.0051785
-40.8836 -56.7612 1.64479 0.128867
-40.8649 -56.7443 1.64692 0.153857
-40.7008 -56.5539 1.64782 0.0434172
-41.0754 -56.7959 1.64626 0.018955
-40.8246 -56.7403 1.64907 0.119662
-40.8246 -56.7403 1.64907 0.119662
-40.8836 -56.7612 1.64479 0.128867
-40.8836 -56.7612 1.64479 0.128867
-40.8649 -56.7443 1.64692 0.153857
-40.8649 -56.7443 1.64692 0.153857
-40.6886 -56.802 1.65442 0.00978146
-40.8246 -56.7403 1.64907 0.119662
-40.9981 -56.6766 1.65039 0.0226348
-40.8649 -56.7443 1.64692 0.153857
-40.9061 -56.8069 1.6445 0.0804265
-41.0754 -56.7959 1.64626 0.018955
-40.8246 -56.7403 1.64907 0.119662
-40.9981 -56.6766 1.65039 0.0226348
-40.8649 -56.7443 1.64692 0.153857
-40.9061 -56.8069 1.6445 0.0804265
-40.7748 -56.7856 1.64695 0.114379
-40.8017 -56.5572 1.63826 0.0208896
-40.8649 -56.7443 1.64692 0.153857
-40.9061 -56.8069 1.6445 0.0804265
-40.9089 -56.7931 1.64734 0.10013
-40.7748 -56.7856 1.64695 0.114379
-40.8017 -56.5572 1.63826 0.0208896
-40.8836 -56.7612 1.64479 0.128867
-40.8649 -56.7443 1.64692 0.153857
