6.714 5.23408 0.370919 0.0799243
6.714 5.23408 0.370919 0.0799243
6.24215 6.13463 0.395774 0.0172943
6.54532 5.37989 0.384857 0.0199549
6.49702 5.22571 0.373825 0.0574506
6.46577 5.58718 0.382127 0.0514052
6.79976 5.41041 0.37955 0.0389801
6.23584 5.42668 0.374353 0.00492591
6.84149 5.23267 0.369135 0.06583
6.84149 5.23267 0.369135 0.06583
6.46077 5.66323 0.377799 0.0183529
6.5519 5.85339 0.385407 0.0248066
6.58653 5.46348 0.368868 0.00485649
6.33461 5.36954 0.381403 0.0315245
6.49702 5.22571 0.373825 0.0574506
6.49702 5.22571 0.373825 0.0574506
6.49702 5.22571 0.373825 0.0574506
6.33302 5.36992 0.377148 0.0277684
6.46577 5.58718 0.382127 0.0514052
6.85128 5.30492 0.369577 0.0454717
6.56359 5.59962 0.379015 0.0430915
6.56359 5.59962 0.379015 0.0430915
6.39178 5.71955 0.386661 0.0390573
6.39178 5.71955 0.386661 0.0390573
6.84149 5.23267 0.369135 0.06583
6.46077 5.66323 0.377799 0.0183529
6.44628 5.23409 0.380838 0.0292989
6.24215 6.13463 0.395774 0.0172943
6.34774 6.03141 0.390798 0.0214914
6.16185 5.76966 0.387504 0.0202338
6.28217 5.52282 0.38378 0.0301567
6.79976 5.41041 0.37955 0.0389801
6.85128 5.30492 0.369577 0.0454717
6.85128 5.30492 0.369577 0.0454717
6.56359 5.59962 0.379015 0.0430915
6.39178 5.71955 0.386661 0.0390573
6.84149 5.23267 0.369135 0.06583
6.46077 5.66323 0.377799 0.0183529
6.44738 6.15478 0.386742 0.00440916
6.714 5.23408 0.370919 0.0799243
6.34774 6.03141 0.390798 0.0214914
6.16185 5.76966 0.387504 0.0202338
6.79976 5.41041 0.37955 0.0389801
6.37818 5.62589 0.387555 0.0310362
6.84149 5.23267 0.369135 0.06583
6.84149 5.23267 0.369135 0.06583
6.56187 5.51612 0.387586 0.0144607
6.78177 5.37888 0.36487 0.00356117
6.714 5.23408 0.370919 0.0799243
6.24215 6.13463 0.395774 0.0172943
6.54532 5.37989 0.384857 0.0199549
6.49702 5.22571 0.373825 0.0574506
6.46577 5.58718 0.382127 0.0514052
6.79976 5.41041 0.37955 0.0389801
6.85128 5.30492 0.369577 0.0454717
6.56359 5.59962 0.379015 0.0430915
6.57462 5.59187 0.375662 0.0224265
6.39178 5.71955 0.386661 0.0390573
6.84149 5.23267 0.369135 0.06583
6.36001 5.69851 0.383836 0.0369624
6.5519 5.85339 0.385407 0.0248066
6.714 5.23408 0.370919 0.0799243
6.54532 5.37989 0.384857 0.0199549
6.34774 6.03141 0.390798 0.0214914
6.33461 5.36954 0.381403 0.0315245
6.49702 5.22571 0.373825 0.0574506
6.33302 5.36992 0.377148 0.0277684
6.28217 5.52282 0.38378 0.0301567
6.14254 5.61878 0.38556 0.0158432
6.39178 5.71955 0.386661 0.0390573
6.84149 5.23267 0.369135 0.06583
6.15653 5.48968 0.380046 0.00957159
6.44628 5.23409 0.380838 0.0292989
6.714 5.23408 0.370919 0.0799243
6.54532 5.37989 0.384857 0.0199549
6.33461 5.36954 0.381403 0.0315245
6.42556 4.88708 0.373529 0.0161667
6.49702 5.22571 0.373825 0.0574506
6.42412 5.90896 0.394277 0.0118829
6.79976 5.41041 0.37955 0.0389801
6.85128 5.30492 0.369577 0.0454717
6.37818 5.62589 0.387555 0.0310362
6.37818 5.62589 0.387555 0.0310362
6.57462 5.59187 0.375662 0.0224265
6.39178 5.71955 0.386661 0.0390573
6.84149 5.23267 0.369135 0.06583
6.36001 5.69851 0.383836 0.0369624
6.46077 5.66323 0.377799 0.0183529
6.56187 5.51612 0.387586 0.0144607
6.714 5.23408 0.370919 0.0799243
6.11251 6.00498 0.387759 0.00783442
6.54532 5.37989 0.384857 0.0199549
6.16463 5.86112 0.384644 0.0094874
6.49702 5.22571 0.373825 0.0574506
6.46577 5.58718 0.382127 0.0514052
6.28217 5.52282 0.38378 0.0301567
6.28217 5.52282 0.38378 0.0301567
6.79976 5.41041 0.37955 0.0389801
6.85128 5.30492 0.369577 0.0454717
6.56359 5.59962 0.379015 0.0430915
