-0.899726 3.66231 0.314633 0.264056
-0.93979 3.46383 0.315813 0.180521
-0.975397 3.64609 0.317403 0.133651
-1.06784 3.588 0.316911 0.0745779
-0.899726 3.66231 0.314633 0.264056
-0.975397 3.64609 0.317403 0.133651
-0.899726 3.66231 0.314633 0.264056
-0.93979 3.46383 0.315813 0.180521
-1.06784 3.588 0.316911 0.0745779
-0.899726 3.66231 0.314633 0.264056
-0.93979 3.46383 0.315813 0.180521
-0.93979 3.46383 0.315813 0.180521
-0.725875 3.58637 0.319665 0.00360233
-0.673034 3.61199 0.313938 0.0466865
-0.93979 3.46383 0.315813 0.180521
-0.975397 3.64609 0.317403 0.133651
-0.899726 3.66231 0.314633 0.264056
-0.93979 3.46383 0.315813 0.180521
-0.701241 3.46894 0.310578 0.0567274
-0.899726 3.66231 0.314633 0.264056
-0.93979 3.46383 0.315813 0.180521
-0.975397 3.64609 0.317403 0.133651
-0.899726 3.66231 0.314633 0.264056
-1.01547 3.6969 0.314105 0.0615241
-1.10554 3.4492 0.319054 0.0171254
-1.10554 3.4492 0.319054 0.0171254
-0.975397 3.64609 0.317403 0.133651
-0.899726 3.66231 0.314633 0.264056
-1.01547 3.6969 0.314105 0.0615241
-1.10554 3.4492 0.319054 0.0171254
-0.975397 3.64609 0.317403 0.133651
-0.899726 3.66231 0.314633 0.264056
-0.899726 3.66231 0.314633 0.264056
-0.975397 3.64609 0.317403 0.133651
-0.701241 3.46894 0.310578 0.0567274
-1.06944 3.54952 0.312748 0.0281511
-0.93979 3.46383 0.315813 0.180521
-1.06879 3.45231 0.317667 0.0383236
-1.06879 3.45231 0.317667 0.0383236
-0.899726 3.66231 0.314633 0.264056
-1.06944 3.54952 0.312748 0.0281511
-1.06879 3.45231 0.317667 0.0383236
-0.673034 3.61199 0.313938 0.0466865
-0.673034 3.61199 0.313938 0.0466865
-0.93979 3.46383 0.315813 0.180521
-0.93979 3.46383 0.315813 0.180521
-1.06784 3.588 0.316911 0.0745779
-1.01547 3.6969 0.314105 0.0615241
-0.701241 3.46894 0.310578 0.0567274
-0.899726 3.66231 0.314633 0.264056
-1.06944 3.54952 0.312748 0.0281511
-1.01547 3.6969 0.314105 0.0615241
-0.93979 3.46383 0.315813 0.180521
-0.975397 3.64609 0.317403 0.133651
-0.701241 3.46894 0.310578 0.0567274
-0.839092 3.41801 0.317448 0.0493831
-0.968721 3.19271 0.313488 6.18929e-05
-0.93979 3.46383 0.315813 0.180521
-0.770752 3.50273 0.318798 0.0201308
-0.975397 3.64609 0.317403 0.133651
-0.673034 3.61199 0.313938 0.0466865
-0.899726 3.66231 0.314633 0.264056
-0.899726 3.66231 0.314633 0.264056
-1.01547 3.6969 0.314105 0.0615241
-0.975397 3.64609 0.317403 0.133651
-0.899726 3.66231 0.314633 0.264056
-0.93979 3.46383 0.315813 0.180521
-0.975397 3.64609 0.317403 0.133651
-0.899726 3.66231 0.314633 0.264056
-1.0045 3.54306 0.324497 0.00175716
-1.06879 3.45231 0.317667 0.0383236
-0.899726 3.66231 0.314633 0.264056
-1.01547 3.6969 0.314105 0.0615241
-0.93979 3.46383 0.315813 0.180521
-1.06784 3.588 0.316911 0.0745779
-0.839092 3.41801 0.317448 0.0493831
-0.93979 3.46383 0.315813 0.180521
-1.06784 3.588 0.316911 0.0745779
-0.899726 3.66231 0.314633 0.264056
-0.93979 3.46383 0.315813 0.180521
-1.06784 3.588 0.316911 0.0745779
-0.899726 3.66231 0.314633 0.264056
-0.899726 3.66231 0.314633 0.264056
-0.975397 3.64609 0.317403 0.133651
-0.975397 3.64609 0.317403 0.133651
-0.899726 3.66231 0.314633 0.264056
-0.839092 3.41801 0.317448 0.0493831
-1.01547 3.6969 0.314105 0.0615241
-0.975397 3.64609 0.317403 0.133651
-0.975397 3.64609 0.317403 0.133651
-0.673034 3.61199 0.313938 0.0466865
-0.899726 3.66231 0.314633 0.264056
-0.899726 3.66231 0.314633 0.264056
-1.01547 3.6969 0.314105 0.0615241
-1.01547 3.6969 0.314105 0.0615241
-0.701241 3.46894 0.310578 0.0567274
-1.01547 3.6969 0.314105 0.0615241
-0.701241 3.46894 0.310578 0.0567274
-1.01547 3.6969 0.314105 0.0615241
-0.975397 3.64609 0.317403 0.133651
