115.878 18.5296 0.0748091 0.038987
115.963 18.5925 0.0642867 0.151847
115.919 18.5064 0.0710844 0.0986608
115.88 18.3243 0.0714165 0.0177431
115.819 18.5871 0.0590097 0.0118678
115.829 18.8024 0.0713087 0.0188575
115.687 18.7475 0.0680186 0.00990596
116.149 18.8961 0.0647758 0.00683437
115.759 18.7275 0.0686615 0.0304784
115.919 18.5064 0.0710844 0.0986608
115.913 18.7157 0.0581102 0.0166941
116.191 18.3978 0.0674239 0.0158124
115.936 18.7144 0.0705192 0.0733039
116.218 18.5739 0.0582771 0.0181717
115.963 18.5925 0.0642867 0.151847
115.919 18.5064 0.0710844 0.0986608
116.245 18.6418 0.0622417 0.0264301
116.069 18.4826 0.0620648 0.0693384
115.904 18.7802 0.0667357 0.0556917
115.687 18.7475 0.0680186 0.00990596
116.043 18.6098 0.0581273 0.0379786
115.963 18.5925 0.0642867 0.151847
115.783 18.7039 0.0682048 0.0467219
115.783 18.7039 0.0682048 0.0467219
115.936 18.7144 0.0705192 0.0733039
115.878 18.5296 0.0748091 0.038987
115.878 18.5296 0.0748091 0.038987
115.963 18.5925 0.0642867 0.151847
115.919 18.5064 0.0710844 0.0986608
116.069 18.4826 0.0620648 0.0693384
115.624 18.6496 0.070589 0.00695355
115.878 18.5296 0.0748091 0.038987
115.934 18.4 0.0579699 0.00616802
115.919 18.5064 0.0710844 0.0986608
116.245 18.6418 0.0622417 0.0264301
115.783 18.7039 0.0682048 0.0467219
115.849 18.3221 0.0771426 0.0035531
115.904 18.7802 0.0667357 0.0556917
115.904 18.7802 0.0667357 0.0556917
115.991 18.5442 0.0604554 0.0661735
115.684 18.6067 0.0632124 0.00759317
115.759 18.7275 0.0686615 0.0304784
115.963 18.5925 0.0642867 0.151847
115.963 18.5925 0.0642867 0.151847
115.923 18.4296 0.0611472 0.0282802
115.819 18.5871 0.0590097 0.0118678
115.991 18.5442 0.0604554 0.0661735
115.878 18.5296 0.0748091 0.038987
115.759 18.7275 0.0686615 0.0304784
116.245 18.6418 0.0622417 0.0264301
116.069 18.4826 0.0620648 0.0693384
115.936 18.7144 0.0705192 0.0733039
115.936 18.7144 0.0705192 0.0733039
115.878 18.5296 0.0748091 0.038987
115.923 18.5876 0.0802001 0.00254494
115.963 18.5925 0.0642867 0.151847
115.919 18.5064 0.0710844 0.0986608
115.641 18.6111 0.0735536 0.00784866
115.904 18.7802 0.0667357 0.0556917
115.878 18.5296 0.0748091 0.038987
115.963 18.5925 0.0642867 0.151847
115.956 18.4277 0.0749408 0.0213974
115.783 18.7039 0.0682048 0.0467219
116.069 18.4826 0.0620648 0.0693384
115.936 18.7144 0.0705192 0.0733039
115.874 18.8686 0.0745159 0.00320352
115.991 18.5442 0.0604554 0.0661735
115.963 18.5925 0.0642867 0.151847
115.963 18.5925 0.0642867 0.151847
115.956 18.4277 0.0749408 0.0213974
116.069 18.4826 0.0620648 0.0693384
115.829 18.8024 0.0713087 0.0188575
115.878 18.5296 0.0748091 0.038987
115.864 18.8247 0.067451 0.0266327
115.963 18.5925 0.0642867 0.151847
115.919 18.5064 0.0710844 0.0986608
115.923 18.4296 0.0611472 0.0282802
115.936 18.7144 0.0705192 0.0733039
116.096 18.5544 0.0748244 0.0133207
115.69 18.3662 0.067187 0.0050735
115.963 18.5925 0.0642867 0.151847
115.919 18.5064 0.0710844 0.0986608
115.783 18.7039 0.0682048 0.0467219
115.936 18.7144 0.0705192 0.0733039
116.186 18.3582 0.0596925 0.00573954
115.963 18.5925 0.0642867 0.151847
115.919 18.5064 0.0710844 0.0986608
116.069 18.4826 0.0620648 0.0693384
115.991 18.5442 0.0604554 0.0661735
115.646 18.5984 0.0824856 0.000276288
115.963 18.5925 0.0642867 0.151847
115.963 18.5925 0.0642867 0.151847
116.245 18.6418 0.0622417 0.0264301
115.913 18.7157 0.0581102 0.0166941
115.598 18.5112 0.0804491 0.00051266
115.829 18.8024 0.0713087 0.0188575
116.186 18.3582 0.0596925 0.00573954
116.218 18.5739 0.0582771 0.0181717
115.963 18.5925 0.0642867 0.151847
115.88 18.3243 0.0714165 0.0177431
