1.78033 3.55891 0.291963 0.00419816
1.95242 3.71235 0.290809 0.200513
1.95242 3.71235 0.290809 0.200513
2.10742 3.75128 0.294105 0.212449
1.96718 3.6529 0.2969 0.282443
2.17074 3.77709 0.287495 0.0445765
1.95242 3.71235 0.290809 0.200513
2.00299 3.8695 0.294749 0.10366
2.3426 3.74196 0.291538 0.0017807
2.10742 3.75128 0.294105 0.212449
2.10742 3.75128 0.294105 0.212449
1.95242 3.71235 0.290809 0.200513
1.95242 3.71235 0.290809 0.200513
1.72196 3.61415 0.298545 0.0135824
1.96718 3.6529 0.2969 0.282443
1.95242 3.71235 0.290809 0.200513
1.95242 3.71235 0.290809 0.200513
2.22222 3.68538 0.295639 0.0116103
1.96718 3.6529 0.2969 0.282443
1.96718 3.6529 0.2969 0.282443
1.96718 3.6529 0.2969 0.282443
1.96718 3.6529 0.2969 0.282443
1.95242 3.71235 0.290809 0.200513
2.10742 3.75128 0.294105 0.212449
1.78033 3.55891 0.291963 0.00419816
2.22222 3.68538 0.295639 0.0116103
1.72196 3.61415 0.298545 0.0135824
2.10742 3.75128 0.294105 0.212449
1.96718 3.6529 0.2969 0.282443
1.95242 3.71235 0.290809 0.200513
1.75126 3.79664 0.29694 0.0231991
2.10742 3.75128 0.294105 0.212449
2.10742 3.75128 0.294105 0.212449
1.95242 3.71235 0.290809 0.200513
1.75126 3.79664 0.29694 0.0231991
2.10742 3.75128 0.294105 0.212449
2.10742 3.75128 0.294105 0.212449
2.17074 3.77709 0.287495 0.0445765
1.95242 3.71235 0.290809 0.200513
2.10742 3.75128 0.294105 0.212449
1.95242 3.71235 0.290809 0.200513
2.15096 3.4418 0.298731 0.000217732
2.10742 3.75128 0.294105 0.212449
1.96718 3.6529 0.2969 0.282443
1.96718 3.6529 0.2969 0.282443
1.96718 3.6529 0.2969 0.282443
2.22222 3.68538 0.295639 0.0116103
1.96718 3.6529 0.2969 0.282443
1.75126 3.79664 0.29694 0.0231991
1.72565 3.62124 0.298381 0.0158529
2.10742 3.75128 0.294105 0.212449
1.96718 3.6529 0.2969 0.282443
2.17074 3.77709 0.287495 0.0445765
2.10742 3.75128 0.294105 0.212449
2.10742 3.75128 0.294105 0.212449
1.96718 3.6529 0.2969 0.282443
1.95242 3.71235 0.290809 0.200513
1.72196 3.61415 0.298545 0.0135824
1.96718 3.6529 0.2969 0.282443
2.00299 3.8695 0.294749 0.10366
1.96718 3.6529 0.2969 0.282443
1.96718 3.6529 0.2969 0.282443
1.95242 3.71235 0.290809 0.200513
1.75126 3.79664 0.29694 0.0231991
1.96718 3.6529 0.2969 0.282443
1.72565 3.62124 0.298381 0.0158529
1.96718 3.6529 0.2969 0.282443
1.96718 3.6529 0.2969 0.282443
1.95242 3.71235 0.290809 0.200513
2.22222 3.68538 0.295639 0.0116103
1.96718 3.6529 0.2969 0.282443
1.75126 3.79664 0.29694 0.0231991
2.10742 3.75128 0.294105 0.212449
1.96718 3.6529 0.2969 0.282443
1.95242 3.71235 0.290809 0.200513
2.14478 3.8598 0.284919 0.00388723
1.79541 3.61836 0.303079 0.00609529
1.96718 3.6529 0.2969 0.282443
1.96718 3.6529 0.2969 0.282443
1.95242 3.71235 0.290809 0.200513
2.10742 3.75128 0.294105 0.212449
2.10742 3.75128 0.294105 0.212449
1.95242 3.71235 0.290809 0.200513
2.00299 3.8695 0.294749 0.10366
2.10742 3.75128 0.294105 0.212449
1.96718 3.6529 0.2969 0.282443
1.96718 3.6529 0.2969 0.282443
1.78033 3.55891 0.291963 0.00419816
1.95242 3.71235 0.290809 0.200513
2.10742 3.75128 0.294105 0.212449
2.10742 3.75128 0.294105 0.212449
2.10742 3.75128 0.294105 0.212449
1.96718 3.6529 0.2969 0.282443
2.22222 3.68538 0.295639 0.0116103
2.10742 3.75128 0.294105 0.212449
2.05494 3.93567 0.290007 0.0154416
1.95242 3.71235 0.290809 0.200513
1.75126 3.79664 0.29694 0.0231991
2.10742 3.75128 0.294105 0.212449
1.96718 3.6529 0.2969 0.282443
