-40.5363 -51.9551 1.57957 0.0426171
-40.2884 -51.844 1.58602 0.20369
-40.3264 -51.9145 1.58389 0.31427
-40.4783 -51.745 1.58157 0.114986
-40.5363 -51.9551 1.57957 0.0426171
-40.3882 -52.1035 1.5819 0.0412031
-40.6872 -51.7012 1.58045 0.00302755
-40.3264 -51.9145 1.58389 0.31427
-40.3264 -51.9145 1.58389 0.31427
-40.5658 -52.2725 1.58831 0.000437302
-40.3264 -51.9145 1.58389 0.31427
-40.4783 -51.745 1.58157 0.114986
-40.2719 -51.6898 1.58185 0.102144
-40.2719 -51.6898 1.58185 0.102144
-40.2719 -51.6898 1.58185 0.102144
-40.1996 -51.823 1.58065 0.127811
-40.1996 -51.823 1.58065 0.127811
-40.5363 -51.9551 1.57957 0.0426171
-40.2436 -51.621 1.58811 0.00442313
-40.3264 -51.9145 1.58389 0.31427
-40.4783 -51.745 1.58157 0.114986
-40.1996 -51.823 1.58065 0.127811
-40.3264 -51.9145 1.58389 0.31427
-40.2884 -51.844 1.58602 0.20369
-40.1996 -51.823 1.58065 0.127811
-40.3264 -51.9145 1.58389 0.31427
-40.2884 -51.844 1.58602 0.20369
-40.2884 -51.844 1.58602 0.20369
-40.3264 -51.9145 1.58389 0.31427
-40.3264 -51.9145 1.58389 0.31427
-40.1996 -51.823 1.58065 0.127811
-40.1996 -51.823 1.58065 0.127811
-40.3264 -51.9145 1.58389 0.31427
-40.3264 -51.9145 1.58389 0.31427
-40.5363 -51.9551 1.57957 0.0426171
-40.1996 -51.823 1.58065 0.127811
-40.3264 -51.9145 1.58389 0.31427
-40.4783 -51.745 1.58157 0.114986
-40.1996 -51.823 1.58065 0.127811
-40.3264 -51.9145 1.58389 0.31427
-40.1277 -51.9108 1.57858 0.0228483
-40.3264 -51.9145 1.58389 0.31427
-40.5363 -51.9551 1.57957 0.0426171
-40.3264 -51.9145 1.58389 0.31427
-40.3264 -51.9145 1.58389 0.31427
-40.4783 -51.745 1.58157 0.114986
-40.2884 -51.844 1.58602 0.20369
-40.3264 -51.9145 1.58389 0.31427
-40.3264 -51.9145 1.58389 0.31427
-40.4783 -51.745 1.58157 0.114986
-40.1996 -51.823 1.58065 0.127811
-40.4783 -51.745 1.58157 0.114986
-40.1277 -51.9108 1.57858 0.0228483
-40.3264 -51.9145 1.58389 0.31427
-40.4783 -51.745 1.58157 0.114986
-40.4783 -51.745 1.58157 0.114986
-40.2884 -51.844 1.58602 0.20369
-40.2884 -51.844 1.58602 0.20369
-40.3264 -51.9145 1.58389 0.31427
-40.2884 -51.844 1.58602 0.20369
-40.2884 -51.844 1.58602 0.20369
-40.1996 -51.823 1.58065 0.127811
-40.1996 -51.823 1.58065 0.127811
-40.3264 -51.9145 1.58389 0.31427
-40.4783 -51.745 1.58157 0.114986
-40.2884 -51.844 1.58602 0.20369
-40.2719 -51.6898 1.58185 0.102144
-40.4783 -51.745 1.58157 0.114986
-40.2719 -51.6898 1.58185 0.102144
-40.3264 -51.9145 1.58389 0.31427
-40.5363 -51.9551 1.57957 0.0426171
-40.2884 -51.844 1.58602 0.20369
-40.2719 -51.6898 1.58185 0.102144
-40.1996 -51.823 1.58065 0.127811
-40.3264 -51.9145 1.58389 0.31427
-40.4783 -51.745 1.58157 0.114986
-40.3882 -52.1035 1.5819 0.0412031
-40.3264 -51.9145 1.58389 0.31427
-40.2884 -51.844 1.58602 0.20369
-40.3264 -51.9145 1.58389 0.31427
-40.5363 -51.9551 1.57957 0.0426171
-40.2719 -51.6898 1.58185 0.102144
-40.2719 -51.6898 1.58185 0.102144
-40.3284 -52.3062 1.58919 0.00121842
-40.3264 -51.9145 1.58389 0.31427
-40.1996 -51.823 1.58065 0.127811
-40.3264 -51.9145 1.58389 0.31427
-40.3264 -51.9145 1.58389 0.31427
-40.2884 -51.844 1.58602 0.20369
-40.2884 -51.844 1.58602 0.20369
-40.3264 -51.9145 1.58389 0.31427
-40.1277 -51.9108 1.57858 0.0228483
-40.2719 -51.6898 1.58185 0.102144
-40.3882 -52.1035 1.5819 0.0412031
-40.5363 -51.9551 1.57957 0.0426171
-40.2719 -51.6898 1.58185 0.102144
-40.3264 -51.9145 1.58389 0.31427
-40.3264 -51.9145 1.58389 0.31427
-40.2884 -51.844 1.58602 0.20369
-40.2719 -51.6898 1.58185 0.102144
