149.071 21.4394 0.0724437 0.0343435
149.275 21.6421 0.0757605 0.0653192
149.179 21.5669 0.0737798 0.161662
149.191 21.5913 0.0772171 0.120119
149.097 21.847 0.0718548 0.00684459
149.125 21.679 0.075206 0.0937212
149.071 21.4394 0.0724437 0.0343435
149.275 21.6421 0.0757605 0.0653192
149.179 21.5669 0.0737798 0.161662
149.072 21.66 0.0752496 0.0891145
149.191 21.5913 0.0772171 0.120119
149.191 21.5913 0.0772171 0.120119
149.257 21.6378 0.079749 0.017897
149.071 21.4394 0.0724437 0.0343435
148.994 21.5304 0.0783457 0.0763645
148.994 21.5304 0.0783457 0.0763645
149.152 21.3922 0.0776625 0.075813
149.152 21.3922 0.0776625 0.075813
149.179 21.5669 0.0737798 0.161662
149.191 21.5913 0.0772171 0.120119
149.396 21.6132 0.0736627 0.0205612
149.125 21.679 0.075206 0.0937212
148.912 21.4804 0.0734002 0.00762106
149.152 21.3922 0.0776625 0.075813
149.152 21.3922 0.0776625 0.075813
149.275 21.6421 0.0757605 0.0653192
149.191 21.5913 0.0772171 0.120119
149.29 21.6836 0.0732026 0.0584484
149.071 21.4394 0.0724437 0.0343435
148.994 21.5304 0.0783457 0.0763645
149.152 21.3922 0.0776625 0.075813
149.179 21.5669 0.0737798 0.161662
149.072 21.66 0.0752496 0.0891145
149.161 21.589 0.0804747 0.0454657
149.071 21.4394 0.0724437 0.0343435
149.011 21.6765 0.0764762 0.0441348
149.072 21.66 0.0752496 0.0891145
149.191 21.5913 0.0772171 0.120119
149.396 21.6132 0.0736627 0.0205612
148.994 21.5304 0.0783457 0.0763645
148.994 21.5304 0.0783457 0.0763645
149.011 21.6765 0.0764762 0.0441348
149.275 21.6421 0.0757605 0.0653192
149.072 21.66 0.0752496 0.0891145
149.191 21.5913 0.0772171 0.120119
149.125 21.679 0.075206 0.0937212
149.125 21.679 0.075206 0.0937212
148.994 21.5304 0.0783457 0.0763645
148.994 21.5304 0.0783457 0.0763645
149.179 21.5669 0.0737798 0.161662
149.179 21.5669 0.0737798 0.161662
149.072 21.66 0.0752496 0.0891145
149.191 21.5913 0.0772171 0.120119
149.191 21.5913 0.0772171 0.120119
149.161 21.589 0.0804747 0.0454657
149.125 21.679 0.075206 0.0937212
149.152 21.3922 0.0776625 0.075813
149.072 21.66 0.0752496 0.0891145
149.191 21.5913 0.0772171 0.120119
149.257 21.6378 0.079749 0.017897
149.152 21.3922 0.0776625 0.075813
149.152 21.3922 0.0776625 0.075813
149.152 21.3922 0.0776625 0.075813
149.179 21.5669 0.0737798 0.161662
149.191 21.5913 0.0772171 0.120119
149.257 21.6378 0.079749 0.017897
148.88 21.6363 0.0764916 0.00906183
149.275 21.6421 0.0757605 0.0653192
149.179 21.5669 0.0737798 0.161662
149.191 21.5913 0.0772171 0.120119
149.125 21.679 0.075206 0.0937212
148.994 21.5304 0.0783457 0.0763645
149.179 21.5669 0.0737798 0.161662
149.316 21.494 0.0818 0.00523419
149.191 21.5913 0.0772171 0.120119
149.125 21.679 0.075206 0.0937212
148.994 21.5304 0.0783457 0.0763645
149.152 21.3922 0.0776625 0.075813
149.152 21.3922 0.0776625 0.075813
149.072 21.66 0.0752496 0.0891145
149.161 21.589 0.0804747 0.0454657
149.071 21.4394 0.0724437 0.0343435
148.994 21.5304 0.0783457 0.0763645
149.179 21.5669 0.0737798 0.161662
149.072 21.66 0.0752496 0.0891145
149.072 21.66 0.0752496 0.0891145
149.097 21.847 0.0718548 0.00684459
149.396 21.6132 0.0736627 0.0205612
149.396 21.6132 0.0736627 0.0205612
149.161 21.589 0.0804747 0.0454657
149.152 21.3922 0.0776625 0.075813
149.179 21.5669 0.0737798 0.161662
149.072 21.66 0.0752496 0.0891145
149.29 21.6836 0.0732026 0.0584484
149.125 21.679 0.075206 0.0937212
149.071 21.4394 0.0724437 0.0343435
149.152 21.3922 0.0776625 0.075813
149.179 21.5669 0.0737798 0.161662
149.191 21.5913 0.0772171 0.120119
149.29 21.6836 0.0732026 0.0584484
