20.3029 -89.2255 3.72145 0.203525
20.4721 -89.2447 3.72555 0.140353
20.2227 -89.2903 3.71838 0.116538
20.5081 -89.1712 3.72837 0.0847655
20.1691 -89.0574 3.71492 0.021733
20.4721 -89.2447 3.72555 0.140353
20.0657 -89.2354 3.71061 0.00564462
20.1495 -89.4466 3.72356 0.0242635
20.4472 -89.4712 3.72095 0.0155523
20.3029 -89.2255 3.72145 0.203525
20.4721 -89.2447 3.72555 0.140353
20.2206 -89.083 3.72413 0.0782497
20.1495 -89.4466 3.72356 0.0242635
20.7654 -89.258 3.72571 0.00262208
20.3029 -89.2255 3.72145 0.203525
20.4721 -89.2447 3.72555 0.140353
20.2206 -89.083 3.72413 0.0782497
20.5247 -89.4834 3.71906 0.00200122
20.5081 -89.1712 3.72837 0.0847655
20.5081 -89.1712 3.72837 0.0847655
20.2419 -89.1465 3.71536 0.0362759
20.4721 -89.2447 3.72555 0.140353
20.3782 -89.2536 3.71819 0.0548196
20.2227 -89.2903 3.71838 0.116538
20.3029 -89.2255 3.72145 0.203525
20.3702 -89.0096 3.72177 0.0465855
20.2206 -89.083 3.72413 0.0782497
20.2227 -89.2903 3.71838 0.116538
20.3029 -89.2255 3.72145 0.203525
20.3029 -89.2255 3.72145 0.203525
20.4721 -89.2447 3.72555 0.140353
20.2206 -89.083 3.72413 0.0782497
20.3987 -89.0618 3.73213 0.00862705
20.2227 -89.2903 3.71838 0.116538
20.3029 -89.2255 3.72145 0.203525
20.3029 -89.2255 3.72145 0.203525
20.4721 -89.2447 3.72555 0.140353
20.3782 -89.2536 3.71819 0.0548196
20.402 -88.8523 3.72896 0.0015341
20.3029 -89.2255 3.72145 0.203525
20.2206 -89.083 3.72413 0.0782497
20.4918 -89.0615 3.72627 0.055871
20.3782 -89.2536 3.71819 0.0548196
20.6403 -89.2381 3.72973 0.0316177
20.5081 -89.1712 3.72837 0.0847655
20.3029 -89.2255 3.72145 0.203525
20.2657 -88.862 3.71979 0.00431955
20.3782 -89.2536 3.71819 0.0548196
20.5081 -89.1712 3.72837 0.0847655
20.2419 -89.1465 3.71536 0.0362759
20.3029 -89.2255 3.72145 0.203525
20.2206 -89.083 3.72413 0.0782497
20.2227 -89.2903 3.71838 0.116538
20.2227 -89.2903 3.71838 0.116538
20.1691 -89.0574 3.71492 0.021733
20.3029 -89.2255 3.72145 0.203525
20.2206 -89.083 3.72413 0.0782497
20.3782 -89.2536 3.71819 0.0548196
20.2419 -89.1465 3.71536 0.0362759
20.4721 -89.2447 3.72555 0.140353
20.3782 -89.2536 3.71819 0.0548196
20.6403 -89.2381 3.72973 0.0316177
20.4472 -89.4712 3.72095 0.0155523
20.5081 -89.1712 3.72837 0.0847655
20.3029 -89.2255 3.72145 0.203525
20.2206 -89.083 3.72413 0.0782497
20.2227 -89.2903 3.71838 0.116538
20.3029 -89.2255 3.72145 0.203525
20.4721 -89.2447 3.72555 0.140353
20.3782 -89.2536 3.71819 0.0548196
20.3029 -89.2255 3.72145 0.203525
20.3029 -89.2255 3.72145 0.203525
20.4721 -89.2447 3.72555 0.140353
20.2206 -89.083 3.72413 0.0782497
20.2206 -89.083 3.72413 0.0782497
20.3782 -89.2536 3.71819 0.0548196
20.2419 -89.1465 3.71536 0.0362759
20.3029 -89.2255 3.72145 0.203525
20.2544 -88.9214 3.72633 0.00694872
20.4721 -89.2447 3.72555 0.140353
20.4493 -89.5386 3.72859 0.00782233
19.8163 -89.1296 3.7171 0.0018132
20.5081 -89.1712 3.72837 0.0847655
20.3029 -89.2255 3.72145 0.203525
20.3029 -89.2255 3.72145 0.203525
20.4721 -89.2447 3.72555 0.140353
20.1495 -89.4466 3.72356 0.0242635
19.988 -89.0372 3.72059 0.00894732
20.2227 -89.2903 3.71838 0.116538
20.7654 -89.258 3.72571 0.00262208
20.3029 -89.2255 3.72145 0.203525
20.3702 -89.0096 3.72177 0.0465855
20.2206 -89.083 3.72413 0.0782497
20.6403 -89.2381 3.72973 0.0316177
20.2419 -89.1465 3.71536 0.0362759
20.3029 -89.2255 3.72145 0.203525
20.4721 -89.2447 3.72555 0.140353
20.2206 -89.083 3.72413 0.0782497
20.3782 -89.2536 3.71819 0.0548196
20.2419 -89.1465 3.71536 0.0362759
