-39.5231 -63.4128 1.7693 0.12732
-39.5231 -63.4128 1.7693 0.12732
-39.5231 -63.4128 1.7693 0.12732
-39.6683 -63.4364 1.76966 0.121911
-39.4633 -63.6418 1.78265 0.00385047
-39.465 -63.6504 1.77249 0.140672
-39.6074 -63.7285 1.78065 0.00951186
-39.2721 -63.7787 1.77035 0.00516243
-39.6156 -63.4826 1.76678 0.167749
-39.6124 -63.6307 1.77312 0.152507
-39.6683 -63.4364 1.76966 0.121911
-39.465 -63.6504 1.77249 0.140672
-39.3311 -63.3518 1.77315 0.00937797
-39.6124 -63.6307 1.77312 0.152507
-39.5231 -63.4128 1.7693 0.12732
-39.5231 -63.4128 1.7693 0.12732
-39.465 -63.6504 1.77249 0.140672
-39.4565 -63.6992 1.76429 0.0132885
-39.6156 -63.4826 1.76678 0.167749
-39.6374 -63.2301 1.76451 0.0182619
-39.6124 -63.6307 1.77312 0.152507
-39.2837 -63.7826 1.77763 0.00801856
-39.5231 -63.4128 1.7693 0.12732
-39.6683 -63.4364 1.76966 0.121911
-39.465 -63.6504 1.77249 0.140672
-39.465 -63.6504 1.77249 0.140672
-39.6956 -63.3344 1.77173 0.0241003
-39.6124 -63.6307 1.77312 0.152507
-39.5231 -63.4128 1.7693 0.12732
-39.6683 -63.4364 1.76966 0.121911
-39.6156 -63.4826 1.76678 0.167749
-39.6374 -63.2301 1.76451 0.0182619
-39.5408 -63.664 1.77847 0.0382203
-39.6124 -63.6307 1.77312 0.152507
-39.5231 -63.4128 1.7693 0.12732
-39.465 -63.6504 1.77249 0.140672
-39.6156 -63.4826 1.76678 0.167749
-39.6124 -63.6307 1.77312 0.152507
-39.5231 -63.4128 1.7693 0.12732
-39.465 -63.6504 1.77249 0.140672
-39.6956 -63.3344 1.77173 0.0241003
-39.6124 -63.6307 1.77312 0.152507
-39.5231 -63.4128 1.7693 0.12732
-39.6683 -63.4364 1.76966 0.121911
-39.6156 -63.4826 1.76678 0.167749
-39.6156 -63.4826 1.76678 0.167749
-39.6156 -63.4826 1.76678 0.167749
-39.6956 -63.3344 1.77173 0.0241003
-39.3733 -63.7406 1.77897 0.0175107
-39.6124 -63.6307 1.77312 0.152507
-39.5917 -63.6877 1.76353 0.0206065
-39.6969 -63.5318 1.77843 0.00902379
-39.6683 -63.4364 1.76966 0.121911
-39.6156 -63.4826 1.76678 0.167749
-39.3733 -63.7406 1.77897 0.0175107
-39.6124 -63.6307 1.77312 0.152507
-39.5153 -63.5 1.77782 0.0257014
-39.5231 -63.4128 1.7693 0.12732
-39.6683 -63.4364 1.76966 0.121911
-39.465 -63.6504 1.77249 0.140672
-39.465 -63.6504 1.77249 0.140672
-39.465 -63.6504 1.77249 0.140672
-39.6156 -63.4826 1.76678 0.167749
-39.6124 -63.6307 1.77312 0.152507
-39.6124 -63.6307 1.77312 0.152507
-39.5231 -63.4128 1.7693 0.12732
-39.5231 -63.4128 1.7693 0.12732
-39.465 -63.6504 1.77249 0.140672
-39.6156 -63.4826 1.76678 0.167749
-39.5408 -63.664 1.77847 0.0382203
-39.6124 -63.6307 1.77312 0.152507
-39.6124 -63.6307 1.77312 0.152507
-39.6683 -63.4364 1.76966 0.121911
-39.6683 -63.4364 1.76966 0.121911
-39.6683 -63.4364 1.76966 0.121911
-39.6156 -63.4826 1.76678 0.167749
-39.6156 -63.4826 1.76678 0.167749
-39.6124 -63.6307 1.77312 0.152507
-39.6124 -63.6307 1.77312 0.152507
-39.6124 -63.6307 1.77312 0.152507
-39.6683 -63.4364 1.76966 0.121911
-39.465 -63.6504 1.77249 0.140672
-39.6156 -63.4826 1.76678 0.167749
-39.6956 -63.3344 1.77173 0.0241003
-39.6124 -63.6307 1.77312 0.152507
-39.5398 -63.8385 1.77517 0.0319978
-39.5231 -63.4128 1.7693 0.12732
-39.6156 -63.4826 1.76678 0.167749
-39.3733 -63.7406 1.77897 0.0175107
-39.5231 -63.4128 1.7693 0.12732
-39.465 -63.6504 1.77249 0.140672
-39.6156 -63.4826 1.76678 0.167749
-39.6124 -63.6307 1.77312 0.152507
-39.5917 -63.6877 1.76353 0.0206065
-39.5398 -63.8385 1.77517 0.0319978
-39.5231 -63.4128 1.7693 0.12732
-39.5231 -63.4128 1.7693 0.12732
-39.6683 -63.4364 1.76966 0.121911
-39.4565 -63.6992 1.76429 0.0132885
-39.6124 -63.6307 1.77312 0.152507
