116.07 -22.3206 3.42827 0.0458207
115.826 -22.308 3.4216 0.103721
115.678 -22.4866 3.42195 0.0448192
115.9 -22.4284 3.42476 0.104339
115.9 -22.4284 3.42476 0.104339
115.724 -22.0258 3.41557 0.00222215
116.088 -22.19 3.41708 0.000257761
115.705 -22.3553 3.42606 0.0649413
115.851 -22.523 3.42421 0.056119
116.07 -22.3206 3.42827 0.0458207
115.678 -22.4866 3.42195 0.0448192
115.883 -22.4394 3.42518 0.106269
115.883 -22.4394 3.42518 0.106269
115.837 -22.3368 3.4316 0.0223104
115.939 -22.1864 3.42863 0.0366262
115.766 -22.1877 3.42659 0.0408982
115.618 -22.3864 3.42454 0.0365454
115.826 -22.308 3.4216 0.103721
115.826 -22.308 3.4216 0.103721
115.883 -22.4394 3.42518 0.106269
116.132 -22.4728 3.42965 0.0195104
115.939 -22.1864 3.42863 0.0366262
115.606 -22.5121 3.42325 0.0185994
115.766 -22.1877 3.42659 0.0408982
115.618 -22.3864 3.42454 0.0365454
115.851 -22.523 3.42421 0.056119
115.681 -22.1791 3.41257 0.0025016
115.758 -22.2407 3.42769 0.0420113
115.883 -22.4394 3.42518 0.106269
115.9 -22.4284 3.42476 0.104339
115.72 -22.4025 3.41709 0.0261459
115.766 -22.1877 3.42659 0.0408982
115.766 -22.1877 3.42659 0.0408982
115.705 -22.3553 3.42606 0.0649413
115.851 -22.523 3.42421 0.056119
116.07 -22.3206 3.42827 0.0458207
115.826 -22.308 3.4216 0.103721
115.883 -22.4394 3.42518 0.106269
115.9 -22.4284 3.42476 0.104339
115.65 -22.1649 3.42279 0.0312731
115.72 -22.4025 3.41709 0.0261459
115.889 -22.5525 3.42813 0.0380372
115.889 -22.5525 3.42813 0.0380372
115.705 -22.3553 3.42606 0.0649413
116.056 -22.4149 3.42141 0.00920613
115.61 -22.1497 3.41845 0.0204261
115.851 -22.523 3.42421 0.056119
115.826 -22.308 3.4216 0.103721
116.132 -22.4728 3.42965 0.0195104
115.9 -22.4284 3.42476 0.104339
115.896 -22.0901 3.42191 0.0162689
115.573 -22.5248 3.41313 0.00106304
115.705 -22.3553 3.42606 0.0649413
115.618 -22.3864 3.42454 0.0365454
116.07 -22.3206 3.42827 0.0458207
115.98 -22.2248 3.41923 0.00926125
115.835 -22.3656 3.43757 0.000292129
115.9 -22.4284 3.42476 0.104339
115.9 -22.4284 3.42476 0.104339
115.65 -22.1649 3.42279 0.0312731
115.939 -22.1864 3.42863 0.0366262
115.783 -22.2167 3.41684 0.0194189
115.889 -22.5525 3.42813 0.0380372
115.705 -22.3553 3.42606 0.0649413
115.618 -22.3864 3.42454 0.0365454
115.851 -22.523 3.42421 0.056119
115.826 -22.308 3.4216 0.103721
115.883 -22.4394 3.42518 0.106269
115.9 -22.4284 3.42476 0.104339
115.9 -22.4284 3.42476 0.104339
115.754 -22.1521 3.4316 0.00231863
115.775 -22.5321 3.43006 0.0148463
115.766 -22.1877 3.42659 0.0408982
115.618 -22.3864 3.42454 0.0365454
115.98 -22.2248 3.41923 0.00926125
115.826 -22.308 3.4216 0.103721
115.883 -22.4394 3.42518 0.106269
115.883 -22.4394 3.42518 0.106269
115.9 -22.4284 3.42476 0.104339
115.939 -22.1864 3.42863 0.0366262
115.775 -22.5321 3.43006 0.0148463
115.766 -22.1877 3.42659 0.0408982
115.705 -22.3553 3.42606 0.0649413
115.851 -22.523 3.42421 0.056119
115.826 -22.308 3.4216 0.103721
116.132 -22.4728 3.42965 0.0195104
115.9 -22.4284 3.42476 0.104339
115.65 -22.1649 3.42279 0.0312731
115.823 -22.175 3.4295 0.0182796
115.989 -22.5599 3.42316 0.0133947
115.766 -22.1877 3.42659 0.0408982
115.618 -22.3864 3.42454 0.0365454
115.826 -22.308 3.4216 0.103721
115.883 -22.4394 3.42518 0.106269
115.9 -22.4284 3.42476 0.104339
115.72 -22.4025 3.41709 0.0261459
115.766 -22.1877 3.42659 0.0408982
115.851 -22.523 3.42421 0.056119
115.826 -22.308 3.4216 0.103721
115.826 -22.308 3.4216 0.103721
