175.667 23.4458 0.0689848 0.0287192
175.566 23.4288 0.0658806 0.0931499
175.469 23.4089 0.0689563 0.164893
175.521 23.4886 0.0620232 0.0752492
175.521 23.4886 0.0620232 0.0752492
175.782 23.5151 0.0591439 0.00248572
175.567 23.4631 0.0629503 0.0706302
175.455 23.5525 0.0738714 0.119496
175.546 23.5946 0.0599506 0.0346915
175.546 23.5946 0.0599506 0.0346915
175.521 23.4886 0.0620232 0.0752492
175.567 23.4631 0.0629503 0.0706302
175.606 23.3603 0.0647117 0.0332518
175.566 23.4288 0.0658806 0.0931499
175.469 23.4089 0.0689563 0.164893
175.264 23.6529 0.0660645 0.0326979
175.536 23.5616 0.0755234 0.0365475
175.536 23.5616 0.0755234 0.0365475
175.442 23.7012 0.0728436 0.0398955
175.566 23.4288 0.0658806 0.0931499
175.546 23.5946 0.0599506 0.0346915
175.469 23.4089 0.0689563 0.164893
175.621 23.5397 0.0591636 0.0203858
175.567 23.4631 0.0629503 0.0706302
175.566 23.4288 0.0658806 0.0931499
175.469 23.4089 0.0689563 0.164893
175.621 23.5397 0.0591636 0.0203858
175.536 23.5616 0.0755234 0.0365475
175.606 23.3603 0.0647117 0.0332518
175.566 23.4288 0.0658806 0.0931499
175.566 23.4288 0.0658806 0.0931499
175.546 23.5946 0.0599506 0.0346915
175.469 23.4089 0.0689563 0.164893
175.521 23.4886 0.0620232 0.0752492
175.567 23.4631 0.0629503 0.0706302
175.455 23.5525 0.0738714 0.119496
175.566 23.4288 0.0658806 0.0931499
175.469 23.4089 0.0689563 0.164893
175.469 23.4089 0.0689563 0.164893
175.552 23.7709 0.0656562 0.0141322
175.455 23.5525 0.0738714 0.119496
175.455 23.5525 0.0738714 0.119496
175.566 23.4288 0.0658806 0.0931499
175.495 23.3357 0.0688652 0.078138
175.521 23.4886 0.0620232 0.0752492
175.621 23.5397 0.0591636 0.0203858
175.455 23.5525 0.0738714 0.119496
175.566 23.4288 0.0658806 0.0931499
175.469 23.4089 0.0689563 0.164893
175.264 23.6529 0.0660645 0.0326979
175.567 23.4631 0.0629503 0.0706302
175.566 23.4288 0.0658806 0.0931499
175.495 23.3357 0.0688652 0.078138
175.684 23.2627 0.0639768 0.00303377
175.469 23.4089 0.0689563 0.164893
175.349 23.9035 0.0757151 0.000295383
175.7 23.5838 0.0660576 0.0190666
175.536 23.5616 0.0755234 0.0365475
175.566 23.4288 0.0658806 0.0931499
175.469 23.4089 0.0689563 0.164893
175.469 23.4089 0.0689563 0.164893
175.264 23.6529 0.0660645 0.0326979
175.455 23.5525 0.0738714 0.119496
175.566 23.4288 0.0658806 0.0931499
175.469 23.4089 0.0689563 0.164893
175.469 23.4089 0.0689563 0.164893
175.469 23.4089 0.0689563 0.164893
175.469 23.4089 0.0689563 0.164893
175.521 23.4886 0.0620232 0.0752492
175.299 23.2222 0.067606 0.00815788
175.567 23.4631 0.0629503 0.0706302
175.567 23.4631 0.0629503 0.0706302
175.566 23.4288 0.0658806 0.0931499
175.469 23.4089 0.0689563 0.164893
175.469 23.4089 0.0689563 0.164893
175.621 23.5397 0.0591636 0.0203858
175.567 23.4631 0.0629503 0.0706302
175.455 23.5525 0.0738714 0.119496
175.566 23.4288 0.0658806 0.0931499
175.469 23.4089 0.0689563 0.164893
175.521 23.4886 0.0620232 0.0752492
175.521 23.4886 0.0620232 0.0752492
175.521 23.4886 0.0620232 0.0752492
175.567 23.4631 0.0629503 0.0706302
175.667 23.4458 0.0689848 0.0287192
175.495 23.3357 0.0688652 0.078138
175.469 23.4089 0.0689563 0.164893
175.299 23.2222 0.067606 0.00815788
175.455 23.5525 0.0738714 0.119496
175.455 23.5525 0.0738714 0.119496
175.546 23.5946 0.0599506 0.0346915
175.172 23.312 0.0752302 0.013828
175.469 23.4089 0.0689563 0.164893
175.606 23.5266 0.0606349 0.0352874
175.521 23.4886 0.0620232 0.0752492
175.455 23.5525 0.0738714 0.119496
175.442 23.7012 0.0728436 0.0398955
175.566 23.4288 0.0658806 0.0931499
175.684 23.2627 0.0639768 0.00303377
175.523 23.2083 0.0717805 0.00849716
