212.471 25.7742 0.0784973 0.149667
212.309 25.7689 0.0775411 0.292423
212.498 25.8439 0.0698252 0.0316216
212.309 25.7689 0.0775411 0.292423
212.309 25.7689 0.0775411 0.292423
212.471 25.7742 0.0784973 0.149667
212.348 26.0605 0.0777475 0.0160397
212.498 25.8439 0.0698252 0.0316216
212.471 25.7742 0.0784973 0.149667
212.309 25.7689 0.0775411 0.292423
212.309 25.7689 0.0775411 0.292423
212.313 25.777 0.0738241 0.215177
212.595 25.7566 0.0753593 0.0414219
212.309 25.7689 0.0775411 0.292423
212.309 25.7689 0.0775411 0.292423
212.595 25.7566 0.0753593 0.0414219
212.471 25.7742 0.0784973 0.149667
212.309 25.7689 0.0775411 0.292423
212.313 25.777 0.0738241 0.215177
212.476 25.9694 0.0778356 0.0438189
212.309 25.7689 0.0775411 0.292423
212.471 25.7742 0.0784973 0.149667
212.309 25.7689 0.0775411 0.292423
212.309 25.7689 0.0775411 0.292423
212.309 25.7689 0.0775411 0.292423
212.595 25.7566 0.0753593 0.0414219
212.476 25.9694 0.0778356 0.0438189
212.309 25.7689 0.0775411 0.292423
212.313 25.777 0.0738241 0.215177
212.595 25.7566 0.0753593 0.0414219
212.431 25.6946 0.0698947 0.0582389
212.365 25.7393 0.0646865 0.00138861
212.309 25.7689 0.0775411 0.292423
212.498 25.8439 0.0698252 0.0316216
212.471 25.7742 0.0784973 0.149667
212.309 25.7689 0.0775411 0.292423
212.313 25.777 0.0738241 0.215177
212.471 25.7742 0.0784973 0.149667
212.309 25.7689 0.0775411 0.292423
212.313 25.777 0.0738241 0.215177
212.431 25.6946 0.0698947 0.0582389
212.309 25.7689 0.0775411 0.292423
212.309 25.7689 0.0775411 0.292423
212.471 25.7742 0.0784973 0.149667
212.471 25.7742 0.0784973 0.149667
212.309 25.7689 0.0775411 0.292423
212.309 25.7689 0.0775411 0.292423
212.595 25.7566 0.0753593 0.0414219
212.079 25.6622 0.0772513 0.00995493
212.309 25.7689 0.0775411 0.292423
212.595 25.7566 0.0753593 0.0414219
212.309 25.7689 0.0775411 0.292423
212.498 25.8439 0.0698252 0.0316216
212.471 25.7742 0.0784973 0.149667
212.431 25.6946 0.0698947 0.0582389
212.476 25.9694 0.0778356 0.0438189
212.313 25.777 0.0738241 0.215177
212.313 25.777 0.0738241 0.215177
212.471 25.7742 0.0784973 0.149667
212.471 25.7742 0.0784973 0.149667
212.025 25.6803 0.0780176 0.00336084
212.309 25.7689 0.0775411 0.292423
212.313 25.777 0.0738241 0.215177
212.252 25.7722 0.0686659 0.0113525
212.471 25.7742 0.0784973 0.149667
212.309 25.7689 0.0775411 0.292423
212.313 25.777 0.0738241 0.215177
212.525 25.7003 0.0832607 0.00574909
212.476 25.9694 0.0778356 0.0438189
212.309 25.7689 0.0775411 0.292423
212.595 25.7566 0.0753593 0.0414219
212.471 25.7742 0.0784973 0.149667
212.348 26.0605 0.0777475 0.0160397
212.309 25.7689 0.0775411 0.292423
212.595 25.7566 0.0753593 0.0414219
212.167 25.6888 0.0763228 0.0568856
212.313 25.777 0.0738241 0.215177
212.498 25.8439 0.0698252 0.0316216
212.167 25.6888 0.0763228 0.0568856
212.309 25.7689 0.0775411 0.292423
212.309 25.7689 0.0775411 0.292423
212.313 25.777 0.0738241 0.215177
212.471 25.7742 0.0784973 0.149667
212.309 25.7689 0.0775411 0.292423
212.471 25.7742 0.0784973 0.149667
212.309 25.7689 0.0775411 0.292423
212.313 25.777 0.0738241 0.215177
212.471 25.7742 0.0784973 0.149667
212.431 25.6946 0.0698947 0.0582389
212.309 25.7689 0.0775411 0.292423
212.49 25.8284 0.0677056 0.0110896
212.471 25.7742 0.0784973 0.149667
212.309 25.7689 0.0775411 0.292423
212.313 25.777 0.0738241 0.215177
212.313 25.777 0.0738241 0.215177
212.079 25.6622 0.0772513 0.00995493
212.309 25.7689 0.0775411 0.292423
212.249 25.9683 0.085228 0.0071678
212.313 25.777 0.0738241 0.215177
212.313 25.777 0.0738241 0.215177
