255.352 -18.3635 3.29265 0.153324
255.352 -18.3635 3.29265 0.153324
255.322 -18.3561 3.29695 0.0773088
255.213 -18.3261 3.29294 0.0839717
255.213 -18.3261 3.29294 0.0839717
255.348 -18.4235 3.29316 0.16304
255.348 -18.4235 3.29316 0.16304
255.352 -18.3635 3.29265 0.153324
255.498 -18.5191 3.29949 0.0798764
255.322 -18.3561 3.29695 0.0773088
255.249 -18.2796 3.28897 0.057461
255.213 -18.3261 3.29294 0.0839717
255.348 -18.4235 3.29316 0.16304
255.321 -18.63 3.29645 0.0192239
255.117 -18.2365 3.28857 0.0279135
255.322 -18.3561 3.29695 0.0773088
255.276 -18.5592 3.29497 0.0458219
255.53 -18.4283 3.29994 0.087749
255.348 -18.4235 3.29316 0.16304
255.321 -18.63 3.29645 0.0192239
255.291 -18.216 3.28645 0.00776257
255.322 -18.3561 3.29695 0.0773088
255.249 -18.2796 3.28897 0.057461
255.53 -18.4283 3.29994 0.087749
255.348 -18.4235 3.29316 0.16304
255.352 -18.3635 3.29265 0.153324
255.352 -18.3635 3.29265 0.153324
255.498 -18.5191 3.29949 0.0798764
255.249 -18.2796 3.28897 0.057461
255.53 -18.4283 3.29994 0.087749
255.53 -18.4283 3.29994 0.087749
255.348 -18.4235 3.29316 0.16304
255.498 -18.5191 3.29949 0.0798764
255.322 -18.3561 3.29695 0.0773088
255.249 -18.2796 3.28897 0.057461
255.53 -18.4283 3.29994 0.087749
255.53 -18.4283 3.29994 0.087749
255.386 -18.3572 3.29025 0.0545088
255.117 -18.2365 3.28857 0.0279135
255.213 -18.3261 3.29294 0.0839717
255.348 -18.4235 3.29316 0.16304
255.352 -18.3635 3.29265 0.153324
255.249 -18.2796 3.28897 0.057461
255.249 -18.2796 3.28897 0.057461
255.53 -18.4283 3.29994 0.087749
255.52 -18.286 3.30057 0.0247488
255.386 -18.3572 3.29025 0.0545088
255.498 -18.5191 3.29949 0.0798764
255.498 -18.5191 3.29949 0.0798764
255.249 -18.2796 3.28897 0.057461
255.53 -18.4283 3.29994 0.087749
255.215 -18.293 3.28733 0.0356122
255.352 -18.3635 3.29265 0.153324
255.322 -18.3561 3.29695 0.0773088
255.322 -18.3561 3.29695 0.0773088
255.213 -18.3261 3.29294 0.0839717
255.348 -18.4235 3.29316 0.16304
255.348 -18.4235 3.29316 0.16304
255.348 -18.4235 3.29316 0.16304
255.352 -18.3635 3.29265 0.153324
255.352 -18.3635 3.29265 0.153324
255.249 -18.2796 3.28897 0.057461
255.213 -18.3261 3.29294 0.0839717
255.215 -18.293 3.28733 0.0356122
255.348 -18.4235 3.29316 0.16304
255.352 -18.3635 3.29265 0.153324
255.498 -18.5191 3.29949 0.0798764
255.542 -18.472 3.29167 0.00940636
255.675 -18.4262 3.29786 0.0259911
255.215 -18.293 3.28733 0.0356122
255.348 -18.4235 3.29316 0.16304
255.386 -18.3572 3.29025 0.0545088
255.779 -18.4084 3.30477 0.00563473
255.322 -18.3561 3.29695 0.0773088
255.213 -18.3261 3.29294 0.0839717
255.348 -18.4235 3.29316 0.16304
255.386 -18.3572 3.29025 0.0545088
255.352 -18.3635 3.29265 0.153324
255.322 -18.3561 3.29695 0.0773088
255.542 -18.472 3.29167 0.00940636
255.675 -18.4262 3.29786 0.0259911
255.53 -18.4283 3.29994 0.087749
255.348 -18.4235 3.29316 0.16304
255.348 -18.4235 3.29316 0.16304
255.352 -18.3635 3.29265 0.153324
255.352 -18.3635 3.29265 0.153324
255.352 -18.3635 3.29265 0.153324
255.352 -18.3635 3.29265 0.153324
255.322 -18.3561 3.29695 0.0773088
255.615 -18.2268 3.29439 0.0053779
255.215 -18.293 3.28733 0.0356122
255.348 -18.4235 3.29316 0.16304
255.386 -18.3572 3.29025 0.0545088
255.498 -18.5191 3.29949 0.0798764
255.213 -18.3261 3.29294 0.0839717
255.213 -18.3261 3.29294 0.0839717
255.348 -18.4235 3.29316 0.16304
255.348 -18.4235 3.29316 0.16304
255.348 -18.4235 3.29316 0.16304
255.498 -18.5191 3.29949 0.0798764
