172.213 23.1294 0.0667137 0.315168
172.324 23.0193 0.0651508 0.167947
172.214 23.2125 0.0720355 0.108237
172.013 23.0449 0.0773151 0.0208581
172.213 23.1294 0.0667137 0.315168
171.951 23.0936 0.0694176 0.0559363
172.248 22.7936 0.0686954 0.0251598
172.213 23.1294 0.0667137 0.315168
172.209 22.9122 0.0765534 0.0160155
171.951 23.0936 0.0694176 0.0559363
172.261 22.8965 0.0745115 0.0261542
172.324 23.0193 0.0651508 0.167947
172.1 23.1543 0.0711819 0.211891
172.498 22.9901 0.0657321 0.00973239
172.013 23.0449 0.0773151 0.0208581
172.324 23.0193 0.0651508 0.167947
171.804 23.114 0.0794934 0.000204429
172.213 23.1294 0.0667137 0.315168
172.213 23.1294 0.0667137 0.315168
172.1 23.1543 0.0711819 0.211891
172.214 23.2125 0.0720355 0.108237
172.214 23.2125 0.0720355 0.108237
172.213 23.1294 0.0667137 0.315168
172.214 23.2125 0.0720355 0.108237
172.209 22.9122 0.0765534 0.0160155
172.1 23.1543 0.0711819 0.211891
172.214 23.2125 0.0720355 0.108237
172.214 23.2125 0.0720355 0.108237
172.209 22.9122 0.0765534 0.0160155
172.1 23.1543 0.0711819 0.211891
172.261 22.8965 0.0745115 0.0261542
172.1 23.1543 0.0711819 0.211891
172.213 23.1294 0.0667137 0.315168
172.214 23.2125 0.0720355 0.108237
172.209 22.9122 0.0765534 0.0160155
172.324 23.0193 0.0651508 0.167947
172.1 23.1543 0.0711819 0.211891
172.214 23.2125 0.0720355 0.108237
172.013 23.0449 0.0773151 0.0208581
172.261 22.8965 0.0745115 0.0261542
172.261 22.8965 0.0745115 0.0261542
172.1 23.1543 0.0711819 0.211891
171.951 23.0936 0.0694176 0.0559363
172.013 23.0449 0.0773151 0.0208581
172.209 22.9122 0.0765534 0.0160155
172.214 23.2125 0.0720355 0.108237
172.214 23.2125 0.0720355 0.108237
172.213 23.1294 0.0667137 0.315168
172.324 23.0193 0.0651508 0.167947
172.1 23.1543 0.0711819 0.211891
172.1 23.1543 0.0711819 0.211891
171.951 23.0936 0.0694176 0.0559363
172.1 23.1543 0.0711819 0.211891
172.213 23.1294 0.0667137 0.315168
172.324 23.0193 0.0651508 0.167947
172.013 23.0449 0.0773151 0.0208581
172.324 23.0193 0.0651508 0.167947
172.1 23.1543 0.0711819 0.211891
172.213 23.1294 0.0667137 0.315168
172.324 23.0193 0.0651508 0.167947
172.013 23.0449 0.0773151 0.0208581
172.286 23.3053 0.0748871 0.00529397
172.362 23.1714 0.0786591 0.00086736
172.248 22.7936 0.0686954 0.0251598
172.1 23.1543 0.0711819 0.211891
171.951 23.0936 0.0694176 0.0559363
172.213 23.1294 0.0667137 0.315168
172.213 23.1294 0.0667137 0.315168
172.324 23.0193 0.0651508 0.167947
172.013 23.0449 0.0773151 0.0208581
172.324 23.0193 0.0651508 0.167947
172.214 23.2125 0.0720355 0.108237
172.324 23.0193 0.0651508 0.167947
172.1 23.1543 0.0711819 0.211891
172.214 23.2125 0.0720355 0.108237
172.213 23.1294 0.0667137 0.315168
172.1 23.1543 0.0711819 0.211891
172.248 22.7936 0.0686954 0.0251598
172.213 23.1294 0.0667137 0.315168
172.1 23.1543 0.0711819 0.211891
172.1 23.1543 0.0711819 0.211891
172.213 23.1294 0.0667137 0.315168
172.213 23.1294 0.0667137 0.315168
172.324 23.0193 0.0651508 0.167947
172.213 23.1294 0.0667137 0.315168
172.1 23.1543 0.0711819 0.211891
172.213 23.1294 0.0667137 0.315168
172.1 23.1543 0.0711819 0.211891
172.213 23.1294 0.0667137 0.315168
172.213 23.1294 0.0667137 0.315168
172.1 23.1543 0.0711819 0.211891
172.1 23.1543 0.0711819 0.211891
172.213 23.1294 0.0667137 0.315168
172.324 23.0193 0.0651508 0.167947
172.214 23.2125 0.0720355 0.108237
172.213 23.1294 0.0667137 0.315168
172.324 23.0193 0.0651508 0.167947
172.498 22.9901 0.0657321 0.00973239
172.213 23.1294 0.0667137 0.315168
172.1 23.1543 0.0711819 0.211891
