274.794 -9.72338 4.10599 0.174114
274.583 -9.89437 4.10126 0.0933895
274.583 -9.89437 4.10126 0.0933895
274.577 -9.87024 4.09925 0.130508
274.577 -9.87024 4.09925 0.130508
274.549 -9.74245 4.09286 0.0567866
274.583 -9.89437 4.10126 0.0933895
274.759 -9.73608 4.10603 0.189612
274.759 -9.73608 4.10603 0.189612
274.577 -9.87024 4.09925 0.130508
274.549 -9.74245 4.09286 0.0567866
274.794 -9.72338 4.10599 0.174114
274.232 -9.65471 4.08867 0.0180465
274.583 -9.89437 4.10126 0.0933895
274.622 -9.62226 4.10711 0.0442052
274.415 -9.89897 4.09342 0.0577477
274.577 -9.87024 4.09925 0.130508
274.627 -9.67458 4.10589 0.100925
274.427 -9.65773 4.09026 0.0318267
274.794 -9.72338 4.10599 0.174114
274.759 -9.73608 4.10603 0.189612
274.806 -9.89546 4.11062 0.0261182
274.627 -9.67458 4.10589 0.100925
274.794 -9.72338 4.10599 0.174114
274.759 -9.73608 4.10603 0.189612
274.622 -9.62226 4.10711 0.0442052
274.627 -9.67458 4.10589 0.100925
274.583 -9.89437 4.10126 0.0933895
274.583 -9.89437 4.10126 0.0933895
274.759 -9.73608 4.10603 0.189612
274.577 -9.87024 4.09925 0.130508
274.577 -9.87024 4.09925 0.130508
274.986 -9.52755 4.10424 0.00172674
274.794 -9.72338 4.10599 0.174114
274.794 -9.72338 4.10599 0.174114
274.759 -9.73608 4.10603 0.189612
274.577 -9.87024 4.09925 0.130508
274.794 -9.72338 4.10599 0.174114
274.232 -9.65471 4.08867 0.0180465
274.759 -9.73608 4.10603 0.189612
274.577 -9.87024 4.09925 0.130508
274.427 -9.65773 4.09026 0.0318267
274.549 -9.74245 4.09286 0.0567866
274.583 -9.89437 4.10126 0.0933895
274.759 -9.73608 4.10603 0.189612
274.806 -9.89546 4.11062 0.0261182
274.627 -9.67458 4.10589 0.100925
274.794 -9.72338 4.10599 0.174114
274.583 -9.89437 4.10126 0.0933895
274.759 -9.73608 4.10603 0.189612
274.759 -9.73608 4.10603 0.189612
274.577 -9.87024 4.09925 0.130508
274.577 -9.87024 4.09925 0.130508
274.549 -9.74245 4.09286 0.0567866
274.759 -9.73608 4.10603 0.189612
274.577 -9.87024 4.09925 0.130508
274.794 -9.72338 4.10599 0.174114
274.759 -9.73608 4.10603 0.189612
274.622 -9.62226 4.10711 0.0442052
274.577 -9.87024 4.09925 0.130508
274.627 -9.67458 4.10589 0.100925
274.583 -9.89437 4.10126 0.0933895
274.759 -9.73608 4.10603 0.189612
274.49 -9.89774 4.10498 0.00970616
274.577 -9.87024 4.09925 0.130508
274.549 -9.74245 4.09286 0.0567866
274.232 -9.65471 4.08867 0.0180465
274.583 -9.89437 4.10126 0.0933895
274.759 -9.73608 4.10603 0.189612
274.622 -9.62226 4.10711 0.0442052
274.415 -9.89897 4.09342 0.0577477
274.577 -9.87024 4.09925 0.130508
274.427 -9.65773 4.09026 0.0318267
274.759 -9.73608 4.10603 0.189612
274.759 -9.73608 4.10603 0.189612
274.622 -9.62226 4.10711 0.0442052
274.415 -9.89897 4.09342 0.0577477
274.627 -9.67458 4.10589 0.100925
274.875 -9.7101 4.1024 0.0357423
274.794 -9.72338 4.10599 0.174114
274.759 -9.73608 4.10603 0.189612
274.627 -9.67458 4.10589 0.100925
274.794 -9.72338 4.10599 0.174114
274.759 -9.73608 4.10603 0.189612
274.622 -9.62226 4.10711 0.0442052
274.622 -9.62226 4.10711 0.0442052
274.627 -9.67458 4.10589 0.100925
274.427 -9.65773 4.09026 0.0318267
274.583 -9.89437 4.10126 0.0933895
274.759 -9.73608 4.10603 0.189612
275.239 -9.69327 4.11656 0.00230371
274.577 -9.87024 4.09925 0.130508
274.427 -9.65773 4.09026 0.0318267
274.583 -9.89437 4.10126 0.0933895
274.622 -9.62226 4.10711 0.0442052
274.627 -9.67458 4.10589 0.100925
274.794 -9.72338 4.10599 0.174114
274.759 -9.73608 4.10603 0.189612
274.806 -9.89546 4.11062 0.0261182
274.415 -9.89897 4.09342 0.0577477
