37.1317 11.412 0.168655 0.173152
36.9433 11.4802 0.169215 0.0128346
37.062 11.3183 0.16797 0.18848
36.899 11.3761 0.169601 0.0129357
37.2602 11.5648 0.163583 0.0254919
37.0146 11.2863 0.168203 0.097871
37.247 11.2331 0.164801 0.247596
37.1317 11.412 0.168655 0.173152
37.0146 11.2863 0.168203 0.097871
37.4176 11.3607 0.166619 0.019431
37.1317 11.412 0.168655 0.173152
37.247 11.2331 0.164801 0.247596
37.247 11.2331 0.164801 0.247596
37.247 11.2331 0.164801 0.247596
37.062 11.3183 0.16797 0.18848
36.9584 11.2999 0.171447 0.0239373
37.247 11.2331 0.164801 0.247596
37.1317 11.412 0.168655 0.173152
37.2718 11.4495 0.167316 0.0968075
37.0146 11.2863 0.168203 0.097871
37.247 11.2331 0.164801 0.247596
37.247 11.2331 0.164801 0.247596
37.1317 11.412 0.168655 0.173152
36.9433 11.4802 0.169215 0.0128346
37.2868 11.5885 0.164728 0.0125551
37.1317 11.412 0.168655 0.173152
37.3622 11.4344 0.167262 0.0287695
37.247 11.2331 0.164801 0.247596
37.247 11.2331 0.164801 0.247596
37.062 11.3183 0.16797 0.18848
37.2718 11.4495 0.167316 0.0968075
37.247 11.2331 0.164801 0.247596
37.247 11.2331 0.164801 0.247596
37.062 11.3183 0.16797 0.18848
37.062 11.3183 0.16797 0.18848
37.062 11.3183 0.16797 0.18848
37.2487 11.1036 0.169231 0.00521416
37.0146 11.2863 0.168203 0.097871
37.247 11.2331 0.164801 0.247596
37.1317 11.412 0.168655 0.173152
36.9584 11.2999 0.171447 0.0239373
37.247 11.2331 0.164801 0.247596
37.247 11.2331 0.164801 0.247596
37.247 11.2331 0.164801 0.247596
37.062 11.3183 0.16797 0.18848
37.2602 11.5648 0.163583 0.0254919
37.247 11.2331 0.164801 0.247596
37.1317 11.412 0.168655 0.173152
37.2718 11.4495 0.167316 0.0968075
37.062 11.3183 0.16797 0.18848
37.1317 11.412 0.168655 0.173152
37.2718 11.4495 0.167316 0.0968075
37.247 11.2331 0.164801 0.247596
37.2868 11.5885 0.164728 0.0125551
37.1317 11.412 0.168655 0.173152
37.0146 11.2863 0.168203 0.097871
37.247 11.2331 0.164801 0.247596
37.062 11.3183 0.16797 0.18848
37.1317 11.412 0.168655 0.173152
37.247 11.2331 0.164801 0.247596
37.247 11.2331 0.164801 0.247596
37.247 11.2331 0.164801 0.247596
37.2868 11.5885 0.164728 0.0125551
37.2718 11.4495 0.167316 0.0968075
37.062 11.3183 0.16797 0.18848
37.1317 11.412 0.168655 0.173152
37.0146 11.2863 0.168203 0.097871
37.062 11.3183 0.16797 0.18848
37.2718 11.4495 0.167316 0.0968075
37.247 11.2331 0.164801 0.247596
37.247 11.2331 0.164801 0.247596
37.062 11.3183 0.16797 0.18848
37.0146 11.2863 0.168203 0.097871
37.062 11.3183 0.16797 0.18848
37.062 11.3183 0.16797 0.18848
37.3622 11.4344 0.167262 0.0287695
37.0146 11.2863 0.168203 0.097871
37.247 11.2331 0.164801 0.247596
37.062 11.3183 0.16797 0.18848
37.1317 11.412 0.168655 0.173152
37.0146 11.2863 0.168203 0.097871
36.9433 11.4802 0.169215 0.0128346
37.062 11.3183 0.16797 0.18848
37.2718 11.4495 0.167316 0.0968075
37.247 11.2331 0.164801 0.247596
37.062 11.3183 0.16797 0.18848
37.2718 11.4495 0.167316 0.0968075
37.247 11.2331 0.164801 0.247596
37.247 11.2331 0.164801 0.247596
37.062 11.3183 0.16797 0.18848
37.2718 11.4495 0.167316 0.0968075
37.247 11.2331 0.164801 0.247596
36.9475 11.3031 0.171957 0.0171506
37.2718 11.4495 0.167316 0.0968075
37.062 11.3183 0.16797 0.18848
37.062 11.3183 0.16797 0.18848
37.2718 11.4495 0.167316 0.0968075
37.062 11.3183 0.16797 0.18848
37.1317 11.412 0.168655 0.173152
37.2718 11.4495 0.167316 0.0968075
