-37.6416 -71.6391 1.94209 0.176167
-37.2885 -71.6525 1.94516 0.0233492
-37.2885 -71.6525 1.94516 0.0233492
-37.5607 -71.4384 1.94867 0.109507
-37.6224 -71.3899 1.94055 0.0514182
-37.6224 -71.3899 1.94055 0.0514182
-37.7524 -71.5378 1.94807 0.0971371
-37.6416 -71.6391 1.94209 0.176167
-37.7734 -71.5298 1.94452 0.12958
-37.7734 -71.5298 1.94452 0.12958
-37.2888 -71.7035 1.95028 0.0741823
-37.7762 -71.5328 1.93621 0.0165771
-37.6416 -71.6391 1.94209 0.176167
-37.5762 -71.2395 1.94252 0.00742427
-37.698 -71.3375 1.95055 0.00560814
-37.8556 -71.4741 1.94694 0.021028
-37.6416 -71.6391 1.94209 0.176167
-37.6416 -71.6391 1.94209 0.176167
-37.5607 -71.4384 1.94867 0.109507
-37.3696 -71.45 1.94429 0.0320075
-37.4489 -71.3504 1.94735 0.0283417
-37.4489 -71.3504 1.94735 0.0283417
-37.6416 -71.6391 1.94209 0.176167
-37.2885 -71.6525 1.94516 0.0233492
-37.2888 -71.7035 1.95028 0.0741823
-37.7338 -71.6445 1.95303 0.0282234
-37.7524 -71.5378 1.94807 0.0971371
-37.4489 -71.3504 1.94735 0.0283417
-37.7762 -71.5328 1.93621 0.0165771
-37.6416 -71.6391 1.94209 0.176167
-37.7734 -71.5298 1.94452 0.12958
-37.6224 -71.3899 1.94055 0.0514182
-37.3243 -71.3923 1.94878 0.0156135
-37.7734 -71.5298 1.94452 0.12958
-37.7734 -71.5298 1.94452 0.12958
-37.7734 -71.5298 1.94452 0.12958
-37.5114 -71.2971 1.94814 0.012964
-37.5607 -71.4384 1.94867 0.109507
-37.3862 -71.3351 1.94194 0.00559028
-37.3243 -71.3923 1.94878 0.0156135
-37.6416 -71.6391 1.94209 0.176167
-37.4569 -71.4723 1.93796 0.00665545
-37.2888 -71.7035 1.95028 0.0741823
-37.3696 -71.45 1.94429 0.0320075
-37.7524 -71.5378 1.94807 0.0971371
-37.4489 -71.3504 1.94735 0.0283417
-37.6416 -71.6391 1.94209 0.176167
-37.6416 -71.6391 1.94209 0.176167
-37.7734 -71.5298 1.94452 0.12958
-37.2888 -71.7035 1.95028 0.0741823
-37.3568 -71.4463 1.94909 0.0447685
-37.4489 -71.3504 1.94735 0.0283417
-37.6416 -71.6391 1.94209 0.176167
-37.7734 -71.5298 1.94452 0.12958
-37.7734 -71.5298 1.94452 0.12958
-37.6375 -71.3179 1.93967 0.0187444
-37.3568 -71.4463 1.94909 0.0447685
-37.6416 -71.6391 1.94209 0.176167
-37.7734 -71.5298 1.94452 0.12958
-37.6224 -71.3899 1.94055 0.0514182
-37.3845 -71.4337 1.95324 0.0194325
-37.7734 -71.5298 1.94452 0.12958
-37.7734 -71.5298 1.94452 0.12958
-37.7734 -71.5298 1.94452 0.12958
-37.7734 -71.5298 1.94452 0.12958
-37.5607 -71.4384 1.94867 0.109507
-37.2888 -71.7035 1.95028 0.0741823
-37.3568 -71.4463 1.94909 0.0447685
-37.7524 -71.5378 1.94807 0.0971371
-37.3243 -71.3923 1.94878 0.0156135
-37.6355 -71.3687 1.93902 0.0269608
-37.7734 -71.5298 1.94452 0.12958
-37.2888 -71.7035 1.95028 0.0741823
-37.7524 -71.5378 1.94807 0.0971371
-37.3845 -71.4337 1.95324 0.0194325
-37.6416 -71.6391 1.94209 0.176167
-37.7734 -71.5298 1.94452 0.12958
-37.5607 -71.4384 1.94867 0.109507
-37.7524 -71.5378 1.94807 0.0971371
-37.6355 -71.3687 1.93902 0.0269608
-37.6416 -71.6391 1.94209 0.176167
-37.7734 -71.5298 1.94452 0.12958
-37.2888 -71.7035 1.95028 0.0741823
-37.7524 -71.5378 1.94807 0.0971371
-37.6416 -71.6391 1.94209 0.176167
-37.7734 -71.5298 1.94452 0.12958
-37.7734 -71.5298 1.94452 0.12958
-37.2885 -71.6525 1.94516 0.0233492
-37.3568 -71.4463 1.94909 0.0447685
-37.8556 -71.4741 1.94694 0.021028
-37.6416 -71.6391 1.94209 0.176167
-37.5607 -71.4384 1.94867 0.109507
-37.7338 -71.6445 1.95303 0.0282234
-37.3568 -71.4463 1.94909 0.0447685
-37.4489 -71.3504 1.94735 0.0283417
-37.6416 -71.6391 1.94209 0.176167
-37.6416 -71.6391 1.94209 0.176167
-37.5114 -71.2971 1.94814 0.012964
-37.5607 -71.4384 1.94867 0.109507
-37.698 -71.3375 1.95055 0.00560814
