108.912 -25.0908 3.43729 0.0723396
108.773 -25.2517 3.43783 0.00993286
108.834 -25.2409 3.43366 0.0225628
109.118 -25.0921 3.43864 0.0515154
108.894 -24.8728 3.4441 0.0253496
109.02 -24.9196 3.4413 0.0702497
108.9 -25.09 3.43082 0.0832067
108.764 -25.0428 3.42447 0.0428927
108.722 -24.8474 3.43418 0.0555073
108.911 -24.7845 3.43022 0.0944674
108.847 -24.7901 3.42598 0.06284
108.737 -25.175 3.4327 0.0268868
108.766 -24.6226 3.42752 0.0194951
108.871 -24.6793 3.42093 0.0112809
108.605 -25.1819 3.4249 0.00768658
109.02 -24.9196 3.4413 0.0702497
108.654 -25.1312 3.4345 0.016666
108.722 -24.8474 3.43418 0.0555073
108.862 -25.1866 3.4303 0.0389035
108.847 -24.7901 3.42598 0.06284
109.171 -25.1925 3.42172 0.0010974
108.834 -25.2409 3.43366 0.0225628
108.986 -25.0755 3.4234 0.0219454
109.118 -25.0921 3.43864 0.0515154
108.9 -25.09 3.43082 0.0832067
108.9 -25.09 3.43082 0.0832067
108.9 -25.09 3.43082 0.0832067
108.651 -25.1153 3.42362 0.0152811
108.911 -24.7845 3.43022 0.0944674
108.563 -24.7996 3.43394 0.00986348
108.875 -24.5589 3.42179 0.00439364
108.847 -24.7901 3.42598 0.06284
108.514 -25.1464 3.42972 0.004574
109.005 -25.1298 3.42914 0.0458689
108.894 -24.8728 3.4441 0.0253496
109.02 -24.9196 3.4413 0.0702497
108.9 -25.09 3.43082 0.0832067
108.764 -25.0428 3.42447 0.0428927
108.722 -24.8474 3.43418 0.0555073
108.862 -25.1866 3.4303 0.0389035
108.788 -24.7919 3.43366 0.072105
108.912 -25.0908 3.43729 0.0723396
109.171 -25.1925 3.42172 0.0010974
108.551 -24.7938 3.42211 0.00934641
109.02 -24.9196 3.4413 0.0702497
109.02 -24.9196 3.4413 0.0702497
108.9 -25.09 3.43082 0.0832067
108.722 -24.8474 3.43418 0.0555073
108.911 -24.7845 3.43022 0.0944674
108.788 -24.7919 3.43366 0.072105
108.912 -25.0908 3.43729 0.0723396
108.773 -25.2517 3.43783 0.00993286
109.005 -25.1298 3.42914 0.0458689
108.605 -25.1819 3.4249 0.00768658
109.02 -24.9196 3.4413 0.0702497
108.9 -25.09 3.43082 0.0832067
108.722 -24.8474 3.43418 0.0555073
108.862 -25.1866 3.4303 0.0389035
108.788 -24.7919 3.43366 0.072105
108.912 -25.0908 3.43729 0.0723396
109.151 -24.9117 3.42347 0.00968099
108.834 -25.2409 3.43366 0.0225628
108.878 -25.0815 3.42144 0.0183614
109.02 -24.9196 3.4413 0.0702497
108.9 -25.09 3.43082 0.0832067
108.9 -25.09 3.43082 0.0832067
108.651 -25.1153 3.42362 0.0152811
108.911 -24.7845 3.43022 0.0944674
108.554 -24.6288 3.41936 0.00205839
108.847 -24.7901 3.42598 0.06284
108.737 -25.175 3.4327 0.0268868
108.766 -24.6226 3.42752 0.0194951
109.005 -25.1298 3.42914 0.0458689
108.551 -24.7938 3.42211 0.00934641
109.02 -24.9196 3.4413 0.0702497
109.02 -24.9196 3.4413 0.0702497
108.654 -25.1312 3.4345 0.016666
108.911 -24.7845 3.43022 0.0944674
108.788 -24.7919 3.43366 0.072105
108.847 -24.7901 3.42598 0.06284
108.847 -24.7901 3.42598 0.06284
108.912 -25.0908 3.43729 0.0723396
108.834 -25.2409 3.43366 0.0225628
108.878 -25.0815 3.42144 0.0183614
109.02 -24.9196 3.4413 0.0702497
108.852 -24.786 3.42164 0.0261691
109.192 -24.6617 3.4234 0.0021004
108.722 -24.8474 3.43418 0.0555073
108.563 -24.7996 3.43394 0.00986348
108.847 -24.7901 3.42598 0.06284
108.912 -25.0908 3.43729 0.0723396
108.834 -25.2409 3.43366 0.0225628
109.005 -25.1298 3.42914 0.0458689
109.02 -24.9196 3.4413 0.0702497
108.654 -25.1312 3.4345 0.016666
108.764 -25.0428 3.42447 0.0428927
108.722 -24.8474 3.43418 0.0555073
108.862 -25.1866 3.4303 0.0389035
108.847 -24.7901 3.42598 0.06284
108.912 -25.0908 3.43729 0.0723396
