-40.517 -46.0172 1.51585 0.0823114
-40.6216 -46.2588 1.5229 0.0291316
-40.6823 -46.2597 1.50809 0.096624
-40.534 -46.0458 1.51544 0.122967
-40.5199 -46.1741 1.50452 0.0554366
-40.5812 -46.2949 1.50993 0.135179
-40.5812 -46.2949 1.50993 0.135179
-40.6189 -46.5634 1.51989 0.0088336
-40.6282 -46.4516 1.51385 0.0382821
-40.8492 -46.1357 1.51315 0.02753
-40.3531 -46.1994 1.5141 0.0981923
-40.2551 -46.2523 1.51758 0.0264437
-40.2551 -46.2523 1.51758 0.0264437
-40.3388 -46.4331 1.51895 0.0290275
-40.3388 -46.4331 1.51895 0.0290275
-40.6823 -46.2597 1.50809 0.096624
-40.6823 -46.2597 1.50809 0.096624
-40.534 -46.0458 1.51544 0.122967
-40.6189 -46.5634 1.51989 0.0088336
-40.3531 -46.1994 1.5141 0.0981923
-40.517 -46.0172 1.51585 0.0823114
-40.3388 -46.4331 1.51895 0.0290275
-40.534 -46.0458 1.51544 0.122967
-40.5199 -46.1741 1.50452 0.0554366
-40.5812 -46.2949 1.50993 0.135179
-40.2384 -46.078 1.50661 0.00390246
-40.517 -46.0172 1.51585 0.0823114
-40.6216 -46.2588 1.5229 0.0291316
-40.6823 -46.2597 1.50809 0.096624
-40.534 -46.0458 1.51544 0.122967
-40.5199 -46.1741 1.50452 0.0554366
-40.6282 -46.4516 1.51385 0.0382821
-40.3531 -46.1994 1.5141 0.0981923
-40.6216 -46.2588 1.5229 0.0291316
-40.7357 -45.9087 1.51195 0.0226103
-40.6823 -46.2597 1.50809 0.096624
-40.534 -46.0458 1.51544 0.122967
-40.6325 -45.736 1.51535 0.000405238
-40.5812 -46.2949 1.50993 0.135179
-40.5812 -46.2949 1.50993 0.135179
-40.2384 -46.078 1.50661 0.00390246
-40.3531 -46.1994 1.5141 0.0981923
-40.2551 -46.2523 1.51758 0.0264437
-40.7357 -45.9087 1.51195 0.0226103
-40.534 -46.0458 1.51544 0.122967
-40.534 -46.0458 1.51544 0.122967
-40.5795 -46.181 1.52723 0.00202906
-40.5812 -46.2949 1.50993 0.135179
-40.1573 -46.1884 1.51367 0.00371189
-40.3531 -46.1994 1.5141 0.0981923
-40.4336 -46.0049 1.51903 0.0204207
-40.7357 -45.9087 1.51195 0.0226103
-40.534 -46.0458 1.51544 0.122967
-40.5199 -46.1741 1.50452 0.0554366
-40.8492 -46.1357 1.51315 0.02753
-40.5945 -45.7829 1.50849 0.0106946
-40.517 -46.0172 1.51585 0.0823114
-40.5102 -46.0629 1.52216 0.0130735
-40.3388 -46.4331 1.51895 0.0290275
-40.2413 -46.193 1.51662 0.0212594
-40.534 -46.0458 1.51544 0.122967
-40.3799 -46.1341 1.52254 0.0182221
-40.5812 -46.2949 1.50993 0.135179
-40.5812 -46.2949 1.50993 0.135179
-40.2218 -46.3838 1.52342 0.00616111
-40.5102 -46.0629 1.52216 0.0130735
-40.7357 -45.9087 1.51195 0.0226103
-40.2413 -46.193 1.51662 0.0212594
-40.6823 -46.2597 1.50809 0.096624
-40.5199 -46.1741 1.50452 0.0554366
-40.3283 -46.5698 1.51806 0.00375105
-40.2112 -46.0467 1.50929 0.00421144
-40.3531 -46.1994 1.5141 0.0981923
-40.3531 -46.1994 1.5141 0.0981923
-40.517 -46.0172 1.51585 0.0823114
-40.6823 -46.2597 1.50809 0.096624
-40.5199 -46.1741 1.50452 0.0554366
-40.6282 -46.4516 1.51385 0.0382821
-40.5019 -46.5732 1.5121 0.002713
-40.3531 -46.1994 1.5141 0.0981923
-40.3531 -46.1994 1.5141 0.0981923
-40.6216 -46.2588 1.5229 0.0291316
-40.6216 -46.2588 1.5229 0.0291316
-40.7357 -45.9087 1.51195 0.0226103
-40.534 -46.0458 1.51544 0.122967
-40.5812 -46.2949 1.50993 0.135179
-40.6282 -46.4516 1.51385 0.0382821
-40.3531 -46.1994 1.5141 0.0981923
-40.3531 -46.1994 1.5141 0.0981923
-40.517 -46.0172 1.51585 0.0823114
-40.517 -46.0172 1.51585 0.0823114
-40.6823 -46.2597 1.50809 0.096624
-40.5199 -46.1741 1.50452 0.0554366
-40.5812 -46.2949 1.50993 0.135179
-40.6189 -46.5634 1.51989 0.0088336
-40.3531 -46.1994 1.5141 0.0981923
-40.2551 -46.2523 1.51758 0.0264437
-40.7357 -45.9087 1.51195 0.0226103
-40.534 -46.0458 1.51544 0.122967
-40.5812 -46.2949 1.50993 0.135179
