268.641 24.5761 5.68803 0.265252
268.559 24.8566 5.69046 0.0230681
268.533 24.6553 5.68573 0.124908
268.853 24.9941 5.67847 0.0036102
268.641 24.5761 5.68803 0.265252
268.597 24.8506 5.68446 0.070035
268.469 24.6732 5.68867 0.030267
268.641 24.5761 5.68803 0.265252
268.641 24.5761 5.68803 0.265252
268.559 24.8566 5.69046 0.0230681
268.469 24.6732 5.68867 0.030267
268.641 24.5761 5.68803 0.265252
268.641 24.5761 5.68803 0.265252
268.533 24.6553 5.68573 0.124908
268.641 24.5761 5.68803 0.265252
268.533 24.6553 5.68573 0.124908
268.641 24.5761 5.68803 0.265252
268.641 24.5761 5.68803 0.265252
268.559 24.8566 5.69046 0.0230681
268.585 24.4506 5.68426 0.0383024
268.634 24.6625 5.6734 0.0365283
268.498 24.814 5.68406 0.0204075
268.865 24.4175 5.68561 0.0251865
268.747 24.3504 5.6793 0.0125314
268.641 24.5761 5.68803 0.265252
268.533 24.6553 5.68573 0.124908
268.641 24.5761 5.68803 0.265252
268.526 24.6439 5.68217 0.0800135
268.469 24.6732 5.68867 0.030267
268.641 24.5761 5.68803 0.265252
268.641 24.5761 5.68803 0.265252
268.492 24.499 5.69513 0.0022278
268.865 24.4175 5.68561 0.0251865
268.585 24.4506 5.68426 0.0383024
268.533 24.6553 5.68573 0.124908
268.527 24.6747 5.69385 0.025031
268.469 24.6732 5.68867 0.030267
268.641 24.5761 5.68803 0.265252
268.526 24.6439 5.68217 0.0800135
268.527 24.6747 5.69385 0.025031
268.641 24.5761 5.68803 0.265252
268.526 24.6439 5.68217 0.0800135
268.533 24.5863 5.68788 0.0825044
268.685 24.4391 5.69039 0.0233256
268.641 24.5761 5.68803 0.265252
268.533 24.6553 5.68573 0.124908
268.641 24.5761 5.68803 0.265252
268.533 24.6553 5.68573 0.124908
268.641 24.5761 5.68803 0.265252
268.641 24.5761 5.68803 0.265252
268.533 24.6553 5.68573 0.124908
268.533 24.5863 5.68788 0.0825044
268.641 24.5761 5.68803 0.265252
268.526 24.6439 5.68217 0.0800135
268.559 24.8566 5.69046 0.0230681
268.74 24.3703 5.68667 0.0135712
268.533 24.5863 5.68788 0.0825044
268.641 24.5761 5.68803 0.265252
268.526 24.6439 5.68217 0.0800135
268.74 24.3703 5.68667 0.0135712
268.498 24.814 5.68406 0.0204075
268.559 24.8566 5.69046 0.0230681
268.533 24.6553 5.68573 0.124908
268.527 24.6747 5.69385 0.025031
268.641 24.5761 5.68803 0.265252
268.533 24.6553 5.68573 0.124908
268.533 24.5863 5.68788 0.0825044
268.526 24.6439 5.68217 0.0800135
268.527 24.6747 5.69385 0.025031
268.641 24.5761 5.68803 0.265252
268.597 24.8506 5.68446 0.070035
268.865 24.4175 5.68561 0.0251865
268.838 24.3845 5.68213 0.0267951
268.533 24.6553 5.68573 0.124908
268.641 24.5761 5.68803 0.265252
268.641 24.5761 5.68803 0.265252
268.585 24.4506 5.68426 0.0383024
268.533 24.6553 5.68573 0.124908
268.527 24.6747 5.69385 0.025031
268.469 24.6732 5.68867 0.030267
268.641 24.5761 5.68803 0.265252
268.559 24.8566 5.69046 0.0230681
268.533 24.6553 5.68573 0.124908
268.641 24.5761 5.68803 0.265252
268.559 24.8566 5.69046 0.0230681
268.533 24.6553 5.68573 0.124908
268.533 24.5863 5.68788 0.0825044
268.533 24.5863 5.68788 0.0825044
268.641 24.5761 5.68803 0.265252
268.533 24.6553 5.68573 0.124908
268.533 24.5863 5.68788 0.0825044
268.533 24.5863 5.68788 0.0825044
268.597 24.8506 5.68446 0.070035
268.526 24.6439 5.68217 0.0800135
268.533 24.6553 5.68573 0.124908
268.641 24.5761 5.68803 0.265252
268.585 24.4506 5.68426 0.0383024
268.533 24.6553 5.68573 0.124908
268.498 24.814 5.68406 0.0204075
268.761 24.714 5.66722 0.00435694
