187.101 23.9165 0.0741863 0.383911
187.271 23.856 0.070983 0.133843
187.271 23.856 0.070983 0.133843
187.068 23.8869 0.0752101 0.278057
187.101 23.9165 0.0741863 0.383911
187.068 23.8869 0.0752101 0.278057
187.101 23.9165 0.0741863 0.383911
187.101 23.9165 0.0741863 0.383911
187.101 23.9165 0.0741863 0.383911
186.961 23.9962 0.0757226 0.126535
187.271 23.856 0.070983 0.133843
186.961 23.9962 0.0757226 0.126535
187.101 23.9165 0.0741863 0.383911
187.181 24.1415 0.0749516 0.0168308
187.068 23.8869 0.0752101 0.278057
186.961 23.9962 0.0757226 0.126535
187.101 23.9165 0.0741863 0.383911
187.101 23.9165 0.0741863 0.383911
187.271 23.856 0.070983 0.133843
186.911 23.7726 0.0754397 0.0451851
187.101 23.9165 0.0741863 0.383911
187.271 23.856 0.070983 0.133843
187.068 23.8869 0.0752101 0.278057
187.101 23.9165 0.0741863 0.383911
187.101 23.9165 0.0741863 0.383911
187.101 23.9165 0.0741863 0.383911
186.911 23.7726 0.0754397 0.0451851
187.156 23.6677 0.0770544 0.00479933
186.961 23.9962 0.0757226 0.126535
187.271 23.856 0.070983 0.133843
187.101 23.9165 0.0741863 0.383911
187.101 23.9165 0.0741863 0.383911
187.068 23.8869 0.0752101 0.278057
186.97 24.0981 0.0803812 0.00239014
187.101 23.9165 0.0741863 0.383911
187.101 23.9165 0.0741863 0.383911
186.961 23.9962 0.0757226 0.126535
187.068 23.8869 0.0752101 0.278057
187.101 23.9165 0.0741863 0.383911
187.101 23.9165 0.0741863 0.383911
187.101 23.9165 0.0741863 0.383911
187.337 23.8361 0.0759324 0.00388283
187.181 24.1415 0.0749516 0.0168308
187.101 23.9165 0.0741863 0.383911
186.961 23.9962 0.0757226 0.126535
187.101 23.9165 0.0741863 0.383911
187.068 23.8869 0.0752101 0.278057
186.961 23.9962 0.0757226 0.126535
187.101 23.9165 0.0741863 0.383911
187.101 23.9165 0.0741863 0.383911
186.911 23.7726 0.0754397 0.0451851
187.101 23.9165 0.0741863 0.383911
187.068 23.8869 0.0752101 0.278057
187.101 23.9165 0.0741863 0.383911
187.181 24.1415 0.0749516 0.0168308
187.068 23.8869 0.0752101 0.278057
187.101 23.9165 0.0741863 0.383911
187.101 23.9165 0.0741863 0.383911
187.271 23.856 0.070983 0.133843
187.068 23.8869 0.0752101 0.278057
186.911 23.7726 0.0754397 0.0451851
187.101 23.9165 0.0741863 0.383911
187.271 23.856 0.070983 0.133843
186.961 23.9962 0.0757226 0.126535
187.101 23.9165 0.0741863 0.383911
187.271 23.856 0.070983 0.133843
187.068 23.8869 0.0752101 0.278057
187.068 23.8869 0.0752101 0.278057
187.271 23.856 0.070983 0.133843
187.101 23.9165 0.0741863 0.383911
187.101 23.9165 0.0741863 0.383911
187.068 23.8869 0.0752101 0.278057
187.101 23.9165 0.0741863 0.383911
187.271 23.856 0.070983 0.133843
187.068 23.8869 0.0752101 0.278057
187.068 23.8869 0.0752101 0.278057
186.961 23.9962 0.0757226 0.126535
187.101 23.9165 0.0741863 0.383911
186.961 23.9962 0.0757226 0.126535
187.101 23.9165 0.0741863 0.383911
186.911 23.7726 0.0754397 0.0451851
187.101 23.9165 0.0741863 0.383911
186.911 23.7726 0.0754397 0.0451851
187.068 23.8869 0.0752101 0.278057
187.068 23.8869 0.0752101 0.278057
187.068 23.8869 0.0752101 0.278057
187.101 23.9165 0.0741863 0.383911
186.961 23.9962 0.0757226 0.126535
187.271 23.856 0.070983 0.133843
186.961 23.9962 0.0757226 0.126535
187.271 23.856 0.070983 0.133843
187.101 23.9165 0.0741863 0.383911
187.101 23.9165 0.0741863 0.383911
187.101 23.9165 0.0741863 0.383911
187.271 23.856 0.070983 0.133843
187.101 23.9165 0.0741863 0.383911
187.068 23.8869 0.0752101 0.278057
187.337 23.8361 0.0759324 0.00388283
187.271 23.856 0.070983 0.133843
187.068 23.8869 0.0752101 0.278057
