266.962 -14.5791 3.78707 0.0500395
267.282 -14.5052 3.78826 0.121569
266.792 -14.2841 3.77916 0.0951599
266.957 -14.3438 3.78599 0.186947
267.026 -14.2475 3.78251 0.12081
266.962 -14.5791 3.78707 0.0500395
267.351 -14.487 3.78891 0.0727401
266.792 -14.2841 3.77916 0.0951599
266.792 -14.2841 3.77916 0.0951599
267.026 -14.2475 3.78251 0.12081
266.962 -14.5791 3.78707 0.0500395
267.351 -14.487 3.78891 0.0727401
266.792 -14.2841 3.77916 0.0951599
266.931 -14.5007 3.78923 0.030877
267.351 -14.487 3.78891 0.0727401
267.282 -14.5052 3.78826 0.121569
266.957 -14.3438 3.78599 0.186947
266.957 -14.3438 3.78599 0.186947
267.137 -14.289 3.78255 0.0687059
266.735 -14.3128 3.78257 0.024546
267.351 -14.487 3.78891 0.0727401
266.957 -14.3438 3.78599 0.186947
267.026 -14.2475 3.78251 0.12081
267.026 -14.2475 3.78251 0.12081
267.026 -14.2475 3.78251 0.12081
266.962 -14.5791 3.78707 0.0500395
266.857 -14.3169 3.7876 0.0180971
267.282 -14.5052 3.78826 0.121569
266.957 -14.3438 3.78599 0.186947
267.137 -14.289 3.78255 0.0687059
267.282 -14.5052 3.78826 0.121569
266.957 -14.3438 3.78599 0.186947
267.137 -14.289 3.78255 0.0687059
266.735 -14.3128 3.78257 0.024546
267.282 -14.5052 3.78826 0.121569
266.957 -14.3438 3.78599 0.186947
266.957 -14.3438 3.78599 0.186947
266.931 -14.5007 3.78923 0.030877
266.931 -14.5007 3.78923 0.030877
266.962 -14.5791 3.78707 0.0500395
267.351 -14.487 3.78891 0.0727401
266.976 -14.1712 3.77833 0.0185301
267.282 -14.5052 3.78826 0.121569
266.792 -14.2841 3.77916 0.0951599
267.026 -14.2475 3.78251 0.12081
267.137 -14.289 3.78255 0.0687059
266.735 -14.3128 3.78257 0.024546
266.792 -14.2841 3.77916 0.0951599
266.957 -14.3438 3.78599 0.186947
266.931 -14.5007 3.78923 0.030877
266.735 -14.3128 3.78257 0.024546
266.651 -14.4819 3.77538 0.0180992
266.792 -14.2841 3.77916 0.0951599
266.957 -14.3438 3.78599 0.186947
267.026 -14.2475 3.78251 0.12081
267.026 -14.2475 3.78251 0.12081
266.651 -14.4819 3.77538 0.0180992
267.282 -14.5052 3.78826 0.121569
266.792 -14.2841 3.77916 0.0951599
267.026 -14.2475 3.78251 0.12081
267.137 -14.289 3.78255 0.0687059
266.651 -14.4819 3.77538 0.0180992
266.792 -14.2841 3.77916 0.0951599
267.026 -14.2475 3.78251 0.12081
266.931 -14.5007 3.78923 0.030877
267.041 -14.3274 3.79098 0.0695617
266.766 -14.3193 3.77416 0.0417997
267.282 -14.5052 3.78826 0.121569
267.282 -14.5052 3.78826 0.121569
267.282 -14.5052 3.78826 0.121569
266.957 -14.3438 3.78599 0.186947
267.026 -14.2475 3.78251 0.12081
267.137 -14.289 3.78255 0.0687059
267.145 -14.3661 3.79817 0.00374987
267.351 -14.487 3.78891 0.0727401
267.218 -14.3473 3.78247 0.023605
266.957 -14.3438 3.78599 0.186947
266.957 -14.3438 3.78599 0.186947
266.931 -14.5007 3.78923 0.030877
267.351 -14.487 3.78891 0.0727401
267.351 -14.487 3.78891 0.0727401
267.282 -14.5052 3.78826 0.121569
266.957 -14.3438 3.78599 0.186947
267.026 -14.2475 3.78251 0.12081
266.931 -14.5007 3.78923 0.030877
266.962 -14.5791 3.78707 0.0500395
266.962 -14.5791 3.78707 0.0500395
266.651 -14.4819 3.77538 0.0180992
266.957 -14.3438 3.78599 0.186947
266.931 -14.5007 3.78923 0.030877
266.766 -14.3193 3.77416 0.0417997
266.808 -14.1241 3.77735 0.0139646
267.218 -14.3473 3.78247 0.023605
267.282 -14.5052 3.78826 0.121569
267.282 -14.5052 3.78826 0.121569
266.957 -14.3438 3.78599 0.186947
267.026 -14.2475 3.78251 0.12081
267.026 -14.2475 3.78251 0.12081
266.766 -14.3193 3.77416 0.0417997
266.857 -14.3169 3.7876 0.0180971
