277.24 -5.41924 4.27079 0.0618717
277.24 -5.41924 4.27079 0.0618717
277.001 -5.37998 4.267 0.338299
277.041 -5.55871 4.27339 0.0762113
277.001 -5.37998 4.267 0.338299
277.001 -5.37998 4.267 0.338299
277.001 -5.37998 4.267 0.338299
277.114 -5.59038 4.27223 0.0625925
277.001 -5.37998 4.267 0.338299
277.041 -5.55871 4.27339 0.0762113
277.001 -5.37998 4.267 0.338299
276.805 -5.44503 4.26772 0.12763
276.805 -5.44503 4.26772 0.12763
276.805 -5.44503 4.26772 0.12763
277.001 -5.37998 4.267 0.338299
276.805 -5.44503 4.26772 0.12763
277.058 -5.62027 4.27388 0.0275842
276.809 -5.21558 4.26804 0.023415
276.805 -5.44503 4.26772 0.12763
277.001 -5.37998 4.267 0.338299
277.001 -5.37998 4.267 0.338299
276.805 -5.44503 4.26772 0.12763
276.818 -5.37156 4.25724 0.0963441
277.001 -5.37998 4.267 0.338299
277.001 -5.37998 4.267 0.338299
277.011 -5.51974 4.2749 0.0583571
276.637 -5.58068 4.25901 0.0504891
276.805 -5.44503 4.26772 0.12763
277.114 -5.59038 4.27223 0.0625925
277.001 -5.37998 4.267 0.338299
277.011 -5.51974 4.2749 0.0583571
276.818 -5.37156 4.25724 0.0963441
276.805 -5.44503 4.26772 0.12763
276.818 -5.37156 4.25724 0.0963441
277.24 -5.41924 4.27079 0.0618717
277.001 -5.37998 4.267 0.338299
277.001 -5.37998 4.267 0.338299
277.058 -5.62027 4.27388 0.0275842
277.001 -5.37998 4.267 0.338299
277.041 -5.55871 4.27339 0.0762113
276.809 -5.21558 4.26804 0.023415
277.3 -5.51756 4.26957 0.00898541
277.24 -5.41924 4.27079 0.0618717
277.001 -5.37998 4.267 0.338299
276.805 -5.44503 4.26772 0.12763
277.011 -5.51974 4.2749 0.0583571
277.058 -5.62027 4.27388 0.0275842
276.637 -5.58068 4.25901 0.0504891
277.24 -5.41924 4.27079 0.0618717
277.058 -5.62027 4.27388 0.0275842
277.001 -5.37998 4.267 0.338299
277.114 -5.59038 4.27223 0.0625925
277.001 -5.37998 4.267 0.338299
277.114 -5.59038 4.27223 0.0625925
276.818 -5.37156 4.25724 0.0963441
276.805 -5.44503 4.26772 0.12763
277.011 -5.51974 4.2749 0.0583571
277.114 -5.59038 4.27223 0.0625925
277.001 -5.37998 4.267 0.338299
277.001 -5.37998 4.267 0.338299
277.041 -5.55871 4.27339 0.0762113
277.001 -5.37998 4.267 0.338299
277.24 -5.41924 4.27079 0.0618717
277.001 -5.37998 4.267 0.338299
277.001 -5.37998 4.267 0.338299
277.001 -5.37998 4.267 0.338299
276.818 -5.37156 4.25724 0.0963441
277.001 -5.37998 4.267 0.338299
277.001 -5.37998 4.267 0.338299
276.818 -5.37156 4.25724 0.0963441
277.001 -5.37998 4.267 0.338299
277.001 -5.37998 4.267 0.338299
277.001 -5.37998 4.267 0.338299
277.001 -5.37998 4.267 0.338299
277.24 -5.41924 4.27079 0.0618717
276.637 -5.58068 4.25901 0.0504891
277.001 -5.37998 4.267 0.338299
277.011 -5.51974 4.2749 0.0583571
277.001 -5.37998 4.267 0.338299
276.805 -5.44503 4.26772 0.12763
276.809 -5.21558 4.26804 0.023415
276.805 -5.44503 4.26772 0.12763
277.011 -5.51974 4.2749 0.0583571
277.114 -5.59038 4.27223 0.0625925
277.001 -5.37998 4.267 0.338299
277.114 -5.59038 4.27223 0.0625925
277.001 -5.37998 4.267 0.338299
277.24 -5.41924 4.27079 0.0618717
277.011 -5.51974 4.2749 0.0583571
276.818 -5.37156 4.25724 0.0963441
277.041 -5.55871 4.27339 0.0762113
277.001 -5.37998 4.267 0.338299
276.805 -5.44503 4.26772 0.12763
276.637 -5.58068 4.25901 0.0504891
277.001 -5.37998 4.267 0.338299
276.818 -5.37156 4.25724 0.0963441
277.001 -5.37998 4.267 0.338299
277.011 -5.51974 4.2749 0.0583571
277.001 -5.37998 4.267 0.338299
277.011 -5.51974 4.2749 0.0583571
