45.8486 -67.5272 3.93902 0.179988
45.7798 -67.4653 3.93771 0.0515252
45.9608 -67.588 3.93998 0.224842
45.8113 -67.5885 3.93461 0.177454
45.8113 -67.5885 3.93461 0.177454
45.7963 -67.7623 3.93784 0.116711
45.9608 -67.588 3.93998 0.224842
45.8113 -67.5885 3.93461 0.177454
45.9332 -67.4321 3.9411 0.0395422
45.7578 -67.4924 3.93465 0.0458774
45.7578 -67.4924 3.93465 0.0458774
45.7578 -67.4924 3.93465 0.0458774
46.0645 -67.5546 3.94246 0.0512659
45.9608 -67.588 3.93998 0.224842
45.7365 -67.4637 3.94141 0.0134042
45.8027 -67.4946 3.93069 0.00887794
45.9171 -67.5822 3.93084 0.0145962
45.9608 -67.588 3.93998 0.224842
45.9608 -67.588 3.93998 0.224842
45.8486 -67.5272 3.93902 0.179988
45.8486 -67.5272 3.93902 0.179988
45.7578 -67.4924 3.93465 0.0458774
45.8113 -67.5885 3.93461 0.177454
45.9332 -67.4321 3.9411 0.0395422
45.7963 -67.7623 3.93784 0.116711
45.8113 -67.5885 3.93461 0.177454
45.8027 -67.4946 3.93069 0.00887794
45.9171 -67.5822 3.93084 0.0145962
45.9608 -67.588 3.93998 0.224842
45.8113 -67.5885 3.93461 0.177454
45.7963 -67.7623 3.93784 0.116711
45.9608 -67.588 3.93998 0.224842
45.8113 -67.5885 3.93461 0.177454
45.8486 -67.5272 3.93902 0.179988
45.7963 -67.7623 3.93784 0.116711
45.9608 -67.588 3.93998 0.224842
45.9608 -67.588 3.93998 0.224842
45.8113 -67.5885 3.93461 0.177454
45.8486 -67.5272 3.93902 0.179988
45.9608 -67.588 3.93998 0.224842
45.8113 -67.5885 3.93461 0.177454
45.6429 -67.6975 3.93294 0.0279084
45.9608 -67.588 3.93998 0.224842
45.8113 -67.5885 3.93461 0.177454
45.8113 -67.5885 3.93461 0.177454
45.8486 -67.5272 3.93902 0.179988
45.7963 -67.7623 3.93784 0.116711
45.8113 -67.5885 3.93461 0.177454
45.8113 -67.5885 3.93461 0.177454
45.7798 -67.4653 3.93771 0.0515252
45.7963 -67.7623 3.93784 0.116711
45.9608 -67.588 3.93998 0.224842
45.8486 -67.5272 3.93902 0.179988
45.8486 -67.5272 3.93902 0.179988
45.7963 -67.7623 3.93784 0.116711
45.9608 -67.588 3.93998 0.224842
45.8113 -67.5885 3.93461 0.177454
45.7798 -67.4653 3.93771 0.0515252
45.9608 -67.588 3.93998 0.224842
45.8486 -67.5272 3.93902 0.179988
45.8486 -67.5272 3.93902 0.179988
45.8486 -67.5272 3.93902 0.179988
45.9332 -67.4321 3.9411 0.0395422
45.9608 -67.588 3.93998 0.224842
45.9608 -67.588 3.93998 0.224842
45.8113 -67.5885 3.93461 0.177454
45.8486 -67.5272 3.93902 0.179988
45.8486 -67.5272 3.93902 0.179988
45.9608 -67.588 3.93998 0.224842
45.9608 -67.588 3.93998 0.224842
45.8486 -67.5272 3.93902 0.179988
45.7963 -67.7623 3.93784 0.116711
45.9608 -67.588 3.93998 0.224842
45.8113 -67.5885 3.93461 0.177454
45.8113 -67.5885 3.93461 0.177454
45.7798 -67.4653 3.93771 0.0515252
45.9608 -67.588 3.93998 0.224842
45.8113 -67.5885 3.93461 0.177454
45.7963 -67.7623 3.93784 0.116711
45.9608 -67.588 3.93998 0.224842
45.9608 -67.588 3.93998 0.224842
45.8113 -67.5885 3.93461 0.177454
45.7798 -67.4653 3.93771 0.0515252
45.9608 -67.588 3.93998 0.224842
45.8486 -67.5272 3.93902 0.179988
45.8486 -67.5272 3.93902 0.179988
46.0645 -67.5546 3.94246 0.0512659
45.9608 -67.588 3.93998 0.224842
45.8113 -67.5885 3.93461 0.177454
45.8486 -67.5272 3.93902 0.179988
45.6429 -67.6975 3.93294 0.0279084
45.7798 -67.4653 3.93771 0.0515252
45.9608 -67.588 3.93998 0.224842
45.8113 -67.5885 3.93461 0.177454
45.8486 -67.5272 3.93902 0.179988
45.7963 -67.7623 3.93784 0.116711
46.0645 -67.5546 3.94246 0.0512659
46.0645 -67.5546 3.94246 0.0512659
45.8113 -67.5885 3.93461 0.177454
45.7798 -67.4653 3.93771 0.0515252
