264.738 27.3231 5.94194 0.108427
264.738 27.3231 5.94194 0.108427
264.87 27.3099 5.94255 0.0336423
264.529 27.4645 5.95209 0.0762464
264.746 27.2497 5.9502 0.0373606
264.573 27.2513 5.95223 0.0494715
264.553 27.3478 5.94902 0.136317
264.738 27.3231 5.94194 0.108427
264.504 27.3926 5.95383 0.0582852
264.746 27.2497 5.9502 0.0373606
264.573 27.2513 5.95223 0.0494715
264.553 27.3478 5.94902 0.136317
264.783 27.576 5.95063 0.0125984
264.692 27.3385 5.95528 0.0249829
264.54 27.567 5.94651 0.038261
264.529 27.4645 5.95209 0.0762464
264.628 27.5512 5.94912 0.0746327
264.67 27.4664 5.94194 0.137639
264.553 27.3478 5.94902 0.136317
264.722 27.5386 5.95144 0.0339547
264.54 27.567 5.94651 0.038261
264.887 27.3699 5.94933 0.0120042
264.67 27.4664 5.94194 0.137639
264.67 27.4664 5.94194 0.137639
264.553 27.3478 5.94902 0.136317
264.738 27.3231 5.94194 0.108427
264.504 27.3926 5.95383 0.0582852
264.504 27.3926 5.95383 0.0582852
264.713 27.2329 5.9503 0.0391913
264.67 27.4664 5.94194 0.137639
264.553 27.3478 5.94902 0.136317
264.738 27.3231 5.94194 0.108427
264.738 27.3231 5.94194 0.108427
264.54 27.567 5.94651 0.038261
264.529 27.4645 5.95209 0.0762464
264.628 27.5512 5.94912 0.0746327
264.746 27.2497 5.9502 0.0373606
264.659 27.325 5.93611 0.0102597
264.783 27.576 5.95063 0.0125984
264.738 27.3231 5.94194 0.108427
264.504 27.3926 5.95383 0.0582852
264.628 27.5512 5.94912 0.0746327
264.628 27.5512 5.94912 0.0746327
264.67 27.4664 5.94194 0.137639
264.67 27.4664 5.94194 0.137639
264.67 27.4664 5.94194 0.137639
264.573 27.2513 5.95223 0.0494715
264.553 27.3478 5.94902 0.136317
264.553 27.3478 5.94902 0.136317
264.54 27.567 5.94651 0.038261
264.54 27.567 5.94651 0.038261
264.54 27.567 5.94651 0.038261
264.504 27.3926 5.95383 0.0582852
264.887 27.3699 5.94933 0.0120042
264.746 27.2497 5.9502 0.0373606
264.553 27.3478 5.94902 0.136317
264.41 27.3959 5.95342 0.0202328
264.54 27.567 5.94651 0.038261
264.529 27.4645 5.95209 0.0762464
264.628 27.5512 5.94912 0.0746327
264.628 27.5512 5.94912 0.0746327
264.573 27.2513 5.95223 0.0494715
264.553 27.3478 5.94902 0.136317
264.722 27.5386 5.95144 0.0339547
264.738 27.3231 5.94194 0.108427
264.649 27.2776 5.9555 0.0220394
264.529 27.4645 5.95209 0.0762464
264.628 27.5512 5.94912 0.0746327
264.67 27.4664 5.94194 0.137639
264.553 27.3478 5.94902 0.136317
264.553 27.3478 5.94902 0.136317
264.618 27.5839 5.94076 0.0241367
264.738 27.3231 5.94194 0.108427
264.692 27.3385 5.95528 0.0249829
264.87 27.3099 5.94255 0.0336423
264.529 27.4645 5.95209 0.0762464
264.746 27.2497 5.9502 0.0373606
264.67 27.4664 5.94194 0.137639
264.67 27.4664 5.94194 0.137639
264.553 27.3478 5.94902 0.136317
264.553 27.3478 5.94902 0.136317
264.738 27.3231 5.94194 0.108427
264.529 27.4645 5.95209 0.0762464
264.628 27.5512 5.94912 0.0746327
264.628 27.5512 5.94912 0.0746327
264.628 27.5512 5.94912 0.0746327
264.67 27.4664 5.94194 0.137639
264.722 27.5386 5.95144 0.0339547
264.738 27.3231 5.94194 0.108427
264.504 27.3926 5.95383 0.0582852
264.504 27.3926 5.95383 0.0582852
264.529 27.4645 5.95209 0.0762464
264.628 27.5512 5.94912 0.0746327
264.67 27.4664 5.94194 0.137639
264.553 27.3478 5.94902 0.136317
264.553 27.3478 5.94902 0.136317
264.553 27.3478 5.94902 0.136317
264.783 27.576 5.95063 0.0125984
264.54 27.567 5.94651 0.038261
264.504 27.3926 5.95383 0.0582852
