45.8593 11.6178 0.172022 0.236357
45.9315 11.7295 0.171308 0.150427
45.9527 11.456 0.168447 0.112093
45.9527 11.456 0.168447 0.112093
45.8593 11.6178 0.172022 0.236357
45.7505 11.5456 0.169194 0.0261964
45.9527 11.456 0.168447 0.112093
45.8593 11.6178 0.172022 0.236357
45.9315 11.7295 0.171308 0.150427
45.9315 11.7295 0.171308 0.150427
45.8676 11.4623 0.16555 0.0174808
46.0639 11.3959 0.167863 0.0341476
45.8593 11.6178 0.172022 0.236357
45.8676 11.4623 0.16555 0.0174808
46.0105 11.5188 0.170259 0.176431
45.7479 11.5711 0.172135 0.0634185
45.9315 11.7295 0.171308 0.150427
45.9315 11.7295 0.171308 0.150427
46.0105 11.5188 0.170259 0.176431
45.7505 11.5456 0.169194 0.0261964
45.7479 11.5711 0.172135 0.0634185
45.9315 11.7295 0.171308 0.150427
45.9233 11.4036 0.169247 0.0457699
45.9723 11.6825 0.177987 0.00437668
46.0105 11.5188 0.170259 0.176431
45.7505 11.5456 0.169194 0.0261964
45.9527 11.456 0.168447 0.112093
46.0525 11.6465 0.163611 0.0193656
45.7479 11.5711 0.172135 0.0634185
45.8561 11.3637 0.173305 0.005094
45.9842 11.7597 0.168179 0.0504913
45.8593 11.6178 0.172022 0.236357
45.8593 11.6178 0.172022 0.236357
45.8593 11.6178 0.172022 0.236357
45.8593 11.6178 0.172022 0.236357
45.9233 11.4036 0.169247 0.0457699
45.9527 11.456 0.168447 0.112093
46.0105 11.5188 0.170259 0.176431
45.9315 11.7295 0.171308 0.150427
46.0525 11.6465 0.163611 0.0193656
46.0105 11.5188 0.170259 0.176431
45.8593 11.6178 0.172022 0.236357
45.7479 11.5711 0.172135 0.0634185
45.9315 11.7295 0.171308 0.150427
46.0105 11.5188 0.170259 0.176431
45.8593 11.6178 0.172022 0.236357
45.9315 11.7295 0.171308 0.150427
45.9315 11.7295 0.171308 0.150427
46.0105 11.5188 0.170259 0.176431
45.7479 11.5711 0.172135 0.0634185
46.1828 11.518 0.165435 0.032544
46.0105 11.5188 0.170259 0.176431
45.8593 11.6178 0.172022 0.236357
45.9233 11.4036 0.169247 0.0457699
46.0525 11.6465 0.163611 0.0193656
46.0105 11.5188 0.170259 0.176431
45.8593 11.6178 0.172022 0.236357
45.9233 11.4036 0.169247 0.0457699
46.0639 11.3959 0.167863 0.0341476
46.0105 11.5188 0.170259 0.176431
46.0105 11.5188 0.170259 0.176431
46.0105 11.5188 0.170259 0.176431
45.8593 11.6178 0.172022 0.236357
45.9315 11.7295 0.171308 0.150427
45.9315 11.7295 0.171308 0.150427
46.1828 11.518 0.165435 0.032544
46.0105 11.5188 0.170259 0.176431
45.7479 11.5711 0.172135 0.0634185
45.9233 11.4036 0.169247 0.0457699
46.0105 11.5188 0.170259 0.176431
45.8593 11.6178 0.172022 0.236357
45.9233 11.4036 0.169247 0.0457699
46.0105 11.5188 0.170259 0.176431
45.9315 11.7295 0.171308 0.150427
46.0525 11.6465 0.163611 0.0193656
45.8593 11.6178 0.172022 0.236357
45.9315 11.7295 0.171308 0.150427
46.0105 11.5188 0.170259 0.176431
45.8593 11.6178 0.172022 0.236357
45.9315 11.7295 0.171308 0.150427
45.8676 11.4623 0.16555 0.0174808
46.0105 11.5188 0.170259 0.176431
45.8593 11.6178 0.172022 0.236357
45.8593 11.6178 0.172022 0.236357
45.8561 11.3637 0.173305 0.005094
45.9233 11.4036 0.169247 0.0457699
46.1828 11.518 0.165435 0.032544
46.0105 11.5188 0.170259 0.176431
46.0105 11.5188 0.170259 0.176431
45.9315 11.7295 0.171308 0.150427
45.9842 11.7597 0.168179 0.0504913
46.0105 11.5188 0.170259 0.176431
45.8593 11.6178 0.172022 0.236357
45.9842 11.7597 0.168179 0.0504913
46.0639 11.3959 0.167863 0.0341476
46.0105 11.5188 0.170259 0.176431
46.0105 11.5188 0.170259 0.176431
46.0105 11.5188 0.170259 0.176431
45.8593 11.6178 0.172022 0.236357
45.9315 11.7295 0.171308 0.150427
