220.996 26.6038 0.0748334 0.228329
220.996 26.6038 0.0748334 0.228329
221.024 26.536 0.080246 0.14222
221.017 26.8827 0.0722783 0.00193278
221.062 26.5924 0.0676085 0.023017
220.996 26.6038 0.0748334 0.228329
220.996 26.6038 0.0748334 0.228329
221.024 26.536 0.080246 0.14222
221.081 26.7448 0.076574 0.0774556
221.111 26.6949 0.0808742 0.0396581
221.243 26.6392 0.0718744 0.109602
220.911 26.6488 0.0756236 0.0689583
220.996 26.6038 0.0748334 0.228329
221.024 26.536 0.080246 0.14222
221.109 26.5832 0.0819846 0.0502543
220.996 26.6038 0.0748334 0.228329
220.996 26.6038 0.0748334 0.228329
221.024 26.536 0.080246 0.14222
221 26.6759 0.073335 0.104533
221 26.6759 0.073335 0.104533
220.911 26.6488 0.0756236 0.0689583
220.996 26.6038 0.0748334 0.228329
220.918 26.6239 0.0739735 0.0702537
221 26.6759 0.073335 0.104533
221.017 26.8827 0.0722783 0.00193278
220.996 26.6038 0.0748334 0.228329
220.996 26.6038 0.0748334 0.228329
221.024 26.536 0.080246 0.14222
221.111 26.6949 0.0808742 0.0396581
221.109 26.5832 0.0819846 0.0502543
220.996 26.6038 0.0748334 0.228329
220.918 26.6239 0.0739735 0.0702537
221.024 26.536 0.080246 0.14222
221.081 26.7448 0.076574 0.0774556
221.173 26.8487 0.0795481 0.00312846
220.918 26.6239 0.0739735 0.0702537
221.024 26.536 0.080246 0.14222
221.243 26.6392 0.0718744 0.109602
221.243 26.6392 0.0718744 0.109602
220.996 26.6038 0.0748334 0.228329
221.081 26.7448 0.076574 0.0774556
220.911 26.6488 0.0756236 0.0689583
221.024 26.536 0.080246 0.14222
221.111 26.6949 0.0808742 0.0396581
220.996 26.6038 0.0748334 0.228329
221 26.6759 0.073335 0.104533
221.111 26.6949 0.0808742 0.0396581
220.996 26.6038 0.0748334 0.228329
221 26.6759 0.073335 0.104533
221.243 26.6392 0.0718744 0.109602
221.024 26.536 0.080246 0.14222
221 26.6759 0.073335 0.104533
220.911 26.6488 0.0756236 0.0689583
220.996 26.6038 0.0748334 0.228329
221.024 26.536 0.080246 0.14222
221.081 26.7448 0.076574 0.0774556
221.085 26.649 0.0642301 0.00313803
221.243 26.6392 0.0718744 0.109602
220.996 26.6038 0.0748334 0.228329
221 26.6759 0.073335 0.104533
220.996 26.6038 0.0748334 0.228329
221.024 26.536 0.080246 0.14222
221.111 26.6949 0.0808742 0.0396581
220.996 26.6038 0.0748334 0.228329
220.996 26.6038 0.0748334 0.228329
221.024 26.536 0.080246 0.14222
221.111 26.6949 0.0808742 0.0396581
220.996 26.6038 0.0748334 0.228329
220.996 26.6038 0.0748334 0.228329
221.081 26.7448 0.076574 0.0774556
221.243 26.6392 0.0718744 0.109602
220.918 26.6239 0.0739735 0.0702537
221.14 26.4378 0.0667826 0.0149201
221.081 26.7448 0.076574 0.0774556
221.109 26.5832 0.0819846 0.0502543
220.911 26.6488 0.0756236 0.0689583
220.911 26.6488 0.0756236 0.0689583
220.996 26.6038 0.0748334 0.228329
221.024 26.536 0.080246 0.14222
221.024 26.536 0.080246 0.14222
221.109 26.5832 0.0819846 0.0502543
221.243 26.6392 0.0718744 0.109602
220.918 26.6239 0.0739735 0.0702537
221.024 26.536 0.080246 0.14222
221.243 26.6392 0.0718744 0.109602
220.996 26.6038 0.0748334 0.228329
221.024 26.536 0.080246 0.14222
221 26.6759 0.073335 0.104533
221.081 26.7448 0.076574 0.0774556
220.996 26.6038 0.0748334 0.228329
221.024 26.536 0.080246 0.14222
221.024 26.536 0.080246 0.14222
221.081 26.7448 0.076574 0.0774556
221.243 26.6392 0.0718744 0.109602
221.243 26.6392 0.0718744 0.109602
220.911 26.6488 0.0756236 0.0689583
221.024 26.536 0.080246 0.14222
221.109 26.5832 0.0819846 0.0502543
220.996 26.6038 0.0748334 0.228329
221.081 26.7448 0.076574 0.0774556
