121.675 19.6843 0.0670188 0.215678
121.675 19.6843 0.0670188 0.215678
121.558 19.6792 0.0676879 0.0869213
121.9 19.6794 0.0622917 0.0533064
121.713 19.6582 0.073704 0.061926
121.727 19.6307 0.0655466 0.171952
121.534 19.788 0.0686548 0.0517671
121.561 19.6905 0.0598744 0.00478403
121.558 19.6792 0.0676879 0.0869213
121.805 19.6123 0.0595278 0.0139352
121.727 19.6307 0.0655466 0.171952
121.675 19.6843 0.0670188 0.215678
121.996 19.7266 0.0644929 0.0290033
121.558 19.6792 0.0676879 0.0869213
121.558 19.6792 0.0676879 0.0869213
121.9 19.6794 0.0622917 0.0533064
121.805 19.6123 0.0595278 0.0139352
121.72 19.6979 0.0736071 0.0619264
121.534 19.788 0.0686548 0.0517671
121.713 19.6582 0.073704 0.061926
121.617 19.9908 0.0689961 0.00854651
121.534 19.788 0.0686548 0.0517671
121.625 19.6084 0.0607167 0.0111052
121.727 19.6307 0.0655466 0.171952
121.675 19.6843 0.0670188 0.215678
121.996 19.7266 0.0644929 0.0290033
121.9 19.4847 0.0652461 0.016958
121.675 19.6843 0.0670188 0.215678
121.558 19.6792 0.0676879 0.0869213
121.727 19.6307 0.0655466 0.171952
121.675 19.6843 0.0670188 0.215678
121.625 19.6084 0.0607167 0.0111052
121.9 19.6794 0.0622917 0.0533064
121.617 19.9908 0.0689961 0.00854651
121.675 19.6843 0.0670188 0.215678
121.561 19.6905 0.0598744 0.00478403
121.713 19.6582 0.073704 0.061926
121.727 19.6307 0.0655466 0.171952
121.534 19.788 0.0686548 0.0517671
121.761 19.7542 0.0724853 0.0730806
121.9 19.6794 0.0622917 0.0533064
121.727 19.6307 0.0655466 0.171952
121.675 19.6843 0.0670188 0.215678
121.561 19.6905 0.0598744 0.00478403
122.09 19.6394 0.0670053 0.00374647
121.727 19.6307 0.0655466 0.171952
121.727 19.6307 0.0655466 0.171952
121.675 19.6843 0.0670188 0.215678
121.561 19.6905 0.0598744 0.00478403
121.805 19.6123 0.0595278 0.0139352
121.805 19.6123 0.0595278 0.0139352
121.727 19.6307 0.0655466 0.171952
121.675 19.6843 0.0670188 0.215678
121.675 19.6843 0.0670188 0.215678
121.625 19.6084 0.0607167 0.0111052
121.713 19.6582 0.073704 0.061926
121.727 19.6307 0.0655466 0.171952
121.727 19.6307 0.0655466 0.171952
121.534 19.788 0.0686548 0.0517671
121.624 20.0178 0.0609909 0.00205582
121.727 19.6307 0.0655466 0.171952
121.727 19.6307 0.0655466 0.171952
121.534 19.788 0.0686548 0.0517671
121.558 19.6792 0.0676879 0.0869213
121.713 19.6582 0.073704 0.061926
121.675 19.6843 0.0670188 0.215678
121.625 19.6084 0.0607167 0.0111052
121.727 19.6307 0.0655466 0.171952
121.675 19.6843 0.0670188 0.215678
121.683 19.8595 0.0573794 0.00299734
121.713 19.6582 0.073704 0.061926
121.72 19.6979 0.0736071 0.0619264
121.72 19.6979 0.0736071 0.0619264
121.675 19.6843 0.0670188 0.215678
121.713 19.6582 0.073704 0.061926
121.713 19.6582 0.073704 0.061926
121.549 19.7576 0.0589744 0.00240382
121.675 19.6843 0.0670188 0.215678
121.996 19.7266 0.0644929 0.0290033
121.607 20.0412 0.0683209 0.00304002
121.727 19.6307 0.0655466 0.171952
121.727 19.6307 0.0655466 0.171952
121.72 19.6979 0.0736071 0.0619264
121.534 19.788 0.0686548 0.0517671
121.534 19.788 0.0686548 0.0517671
121.558 19.6792 0.0676879 0.0869213
121.9 19.6794 0.0622917 0.0533064
121.675 19.6843 0.0670188 0.215678
121.675 19.6843 0.0670188 0.215678
121.996 19.7266 0.0644929 0.0290033
121.713 19.6582 0.073704 0.061926
121.727 19.6307 0.0655466 0.171952
121.534 19.788 0.0686548 0.0517671
121.713 19.6582 0.073704 0.061926
121.727 19.6307 0.0655466 0.171952
121.675 19.6843 0.0670188 0.215678
121.761 19.7542 0.0724853 0.0730806
122.09 19.6394 0.0670053 0.00374647
121.625 19.6084 0.0607167 0.0111052
121.713 19.6582 0.073704 0.061926
