77.9677 -37.0337 3.71363 0.183671
78.2152 -36.9905 3.71479 0.0443922
78.1831 -37.1278 3.71406 0.0818668
78.0505 -36.9319 3.71509 0.104839
78.0505 -36.9319 3.71509 0.104839
78.0003 -37.0265 3.71464 0.192079
77.986 -37.1177 3.71439 0.152129
77.884 -37.0568 3.71161 0.0611013
78.1831 -37.1278 3.71406 0.0818668
78.0003 -37.0265 3.71464 0.192079
78.0003 -37.0265 3.71464 0.192079
77.9677 -37.0337 3.71363 0.183671
77.986 -37.1177 3.71439 0.152129
77.986 -37.1177 3.71439 0.152129
78.0505 -36.9319 3.71509 0.104839
78.1614 -36.9732 3.71232 0.0785147
78.0003 -37.0265 3.71464 0.192079
77.9677 -37.0337 3.71363 0.183671
78.0135 -37.2302 3.70417 0.0074764
78.0505 -36.9319 3.71509 0.104839
78.0003 -37.0265 3.71464 0.192079
77.986 -37.1177 3.71439 0.152129
77.986 -37.1177 3.71439 0.152129
78.0505 -36.9319 3.71509 0.104839
78.0505 -36.9319 3.71509 0.104839
78.0003 -37.0265 3.71464 0.192079
78.0003 -37.0265 3.71464 0.192079
77.986 -37.1177 3.71439 0.152129
77.986 -37.1177 3.71439 0.152129
77.884 -37.0568 3.71161 0.0611013
77.998 -36.9254 3.70991 0.0178954
77.9677 -37.0337 3.71363 0.183671
77.9677 -37.0337 3.71363 0.183671
77.9677 -37.0337 3.71363 0.183671
77.986 -37.1177 3.71439 0.152129
77.986 -37.1177 3.71439 0.152129
78.1831 -37.1278 3.71406 0.0818668
78.0505 -36.9319 3.71509 0.104839
78.0003 -37.0265 3.71464 0.192079
78.0003 -37.0265 3.71464 0.192079
77.9677 -37.0337 3.71363 0.183671
77.986 -37.1177 3.71439 0.152129
77.884 -37.0568 3.71161 0.0611013
78.1614 -36.9732 3.71232 0.0785147
77.9677 -37.0337 3.71363 0.183671
77.986 -37.1177 3.71439 0.152129
78.1831 -37.1278 3.71406 0.0818668
78.1831 -37.1278 3.71406 0.0818668
78.0003 -37.0265 3.71464 0.192079
78.0003 -37.0265 3.71464 0.192079
77.9677 -37.0337 3.71363 0.183671
78.2152 -36.9905 3.71479 0.0443922
78.1831 -37.1278 3.71406 0.0818668
78.1614 -36.9732 3.71232 0.0785147
78.0003 -37.0265 3.71464 0.192079
78.0003 -37.0265 3.71464 0.192079
77.9677 -37.0337 3.71363 0.183671
77.9677 -37.0337 3.71363 0.183671
77.986 -37.1177 3.71439 0.152129
77.986 -37.1177 3.71439 0.152129
78.0505 -36.9319 3.71509 0.104839
78.1614 -36.9732 3.71232 0.0785147
78.0003 -37.0265 3.71464 0.192079
77.9677 -37.0337 3.71363 0.183671
78.216 -36.8919 3.71705 0.00989686
77.884 -37.0568 3.71161 0.0611013
78.1831 -37.1278 3.71406 0.0818668
78.1831 -37.1278 3.71406 0.0818668
78.0505 -36.9319 3.71509 0.104839
78.0505 -36.9319 3.71509 0.104839
78.0003 -37.0265 3.71464 0.192079
77.986 -37.1177 3.71439 0.152129
77.986 -37.1177 3.71439 0.152129
78.0505 -36.9319 3.71509 0.104839
77.9625 -37.3637 3.70519 0.00464357
77.9677 -37.0337 3.71363 0.183671
77.986 -37.1177 3.71439 0.152129
78.0505 -36.9319 3.71509 0.104839
78.255 -37.1291 3.71315 0.0278405
77.9677 -37.0337 3.71363 0.183671
77.9677 -37.0337 3.71363 0.183671
77.986 -37.1177 3.71439 0.152129
78.2152 -36.9905 3.71479 0.0443922
78.255 -37.1291 3.71315 0.0278405
78.0003 -37.0265 3.71464 0.192079
77.9677 -37.0337 3.71363 0.183671
77.986 -37.1177 3.71439 0.152129
77.884 -37.0568 3.71161 0.0611013
78.0003 -37.0265 3.71464 0.192079
78.0003 -37.0265 3.71464 0.192079
77.986 -37.1177 3.71439 0.152129
78.0505 -36.9319 3.71509 0.104839
78.0505 -36.9319 3.71509 0.104839
77.9677 -37.0337 3.71363 0.183671
77.9677 -37.0337 3.71363 0.183671
77.986 -37.1177 3.71439 0.152129
78.1831 -37.1278 3.71406 0.0818668
78.1614 -36.9732 3.71232 0.0785147
78.0003 -37.0265 3.71464 0.192079
77.986 -37.1177 3.71439 0.152129
