128.205 19.9268 0.06743 0.0587936
128.049 19.8702 0.060808 0.160695
128.049 19.8702 0.060808 0.160695
128.049 19.8702 0.060808 0.160695
128.047 19.957 0.0598665 0.0802604
127.858 20.0648 0.0660758 0.0842034
127.9 20.1554 0.0640555 0.0183483
127.781 19.5799 0.0686073 0.0121223
127.899 19.5979 0.0637762 0.0313348
128.049 19.8702 0.060808 0.160695
127.813 20.0018 0.0683354 0.121058
128.028 20.0566 0.0616575 0.0631763
128.049 19.8702 0.060808 0.160695
127.76 19.5942 0.0667577 0.0119818
127.96 19.6766 0.0634773 0.120047
127.813 20.0018 0.0683354 0.121058
127.813 20.0018 0.0683354 0.121058
127.858 20.0648 0.0660758 0.0842034
128.205 19.9268 0.06743 0.0587936
127.822 20.094 0.0646667 0.0325882
127.797 19.836 0.0617214 0.0560346
127.96 19.6766 0.0634773 0.120047
127.858 20.0648 0.0660758 0.0842034
128.205 19.9268 0.06743 0.0587936
128.049 19.8702 0.060808 0.160695
128.047 19.957 0.0598665 0.0802604
127.813 20.0018 0.0683354 0.121058
127.998 19.7917 0.0778188 0.00280304
128.028 20.0566 0.0616575 0.0631763
128.049 19.8702 0.060808 0.160695
128.049 19.8702 0.060808 0.160695
128.047 19.957 0.0598665 0.0802604
127.96 19.6766 0.0634773 0.120047
127.813 20.0018 0.0683354 0.121058
128.239 19.6394 0.0690053 0.00488821
127.902 19.8212 0.0780036 0.0041296
128.049 19.8702 0.060808 0.160695
127.505 19.8563 0.0633313 0.000138563
128.086 20.1349 0.063274 0.0220778
127.822 20.094 0.0646667 0.0325882
127.797 19.836 0.0617214 0.0560346
128.049 19.8702 0.060808 0.160695
127.76 19.5942 0.0667577 0.0119818
127.813 20.0018 0.0683354 0.121058
127.858 20.0648 0.0660758 0.0842034
127.757 19.5815 0.0723731 0.00443204
127.757 19.5815 0.0723731 0.00443204
127.797 19.836 0.0617214 0.0560346
128.049 19.8702 0.060808 0.160695
128.049 19.8702 0.060808 0.160695
128.047 19.957 0.0598665 0.0802604
127.96 19.6766 0.0634773 0.120047
127.813 20.0018 0.0683354 0.121058
127.647 19.7666 0.0690105 0.014656
127.822 20.094 0.0646667 0.0325882
127.797 19.836 0.0617214 0.0560346
127.797 19.836 0.0617214 0.0560346
128.047 19.957 0.0598665 0.0802604
127.813 20.0018 0.0683354 0.121058
128.028 20.0566 0.0616575 0.0631763
128.205 19.9268 0.06743 0.0587936
128.049 19.8702 0.060808 0.160695
128.047 19.957 0.0598665 0.0802604
127.813 20.0018 0.0683354 0.121058
127.647 19.7666 0.0690105 0.014656
128.205 19.9268 0.06743 0.0587936
128.049 19.8702 0.060808 0.160695
128.047 19.957 0.0598665 0.0802604
127.858 20.0648 0.0660758 0.0842034
128.028 20.0566 0.0616575 0.0631763
128.028 20.0566 0.0616575 0.0631763
127.822 20.094 0.0646667 0.0325882
128.112 20.003 0.0764583 0.00145228
127.934 20.0853 0.0578941 0.00526191
128.047 19.957 0.0598665 0.0802604
127.76 19.5942 0.0667577 0.0119818
127.813 20.0018 0.0683354 0.121058
127.858 20.0648 0.0660758 0.0842034
127.757 19.5815 0.0723731 0.00443204
127.899 19.5979 0.0637762 0.0313348
127.797 19.836 0.0617214 0.0560346
128.049 19.8702 0.060808 0.160695
128.047 19.957 0.0598665 0.0802604
127.813 20.0018 0.0683354 0.121058
127.757 19.5815 0.0723731 0.00443204
128.028 20.0566 0.0616575 0.0631763
127.822 20.094 0.0646667 0.0325882
127.822 20.094 0.0646667 0.0325882
127.797 19.836 0.0617214 0.0560346
127.797 19.836 0.0617214 0.0560346
128.049 19.8702 0.060808 0.160695
127.813 20.0018 0.0683354 0.121058
128.239 19.6394 0.0690053 0.00488821
128.205 19.9268 0.06743 0.0587936
128.049 19.8702 0.060808 0.160695
127.76 19.5942 0.0667577 0.0119818
127.96 19.6766 0.0634773 0.120047
127.813 20.0018 0.0683354 0.121058
128.238 19.6805 0.0664639 0.015672
127.797 19.836 0.0617214 0.0560346
