-11.4061 -93.9168 2.86036 0.0729607
-11.0754 -94.137 2.86493 0.0903227
-11.4317 -93.883 2.86546 0.0417375
-10.9826 -93.9422 2.87075 0.0315641
-11.398 -93.9006 2.86726 0.046366
-11.0114 -93.9538 2.865 0.0382607
-11.1219 -94.0915 2.8681 0.154187
-11.4061 -93.9168 2.86036 0.0729607
-10.9826 -93.9422 2.87075 0.0315641
-11.089 -93.8041 2.86548 0.0220592
-11.1219 -94.0915 2.8681 0.154187
-11.0754 -94.137 2.86493 0.0903227
-11.4317 -93.883 2.86546 0.0417375
-10.9826 -93.9422 2.87075 0.0315641
-11.398 -93.9006 2.86726 0.046366
-11.2831 -94.1894 2.85939 0.0802121
-11.2831 -94.1894 2.85939 0.0802121
-11.4061 -93.9168 2.86036 0.0729607
-10.9665 -93.9744 2.86935 0.0346218
-11.089 -93.8041 2.86548 0.0220592
-11.0512 -94.1412 2.86993 0.0672992
-11.0114 -93.9538 2.865 0.0382607
-11.1219 -94.0915 2.8681 0.154187
-11.4061 -93.9168 2.86036 0.0729607
-10.945 -94.083 2.86904 0.0299365
-11.0754 -94.137 2.86493 0.0903227
-11.0754 -94.137 2.86493 0.0903227
-10.9665 -93.9744 2.86935 0.0346218
-11.398 -93.9006 2.86726 0.046366
-11.0512 -94.1412 2.86993 0.0672992
-11.2831 -94.1894 2.85939 0.0802121
-10.945 -94.083 2.86904 0.0299365
-10.9596 -93.9773 2.86263 0.00944472
-10.9665 -93.9744 2.86935 0.0346218
-11.398 -93.9006 2.86726 0.046366
-11.0512 -94.1412 2.86993 0.0672992
-11.2831 -94.1894 2.85939 0.0802121
-11.2831 -94.1894 2.85939 0.0802121
-10.945 -94.083 2.86904 0.0299365
-11.0754 -94.137 2.86493 0.0903227
-10.9665 -93.9744 2.86935 0.0346218
-11.0512 -94.1412 2.86993 0.0672992
-11.0512 -94.1412 2.86993 0.0672992
-11.1219 -94.0915 2.8681 0.154187
-11.4061 -93.9168 2.86036 0.0729607
-11.0754 -94.137 2.86493 0.0903227
-11.0754 -94.137 2.86493 0.0903227
-10.9826 -93.9422 2.87075 0.0315641
-11.2089 -93.9728 2.8607 0.0993169
-10.8118 -94.2092 2.87011 0.00162432
-11.0512 -94.1412 2.86993 0.0672992
-11.2831 -94.1894 2.85939 0.0802121
-11.4061 -93.9168 2.86036 0.0729607
-11.4317 -93.883 2.86546 0.0417375
-10.9826 -93.9422 2.87075 0.0315641
-11.2089 -93.9728 2.8607 0.0993169
-11.2831 -94.1894 2.85939 0.0802121
-11.4061 -93.9168 2.86036 0.0729607
-11.0754 -94.137 2.86493 0.0903227
-10.9596 -93.9773 2.86263 0.00944472
-10.9665 -93.9744 2.86935 0.0346218
-11.089 -93.8041 2.86548 0.0220592
-11.0114 -93.9538 2.865 0.0382607
-11.2831 -94.1894 2.85939 0.0802121
-11.1219 -94.0915 2.8681 0.154187
-11.1219 -94.0915 2.8681 0.154187
-11.1219 -94.0915 2.8681 0.154187
-11.1219 -94.0915 2.8681 0.154187
-10.9601 -93.9339 2.8658 0.0188894
-10.9665 -93.9744 2.86935 0.0346218
-11.2089 -93.9728 2.8607 0.0993169
-11.089 -93.8041 2.86548 0.0220592
-11.1818 -94.0141 2.85309 0.00145929
-11.1219 -94.0915 2.8681 0.154187
-11.1219 -94.0915 2.8681 0.154187
-11.4061 -93.9168 2.86036 0.0729607
-11.0754 -94.137 2.86493 0.0903227
-11.3599 -94.3281 2.8646 0.0257574
-11.2089 -93.9728 2.8607 0.0993169
-11.0512 -94.1412 2.86993 0.0672992
-11.2831 -94.1894 2.85939 0.0802121
-11.1219 -94.0915 2.8681 0.154187
-11.1219 -94.0915 2.8681 0.154187
-11.0754 -94.137 2.86493 0.0903227
-11.0754 -94.137 2.86493 0.0903227
-11.4317 -93.883 2.86546 0.0417375
-11.5997 -94.0434 2.8587 0.0186761
-11.089 -93.8041 2.86548 0.0220592
-11.089 -93.8041 2.86548 0.0220592
-11.1219 -94.0915 2.8681 0.154187
-11.4061 -93.9168 2.86036 0.0729607
-11.4061 -93.9168 2.86036 0.0729607
-10.9601 -93.9339 2.8658 0.0188894
-11.2089 -93.9728 2.8607 0.0993169
-11.398 -93.9006 2.86726 0.046366
-11.1219 -94.0915 2.8681 0.154187
-11.1219 -94.0915 2.8681 0.154187
-11.0754 -94.137 2.86493 0.0903227
-11.4317 -93.883 2.86546 0.0417375
-10.9826 -93.9422 2.87075 0.0315641
