204.912 -10.7518 3.07386 0.0621384
205.061 -10.7359 3.06974 0.128209
204.829 -10.6489 3.06683 0.0492851
204.943 -10.7549 3.07215 0.109388
205.234 -10.5817 3.07592 0.0893409
205.037 -10.6994 3.07551 0.117872
204.814 -10.6912 3.06451 0.0364894
204.979 -10.5931 3.07381 0.107749
204.979 -10.5931 3.07381 0.107749
205.061 -10.7359 3.06974 0.128209
204.829 -10.6489 3.06683 0.0492851
204.943 -10.7549 3.07215 0.109388
205.037 -10.6994 3.07551 0.117872
204.979 -10.5931 3.07381 0.107749
205.406 -10.5494 3.08539 0.00895856
205.061 -10.7359 3.06974 0.128209
205.061 -10.7359 3.06974 0.128209
204.943 -10.7549 3.07215 0.109388
205.266 -10.5501 3.07384 0.0423662
205.037 -10.6994 3.07551 0.117872
205.037 -10.6994 3.07551 0.117872
204.979 -10.5931 3.07381 0.107749
204.979 -10.5931 3.07381 0.107749
204.912 -10.7518 3.07386 0.0621384
205.061 -10.7359 3.06974 0.128209
204.829 -10.6489 3.06683 0.0492851
205.032 -10.8519 3.08072 0.00330116
205.234 -10.5817 3.07592 0.0893409
205.266 -10.5501 3.07384 0.0423662
204.887 -10.8224 3.06591 0.0672499
204.887 -10.8224 3.06591 0.0672499
204.912 -10.7518 3.07386 0.0621384
205.061 -10.7359 3.06974 0.128209
204.943 -10.7549 3.07215 0.109388
204.943 -10.7549 3.07215 0.109388
205.037 -10.6994 3.07551 0.117872
205.037 -10.6994 3.07551 0.117872
205.037 -10.6994 3.07551 0.117872
204.887 -10.8224 3.06591 0.0672499
204.979 -10.5931 3.07381 0.107749
205.061 -10.7359 3.06974 0.128209
204.906 -10.537 3.07185 0.0520926
205.234 -10.5817 3.07592 0.0893409
205.266 -10.5501 3.07384 0.0423662
205.096 -10.8946 3.0778 0.012198
204.887 -10.8224 3.06591 0.0672499
204.979 -10.5931 3.07381 0.107749
205.024 -10.8998 3.06416 0.0207551
204.829 -10.6489 3.06683 0.0492851
204.829 -10.6489 3.06683 0.0492851
204.943 -10.7549 3.07215 0.109388
205.266 -10.5501 3.07384 0.0423662
204.887 -10.8224 3.06591 0.0672499
204.979 -10.5931 3.07381 0.107749
205.061 -10.7359 3.06974 0.128209
204.906 -10.537 3.07185 0.0520926
204.943 -10.7549 3.07215 0.109388
205.266 -10.5501 3.07384 0.0423662
204.887 -10.8224 3.06591 0.0672499
204.979 -10.5931 3.07381 0.107749
205.061 -10.7359 3.06974 0.128209
205.061 -10.7359 3.06974 0.128209
204.943 -10.7549 3.07215 0.109388
204.943 -10.7549 3.07215 0.109388
205.266 -10.5501 3.07384 0.0423662
205.037 -10.6994 3.07551 0.117872
204.887 -10.8224 3.06591 0.0672499
204.887 -10.8224 3.06591 0.0672499
204.979 -10.5931 3.07381 0.107749
205.061 -10.7359 3.06974 0.128209
205.061 -10.7359 3.06974 0.128209
204.906 -10.537 3.07185 0.0520926
205.234 -10.5817 3.07592 0.0893409
205.266 -10.5501 3.07384 0.0423662
205.011 -10.809 3.0791 0.0121092
204.979 -10.5931 3.07381 0.107749
205.061 -10.7359 3.06974 0.128209
204.829 -10.6489 3.06683 0.0492851
204.943 -10.7549 3.07215 0.109388
204.943 -10.7549 3.07215 0.109388
204.943 -10.7549 3.07215 0.109388
205.266 -10.5501 3.07384 0.0423662
205.266 -10.5501 3.07384 0.0423662
204.887 -10.8224 3.06591 0.0672499
205.024 -10.8998 3.06416 0.0207551
205.061 -10.7359 3.06974 0.128209
205.061 -10.7359 3.06974 0.128209
204.829 -10.6489 3.06683 0.0492851
204.943 -10.7549 3.07215 0.109388
204.943 -10.7549 3.07215 0.109388
205.266 -10.5501 3.07384 0.0423662
205.037 -10.6994 3.07551 0.117872
204.887 -10.8224 3.06591 0.0672499
204.861 -10.662 3.07814 0.00794386
204.912 -10.7518 3.07386 0.0621384
204.906 -10.537 3.07185 0.0520926
204.906 -10.537 3.07185 0.0520926
205.266 -10.5501 3.07384 0.0423662
205.266 -10.5501 3.07384 0.0423662
205.037 -10.6994 3.07551 0.117872
