-31.0915 -19.2608 1.03689 0.0152239
-31.0863 -19.4427 1.04116 0.286339
-31.0863 -19.4427 1.04116 0.286339
-30.8052 -19.4272 1.04399 0.150388
-31.0871 -19.2012 1.04468 0.0104983
-30.8052 -19.4272 1.04399 0.150388
-30.8052 -19.4272 1.04399 0.150388
-30.9894 -19.3837 1.04879 0.0890786
-31.0863 -19.4427 1.04116 0.286339
-30.8052 -19.4272 1.04399 0.150388
-30.9894 -19.3837 1.04879 0.0890786
-31.0863 -19.4427 1.04116 0.286339
-30.9733 -19.5766 1.05095 0.118147
-31.0863 -19.4427 1.04116 0.286339
-31.0472 -19.2137 1.04879 0.00173822
-31.0863 -19.4427 1.04116 0.286339
-30.8052 -19.4272 1.04399 0.150388
-31.145 -19.6564 1.04848 0.124182
-31.0863 -19.4427 1.04116 0.286339
-31.1283 -19.2522 1.04036 0.0284184
-30.9894 -19.3837 1.04879 0.0890786
-31.0863 -19.4427 1.04116 0.286339
-31.1073 -19.1701 1.0444 0.00406194
-31.145 -19.6564 1.04848 0.124182
-30.8052 -19.4272 1.04399 0.150388
-30.9733 -19.5766 1.05095 0.118147
-31.0863 -19.4427 1.04116 0.286339
-31.0863 -19.4427 1.04116 0.286339
-31.1283 -19.2522 1.04036 0.0284184
-30.9894 -19.3837 1.04879 0.0890786
-31.0863 -19.4427 1.04116 0.286339
-30.8052 -19.4272 1.04399 0.150388
-31.145 -19.6564 1.04848 0.124182
-30.8052 -19.4272 1.04399 0.150388
-31.1283 -19.2522 1.04036 0.0284184
-31.145 -19.6564 1.04848 0.124182
-30.8052 -19.4272 1.04399 0.150388
-31.1283 -19.2522 1.04036 0.0284184
-31.256 -19.5757 1.04446 0.0267945
-31.0863 -19.4427 1.04116 0.286339
-30.8052 -19.4272 1.04399 0.150388
-31.0587 -19.166 1.04243 0.00944851
-31.0911 -19.739 1.04395 0.0300143
-30.8052 -19.4272 1.04399 0.150388
-31.1283 -19.2522 1.04036 0.0284184
-30.9632 -19.4385 1.03479 0.0127864
-31.0863 -19.4427 1.04116 0.286339
-30.9615 -19.1909 1.04439 0.0127596
-30.9894 -19.3837 1.04879 0.0890786
-31.0863 -19.4427 1.04116 0.286339
-31.0863 -19.4427 1.04116 0.286339
-31.0863 -19.4427 1.04116 0.286339
-30.8052 -19.4272 1.04399 0.150388
-30.9733 -19.5766 1.05095 0.118147
-30.9733 -19.5766 1.05095 0.118147
-31.0863 -19.4427 1.04116 0.286339
-30.9733 -19.5766 1.05095 0.118147
-30.9894 -19.3837 1.04879 0.0890786
-31.0587 -19.166 1.04243 0.00944851
-30.8052 -19.4272 1.04399 0.150388
-30.8052 -19.4272 1.04399 0.150388
-30.8052 -19.4272 1.04399 0.150388
-30.9632 -19.4385 1.03479 0.0127864
-31.0863 -19.4427 1.04116 0.286339
-31.0863 -19.4427 1.04116 0.286339
-31.0863 -19.4427 1.04116 0.286339
-30.9894 -19.3837 1.04879 0.0890786
-31.256 -19.5757 1.04446 0.0267945
-31.0863 -19.4427 1.04116 0.286339
-31.0863 -19.4427 1.04116 0.286339
-30.8052 -19.4272 1.04399 0.150388
-30.9733 -19.5766 1.05095 0.118147
-31.0863 -19.4427 1.04116 0.286339
-30.9733 -19.5766 1.05095 0.118147
-31.0863 -19.4427 1.04116 0.286339
-30.9894 -19.3837 1.04879 0.0890786
-31.0863 -19.4427 1.04116 0.286339
-31.0863 -19.4427 1.04116 0.286339
-31.145 -19.6564 1.04848 0.124182
-30.8052 -19.4272 1.04399 0.150388
-30.9894 -19.3837 1.04879 0.0890786
-31.145 -19.6564 1.04848 0.124182
-31.0863 -19.4427 1.04116 0.286339
-31.0863 -19.4427 1.04116 0.286339
-30.8345 -19.4828 1.03639 0.0218339
-31.1283 -19.2522 1.04036 0.0284184
-30.9632 -19.4385 1.03479 0.0127864
-31.0863 -19.4427 1.04116 0.286339
-31.0863 -19.4427 1.04116 0.286339
-31.0863 -19.4427 1.04116 0.286339
-30.9217 -19.1349 1.03648 0.00440874
-31.1608 -19.7669 1.04957 0.0213118
-31.0863 -19.4427 1.04116 0.286339
-30.9733 -19.5766 1.05095 0.118147
-31.0911 -19.739 1.04395 0.0300143
-30.8052 -19.4272 1.04399 0.150388
-31.145 -19.6564 1.04848 0.124182
-31.0863 -19.4427 1.04116 0.286339
-30.9632 -19.4385 1.03479 0.0127864
-31.0863 -19.4427 1.04116 0.286339
