159.547 -12.2232 3.26528 0.00218209
159.478 -12.6404 3.27286 0.277871
160.141 -12.6548 3.28872 0.0040362
159.552 -12.4702 3.27633 0.0981799
159.624 -12.4142 3.26574 0.0434741
160.097 -12.7459 3.28731 0.014096
159.478 -12.6404 3.27286 0.277871
159.478 -12.6404 3.27286 0.277871
159.624 -12.4142 3.26574 0.0434741
159.871 -12.7643 3.28965 0.00413189
159.478 -12.6404 3.27286 0.277871
159.778 -12.7416 3.28098 0.332591
160.051 -12.6678 3.28659 0.0241547
159.478 -12.6404 3.27286 0.277871
159.478 -12.6404 3.27286 0.277871
159.552 -12.4702 3.27633 0.0981799
159.778 -12.7416 3.28098 0.332591
159.552 -12.4702 3.27633 0.0981799
159.478 -12.6404 3.27286 0.277871
159.552 -12.4702 3.27633 0.0981799
159.478 -12.6404 3.27286 0.277871
159.778 -12.7416 3.28098 0.332591
159.651 -12.535 3.28128 0.0559237
159.478 -12.6404 3.27286 0.277871
159.778 -12.7416 3.28098 0.332591
160.092 -12.5379 3.27675 0.007876
160.076 -12.9784 3.28057 0.00252948
159.478 -12.6404 3.27286 0.277871
159.778 -12.7416 3.28098 0.332591
160.051 -12.6678 3.28659 0.0241547
159.478 -12.6404 3.27286 0.277871
159.624 -12.4142 3.26574 0.0434741
159.651 -12.535 3.28128 0.0559237
159.478 -12.6404 3.27286 0.277871
159.778 -12.7416 3.28098 0.332591
159.478 -12.6404 3.27286 0.277871
159.549 -12.4778 3.27921 0.0242658
160.056 -12.5928 3.27943 0.0429921
159.778 -12.7416 3.28098 0.332591
160.076 -12.9784 3.28057 0.00252948
159.778 -12.7416 3.28098 0.332591
159.924 -12.4523 3.2864 0.00364227
159.478 -12.6404 3.27286 0.277871
159.478 -12.6404 3.27286 0.277871
159.778 -12.7416 3.28098 0.332591
159.778 -12.7416 3.28098 0.332591
159.478 -12.6404 3.27286 0.277871
159.549 -12.4778 3.27921 0.0242658
160.092 -12.5379 3.27675 0.007876
160.051 -12.6678 3.28659 0.0241547
159.778 -12.7416 3.28098 0.332591
160.056 -12.5928 3.27943 0.0429921
159.478 -12.6404 3.27286 0.277871
159.778 -12.7416 3.28098 0.332591
159.651 -12.535 3.28128 0.0559237
159.552 -12.4702 3.27633 0.0981799
159.478 -12.6404 3.27286 0.277871
159.778 -12.7416 3.28098 0.332591
159.478 -12.6404 3.27286 0.277871
159.924 -12.4523 3.2864 0.00364227
159.624 -12.4142 3.26574 0.0434741
159.778 -12.7416 3.28098 0.332591
159.778 -12.7416 3.28098 0.332591
159.778 -12.7416 3.28098 0.332591
159.651 -12.535 3.28128 0.0559237
159.478 -12.6404 3.27286 0.277871
160.097 -12.7459 3.28731 0.014096
159.924 -12.4523 3.2864 0.00364227
159.478 -12.6404 3.27286 0.277871
159.778 -12.7416 3.28098 0.332591
159.478 -12.6404 3.27286 0.277871
159.651 -12.535 3.28128 0.0559237
159.552 -12.4702 3.27633 0.0981799
159.778 -12.7416 3.28098 0.332591
159.778 -12.7416 3.28098 0.332591
160.056 -12.5928 3.27943 0.0429921
159.778 -12.7416 3.28098 0.332591
159.478 -12.6404 3.27286 0.277871
159.478 -12.6404 3.27286 0.277871
159.778 -12.7416 3.28098 0.332591
159.478 -12.6404 3.27286 0.277871
159.778 -12.7416 3.28098 0.332591
160.097 -12.7459 3.28731 0.014096
160.009 -12.4657 3.28251 0.0174821
159.478 -12.6404 3.27286 0.277871
159.478 -12.6404 3.27286 0.277871
159.778 -12.7416 3.28098 0.332591
159.552 -12.4702 3.27633 0.0981799
159.478 -12.6404 3.27286 0.277871
159.778 -12.7416 3.28098 0.332591
159.535 -12.3483 3.27473 0.0215616
159.478 -12.6404 3.27286 0.277871
159.552 -12.4702 3.27633 0.0981799
160.051 -12.6678 3.28659 0.0241547
159.478 -12.6404 3.27286 0.277871
159.778 -12.7416 3.28098 0.332591
159.478 -12.6404 3.27286 0.277871
159.651 -12.535 3.28128 0.0559237
159.778 -12.7416 3.28098 0.332591
159.778 -12.7416 3.28098 0.332591
