132.043 -18.9298 3.37188 0.04212
131.937 -19.1332 3.37122 0.0156644
132.063 -18.918 3.3728 0.0582529
132.164 -18.947 3.38777 0.00593552
131.999 -18.8636 3.37678 0.150571
131.999 -18.8636 3.37678 0.150571
132.046 -19.1003 3.37429 0.0638111
131.982 -18.789 3.37887 0.0710859
131.982 -18.789 3.37887 0.0710859
131.976 -19.1536 3.37376 0.0328201
132.039 -18.9746 3.3731 0.0797554
132.042 -19.0013 3.37656 0.189467
131.937 -19.1332 3.37122 0.0156644
132.039 -18.9746 3.3731 0.0797554
131.828 -19.0349 3.37128 0.0205744
132.042 -19.0013 3.37656 0.189467
132.042 -19.0013 3.37656 0.189467
132.101 -19.1508 3.37035 0.0035071
132.063 -18.918 3.3728 0.0582529
132.063 -18.918 3.3728 0.0582529
131.982 -18.789 3.37887 0.0710859
131.949 -19.0986 3.37649 0.0818505
131.999 -18.8636 3.37678 0.150571
132.042 -19.0013 3.37656 0.189467
132.042 -19.0013 3.37656 0.189467
132.042 -19.0013 3.37656 0.189467
132.042 -19.0013 3.37656 0.189467
132.046 -19.1003 3.37429 0.0638111
132.063 -18.918 3.3728 0.0582529
131.949 -19.0986 3.37649 0.0818505
132.039 -18.9746 3.3731 0.0797554
131.999 -18.8636 3.37678 0.150571
132.042 -19.0013 3.37656 0.189467
131.93 -18.8129 3.3773 0.0728463
131.982 -18.789 3.37887 0.0710859
132.039 -18.9746 3.3731 0.0797554
132.042 -19.0013 3.37656 0.189467
132.042 -19.0013 3.37656 0.189467
132.046 -19.1003 3.37429 0.0638111
131.93 -18.8129 3.3773 0.0728463
132.063 -18.918 3.3728 0.0582529
131.949 -19.0986 3.37649 0.0818505
131.999 -18.8636 3.37678 0.150571
132.042 -19.0013 3.37656 0.189467
132.046 -19.1003 3.37429 0.0638111
131.937 -19.1332 3.37122 0.0156644
131.982 -18.789 3.37887 0.0710859
131.949 -19.0986 3.37649 0.0818505
131.999 -18.8636 3.37678 0.150571
132.042 -19.0013 3.37656 0.189467
132.042 -19.0013 3.37656 0.189467
132.042 -19.0013 3.37656 0.189467
131.93 -18.8129 3.3773 0.0728463
132.063 -18.918 3.3728 0.0582529
131.982 -18.789 3.37887 0.0710859
132.039 -18.9746 3.3731 0.0797554
132.042 -19.0013 3.37656 0.189467
132.042 -19.0013 3.37656 0.189467
132.043 -18.9298 3.37188 0.04212
132.168 -18.708 3.38085 0.0204637
131.681 -19.0662 3.37365 0.00320938
131.982 -18.789 3.37887 0.0710859
131.976 -19.1536 3.37376 0.0328201
132.039 -18.9746 3.3731 0.0797554
131.828 -19.0349 3.37128 0.0205744
132.042 -19.0013 3.37656 0.189467
131.93 -18.8129 3.3773 0.0728463
131.982 -18.789 3.37887 0.0710859
132.164 -18.947 3.38777 0.00593552
131.999 -18.8636 3.37678 0.150571
132.042 -19.0013 3.37656 0.189467
132.043 -18.9298 3.37188 0.04212
132.164 -18.947 3.38777 0.00593552
131.949 -19.0986 3.37649 0.0818505
131.999 -18.8636 3.37678 0.150571
132.042 -19.0013 3.37656 0.189467
132.042 -19.0013 3.37656 0.189467
132.042 -19.0013 3.37656 0.189467
132.063 -18.918 3.3728 0.0582529
131.976 -19.1536 3.37376 0.0328201
132.042 -19.0013 3.37656 0.189467
132.168 -18.708 3.38085 0.0204637
132.168 -18.708 3.38085 0.0204637
132.063 -18.918 3.3728 0.0582529
131.999 -18.8636 3.37678 0.150571
131.999 -18.8636 3.37678 0.150571
132.042 -19.0013 3.37656 0.189467
132.063 -18.918 3.3728 0.0582529
132.039 -18.9746 3.3731 0.0797554
132.042 -19.0013 3.37656 0.189467
131.93 -18.8129 3.3773 0.0728463
131.982 -18.789 3.37887 0.0710859
131.794 -19.1025 3.37489 0.0170402
131.999 -18.8636 3.37678 0.150571
132.046 -19.1003 3.37429 0.0638111
131.949 -19.0986 3.37649 0.0818505
131.999 -18.8636 3.37678 0.150571
131.999 -18.8636 3.37678 0.150571
131.999 -18.8636 3.37678 0.150571
132.042 -19.0013 3.37656 0.189467
