157.323 -13.8366 3.30631 0.0937185
157.45 -13.7906 3.30765 0.0243121
157.439 -13.8174 3.31224 0.129398
157.341 -14.0284 3.31011 0.118569
157.413 -13.8677 3.31265 0.207055
157.055 -13.5766 3.30629 0.0204042
157.155 -14.0392 3.30809 0.103527
157.341 -14.0284 3.31011 0.118569
157.413 -13.8677 3.31265 0.207055
157.439 -13.8174 3.31224 0.129398
157.439 -13.8174 3.31224 0.129398
157.439 -13.8174 3.31224 0.129398
157.567 -13.9756 3.31528 0.0432791
157.155 -14.0392 3.30809 0.103527
157.155 -14.0392 3.30809 0.103527
157.189 -14.0358 3.31568 0.0673485
157.323 -13.8366 3.30631 0.0937185
157.45 -13.7906 3.30765 0.0243121
157.439 -13.8174 3.31224 0.129398
157.567 -13.9756 3.31528 0.0432791
157.169 -13.6649 3.31192 0.0496383
157.189 -14.0358 3.31568 0.0673485
157.413 -13.8677 3.31265 0.207055
157.155 -14.0392 3.30809 0.103527
157.067 -13.6532 3.30433 0.0624927
157.341 -14.0284 3.31011 0.118569
157.541 -13.8688 3.32687 0.000432424
157.413 -13.8677 3.31265 0.207055
157.439 -13.8174 3.31224 0.129398
157.439 -13.8174 3.31224 0.129398
157.341 -14.0284 3.31011 0.118569
157.64 -13.833 3.31721 0.0116722
157.189 -14.0358 3.31568 0.0673485
157.413 -13.8677 3.31265 0.207055
157.413 -13.8677 3.31265 0.207055
157.439 -13.8174 3.31224 0.129398
157.439 -13.8174 3.31224 0.129398
157.341 -14.0284 3.31011 0.118569
157.341 -14.0284 3.31011 0.118569
157.323 -13.8366 3.30631 0.0937185
157.413 -13.8677 3.31265 0.207055
157.439 -13.8174 3.31224 0.129398
157.439 -13.8174 3.31224 0.129398
157.155 -14.0392 3.30809 0.103527
157.64 -13.833 3.31721 0.0116722
157.413 -13.8677 3.31265 0.207055
157.567 -13.9756 3.31528 0.0432791
157.155 -14.0392 3.30809 0.103527
157.169 -13.6649 3.31192 0.0496383
157.323 -13.8366 3.30631 0.0937185
157.323 -13.8366 3.30631 0.0937185
157.439 -13.8174 3.31224 0.129398
157.116 -13.7497 3.31542 0.0151369
157.189 -14.0358 3.31568 0.0673485
157.323 -13.8366 3.30631 0.0937185
157.37 -13.6371 3.31572 0.0131042
157.439 -13.8174 3.31224 0.129398
157.341 -14.0284 3.31011 0.118569
157.323 -13.8366 3.30631 0.0937185
157.413 -13.8677 3.31265 0.207055
157.413 -13.8677 3.31265 0.207055
157.413 -13.8677 3.31265 0.207055
157.413 -13.8677 3.31265 0.207055
157.413 -13.8677 3.31265 0.207055
157.439 -13.8174 3.31224 0.129398
157.155 -14.0392 3.30809 0.103527
157.341 -14.0284 3.31011 0.118569
157.323 -13.8366 3.30631 0.0937185
157.439 -13.8174 3.31224 0.129398
157.439 -13.8174 3.31224 0.129398
157.155 -14.0392 3.30809 0.103527
157.155 -14.0392 3.30809 0.103527
157.341 -14.0284 3.31011 0.118569
157.341 -14.0284 3.31011 0.118569
157.413 -13.8677 3.31265 0.207055
157.439 -13.8174 3.31224 0.129398
157.567 -13.9756 3.31528 0.0432791
157.155 -14.0392 3.30809 0.103527
157.169 -13.6649 3.31192 0.0496383
157.189 -14.0358 3.31568 0.0673485
157.413 -13.8677 3.31265 0.207055
157.439 -13.8174 3.31224 0.129398
157.341 -14.0284 3.31011 0.118569
157.189 -14.0358 3.31568 0.0673485
157.45 -13.7906 3.30765 0.0243121
157.439 -13.8174 3.31224 0.129398
157.155 -14.0392 3.30809 0.103527
157.341 -14.0284 3.31011 0.118569
157.323 -13.8366 3.30631 0.0937185
157.439 -13.8174 3.31224 0.129398
157.067 -13.6532 3.30433 0.0624927
157.323 -13.8366 3.30631 0.0937185
157.323 -13.8366 3.30631 0.0937185
157.439 -13.8174 3.31224 0.129398
157.412 -13.9945 3.32459 0.00319282
157.341 -14.0284 3.31011 0.118569
157.413 -13.8677 3.31265 0.207055
157.413 -13.8677 3.31265 0.207055
157.439 -13.8174 3.31224 0.129398
157.341 -14.0284 3.31011 0.118569
