33.8592 -78.0462 3.90839 0.110309
33.8592 -78.0462 3.90839 0.110309
34.0686 -77.9494 3.91327 0.0425521
33.658 -77.8722 3.9077 0.0955325
33.658 -77.8722 3.9077 0.0955325
33.8821 -77.923 3.91226 0.195072
33.6533 -77.8312 3.90294 0.0414121
33.6491 -78.103 3.91146 0.00690665
33.8406 -77.7557 3.91045 0.0459988
33.8136 -77.8087 3.91051 0.101418
33.8821 -77.923 3.91226 0.195072
33.6533 -77.8312 3.90294 0.0414121
34.0686 -77.9494 3.91327 0.0425521
33.8136 -77.8087 3.91051 0.101418
33.8821 -77.923 3.91226 0.195072
33.9692 -78.0423 3.91177 0.0949226
33.8592 -78.0462 3.90839 0.110309
33.8406 -77.7557 3.91045 0.0459988
33.674 -78.0804 3.90527 0.0264772
33.8136 -77.8087 3.91051 0.101418
33.8368 -77.9569 3.91618 0.0194872
33.658 -77.8722 3.9077 0.0955325
33.8821 -77.923 3.91226 0.195072
33.7637 -77.7925 3.91344 0.0121285
33.8406 -77.7557 3.91045 0.0459988
33.8136 -77.8087 3.91051 0.101418
33.8821 -77.923 3.91226 0.195072
33.9889 -77.9598 3.91096 0.103527
33.7637 -77.7925 3.91344 0.0121285
33.8592 -78.0462 3.90839 0.110309
33.8592 -78.0462 3.90839 0.110309
33.8136 -77.8087 3.91051 0.101418
33.8821 -77.923 3.91226 0.195072
33.9692 -78.0423 3.91177 0.0949226
33.8136 -77.8087 3.91051 0.101418
33.8092 -77.8689 3.91828 0.000736231
33.8821 -77.923 3.91226 0.195072
33.6533 -77.8312 3.90294 0.0414121
33.8592 -78.0462 3.90839 0.110309
33.8592 -78.0462 3.90839 0.110309
33.658 -77.8722 3.9077 0.0955325
33.9889 -77.9598 3.91096 0.103527
33.9692 -78.0423 3.91177 0.0949226
33.8592 -78.0462 3.90839 0.110309
33.6392 -77.8229 3.91188 0.00582332
33.8821 -77.923 3.91226 0.195072
33.9889 -77.9598 3.91096 0.103527
33.9889 -77.9598 3.91096 0.103527
34.0686 -77.9494 3.91327 0.0425521
33.8136 -77.8087 3.91051 0.101418
33.8821 -77.923 3.91226 0.195072
33.8821 -77.923 3.91226 0.195072
33.9889 -77.9598 3.91096 0.103527
33.9692 -78.0423 3.91177 0.0949226
33.8592 -78.0462 3.90839 0.110309
33.8368 -77.9569 3.91618 0.0194872
33.658 -77.8722 3.9077 0.0955325
33.8821 -77.923 3.91226 0.195072
33.9889 -77.9598 3.91096 0.103527
34.0686 -77.9494 3.91327 0.0425521
33.8136 -77.8087 3.91051 0.101418
33.8821 -77.923 3.91226 0.195072
33.9889 -77.9598 3.91096 0.103527
33.9692 -78.0423 3.91177 0.0949226
33.9292 -77.9787 3.90512 0.0130308
33.7613 -77.7311 3.90429 0.0195306
33.674 -78.0804 3.90527 0.0264772
33.8821 -77.923 3.91226 0.195072
33.9889 -77.9598 3.91096 0.103527
33.9692 -78.0423 3.91177 0.0949226
33.4901 -77.8655 3.90522 0.00705475
33.8821 -77.923 3.91226 0.195072
33.6533 -77.8312 3.90294 0.0414121
33.7637 -77.7925 3.91344 0.0121285
33.674 -78.0804 3.90527 0.0264772
33.8821 -77.923 3.91226 0.195072
33.8821 -77.923 3.91226 0.195072
33.8821 -77.923 3.91226 0.195072
33.8821 -77.923 3.91226 0.195072
33.9889 -77.9598 3.91096 0.103527
34.2602 -78.012 3.91606 0.000700025
33.8592 -78.0462 3.90839 0.110309
33.674 -78.0804 3.90527 0.0264772
33.6392 -77.8229 3.91188 0.00582332
33.9889 -77.9598 3.91096 0.103527
33.8592 -78.0462 3.90839 0.110309
33.8592 -78.0462 3.90839 0.110309
34.0686 -77.9494 3.91327 0.0425521
33.9292 -77.9787 3.90512 0.0130308
33.8406 -77.7557 3.91045 0.0459988
33.674 -78.0804 3.90527 0.0264772
33.8136 -77.8087 3.91051 0.101418
33.8821 -77.923 3.91226 0.195072
33.9889 -77.9598 3.91096 0.103527
33.8592 -78.0462 3.90839 0.110309
33.6988 -77.9188 3.90072 0.00997276
33.658 -77.8722 3.9077 0.0955325
33.6533 -77.8312 3.90294 0.0414121
33.8592 -78.0462 3.90839 0.110309
33.8136 -77.8087 3.91051 0.101418
