71.5655 15.6935 0.101568 0.0917161
71.5655 15.6935 0.101568 0.0917161
71.5655 15.6935 0.101568 0.0917161
71.6511 15.5514 0.0936781 0.0409559
71.6554 15.7117 0.0969839 0.0704177
71.4031 15.7629 0.104704 0.0436442
71.5205 15.6961 0.100542 0.0988748
71.4319 15.4838 0.100791 0.0376842
71.5862 15.5589 0.102377 0.0631279
71.9056 15.6079 0.0911339 0.00332446
71.5655 15.6935 0.101568 0.0917161
71.6052 15.6192 0.100184 0.08628
71.6511 15.5514 0.0936781 0.0409559
71.6554 15.7117 0.0969839 0.0704177
71.5659 15.6001 0.098353 0.0904403
71.5205 15.6961 0.100542 0.0988748
71.5205 15.6961 0.100542 0.0988748
71.6121 15.7687 0.092876 0.041916
71.6623 15.7806 0.0976666 0.0547507
71.5862 15.5589 0.102377 0.0631279
71.7196 15.3431 0.0919753 0.00294964
71.6052 15.6192 0.100184 0.08628
71.6554 15.7117 0.0969839 0.0704177
71.5659 15.6001 0.098353 0.0904403
71.5659 15.6001 0.098353 0.0904403
71.5205 15.6961 0.100542 0.0988748
71.4319 15.4838 0.100791 0.0376842
71.5177 15.3391 0.0946148 0.00664752
71.5862 15.5589 0.102377 0.0631279
71.3828 15.6485 0.0862429 0.00286251
71.665 15.6152 0.0861617 0.00716422
71.5655 15.6935 0.101568 0.0917161
71.6554 15.7117 0.0969839 0.0704177
71.5659 15.6001 0.098353 0.0904403
71.5659 15.6001 0.098353 0.0904403
71.5659 15.6001 0.098353 0.0904403
71.4031 15.7629 0.104704 0.0436442
71.5205 15.6961 0.100542 0.0988748
71.6623 15.7806 0.0976666 0.0547507
71.6175 15.7636 0.108605 0.0177451
71.6175 15.7636 0.108605 0.0177451
71.6175 15.7636 0.108605 0.0177451
71.5862 15.5589 0.102377 0.0631279
71.7312 15.5053 0.083057 0.000968528
71.5655 15.6935 0.101568 0.0917161
71.6511 15.5514 0.0936781 0.0409559
71.5659 15.6001 0.098353 0.0904403
71.5205 15.6961 0.100542 0.0988748
71.6623 15.7806 0.0976666 0.0547507
71.6175 15.7636 0.108605 0.0177451
71.6818 15.6277 0.0916678 0.0327992
71.5862 15.5589 0.102377 0.0631279
71.7055 15.4267 0.0884836 0.00402878
71.5655 15.6935 0.101568 0.0917161
71.6511 15.5514 0.0936781 0.0409559
71.5659 15.6001 0.098353 0.0904403
71.4031 15.7629 0.104704 0.0436442
71.5205 15.6961 0.100542 0.0988748
71.6121 15.7687 0.092876 0.041916
71.4388 15.3457 0.0941045 0.00501725
71.4801 15.9878 0.100527 0.00985051
71.5409 15.737 0.0820947 0.00101572
71.5655 15.6935 0.101568 0.0917161
71.7512 15.5446 0.0918084 0.0163774
71.6554 15.7117 0.0969839 0.0704177
71.6554 15.7117 0.0969839 0.0704177
71.4031 15.7629 0.104704 0.0436442
71.4319 15.4838 0.100791 0.0376842
71.284 15.5735 0.098389 0.0188112
71.6623 15.7806 0.0976666 0.0547507
71.6818 15.6277 0.0916678 0.0327992
71.3457 15.8218 0.0930009 0.0107726
71.8466 15.6973 0.101293 0.0101012
71.6385 15.9302 0.0936121 0.0117862
71.6511 15.5514 0.0936781 0.0409559
71.7247 15.4138 0.0930465 0.00829692
71.5659 15.6001 0.098353 0.0904403
71.4031 15.7629 0.104704 0.0436442
71.5205 15.6961 0.100542 0.0988748
71.4319 15.4838 0.100791 0.0376842
71.5862 15.5589 0.102377 0.0631279
71.5862 15.5589 0.102377 0.0631279
71.2283 15.7089 0.0919895 0.0030984
71.9983 15.793 0.0952733 0.000756289
71.5655 15.6935 0.101568 0.0917161
71.6052 15.6192 0.100184 0.08628
71.5659 15.6001 0.098353 0.0904403
71.5659 15.6001 0.098353 0.0904403
71.5205 15.6961 0.100542 0.0988748
71.6623 15.7806 0.0976666 0.0547507
71.6175 15.7636 0.108605 0.0177451
71.8466 15.6973 0.101293 0.0101012
71.5655 15.6935 0.101568 0.0917161
71.6052 15.6192 0.100184 0.08628
71.6511 15.5514 0.0936781 0.0409559
71.7512 15.5446 0.0918084 0.0163774
71.4031 15.7629 0.104704 0.0436442
71.5205 15.6961 0.100542 0.0988748
71.284 15.5735 0.098389 0.0188112
71.6623 15.7806 0.0976666 0.0547507
