237.302 27.7719 0.0848586 0.0800371
237.169 27.7738 0.0810839 0.336583
237.169 27.7738 0.0810839 0.336583
237.295 27.9154 0.0814322 0.144201
237.169 27.7738 0.0810839 0.336583
237.295 27.9154 0.0814322 0.144201
237.169 27.7738 0.0810839 0.336583
237.302 27.7719 0.0848586 0.0800371
237.302 27.7719 0.0848586 0.0800371
237.169 27.7738 0.0810839 0.336583
237.015 27.7533 0.0812667 0.0856476
237.268 27.7243 0.0783497 0.0605808
237.091 27.8879 0.0771258 0.0432359
237.015 27.7533 0.0812667 0.0856476
237.094 27.7995 0.0894834 0.0269174
237.169 27.7738 0.0810839 0.336583
237.302 27.7719 0.0848586 0.0800371
236.997 28.031 0.0832251 0.0140483
237.092 27.9658 0.0859203 0.0555325
237.295 27.9154 0.0814322 0.144201
237.302 27.7719 0.0848586 0.0800371
237.094 27.7995 0.0894834 0.0269174
237.169 27.7738 0.0810839 0.336583
237.295 27.9154 0.0814322 0.144201
237.07 27.6327 0.0784719 0.00679942
237.169 27.7738 0.0810839 0.336583
237.184 28.0406 0.0829019 0.040965
237.302 27.7719 0.0848586 0.0800371
237.169 27.7738 0.0810839 0.336583
237.091 27.8879 0.0771258 0.0432359
237.295 27.9154 0.0814322 0.144201
237.169 27.7738 0.0810839 0.336583
237.268 27.7243 0.0783497 0.0605808
237.295 27.9154 0.0814322 0.144201
237.169 27.7738 0.0810839 0.336583
237.295 27.9154 0.0814322 0.144201
237.015 27.7533 0.0812667 0.0856476
237.169 27.7738 0.0810839 0.336583
237.268 27.7243 0.0783497 0.0605808
237.015 27.7533 0.0812667 0.0856476
237.169 27.7738 0.0810839 0.336583
237.092 27.9658 0.0859203 0.0555325
237.092 27.9658 0.0859203 0.0555325
237.169 27.7738 0.0810839 0.336583
237.091 27.8879 0.0771258 0.0432359
237.169 27.7738 0.0810839 0.336583
237.169 27.7738 0.0810839 0.336583
237.092 27.9658 0.0859203 0.0555325
237.188 28.0544 0.0816449 0.0368407
237.169 27.7738 0.0810839 0.336583
237.295 27.9154 0.0814322 0.144201
237.169 27.7738 0.0810839 0.336583
237.021 27.8356 0.0769009 0.0118602
237.07 27.6327 0.0784719 0.00679942
237.015 27.7533 0.0812667 0.0856476
237.169 27.7738 0.0810839 0.336583
237.268 27.7243 0.0783497 0.0605808
237.184 28.0406 0.0829019 0.040965
237.052 27.9807 0.0880116 0.0101862
237.021 27.8356 0.0769009 0.0118602
237.302 27.7719 0.0848586 0.0800371
237.169 27.7738 0.0810839 0.336583
237.091 27.8879 0.0771258 0.0432359
237.188 28.0544 0.0816449 0.0368407
237.015 27.7533 0.0812667 0.0856476
237.169 27.7738 0.0810839 0.336583
237.268 27.7243 0.0783497 0.0605808
237.169 27.7738 0.0810839 0.336583
237.268 27.7243 0.0783497 0.0605808
237.295 27.9154 0.0814322 0.144201
237.169 27.7738 0.0810839 0.336583
237.169 27.7738 0.0810839 0.336583
237.295 27.9154 0.0814322 0.144201
237.169 27.7738 0.0810839 0.336583
237.015 27.7533 0.0812667 0.0856476
237.169 27.7738 0.0810839 0.336583
237.184 28.0406 0.0829019 0.040965
237.169 27.7738 0.0810839 0.336583
237.169 27.7738 0.0810839 0.336583
237.429 27.7554 0.0779241 0.00710939
237.295 27.9154 0.0814322 0.144201
237.169 27.7738 0.0810839 0.336583
237.169 27.7738 0.0810839 0.336583
237.169 27.7738 0.0810839 0.336583
237.302 27.7719 0.0848586 0.0800371
237.091 27.8879 0.0771258 0.0432359
237.092 27.9658 0.0859203 0.0555325
237.169 27.7738 0.0810839 0.336583
237.268 27.7243 0.0783497 0.0605808
237.015 27.7533 0.0812667 0.0856476
237.091 27.8879 0.0771258 0.0432359
237.302 27.7719 0.0848586 0.0800371
237.169 27.7738 0.0810839 0.336583
237.091 27.8879 0.0771258 0.0432359
237.295 27.9154 0.0814322 0.144201
237.015 27.7533 0.0812667 0.0856476
237.169 27.7738 0.0810839 0.336583
237.169 27.7738 0.0810839 0.336583
237.091 27.8879 0.0771258 0.0432359
237.092 27.9658 0.0859203 0.0555325
