174.384 -11.0034 3.22376 0.0840538
174.187 -10.9053 3.2242 0.205801
174.258 -10.9701 3.2228 0.177282
174.315 -11.061 3.228 0.0487939
174.413 -10.8596 3.23453 0.010238
174.258 -10.9377 3.23432 0.00296287
174.187 -10.9053 3.2242 0.205801
174.258 -10.9701 3.2228 0.177282
174.384 -11.0034 3.22376 0.0840538
174.258 -10.9377 3.23432 0.00296287
174.187 -10.9053 3.2242 0.205801
174.187 -10.9053 3.2242 0.205801
174.187 -10.9053 3.2242 0.205801
174.258 -10.9701 3.2228 0.177282
174.384 -11.0034 3.22376 0.0840538
174.248 -10.6598 3.22987 0.0117738
174.187 -10.9053 3.2242 0.205801
174.258 -10.9701 3.2228 0.177282
174.214 -10.973 3.2176 0.0329605
174.308 -10.9614 3.22016 0.0719619
174.187 -10.9053 3.2242 0.205801
174.258 -10.9701 3.2228 0.177282
174.258 -10.9701 3.2228 0.177282
174.214 -10.973 3.2176 0.0329605
174.477 -10.8021 3.22915 0.0657879
174.187 -10.9053 3.2242 0.205801
174.258 -10.9701 3.2228 0.177282
174.315 -11.061 3.228 0.0487939
174.187 -10.9053 3.2242 0.205801
174.258 -10.9701 3.2228 0.177282
174.477 -10.8021 3.22915 0.0657879
174.477 -10.8021 3.22915 0.0657879
174.254 -11.0364 3.22013 0.0470757
174.187 -10.9053 3.2242 0.205801
174.187 -10.9053 3.2242 0.205801
174.187 -10.9053 3.2242 0.205801
174.254 -11.0567 3.22676 0.0578545
174.214 -10.973 3.2176 0.0329605
174.413 -10.8596 3.23453 0.010238
174.187 -10.9053 3.2242 0.205801
174.254 -11.0567 3.22676 0.0578545
174.477 -10.8021 3.22915 0.0657879
173.873 -10.7293 3.22177 0.000614136
174.187 -10.9053 3.2242 0.205801
174.187 -10.9053 3.2242 0.205801
174.258 -10.9701 3.2228 0.177282
174.384 -11.0034 3.22376 0.0840538
174.477 -10.8021 3.22915 0.0657879
174.187 -10.9053 3.2242 0.205801
174.258 -10.9701 3.2228 0.177282
174.254 -11.0567 3.22676 0.0578545
174.452 -10.6824 3.23461 0.00253106
174.243 -11.0436 3.22954 0.0242847
174.187 -10.9053 3.2242 0.205801
174.254 -11.0567 3.22676 0.0578545
174.384 -11.0034 3.22376 0.0840538
174.308 -10.9614 3.22016 0.0719619
174.352 -11.0303 3.21771 0.00575517
174.187 -10.9053 3.2242 0.205801
174.187 -10.9053 3.2242 0.205801
174.258 -10.9701 3.2228 0.177282
174.002 -10.9512 3.21741 0.0140766
174.384 -11.0034 3.22376 0.0840538
174.243 -11.0436 3.22954 0.0242847
174.258 -10.9701 3.2228 0.177282
174.315 -11.061 3.228 0.0487939
174.352 -11.0303 3.21771 0.00575517
174.187 -10.9053 3.2242 0.205801
174.258 -10.9701 3.2228 0.177282
174.254 -11.0567 3.22676 0.0578545
174.084 -10.8109 3.22503 0.0499416
174.084 -10.8109 3.22503 0.0499416
174.315 -11.061 3.228 0.0487939
174.415 -10.9959 3.23225 0.022177
174.248 -10.6598 3.22987 0.0117738
174.258 -10.9701 3.2228 0.177282
174.084 -10.8109 3.22503 0.0499416
174.084 -10.8109 3.22503 0.0499416
174.384 -11.0034 3.22376 0.0840538
174.384 -11.0034 3.22376 0.0840538
174.187 -10.9053 3.2242 0.205801
174.187 -10.9053 3.2242 0.205801
174.084 -10.8109 3.22503 0.0499416
174.214 -10.973 3.2176 0.0329605
174.308 -10.9614 3.22016 0.0719619
174.187 -10.9053 3.2242 0.205801
174.258 -10.9701 3.2228 0.177282
174.002 -10.9512 3.21741 0.0140766
174.243 -11.0436 3.22954 0.0242847
174.308 -10.9614 3.22016 0.0719619
173.953 -10.626 3.21903 0.00101083
174.214 -10.973 3.2176 0.0329605
174.315 -11.061 3.228 0.0487939
174.243 -11.0436 3.22954 0.0242847
174.187 -10.9053 3.2242 0.205801
174.214 -10.973 3.2176 0.0329605
174.315 -11.061 3.228 0.0487939
174.243 -11.0436 3.22954 0.0242847
174.187 -10.9053 3.2242 0.205801
174.258 -10.9701 3.2228 0.177282
