47.3454 -63.4129 3.93032 0.110889
47.2689 -63.19 3.93639 0.2899
47.1649 -63.1523 3.92252 0.0011987
47.4083 -63.0935 3.93258 0.09633
47.1054 -63.2813 3.92924 0.0581557
47.3136 -63.4379 3.93098 0.0897241
47.3454 -63.4129 3.93032 0.110889
47.3136 -63.4379 3.93098 0.0897241
47.1054 -63.2813 3.92924 0.0581557
47.2689 -63.19 3.93639 0.2899
47.5005 -63.0671 3.9398 0.0171208
47.1054 -63.2813 3.92924 0.0581557
47.3454 -63.4129 3.93032 0.110889
47.2689 -63.19 3.93639 0.2899
47.2101 -63.5135 3.9265 0.00647124
47.1677 -63.2872 3.93281 0.182938
47.0555 -63.1408 3.93257 0.0122706
47.1549 -63.1963 3.94011 0.0107869
47.3454 -63.4129 3.93032 0.110889
47.2689 -63.19 3.93639 0.2899
47.4083 -63.0935 3.93258 0.09633
47.3454 -63.4129 3.93032 0.110889
47.1118 -63.0795 3.93154 0.0170758
47.3136 -63.4379 3.93098 0.0897241
47.3454 -63.4129 3.93032 0.110889
47.2689 -63.19 3.93639 0.2899
47.1677 -63.2872 3.93281 0.182938
47.4217 -63.0414 3.92956 0.00925394
47.2689 -63.19 3.93639 0.2899
47.1054 -63.2813 3.92924 0.0581557
47.2689 -63.19 3.93639 0.2899
47.2689 -63.19 3.93639 0.2899
47.1054 -63.2813 3.92924 0.0581557
47.2322 -63.2555 3.94158 0.0117168
47.2689 -63.19 3.93639 0.2899
47.2101 -63.5135 3.9265 0.00647124
47.1677 -63.2872 3.93281 0.182938
47.3454 -63.4129 3.93032 0.110889
47.2689 -63.19 3.93639 0.2899
47.2101 -63.5135 3.9265 0.00647124
47.1677 -63.2872 3.93281 0.182938
47.2689 -63.19 3.93639 0.2899
47.3136 -63.4379 3.93098 0.0897241
47.1677 -63.2872 3.93281 0.182938
47.2689 -63.19 3.93639 0.2899
47.2689 -63.19 3.93639 0.2899
47.2101 -63.5135 3.9265 0.00647124
47.1677 -63.2872 3.93281 0.182938
47.2689 -63.19 3.93639 0.2899
47.3136 -63.4379 3.93098 0.0897241
47.1054 -63.2813 3.92924 0.0581557
47.2689 -63.19 3.93639 0.2899
47.1677 -63.2872 3.93281 0.182938
47.1677 -63.2872 3.93281 0.182938
47.2689 -63.19 3.93639 0.2899
47.3136 -63.4379 3.93098 0.0897241
47.1677 -63.2872 3.93281 0.182938
47.3454 -63.4129 3.93032 0.110889
47.3136 -63.4379 3.93098 0.0897241
47.4391 -63.0278 3.93486 0.0312696
47.3454 -63.4129 3.93032 0.110889
47.2689 -63.19 3.93639 0.2899
47.1677 -63.2872 3.93281 0.182938
47.1054 -63.2813 3.92924 0.0581557
47.2322 -63.2555 3.94158 0.0117168
47.2689 -63.19 3.93639 0.2899
47.4083 -63.0935 3.93258 0.09633
47.3454 -63.4129 3.93032 0.110889
47.3454 -63.4129 3.93032 0.110889
47.3136 -63.4379 3.93098 0.0897241
47.1677 -63.2872 3.93281 0.182938
47.3454 -63.4129 3.93032 0.110889
47.4083 -63.0935 3.93258 0.09633
47.1677 -63.2872 3.93281 0.182938
47.1054 -63.2813 3.92924 0.0581557
47.2689 -63.19 3.93639 0.2899
47.2689 -63.19 3.93639 0.2899
47.3136 -63.4379 3.93098 0.0897241
47.3373 -62.9592 3.93437 0.01092
47.1118 -63.0795 3.93154 0.0170758
47.4083 -63.0935 3.93258 0.09633
47.074 -63.2643 3.93542 0.0170134
47.1118 -63.0795 3.93154 0.0170758
47.1677 -63.2872 3.93281 0.182938
47.2689 -63.19 3.93639 0.2899
47.2689 -63.19 3.93639 0.2899
47.1549 -63.1963 3.94011 0.0107869
47.1054 -63.2813 3.92924 0.0581557
47.2689 -63.19 3.93639 0.2899
47.4391 -63.0278 3.93486 0.0312696
47.074 -63.2643 3.93542 0.0170134
47.4083 -63.0935 3.93258 0.09633
47.1054 -63.2813 3.92924 0.0581557
47.1118 -63.0795 3.93154 0.0170758
47.4083 -63.0935 3.93258 0.09633
47.3454 -63.4129 3.93032 0.110889
47.3454 -63.4129 3.93032 0.110889
47.2689 -63.19 3.93639 0.2899
47.1677 -63.2872 3.93281 0.182938
47.1054 -63.2813 3.92924 0.0581557
