256.728 -18.3117 3.3532 0.171252
256.864 -18.2955 3.35332 0.173814
256.879 -18.3865 3.35407 0.146721
256.749 -18.2591 3.35293 0.180188
256.728 -18.3117 3.3532 0.171252
256.631 -18.1832 3.35278 0.0542209
256.864 -18.2955 3.35332 0.173814
256.864 -18.2955 3.35332 0.173814
256.8 -18.6575 3.35897 0.00182984
256.879 -18.3865 3.35407 0.146721
256.749 -18.2591 3.35293 0.180188
256.632 -18.3034 3.35216 0.0787459
256.864 -18.2955 3.35332 0.173814
256.864 -18.2955 3.35332 0.173814
256.879 -18.3865 3.35407 0.146721
256.749 -18.2591 3.35293 0.180188
256.749 -18.2591 3.35293 0.180188
256.728 -18.3117 3.3532 0.171252
256.632 -18.3034 3.35216 0.0787459
256.864 -18.2955 3.35332 0.173814
257.054 -18.1801 3.36145 0.0837156
256.879 -18.3865 3.35407 0.146721
256.728 -18.3117 3.3532 0.171252
256.728 -18.3117 3.3532 0.171252
256.631 -18.1832 3.35278 0.0542209
257.054 -18.1801 3.36145 0.0837156
256.879 -18.3865 3.35407 0.146721
256.749 -18.2591 3.35293 0.180188
256.632 -18.3034 3.35216 0.0787459
257.054 -18.1801 3.36145 0.0837156
256.749 -18.2591 3.35293 0.180188
256.749 -18.2591 3.35293 0.180188
256.631 -18.1832 3.35278 0.0542209
256.864 -18.2955 3.35332 0.173814
257.054 -18.1801 3.36145 0.0837156
256.879 -18.3865 3.35407 0.146721
256.728 -18.3117 3.3532 0.171252
256.728 -18.3117 3.3532 0.171252
256.728 -18.3117 3.3532 0.171252
256.864 -18.2955 3.35332 0.173814
256.864 -18.2955 3.35332 0.173814
256.879 -18.3865 3.35407 0.146721
256.749 -18.2591 3.35293 0.180188
256.728 -18.0036 3.35624 0.00420369
256.864 -18.2955 3.35332 0.173814
256.879 -18.3865 3.35407 0.146721
256.749 -18.2591 3.35293 0.180188
256.749 -18.2591 3.35293 0.180188
256.728 -18.3117 3.3532 0.171252
256.728 -18.3117 3.3532 0.171252
256.788 -18.0003 3.35205 0.00752808
256.864 -18.2955 3.35332 0.173814
256.879 -18.3865 3.35407 0.146721
256.749 -18.2591 3.35293 0.180188
256.749 -18.2591 3.35293 0.180188
256.728 -18.3117 3.3532 0.171252
256.864 -18.2955 3.35332 0.173814
256.879 -18.3865 3.35407 0.146721
256.749 -18.2591 3.35293 0.180188
256.749 -18.2591 3.35293 0.180188
256.728 -18.3117 3.3532 0.171252
256.631 -18.1832 3.35278 0.0542209
256.864 -18.2955 3.35332 0.173814
256.879 -18.3865 3.35407 0.146721
256.749 -18.2591 3.35293 0.180188
256.749 -18.2591 3.35293 0.180188
256.632 -18.3034 3.35216 0.0787459
256.864 -18.2955 3.35332 0.173814
256.864 -18.2955 3.35332 0.173814
257.054 -18.1801 3.36145 0.0837156
257.022 -18.3969 3.35221 0.00672123
256.879 -18.3865 3.35407 0.146721
256.749 -18.2591 3.35293 0.180188
256.632 -18.3034 3.35216 0.0787459
256.864 -18.2955 3.35332 0.173814
256.789 -18.0683 3.35679 0.0244425
256.879 -18.3865 3.35407 0.146721
256.749 -18.2591 3.35293 0.180188
256.632 -18.3034 3.35216 0.0787459
256.864 -18.2955 3.35332 0.173814
257.022 -18.3969 3.35221 0.00672123
256.749 -18.2591 3.35293 0.180188
256.728 -18.3117 3.3532 0.171252
256.728 -18.3117 3.3532 0.171252
256.864 -18.2955 3.35332 0.173814
256.879 -18.3865 3.35407 0.146721
256.749 -18.2591 3.35293 0.180188
256.728 -18.3117 3.3532 0.171252
256.632 -18.3034 3.35216 0.0787459
256.864 -18.2955 3.35332 0.173814
256.864 -18.2955 3.35332 0.173814
256.754 -18.417 3.36176 0.00999531
256.749 -18.2591 3.35293 0.180188
256.749 -18.2591 3.35293 0.180188
256.631 -18.1832 3.35278 0.0542209
256.789 -18.0683 3.35679 0.0244425
257.283 -18.4888 3.36157 0.00704919
256.749 -18.2591 3.35293 0.180188
256.728 -18.3117 3.3532 0.171252
256.864 -18.2955 3.35332 0.173814
