56.833 -53.8441 3.89575 0.244482
56.7622 -53.8751 3.89167 0.0583731
56.8276 -53.8621 3.90188 0.0358605
56.8375 -53.8867 3.89418 0.131194
56.8894 -53.6561 3.90134 0.164555
56.833 -53.8441 3.89575 0.244482
56.833 -53.8441 3.89575 0.244482
56.7491 -53.6579 3.8974 0.128973
56.6852 -53.6517 3.90025 0.0301044
56.833 -53.8441 3.89575 0.244482
56.8375 -53.8867 3.89418 0.131194
56.833 -53.8441 3.89575 0.244482
56.7622 -53.8751 3.89167 0.0583731
56.8375 -53.8867 3.89418 0.131194
56.8894 -53.6561 3.90134 0.164555
56.8894 -53.6561 3.90134 0.164555
56.8894 -53.6561 3.90134 0.164555
56.833 -53.8441 3.89575 0.244482
56.659 -53.6674 3.89194 0.00826063
56.833 -53.8441 3.89575 0.244482
56.7491 -53.6579 3.8974 0.128973
56.8276 -53.8621 3.90188 0.0358605
56.8271 -53.6767 3.89232 0.0406958
56.833 -53.8441 3.89575 0.244482
56.833 -53.8441 3.89575 0.244482
56.7491 -53.6579 3.8974 0.128973
56.8894 -53.6561 3.90134 0.164555
56.9302 -53.5407 3.90108 0.0337572
56.833 -53.8441 3.89575 0.244482
56.833 -53.8441 3.89575 0.244482
56.7491 -53.6579 3.8974 0.128973
56.8894 -53.6561 3.90134 0.164555
56.833 -53.8441 3.89575 0.244482
56.833 -53.8441 3.89575 0.244482
56.833 -53.8441 3.89575 0.244482
56.7491 -53.6579 3.8974 0.128973
56.8375 -53.8867 3.89418 0.131194
56.7413 -53.4761 3.89503 0.00107063
56.833 -53.8441 3.89575 0.244482
56.8375 -53.8867 3.89418 0.131194
56.8894 -53.6561 3.90134 0.164555
56.6852 -53.6517 3.90025 0.0301044
56.6852 -53.6517 3.90025 0.0301044
56.833 -53.8441 3.89575 0.244482
56.8271 -53.6767 3.89232 0.0406958
56.6852 -53.6517 3.90025 0.0301044
56.833 -53.8441 3.89575 0.244482
56.833 -53.8441 3.89575 0.244482
56.7491 -53.6579 3.8974 0.128973
56.8894 -53.6561 3.90134 0.164555
56.833 -53.8441 3.89575 0.244482
56.8276 -53.8621 3.90188 0.0358605
56.8717 -53.5182 3.89677 0.0131279
56.7917 -53.9226 3.89007 0.0189834
56.8375 -53.8867 3.89418 0.131194
56.8375 -53.8867 3.89418 0.131194
56.6311 -53.6984 3.89891 0.0171512
56.833 -53.8441 3.89575 0.244482
56.833 -53.8441 3.89575 0.244482
56.833 -53.8441 3.89575 0.244482
56.8375 -53.8867 3.89418 0.131194
56.8894 -53.6561 3.90134 0.164555
56.8894 -53.6561 3.90134 0.164555
56.833 -53.8441 3.89575 0.244482
56.8375 -53.8867 3.89418 0.131194
56.833 -53.8441 3.89575 0.244482
56.8375 -53.8867 3.89418 0.131194
56.8271 -53.6767 3.89232 0.0406958
56.833 -53.8441 3.89575 0.244482
56.833 -53.8441 3.89575 0.244482
56.8375 -53.8867 3.89418 0.131194
56.8894 -53.6561 3.90134 0.164555
56.7622 -53.8751 3.89167 0.0583731
56.8375 -53.8867 3.89418 0.131194
56.8375 -53.8867 3.89418 0.131194
56.8717 -53.5182 3.89677 0.0131279
56.833 -53.8441 3.89575 0.244482
56.8375 -53.8867 3.89418 0.131194
56.8894 -53.6561 3.90134 0.164555
56.833 -53.8441 3.89575 0.244482
56.8276 -53.8621 3.90188 0.0358605
56.8375 -53.8867 3.89418 0.131194
56.9302 -53.5407 3.90108 0.0337572
56.7622 -53.8751 3.89167 0.0583731
56.8375 -53.8867 3.89418 0.131194
56.8894 -53.6561 3.90134 0.164555
56.833 -53.8441 3.89575 0.244482
57.0491 -53.8045 3.89273 0.00593969
56.8271 -53.6767 3.89232 0.0406958
56.8894 -53.6561 3.90134 0.164555
56.833 -53.8441 3.89575 0.244482
56.833 -53.8441 3.89575 0.244482
56.7491 -53.6579 3.8974 0.128973
56.8375 -53.8867 3.89418 0.131194
56.8894 -53.6561 3.90134 0.164555
56.8894 -53.6561 3.90134 0.164555
56.833 -53.8441 3.89575 0.244482
56.7622 -53.8751 3.89167 0.0583731
56.8375 -53.8867 3.89418 0.131194
56.9302 -53.5407 3.90108 0.0337572
