-29.0678 -84.8951 2.4555 0.000241822
-28.6877 -85.272 2.46937 0.0118014
-28.785 -85.2434 2.46629 0.0082629
-28.6395 -85.1656 2.47333 0.0507044
-28.7018 -85.0944 2.46943 0.0893703
-28.711 -85.0591 2.47119 0.122445
-28.717 -85.1407 2.46854 0.0567505
-28.6408 -85.0806 2.47442 0.0634031
-28.6402 -85.0403 2.47458 0.0605716
-28.6402 -85.0403 2.47458 0.0605716
-28.5109 -85.1357 2.46365 0.000797023
-28.8274 -84.961 2.47028 0.137609
-28.6395 -85.1656 2.47333 0.0507044
-28.6952 -84.8313 2.45678 0.0010138
-28.717 -85.1407 2.46854 0.0567505
-28.717 -85.1407 2.46854 0.0567505
-28.6402 -85.0403 2.47458 0.0605716
-28.9822 -84.9338 2.4657 0.0447702
-28.8906 -84.8972 2.46599 0.0853047
-28.8906 -84.8972 2.46599 0.0853047
-28.8906 -84.8972 2.46599 0.0853047
-28.9205 -85.1116 2.47169 0.0620509
-28.8274 -84.961 2.47028 0.137609
-28.711 -85.0591 2.47119 0.122445
-28.7342 -85.3 2.4681 0.00574845
-28.6402 -85.0403 2.47458 0.0605716
-28.7311 -85.1033 2.46683 0.0529166
-28.9822 -84.9338 2.4657 0.0447702
-28.958 -85.0561 2.46115 0.00555314
-28.8906 -84.8972 2.46599 0.0853047
-28.8274 -84.961 2.47028 0.137609
-28.711 -85.0591 2.47119 0.122445
-28.6759 -85.2134 2.47409 0.042558
-28.9822 -84.9338 2.4657 0.0447702
-28.9822 -84.9338 2.4657 0.0447702
-28.5217 -85.011 2.46913 0.0198316
-28.5217 -85.011 2.46913 0.0198316
-28.8274 -84.961 2.47028 0.137609
-28.7018 -85.0944 2.46943 0.0893703
-28.711 -85.0591 2.47119 0.122445
-28.6402 -85.0403 2.47458 0.0605716
-28.7311 -85.1033 2.46683 0.0529166
-28.7212 -84.7304 2.45921 0.0046629
-28.6877 -85.272 2.46937 0.0118014
-28.8274 -84.961 2.47028 0.137609
-28.7018 -85.0944 2.46943 0.0893703
-28.711 -85.0591 2.47119 0.122445
-28.6408 -85.0806 2.47442 0.0634031
-28.6402 -85.0403 2.47458 0.0605716
-28.6402 -85.0403 2.47458 0.0605716
-28.7311 -85.1033 2.46683 0.0529166
-28.7311 -84.8554 2.47684 0.008671
-28.8906 -84.8972 2.46599 0.0853047
-28.785 -85.2434 2.46629 0.0082629
-28.8274 -84.961 2.47028 0.137609
-28.8274 -84.961 2.47028 0.137609
-28.711 -85.0591 2.47119 0.122445
-28.6759 -85.2134 2.47409 0.042558
-28.7311 -85.1033 2.46683 0.0529166
-28.9822 -84.9338 2.4657 0.0447702
-28.8906 -84.8972 2.46599 0.0853047
-28.8274 -84.961 2.47028 0.137609
-28.711 -85.0591 2.47119 0.122445
-28.711 -85.0591 2.47119 0.122445
-28.6759 -85.2134 2.47409 0.042558
-28.7311 -85.1033 2.46683 0.0529166
-28.9822 -84.9338 2.4657 0.0447702
-28.8906 -84.8972 2.46599 0.0853047
-28.8274 -84.961 2.47028 0.137609
-28.711 -85.0591 2.47119 0.122445
-28.711 -85.0591 2.47119 0.122445
-28.711 -85.0591 2.47119 0.122445
-28.6402 -85.0403 2.47458 0.0605716
-29.0704 -84.8819 2.46287 0.00933506
-28.8906 -84.8972 2.46599 0.0853047
-28.9205 -85.1116 2.47169 0.0620509
-28.8274 -84.961 2.47028 0.137609
-28.7018 -85.0944 2.46943 0.0893703
-28.711 -85.0591 2.47119 0.122445
-28.6759 -85.2134 2.47409 0.042558
-28.6408 -85.0806 2.47442 0.0634031
-28.7311 -85.1033 2.46683 0.0529166
-28.8906 -84.8972 2.46599 0.0853047
-28.8274 -84.961 2.47028 0.137609
-28.711 -85.0591 2.47119 0.122445
-28.6402 -85.0403 2.47458 0.0605716
-28.6066 -85.0224 2.4647 0.0165517
-28.8906 -84.8972 2.46599 0.0853047
-28.9205 -85.1116 2.47169 0.0620509
-28.9144 -84.9977 2.46092 0.0107642
-28.7018 -85.0944 2.46943 0.0893703
-28.711 -85.0591 2.47119 0.122445
-28.711 -85.0591 2.47119 0.122445
-28.6408 -85.0806 2.47442 0.0634031
-29.1576 -85.0476 2.47268 0.00183493
-28.8906 -84.8972 2.46599 0.0853047
-28.8274 -84.961 2.47028 0.137609
-28.8274 -84.961 2.47028 0.137609
-28.711 -85.0591 2.47119 0.122445
-28.711 -85.0591 2.47119 0.122445
