127.538 -20.0885 3.37988 0.0571575
127.511 -20.0327 3.38223 0.0245595
127.353 -19.8897 3.37597 0.037274
127.433 -19.978 3.37316 0.0874146
127.346 -19.8828 3.37507 0.0370307
127.73 -19.858 3.37068 0.00643744
127.521 -20.1431 3.38309 0.0062135
127.512 -19.9358 3.37279 0.113517
127.702 -20.0246 3.37916 0.115045
127.538 -20.0885 3.37988 0.0571575
127.538 -20.0885 3.37988 0.0571575
127.418 -19.759 3.37898 0.0139165
127.369 -20.0672 3.3746 0.0325541
127.433 -19.978 3.37316 0.0874146
127.433 -19.978 3.37316 0.0874146
127.426 -20.0311 3.37749 0.0603824
127.512 -19.9358 3.37279 0.113517
127.588 -19.9099 3.37133 0.0520432
127.538 -20.0885 3.37988 0.0571575
127.511 -20.0327 3.38223 0.0245595
127.834 -20.1381 3.37898 0.0116163
127.353 -19.8897 3.37597 0.037274
127.524 -19.8537 3.37239 0.0815871
127.524 -19.8537 3.37239 0.0815871
127.524 -19.8537 3.37239 0.0815871
127.426 -20.0311 3.37749 0.0603824
127.512 -19.9358 3.37279 0.113517
127.588 -19.9099 3.37133 0.0520432
127.424 -19.8768 3.37686 0.0750132
127.74 -20.1168 3.37567 0.0266389
127.74 -20.1168 3.37567 0.0266389
127.486 -19.7229 3.37659 0.0311418
127.369 -20.0672 3.3746 0.0325541
127.353 -19.8897 3.37597 0.037274
127.524 -19.8537 3.37239 0.0815871
127.426 -20.0311 3.37749 0.0603824
127.702 -20.0246 3.37916 0.115045
127.424 -19.8768 3.37686 0.0750132
127.424 -19.8768 3.37686 0.0750132
127.511 -20.0327 3.38223 0.0245595
127.353 -19.8897 3.37597 0.037274
127.524 -19.8537 3.37239 0.0815871
127.524 -19.8537 3.37239 0.0815871
127.524 -19.8537 3.37239 0.0815871
127.346 -19.8828 3.37507 0.0370307
127.512 -19.9358 3.37279 0.113517
127.702 -20.0246 3.37916 0.115045
127.702 -20.0246 3.37916 0.115045
127.702 -20.0246 3.37916 0.115045
127.702 -20.0246 3.37916 0.115045
127.702 -20.0246 3.37916 0.115045
127.588 -19.9099 3.37133 0.0520432
127.588 -19.9099 3.37133 0.0520432
127.418 -19.759 3.37898 0.0139165
127.486 -19.7229 3.37659 0.0311418
127.433 -19.978 3.37316 0.0874146
127.426 -20.0311 3.37749 0.0603824
127.521 -20.1431 3.38309 0.0062135
127.512 -19.9358 3.37279 0.113517
127.512 -19.9358 3.37279 0.113517
127.588 -19.9099 3.37133 0.0520432
127.511 -20.0327 3.38223 0.0245595
127.433 -19.978 3.37316 0.0874146
127.346 -19.8828 3.37507 0.0370307
127.512 -19.9358 3.37279 0.113517
127.785 -19.9745 3.38815 0.00173324
127.424 -19.8768 3.37686 0.0750132
127.694 -20.3337 3.37812 0.0010096
127.369 -20.0672 3.3746 0.0325541
127.405 -20.1517 3.3767 0.0165919
127.512 -19.9358 3.37279 0.113517
127.512 -19.9358 3.37279 0.113517
127.512 -19.9358 3.37279 0.113517
127.702 -20.0246 3.37916 0.115045
127.588 -19.9099 3.37133 0.0520432
127.424 -19.8768 3.37686 0.0750132
127.511 -20.0327 3.38223 0.0245595
127.369 -20.0672 3.3746 0.0325541
127.353 -19.8897 3.37597 0.037274
127.433 -19.978 3.37316 0.0874146
127.433 -19.978 3.37316 0.0874146
127.426 -20.0311 3.37749 0.0603824
127.865 -20.1845 3.3804 0.00409818
127.512 -19.9358 3.37279 0.113517
127.702 -20.0246 3.37916 0.115045
127.588 -19.9099 3.37133 0.0520432
127.424 -19.8768 3.37686 0.0750132
127.424 -19.8768 3.37686 0.0750132
127.74 -20.1168 3.37567 0.0266389
127.419 -19.8858 3.38473 0.00100097
127.433 -19.978 3.37316 0.0874146
127.405 -20.1517 3.3767 0.0165919
127.73 -19.858 3.37068 0.00643744
127.426 -20.0311 3.37749 0.0603824
127.702 -20.0246 3.37916 0.115045
127.538 -20.0885 3.37988 0.0571575
127.486 -19.7229 3.37659 0.0311418
127.538 -19.8265 3.37118 0.0423779
127.524 -19.8537 3.37239 0.0815871
127.512 -19.9358 3.37279 0.113517
