70.458 -42.1336 3.80453 0.0482182
70.4049 -42.4401 3.80249 0.202262
70.4049 -42.4401 3.80249 0.202262
70.3056 -42.3154 3.80282 0.289978
70.4029 -42.2151 3.80615 0.113222
70.4049 -42.4401 3.80249 0.202262
70.3056 -42.3154 3.80282 0.289978
70.4733 -42.2281 3.79891 0.0740655
70.5457 -42.2155 3.80278 0.0501021
70.3056 -42.3154 3.80282 0.289978
70.4733 -42.2281 3.79891 0.0740655
70.4049 -42.4401 3.80249 0.202262
70.3056 -42.3154 3.80282 0.289978
70.3056 -42.3154 3.80282 0.289978
70.4029 -42.2151 3.80615 0.113222
70.5075 -42.2498 3.80788 0.0268269
70.3056 -42.3154 3.80282 0.289978
70.4029 -42.2151 3.80615 0.113222
70.4029 -42.2151 3.80615 0.113222
70.3056 -42.3154 3.80282 0.289978
70.4562 -42.0307 3.80981 0.00256149
70.458 -42.1336 3.80453 0.0482182
70.3056 -42.3154 3.80282 0.289978
70.2499 -42.5034 3.79879 0.104805
70.2499 -42.5034 3.79879 0.104805
70.2979 -42.4894 3.80385 0.0404813
70.4049 -42.4401 3.80249 0.202262
70.3056 -42.3154 3.80282 0.289978
70.3056 -42.3154 3.80282 0.289978
70.1442 -42.3553 3.80397 0.0163695
70.3056 -42.3154 3.80282 0.289978
70.5075 -42.2498 3.80788 0.0268269
70.3056 -42.3154 3.80282 0.289978
70.5075 -42.2498 3.80788 0.0268269
70.4049 -42.4401 3.80249 0.202262
70.3056 -42.3154 3.80282 0.289978
70.4733 -42.2281 3.79891 0.0740655
70.458 -42.1336 3.80453 0.0482182
70.3056 -42.3154 3.80282 0.289978
70.4029 -42.2151 3.80615 0.113222
70.3056 -42.3154 3.80282 0.289978
70.458 -42.1336 3.80453 0.0482182
70.4049 -42.4401 3.80249 0.202262
70.4049 -42.4401 3.80249 0.202262
70.5457 -42.2155 3.80278 0.0501021
70.3056 -42.3154 3.80282 0.289978
70.3056 -42.3154 3.80282 0.289978
70.458 -42.1336 3.80453 0.0482182
70.4049 -42.4401 3.80249 0.202262
70.2499 -42.5034 3.79879 0.104805
70.4029 -42.2151 3.80615 0.113222
70.4049 -42.4401 3.80249 0.202262
70.2979 -42.4894 3.80385 0.0404813
70.5075 -42.2498 3.80788 0.0268269
70.3056 -42.3154 3.80282 0.289978
70.4733 -42.2281 3.79891 0.0740655
70.4998 -42.1702 3.80857 0.0164026
70.3056 -42.3154 3.80282 0.289978
70.3056 -42.3154 3.80282 0.289978
70.3056 -42.3154 3.80282 0.289978
70.458 -42.1336 3.80453 0.0482182
70.3056 -42.3154 3.80282 0.289978
70.3056 -42.3154 3.80282 0.289978
70.4029 -42.2151 3.80615 0.113222
70.4049 -42.4401 3.80249 0.202262
70.4049 -42.4401 3.80249 0.202262
70.5457 -42.2155 3.80278 0.0501021
70.2499 -42.5034 3.79879 0.104805
70.4049 -42.4401 3.80249 0.202262
70.4049 -42.4401 3.80249 0.202262
70.2499 -42.5034 3.79879 0.104805
70.5075 -42.2498 3.80788 0.0268269
70.3056 -42.3154 3.80282 0.289978
70.4733 -42.2281 3.79891 0.0740655
70.3056 -42.3154 3.80282 0.289978
70.4733 -42.2281 3.79891 0.0740655
70.4049 -42.4401 3.80249 0.202262
70.3056 -42.3154 3.80282 0.289978
70.4029 -42.2151 3.80615 0.113222
70.4049 -42.4401 3.80249 0.202262
70.2499 -42.5034 3.79879 0.104805
70.2979 -42.4894 3.80385 0.0404813
70.4049 -42.4401 3.80249 0.202262
70.3056 -42.3154 3.80282 0.289978
70.4029 -42.2151 3.80615 0.113222
70.5075 -42.2498 3.80788 0.0268269
70.5075 -42.2498 3.80788 0.0268269
70.3056 -42.3154 3.80282 0.289978
70.2499 -42.5034 3.79879 0.104805
70.4733 -42.2281 3.79891 0.0740655
70.4029 -42.2151 3.80615 0.113222
70.3056 -42.3154 3.80282 0.289978
70.2979 -42.4894 3.80385 0.0404813
70.458 -42.1336 3.80453 0.0482182
70.4049 -42.4401 3.80249 0.202262
70.4733 -42.2281 3.79891 0.0740655
70.4998 -42.1702 3.80857 0.0164026
70.4049 -42.4401 3.80249 0.202262
70.3056 -42.3154 3.80282 0.289978
70.458 -42.1336 3.80453 0.0482182
