144.464 -14.7797 3.35246 0.199207
144.59 -14.6625 3.35661 0.061981
144.418 -14.9363 3.34502 0.0471996
144.366 -14.9316 3.34442 0.0616857
144.422 -14.7047 3.34498 0.0831628
144.464 -14.7797 3.35246 0.199207
144.464 -14.7797 3.35246 0.199207
144.418 -14.9363 3.34502 0.0471996
144.594 -14.5569 3.35616 0.0388708
144.464 -14.7797 3.35246 0.199207
144.623 -14.6084 3.35511 0.0438049
144.418 -14.9363 3.34502 0.0471996
144.671 -14.8198 3.35875 0.0112306
144.507 -14.838 3.3482 0.0852999
144.464 -14.7797 3.35246 0.199207
144.464 -14.7797 3.35246 0.199207
144.263 -14.5717 3.35394 0.0678794
144.59 -14.6625 3.35661 0.061981
144.623 -14.6084 3.35511 0.0438049
144.623 -14.6084 3.35511 0.0438049
144.56 -14.631 3.35987 0.0278094
144.366 -14.9316 3.34442 0.0616857
143.975 -14.568 3.3448 0.00635829
144.464 -14.7797 3.35246 0.199207
144.464 -14.7797 3.35246 0.199207
144.711 -14.5961 3.35366 0.0108994
144.476 -14.6215 3.34508 0.0293105
144.366 -14.9316 3.34442 0.0616857
144.422 -14.7047 3.34498 0.0831628
144.263 -14.5717 3.35394 0.0678794
144.222 -14.9487 3.35242 0.0306226
144.594 -14.5569 3.35616 0.0388708
144.464 -14.7797 3.35246 0.199207
144.464 -14.7797 3.35246 0.199207
144.711 -14.5961 3.35366 0.0108994
144.418 -14.9363 3.34502 0.0471996
144.624 -14.6147 3.35623 0.0418446
144.366 -14.9316 3.34442 0.0616857
144.624 -14.5354 3.34866 0.00682653
144.422 -14.7047 3.34498 0.0831628
144.464 -14.7797 3.35246 0.199207
144.464 -14.7797 3.35246 0.199207
144.464 -14.7797 3.35246 0.199207
144.418 -14.9363 3.34502 0.0471996
144.366 -14.9316 3.34442 0.0616857
144.507 -14.838 3.3482 0.0852999
144.464 -14.7797 3.35246 0.199207
144.59 -14.6625 3.35661 0.061981
144.418 -14.9363 3.34502 0.0471996
144.366 -14.9316 3.34442 0.0616857
144.464 -14.7797 3.35246 0.199207
144.418 -14.9363 3.34502 0.0471996
144.594 -14.5569 3.35616 0.0388708
144.422 -14.7047 3.34498 0.0831628
144.464 -14.7797 3.35246 0.199207
144.623 -14.6084 3.35511 0.0438049
144.623 -14.6084 3.35511 0.0438049
144.594 -14.5569 3.35616 0.0388708
144.507 -14.838 3.3482 0.0852999
144.464 -14.7797 3.35246 0.199207
144.464 -14.7797 3.35246 0.199207
144.418 -14.9363 3.34502 0.0471996
144.298 -14.419 3.34807 0.0136506
144.486 -14.4902 3.34429 0.00353409
144.422 -14.7047 3.34498 0.0831628
144.464 -14.7797 3.35246 0.199207
144.464 -14.7797 3.35246 0.199207
144.263 -14.5717 3.35394 0.0678794
144.263 -14.5717 3.35394 0.0678794
144.624 -14.6147 3.35623 0.0418446
144.366 -14.9316 3.34442 0.0616857
144.464 -14.7797 3.35246 0.199207
144.263 -14.5717 3.35394 0.0678794
144.61 -14.628 3.36203 0.00928405
144.366 -14.9316 3.34442 0.0616857
144.464 -14.7797 3.35246 0.199207
144.59 -14.6625 3.35661 0.061981
144.619 -14.8424 3.34681 0.0107725
144.507 -14.838 3.3482 0.0852999
144.507 -14.838 3.3482 0.0852999
144.446 -14.7842 3.34275 0.0279983
144.56 -14.631 3.35987 0.0278094
144.594 -14.5569 3.35616 0.0388708
144.422 -14.7047 3.34498 0.0831628
144.263 -14.5717 3.35394 0.0678794
144.222 -14.9487 3.35242 0.0306226
144.486 -14.4902 3.34429 0.00353409
144.624 -14.5354 3.34866 0.00682653
144.464 -14.7797 3.35246 0.199207
144.623 -14.6084 3.35511 0.0438049
144.619 -14.8424 3.34681 0.0107725
144.366 -14.9316 3.34442 0.0616857
144.671 -14.8198 3.35875 0.0112306
144.507 -14.838 3.3482 0.0852999
144.464 -14.7797 3.35246 0.199207
144.623 -14.6084 3.35511 0.0438049
144.624 -14.6147 3.35623 0.0418446
144.422 -14.7047 3.34498 0.0831628
144.263 -14.5717 3.35394 0.0678794
144.59 -14.6625 3.35661 0.061981
