41.0458 -69.4187 3.93848 0.0192768
41.2597 -69.6594 3.93887 0.225579
41.0773 -69.5715 3.93945 0.140536
41.0992 -69.6249 3.93326 0.184053
41.1849 -69.5497 3.94616 0.00902659
41.0773 -69.5715 3.93945 0.140536
41.106 -69.4622 3.9357 0.0870761
41.2597 -69.6594 3.93887 0.225579
41.2597 -69.6594 3.93887 0.225579
41.0773 -69.5715 3.93945 0.140536
41.106 -69.4622 3.9357 0.0870761
41.1348 -69.5143 3.93295 0.0895194
41.2597 -69.6594 3.93887 0.225579
41.0992 -69.6249 3.93326 0.184053
41.106 -69.4622 3.9357 0.0870761
41.2597 -69.6594 3.93887 0.225579
41.2789 -69.683 3.94508 0.0281309
41.0773 -69.5715 3.93945 0.140536
41.217 -69.468 3.93241 0.0203124
41.2597 -69.6594 3.93887 0.225579
41.0773 -69.5715 3.93945 0.140536
41.0885 -69.6004 3.93028 0.0482034
41.0885 -69.6004 3.93028 0.0482034
41.1348 -69.5143 3.93295 0.0895194
41.0762 -69.4122 3.94192 0.00660211
41.2597 -69.6594 3.93887 0.225579
41.0992 -69.6249 3.93326 0.184053
41.1348 -69.5143 3.93295 0.0895194
41.2597 -69.6594 3.93887 0.225579
41.2597 -69.6594 3.93887 0.225579
41.0992 -69.6249 3.93326 0.184053
41.0885 -69.6004 3.93028 0.0482034
41.2597 -69.6594 3.93887 0.225579
41.0737 -69.7242 3.9402 0.0641301
41.0992 -69.6249 3.93326 0.184053
41.1348 -69.5143 3.93295 0.0895194
41.0458 -69.4187 3.93848 0.0192768
41.2597 -69.6594 3.93887 0.225579
41.0773 -69.5715 3.93945 0.140536
41.0773 -69.5715 3.93945 0.140536
41.106 -69.4622 3.9357 0.0870761
41.2597 -69.6594 3.93887 0.225579
41.0992 -69.6249 3.93326 0.184053
41.0885 -69.6004 3.93028 0.0482034
41.0458 -69.4187 3.93848 0.0192768
41.2597 -69.6594 3.93887 0.225579
41.0992 -69.6249 3.93326 0.184053
41.2095 -69.4128 3.94682 0.0011006
41.1348 -69.5143 3.93295 0.0895194
41.0762 -69.4122 3.94192 0.00660211
41.0773 -69.5715 3.93945 0.140536
41.0885 -69.6004 3.93028 0.0482034
41.2597 -69.6594 3.93887 0.225579
41.0737 -69.7242 3.9402 0.0641301
41.0992 -69.6249 3.93326 0.184053
41.106 -69.4622 3.9357 0.0870761
41.2597 -69.6594 3.93887 0.225579
41.0737 -69.7242 3.9402 0.0641301
41.0992 -69.6249 3.93326 0.184053
41.0885 -69.6004 3.93028 0.0482034
41.2597 -69.6594 3.93887 0.225579
41.0992 -69.6249 3.93326 0.184053
41.0992 -69.6249 3.93326 0.184053
41.3248 -69.8176 3.93512 0.00658667
41.106 -69.4622 3.9357 0.0870761
41.106 -69.4622 3.9357 0.0870761
41.106 -69.4622 3.9357 0.0870761
41.2597 -69.6594 3.93887 0.225579
41.0737 -69.7242 3.9402 0.0641301
41.217 -69.468 3.93241 0.0203124
41.0885 -69.6004 3.93028 0.0482034
41.1348 -69.5143 3.93295 0.0895194
41.1867 -69.8767 3.9423 0.00414911
41.2597 -69.6594 3.93887 0.225579
41.0992 -69.6249 3.93326 0.184053
41.1348 -69.5143 3.93295 0.0895194
41.1348 -69.5143 3.93295 0.0895194
41.2597 -69.6594 3.93887 0.225579
41.0773 -69.5715 3.93945 0.140536
41.0992 -69.6249 3.93326 0.184053
41.1348 -69.5143 3.93295 0.0895194
41.2597 -69.6594 3.93887 0.225579
41.0773 -69.5715 3.93945 0.140536
41.0992 -69.6249 3.93326 0.184053
41.106 -69.4622 3.9357 0.0870761
41.106 -69.4622 3.9357 0.0870761
41.287 -69.5367 3.93113 0.00616643
41.2597 -69.6594 3.93887 0.225579
41.2597 -69.6594 3.93887 0.225579
41.2597 -69.6594 3.93887 0.225579
41.0773 -69.5715 3.93945 0.140536
41.0885 -69.6004 3.93028 0.0482034
41.2597 -69.6594 3.93887 0.225579
41.0737 -69.7242 3.9402 0.0641301
41.0992 -69.6249 3.93326 0.184053
41.217 -69.468 3.93241 0.0203124
41.106 -69.4622 3.9357 0.0870761
41.2597 -69.6594 3.93887 0.225579
41.0773 -69.5715 3.93945 0.140536
41.0992 -69.6249 3.93326 0.184053
