99.4875 -26.9134 3.44384 0.0130087
99.5817 -26.8702 3.44444 0.0539145
99.7035 -27.0632 3.44389 0.136759
99.5671 -26.9879 3.44616 0.106168
99.8917 -26.9005 3.4427 0.0588277
99.7363 -26.6313 3.45075 0.11447
99.6605 -26.7729 3.45782 0.0738597
99.6472 -27.1744 3.45443 0.0306142
99.8002 -27.1605 3.44551 0.161987
99.7035 -27.0632 3.44389 0.136759
99.6356 -26.9095 3.4583 0.0437159
99.7363 -26.6313 3.45075 0.11447
99.6472 -27.1744 3.45443 0.0306142
99.7035 -27.0632 3.44389 0.136759
99.7035 -27.0632 3.44389 0.136759
99.5671 -26.9879 3.44616 0.106168
99.698 -27.4292 3.4438 0.000600567
99.6356 -26.9095 3.4583 0.0437159
99.7363 -26.6313 3.45075 0.11447
99.5817 -26.8702 3.44444 0.0539145
99.7035 -27.0632 3.44389 0.136759
99.5671 -26.9879 3.44616 0.106168
99.7363 -26.6313 3.45075 0.11447
99.5817 -26.8702 3.44444 0.0539145
99.8002 -27.1605 3.44551 0.161987
99.5671 -26.9879 3.44616 0.106168
99.6356 -26.9095 3.4583 0.0437159
99.6605 -26.7729 3.45782 0.0738597
99.6605 -26.7729 3.45782 0.0738597
99.5817 -26.8702 3.44444 0.0539145
99.8002 -27.1605 3.44551 0.161987
99.7035 -27.0632 3.44389 0.136759
99.6356 -26.9095 3.4583 0.0437159
99.5137 -26.8063 3.45031 0.0467381
99.6605 -26.7729 3.45782 0.0738597
99.6062 -26.7903 3.44221 0.0100976
99.7035 -27.0632 3.44389 0.136759
99.7035 -27.0632 3.44389 0.136759
99.5671 -26.9879 3.44616 0.106168
100.028 -27.2823 3.45381 0.0145132
99.6356 -26.9095 3.4583 0.0437159
99.6605 -26.7729 3.45782 0.0738597
99.6062 -26.7903 3.44221 0.0100976
99.7035 -27.0632 3.44389 0.136759
99.5671 -26.9879 3.44616 0.106168
99.7363 -26.6313 3.45075 0.11447
99.7363 -26.6313 3.45075 0.11447
99.6272 -26.8404 3.44316 0.0362951
99.8002 -27.1605 3.44551 0.161987
99.8917 -26.9005 3.4427 0.0588277
99.7363 -26.6313 3.45075 0.11447
99.6605 -26.7729 3.45782 0.0738597
99.8002 -27.1605 3.44551 0.161987
99.8002 -27.1605 3.44551 0.161987
99.8002 -27.1605 3.44551 0.161987
99.7035 -27.0632 3.44389 0.136759
99.5671 -26.9879 3.44616 0.106168
99.5137 -26.8063 3.45031 0.0467381
99.6605 -26.7729 3.45782 0.0738597
99.6272 -26.8404 3.44316 0.0362951
99.5817 -26.8702 3.44444 0.0539145
99.7035 -27.0632 3.44389 0.136759
99.8917 -26.9005 3.4427 0.0588277
99.8917 -26.9005 3.4427 0.0588277
99.7363 -26.6313 3.45075 0.11447
99.47 -26.8116 3.45172 0.0179907
99.8002 -27.1605 3.44551 0.161987
99.7035 -27.0632 3.44389 0.136759
99.7035 -27.0632 3.44389 0.136759
99.7035 -27.0632 3.44389 0.136759
99.5671 -26.9879 3.44616 0.106168
99.6356 -26.9095 3.4583 0.0437159
99.6356 -26.9095 3.4583 0.0437159
99.6605 -26.7729 3.45782 0.0738597
99.8002 -27.1605 3.44551 0.161987
99.7035 -27.0632 3.44389 0.136759
99.6077 -27.2901 3.44163 0.00236682
99.6356 -26.9095 3.4583 0.0437159
99.7363 -26.6313 3.45075 0.11447
99.6272 -26.8404 3.44316 0.0362951
99.8002 -27.1605 3.44551 0.161987
99.8002 -27.1605 3.44551 0.161987
99.7035 -27.0632 3.44389 0.136759
99.6356 -26.9095 3.4583 0.0437159
99.6272 -26.8404 3.44316 0.0362951
99.8002 -27.1605 3.44551 0.161987
99.5671 -26.9879 3.44616 0.106168
99.5137 -26.8063 3.45031 0.0467381
99.7363 -26.6313 3.45075 0.11447
99.7363 -26.6313 3.45075 0.11447
99.7363 -26.6313 3.45075 0.11447
99.6472 -27.1744 3.45443 0.0306142
99.8002 -27.1605 3.44551 0.161987
99.7035 -27.0632 3.44389 0.136759
100.028 -27.2823 3.45381 0.0145132
99.6605 -26.7729 3.45782 0.0738597
99.6472 -27.1744 3.45443 0.0306142
99.47 -26.8116 3.45172 0.0179907
99.7035 -27.0632 3.44389 0.136759
99.5671 -26.9879 3.44616 0.106168
