146.801 20.8002 0.092587 0.0894287
146.879 20.8321 0.0909083 0.132974
146.728 20.7897 0.0881745 0.15878
146.728 20.7897 0.0881745 0.15878
146.728 20.7897 0.0881745 0.15878
146.895 21.1688 0.0925448 0.00886286
146.847 20.812 0.0819223 0.0584905
146.728 20.7897 0.0881745 0.15878
146.816 20.7023 0.084193 0.0294458
146.694 20.969 0.0907863 0.23473
146.801 20.8002 0.092587 0.0894287
146.801 20.8002 0.092587 0.0894287
146.879 20.8321 0.0909083 0.132974
146.694 20.969 0.0907863 0.23473
146.728 20.7897 0.0881745 0.15878
147.077 21.0349 0.0857682 0.0230826
146.888 21.1237 0.0918156 0.029049
146.694 20.969 0.0907863 0.23473
146.787 20.9433 0.079668 0.020403
146.847 20.812 0.0819223 0.0584905
146.694 20.969 0.0907863 0.23473
146.559 20.8839 0.0877793 0.0369449
146.879 20.8321 0.0909083 0.132974
146.694 20.969 0.0907863 0.23473
146.756 20.5722 0.086978 0.00226543
146.801 20.8002 0.092587 0.0894287
146.816 20.7023 0.084193 0.0294458
146.611 21.069 0.0864096 0.0350857
146.694 20.969 0.0907863 0.23473
146.694 20.969 0.0907863 0.23473
146.728 20.7897 0.0881745 0.15878
146.611 21.069 0.0864096 0.0350857
146.694 20.969 0.0907863 0.23473
146.559 20.8839 0.0877793 0.0369449
146.559 20.8839 0.0877793 0.0369449
146.879 20.8321 0.0909083 0.132974
146.847 20.812 0.0819223 0.0584905
146.728 20.7897 0.0881745 0.15878
146.787 20.9433 0.079668 0.020403
146.879 20.8321 0.0909083 0.132974
146.728 20.7897 0.0881745 0.15878
146.559 20.8839 0.0877793 0.0369449
146.816 20.7023 0.084193 0.0294458
146.694 20.969 0.0907863 0.23473
146.694 20.969 0.0907863 0.23473
146.694 20.969 0.0907863 0.23473
146.559 20.8839 0.0877793 0.0369449
146.879 20.8321 0.0909083 0.132974
146.694 20.969 0.0907863 0.23473
146.728 20.7897 0.0881745 0.15878
146.622 20.5828 0.09303 0.000859268
146.879 20.8321 0.0909083 0.132974
146.694 20.969 0.0907863 0.23473
146.801 20.8002 0.092587 0.0894287
146.879 20.8321 0.0909083 0.132974
146.888 21.1237 0.0918156 0.029049
146.694 20.969 0.0907863 0.23473
146.694 20.969 0.0907863 0.23473
146.694 20.969 0.0907863 0.23473
146.801 20.8002 0.092587 0.0894287
146.879 20.8321 0.0909083 0.132974
146.879 20.8321 0.0909083 0.132974
146.847 20.812 0.0819223 0.0584905
146.694 20.969 0.0907863 0.23473
146.801 20.8002 0.092587 0.0894287
146.721 20.942 0.0803348 0.0159952
146.694 20.969 0.0907863 0.23473
146.728 20.7897 0.0881745 0.15878
147.077 21.0349 0.0857682 0.0230826
146.541 20.8861 0.0907564 0.0372176
146.847 20.812 0.0819223 0.0584905
146.801 20.8002 0.092587 0.0894287
146.611 21.069 0.0864096 0.0350857
146.879 20.8321 0.0909083 0.132974
146.728 20.7897 0.0881745 0.15878
146.977 20.7503 0.0767572 0.000843358
146.847 20.812 0.0819223 0.0584905
146.728 20.7897 0.0881745 0.15878
146.541 20.8861 0.0907564 0.0372176
146.694 20.969 0.0907863 0.23473
146.559 20.8839 0.0877793 0.0369449
146.847 20.812 0.0819223 0.0584905
146.888 21.1237 0.0918156 0.029049
146.694 20.969 0.0907863 0.23473
146.787 20.9433 0.079668 0.020403
146.559 20.8839 0.0877793 0.0369449
146.879 20.8321 0.0909083 0.132974
146.879 20.8321 0.0909083 0.132974
146.694 20.969 0.0907863 0.23473
146.728 20.7897 0.0881745 0.15878
146.541 20.8861 0.0907564 0.0372176
146.694 20.969 0.0907863 0.23473
146.801 20.8002 0.092587 0.0894287
146.816 20.7023 0.084193 0.0294458
146.879 20.8321 0.0909083 0.132974
146.728 20.7897 0.0881745 0.15878
146.559 20.8839 0.0877793 0.0369449
146.879 20.8321 0.0909083 0.132974
146.694 20.969 0.0907863 0.23473
146.694 20.969 0.0907863 0.23473
