240.457 28.6328 0.0683968 0.26058
240.647 28.7906 0.0709725 0.0195776
240.386 28.5781 0.072014 0.0739249
240.577 28.5992 0.0655391 0.2072
240.438 28.5702 0.0654143 0.0491937
240.457 28.6328 0.0683968 0.26058
240.495 28.5682 0.0641092 0.042191
240.577 28.5992 0.0655391 0.2072
240.379 28.6545 0.0730538 0.0377169
240.457 28.6328 0.0683968 0.26058
240.457 28.6328 0.0683968 0.26058
240.386 28.5781 0.072014 0.0739249
240.723 28.7683 0.0641302 0.0282903
240.379 28.6545 0.0730538 0.0377169
240.413 28.6462 0.0706691 0.140916
240.413 28.6462 0.0706691 0.140916
240.457 28.6328 0.0683968 0.26058
240.457 28.6328 0.0683968 0.26058
240.647 28.7906 0.0709725 0.0195776
240.386 28.5781 0.072014 0.0739249
240.386 28.5781 0.072014 0.0739249
240.666 28.4314 0.0697114 0.0209374
240.457 28.6328 0.0683968 0.26058
240.574 28.6936 0.0631532 0.0631873
240.457 28.6328 0.0683968 0.26058
240.577 28.5992 0.0655391 0.2072
240.379 28.6545 0.0730538 0.0377169
240.413 28.6462 0.0706691 0.140916
240.383 28.6739 0.0751593 0.00794374
240.577 28.5992 0.0655391 0.2072
240.574 28.6936 0.0631532 0.0631873
240.413 28.6462 0.0706691 0.140916
240.495 28.5682 0.0641092 0.042191
240.383 28.6739 0.0751593 0.00794374
240.478 28.8032 0.0717143 0.0215707
240.438 28.5702 0.0654143 0.0491937
240.413 28.6462 0.0706691 0.140916
240.457 28.6328 0.0683968 0.26058
240.457 28.6328 0.0683968 0.26058
240.577 28.5992 0.0655391 0.2072
240.577 28.5992 0.0655391 0.2072
240.574 28.6936 0.0631532 0.0631873
240.457 28.6328 0.0683968 0.26058
240.478 28.8032 0.0717143 0.0215707
240.413 28.6462 0.0706691 0.140916
240.457 28.6328 0.0683968 0.26058
240.478 28.8032 0.0717143 0.0215707
240.577 28.5992 0.0655391 0.2072
240.413 28.6462 0.0706691 0.140916
240.577 28.5992 0.0655391 0.2072
240.577 28.5992 0.0655391 0.2072
240.574 28.6936 0.0631532 0.0631873
240.574 28.6936 0.0631532 0.0631873
240.379 28.6545 0.0730538 0.0377169
240.457 28.6328 0.0683968 0.26058
240.574 28.6936 0.0631532 0.0631873
240.457 28.6328 0.0683968 0.26058
240.495 28.5682 0.0641092 0.042191
240.574 28.6936 0.0631532 0.0631873
240.457 28.6328 0.0683968 0.26058
240.577 28.5992 0.0655391 0.2072
240.457 28.6328 0.0683968 0.26058
240.577 28.5992 0.0655391 0.2072
240.413 28.6462 0.0706691 0.140916
240.457 28.6328 0.0683968 0.26058
240.577 28.5992 0.0655391 0.2072
240.413 28.6462 0.0706691 0.140916
240.457 28.6328 0.0683968 0.26058
240.495 28.5682 0.0641092 0.042191
240.577 28.5992 0.0655391 0.2072
240.574 28.6936 0.0631532 0.0631873
240.413 28.6462 0.0706691 0.140916
240.457 28.6328 0.0683968 0.26058
240.577 28.5992 0.0655391 0.2072
240.457 28.6328 0.0683968 0.26058
240.457 28.6328 0.0683968 0.26058
240.457 28.6328 0.0683968 0.26058
240.577 28.5992 0.0655391 0.2072
240.723 28.7683 0.0641302 0.0282903
240.413 28.6462 0.0706691 0.140916
240.413 28.6462 0.0706691 0.140916
240.413 28.6462 0.0706691 0.140916
240.457 28.6328 0.0683968 0.26058
240.457 28.6328 0.0683968 0.26058
240.574 28.6936 0.0631532 0.0631873
240.438 28.5702 0.0654143 0.0491937
240.379 28.6545 0.0730538 0.0377169
240.457 28.6328 0.0683968 0.26058
240.457 28.6328 0.0683968 0.26058
240.577 28.5992 0.0655391 0.2072
240.457 28.6328 0.0683968 0.26058
240.577 28.5992 0.0655391 0.2072
240.379 28.6545 0.0730538 0.0377169
240.413 28.6462 0.0706691 0.140916
240.457 28.6328 0.0683968 0.26058
240.457 28.6328 0.0683968 0.26058
240.577 28.5992 0.0655391 0.2072
240.723 28.7683 0.0641302 0.0282903
240.457 28.6328 0.0683968 0.26058
240.386 28.5781 0.072014 0.0739249
