245.03 28.3836 0.0715681 0.0202302
244.98 28.4273 0.0660547 0.366198
245.02 28.2619 0.0616818 0.0447543
244.98 28.4273 0.0660547 0.366198
244.86 28.191 0.0719394 0.216741
244.938 28.2885 0.0716965 0.182884
244.86 28.191 0.0719394 0.216741
244.938 28.2885 0.0716965 0.182884
244.86 28.191 0.0719394 0.216741
245.02 28.2619 0.0616818 0.0447543
244.98 28.4273 0.0660547 0.366198
244.98 28.4273 0.0660547 0.366198
244.86 28.191 0.0719394 0.216741
244.938 28.2885 0.0716965 0.182884
244.86 28.191 0.0719394 0.216741
244.98 28.4273 0.0660547 0.366198
244.86 28.191 0.0719394 0.216741
244.98 28.4273 0.0660547 0.366198
244.938 28.2885 0.0716965 0.182884
244.938 28.2885 0.0716965 0.182884
244.86 28.191 0.0719394 0.216741
244.86 28.191 0.0719394 0.216741
244.98 28.4273 0.0660547 0.366198
244.86 28.191 0.0719394 0.216741
244.98 28.4273 0.0660547 0.366198
245.023 28.3007 0.0609108 0.0410011
244.98 28.4273 0.0660547 0.366198
245.134 28.4769 0.0618027 0.0133792
244.98 28.4273 0.0660547 0.366198
244.86 28.191 0.0719394 0.216741
244.98 28.4273 0.0660547 0.366198
244.98 28.4273 0.0660547 0.366198
244.86 28.191 0.0719394 0.216741
244.86 28.191 0.0719394 0.216741
245.105 28.3973 0.0660145 0.0550523
244.98 28.4273 0.0660547 0.366198
244.938 28.2885 0.0716965 0.182884
244.98 28.4273 0.0660547 0.366198
244.98 28.4273 0.0660547 0.366198
244.86 28.191 0.0719394 0.216741
244.938 28.2885 0.0716965 0.182884
245.105 28.3973 0.0660145 0.0550523
244.86 28.191 0.0719394 0.216741
244.98 28.4273 0.0660547 0.366198
244.86 28.191 0.0719394 0.216741
244.98 28.4273 0.0660547 0.366198
245.02 28.2619 0.0616818 0.0447543
244.938 28.2885 0.0716965 0.182884
245.105 28.3973 0.0660145 0.0550523
245.03 28.3836 0.0715681 0.0202302
244.86 28.191 0.0719394 0.216741
245.128 28.4965 0.0626207 0.0142217
244.98 28.4273 0.0660547 0.366198
244.938 28.2885 0.0716965 0.182884
244.86 28.191 0.0719394 0.216741
244.98 28.4273 0.0660547 0.366198
244.938 28.2885 0.0716965 0.182884
245.105 28.3973 0.0660145 0.0550523
244.98 28.4273 0.0660547 0.366198
245.038 28.3088 0.0605577 0.0301836
244.98 28.4273 0.0660547 0.366198
244.86 28.191 0.0719394 0.216741
245.02 28.2619 0.0616818 0.0447543
245.038 28.3088 0.0605577 0.0301836
244.86 28.191 0.0719394 0.216741
244.86 28.191 0.0719394 0.216741
244.98 28.4273 0.0660547 0.366198
244.938 28.2885 0.0716965 0.182884
244.98 28.4273 0.0660547 0.366198
244.938 28.2885 0.0716965 0.182884
244.98 28.4273 0.0660547 0.366198
245.023 28.3007 0.0609108 0.0410011
244.98 28.4273 0.0660547 0.366198
244.98 28.4273 0.0660547 0.366198
245.038 28.3088 0.0605577 0.0301836
245.03 28.3836 0.0715681 0.0202302
244.86 28.191 0.0719394 0.216741
244.938 28.2885 0.0716965 0.182884
244.938 28.2885 0.0716965 0.182884
245.03 28.3836 0.0715681 0.0202302
244.86 28.191 0.0719394 0.216741
244.938 28.2885 0.0716965 0.182884
244.98 28.4273 0.0660547 0.366198
244.86 28.191 0.0719394 0.216741
244.86 28.191 0.0719394 0.216741
244.86 28.191 0.0719394 0.216741
245.02 28.2619 0.0616818 0.0447543
244.98 28.4273 0.0660547 0.366198
244.98 28.4273 0.0660547 0.366198
245.02 28.2619 0.0616818 0.0447543
244.86 28.191 0.0719394 0.216741
245.038 28.3088 0.0605577 0.0301836
245.023 28.3007 0.0609108 0.0410011
244.938 28.2885 0.0716965 0.182884
244.98 28.4273 0.0660547 0.366198
245.02 28.2619 0.0616818 0.0447543
244.98 28.4273 0.0660547 0.366198
244.98 28.4273 0.0660547 0.366198
244.86 28.191 0.0719394 0.216741
244.98 28.4273 0.0660547 0.366198
