-28.2948 -83.6268 2.38762 0.206048
-28.3354 -83.8005 2.4029 0.0515379
-28.4967 -83.7 2.38941 0.0830206
-28.4901 -83.6958 2.40097 0.0105783
-28.2438 -83.5183 2.39087 0.158433
-28.4957 -83.6926 2.39693 0.0520596
-28.2948 -83.6268 2.38762 0.206048
-28.4763 -83.8791 2.39232 0.0870615
-28.2438 -83.5183 2.39087 0.158433
-28.4957 -83.6926 2.39693 0.0520596
-28.2948 -83.6268 2.38762 0.206048
-28.2948 -83.6268 2.38762 0.206048
-28.4492 -83.7964 2.38861 0.0868841
-28.2438 -83.5183 2.39087 0.158433
-28.4886 -83.4976 2.38977 0.0299767
-28.4957 -83.6926 2.39693 0.0520596
-28.2082 -83.6756 2.38464 0.0524161
-28.2948 -83.6268 2.38762 0.206048
-28.2948 -83.6268 2.38762 0.206048
-28.3334 -83.6716 2.38316 0.0269779
-28.4763 -83.8791 2.39232 0.0870615
-28.2438 -83.5183 2.39087 0.158433
-28.2438 -83.5183 2.39087 0.158433
-28.2438 -83.5183 2.39087 0.158433
-28.2948 -83.6268 2.38762 0.206048
-28.4492 -83.7964 2.38861 0.0868841
-28.2512 -83.5745 2.38423 0.0496174
-28.3334 -83.6716 2.38316 0.0269779
-28.5957 -83.8337 2.38609 0.00317862
-28.4967 -83.7 2.38941 0.0830206
-28.2438 -83.5183 2.39087 0.158433
-28.2948 -83.6268 2.38762 0.206048
-28.3334 -83.6716 2.38316 0.0269779
-28.4763 -83.8791 2.39232 0.0870615
-28.4957 -83.6926 2.39693 0.0520596
-28.2948 -83.6268 2.38762 0.206048
-28.4763 -83.8791 2.39232 0.0870615
-28.2438 -83.5183 2.39087 0.158433
-28.2948 -83.6268 2.38762 0.206048
-28.4492 -83.7964 2.38861 0.0868841
-28.4967 -83.7 2.38941 0.0830206
-28.2948 -83.6268 2.38762 0.206048
-28.2948 -83.6268 2.38762 0.206048
-28.4492 -83.7964 2.38861 0.0868841
-28.2512 -83.5745 2.38423 0.0496174
-28.4763 -83.8791 2.39232 0.0870615
-28.4967 -83.7 2.38941 0.0830206
-28.2082 -83.6756 2.38464 0.0524161
-28.2948 -83.6268 2.38762 0.206048
-28.2948 -83.6268 2.38762 0.206048
-28.4763 -83.8791 2.39232 0.0870615
-28.4763 -83.8791 2.39232 0.0870615
-27.9227 -83.7209 2.39612 0.0375665
-28.2438 -83.5183 2.39087 0.158433
-28.2948 -83.6268 2.38762 0.206048
-28.3354 -83.8005 2.4029 0.0515379
-28.4763 -83.8791 2.39232 0.0870615
-28.4967 -83.7 2.38941 0.0830206
-28.4967 -83.7 2.38941 0.0830206
-28.4967 -83.7 2.38941 0.0830206
-28.2948 -83.6268 2.38762 0.206048
-28.4492 -83.7964 2.38861 0.0868841
-28.3334 -83.6716 2.38316 0.0269779
-28.4967 -83.7 2.38941 0.0830206
-28.2438 -83.5183 2.39087 0.158433
-28.2948 -83.6268 2.38762 0.206048
-28.3334 -83.6716 2.38316 0.0269779
-28.4763 -83.8791 2.39232 0.0870615
-28.2438 -83.5183 2.39087 0.158433
-28.2948 -83.6268 2.38762 0.206048
-28.4492 -83.7964 2.38861 0.0868841
-27.9227 -83.7209 2.39612 0.0375665
-28.2438 -83.5183 2.39087 0.158433
-28.2948 -83.6268 2.38762 0.206048
-28.3064 -83.9974 2.38883 0.0218743
-28.5064 -83.9248 2.38891 0.014577
-28.2438 -83.5183 2.39087 0.158433
-28.2948 -83.6268 2.38762 0.206048
-28.3354 -83.8005 2.4029 0.0515379
-28.3354 -83.8005 2.4029 0.0515379
-28.4763 -83.8791 2.39232 0.0870615
-28.2438 -83.5183 2.39087 0.158433
-28.2948 -83.6268 2.38762 0.206048
-28.5064 -83.9248 2.38891 0.014577
-28.4763 -83.8791 2.39232 0.0870615
-28.2438 -83.5183 2.39087 0.158433
-28.2082 -83.6756 2.38464 0.0524161
-28.2948 -83.6268 2.38762 0.206048
-28.4763 -83.8791 2.39232 0.0870615
-28.2438 -83.5183 2.39087 0.158433
-28.2438 -83.5183 2.39087 0.158433
-28.3354 -83.8005 2.4029 0.0515379
-28.2512 -83.5745 2.38423 0.0496174
-27.9227 -83.7209 2.39612 0.0375665
-28.2438 -83.5183 2.39087 0.158433
-28.2082 -83.6756 2.38464 0.0524161
-28.2948 -83.6268 2.38762 0.206048
-28.3354 -83.8005 2.4029 0.0515379
-28.4763 -83.8791 2.39232 0.0870615
-28.4967 -83.7 2.38941 0.0830206
