-40.2398 -49.1107 1.55083 0.429748
-40.2236 -49.1368 1.55653 0.125369
-40.2398 -49.1107 1.55083 0.429748
-40.206 -48.9643 1.5561 0.0590007
-40.0089 -49.0071 1.55261 0.119001
-40.2398 -49.1107 1.55083 0.429748
-40.2398 -49.1107 1.55083 0.429748
-40.2398 -49.1107 1.55083 0.429748
-40.4764 -49.2079 1.54785 0.0477217
-40.206 -48.9643 1.5561 0.0590007
-40.2398 -49.1107 1.55083 0.429748
-40.2398 -49.1107 1.55083 0.429748
-40.094 -49.1902 1.55788 0.0958575
-40.4764 -49.2079 1.54785 0.0477217
-40.466 -49.2239 1.55572 0.0103053
-40.2398 -49.1107 1.55083 0.429748
-40.206 -48.9643 1.5561 0.0590007
-40.2994 -49.0187 1.55657 0.044384
-40.2398 -49.1107 1.55083 0.429748
-40.2398 -49.1107 1.55083 0.429748
-40.2236 -49.1368 1.55653 0.125369
-40.2398 -49.1107 1.55083 0.429748
-40.094 -49.1902 1.55788 0.0958575
-40.1863 -49.4003 1.54877 0.0175549
-40.2236 -49.1368 1.55653 0.125369
-40.4821 -49.1759 1.55737 0.0041143
-40.1863 -49.4003 1.54877 0.0175549
-40.2398 -49.1107 1.55083 0.429748
-40.2236 -49.1368 1.55653 0.125369
-40.5372 -49.2047 1.55248 0.00895054
-40.206 -48.9643 1.5561 0.0590007
-40.2398 -49.1107 1.55083 0.429748
-40.094 -49.1902 1.55788 0.0958575
-40.2236 -49.1368 1.55653 0.125369
-40.2398 -49.1107 1.55083 0.429748
-40.5123 -49.4207 1.5473 0.00102704
-40.2236 -49.1368 1.55653 0.125369
-40.2398 -49.1107 1.55083 0.429748
-40.2398 -49.1107 1.55083 0.429748
-40.2398 -49.1107 1.55083 0.429748
-40.2398 -49.1107 1.55083 0.429748
-40.466 -49.2239 1.55572 0.0103053
-40.2398 -49.1107 1.55083 0.429748
-40.2398 -49.1107 1.55083 0.429748
-40.2398 -49.1107 1.55083 0.429748
-40.0089 -49.0071 1.55261 0.119001
-40.094 -49.1902 1.55788 0.0958575
-40.2398 -49.1107 1.55083 0.429748
-40.2236 -49.1368 1.55653 0.125369
-40.2398 -49.1107 1.55083 0.429748
-40.2398 -49.1107 1.55083 0.429748
-40.5372 -49.2047 1.55248 0.00895054
-40.2398 -49.1107 1.55083 0.429748
-40.466 -49.2239 1.55572 0.0103053
-40.0089 -49.0071 1.55261 0.119001
-40.2236 -49.1368 1.55653 0.125369
-40.2398 -49.1107 1.55083 0.429748
-40.094 -49.1902 1.55788 0.0958575
-40.1863 -49.4003 1.54877 0.0175549
-40.2398 -49.1107 1.55083 0.429748
-40.2236 -49.1368 1.55653 0.125369
-40.2398 -49.1107 1.55083 0.429748
-40.2398 -49.1107 1.55083 0.429748
-40.2236 -49.1368 1.55653 0.125369
-40.1863 -49.4003 1.54877 0.0175549
-40.206 -48.9643 1.5561 0.0590007
-40.094 -49.1902 1.55788 0.0958575
-40.094 -49.1902 1.55788 0.0958575
-40.206 -48.9643 1.5561 0.0590007
-40.4764 -49.2079 1.54785 0.0477217
-40.0089 -49.0071 1.55261 0.119001
-40.2398 -49.1107 1.55083 0.429748
-40.2398 -49.1107 1.55083 0.429748
-40.2398 -49.1107 1.55083 0.429748
-40.206 -48.9643 1.5561 0.0590007
-40.0089 -49.0071 1.55261 0.119001
-40.4764 -49.2079 1.54785 0.0477217
-40.094 -49.1902 1.55788 0.0958575
-40.2398 -49.1107 1.55083 0.429748
-40.2398 -49.1107 1.55083 0.429748
-40.206 -48.9643 1.5561 0.0590007
-40.094 -49.1902 1.55788 0.0958575
-40.2236 -49.1368 1.55653 0.125369
-40.2236 -49.1368 1.55653 0.125369
-40.2994 -49.0187 1.55657 0.044384
-40.094 -49.1902 1.55788 0.0958575
-40.1863 -49.4003 1.54877 0.0175549
-40.2398 -49.1107 1.55083 0.429748
-40.206 -48.9643 1.5561 0.0590007
-40.2398 -49.1107 1.55083 0.429748
-40.2398 -49.1107 1.55083 0.429748
-40.2398 -49.1107 1.55083 0.429748
-40.2398 -49.1107 1.55083 0.429748
-40.4764 -49.2079 1.54785 0.0477217
-40.2398 -49.1107 1.55083 0.429748
-40.0089 -49.0071 1.55261 0.119001
-40.2236 -49.1368 1.55653 0.125369
-40.2236 -49.1368 1.55653 0.125369
-40.2398 -49.1107 1.55083 0.429748
-40.2236 -49.1368 1.55653 0.125369
