39.9784 10.5934 0.184911 0.209609
39.9052 10.628 0.184958 0.117046
39.9052 10.628 0.184958 0.117046
40.0357 10.5611 0.185906 0.182126
40.0765 10.4516 0.180241 0.1609
39.9897 10.2836 0.182298 0.0619698
39.9784 10.5934 0.184911 0.209609
39.8506 10.5187 0.193571 0.00886565
39.9052 10.628 0.184958 0.117046
39.9854 10.6276 0.186372 0.11254
39.9784 10.5934 0.184911 0.209609
40.0357 10.5611 0.185906 0.182126
40.0765 10.4516 0.180241 0.1609
39.9854 10.6276 0.186372 0.11254
39.9784 10.5934 0.184911 0.209609
40.0357 10.5611 0.185906 0.182126
40.0765 10.4516 0.180241 0.1609
39.9897 10.2836 0.182298 0.0619698
39.9108 10.642 0.180002 0.0107885
40.0357 10.5611 0.185906 0.182126
39.9854 10.6276 0.186372 0.11254
39.9854 10.6276 0.186372 0.11254
39.9784 10.5934 0.184911 0.209609
40.0357 10.5611 0.185906 0.182126
40.0357 10.5611 0.185906 0.182126
40.0765 10.4516 0.180241 0.1609
40.0921 10.2019 0.185141 0.00362472
39.9052 10.628 0.184958 0.117046
40.0765 10.4516 0.180241 0.1609
39.9854 10.6276 0.186372 0.11254
40.2657 10.4828 0.181821 0.0120558
40.1452 10.5795 0.181441 0.0604236
39.9784 10.5934 0.184911 0.209609
39.9784 10.5934 0.184911 0.209609
40.0787 10.463 0.174462 0.00248483
40.0765 10.4516 0.180241 0.1609
39.9854 10.6276 0.186372 0.11254
39.9784 10.5934 0.184911 0.209609
39.9784 10.5934 0.184911 0.209609
39.9052 10.628 0.184958 0.117046
40.0357 10.5611 0.185906 0.182126
40.1298 10.6504 0.188441 0.00396961
39.9784 10.5934 0.184911 0.209609
40.0357 10.5611 0.185906 0.182126
40.0765 10.4516 0.180241 0.1609
39.9854 10.6276 0.186372 0.11254
40.1452 10.5795 0.181441 0.0604236
39.9052 10.628 0.184958 0.117046
40.0357 10.5611 0.185906 0.182126
39.9897 10.2836 0.182298 0.0619698
39.9854 10.6276 0.186372 0.11254
39.9784 10.5934 0.184911 0.209609
39.9052 10.628 0.184958 0.117046
40.0357 10.5611 0.185906 0.182126
40.0765 10.4516 0.180241 0.1609
40.1452 10.5795 0.181441 0.0604236
39.9784 10.5934 0.184911 0.209609
39.9052 10.628 0.184958 0.117046
40.0357 10.5611 0.185906 0.182126
40.0765 10.4516 0.180241 0.1609
39.9854 10.6276 0.186372 0.11254
39.9784 10.5934 0.184911 0.209609
39.9052 10.628 0.184958 0.117046
40.0357 10.5611 0.185906 0.182126
40.0357 10.5611 0.185906 0.182126
40.0357 10.5611 0.185906 0.182126
39.9897 10.2836 0.182298 0.0619698
39.9854 10.6276 0.186372 0.11254
40.1552 10.2895 0.187421 0.0022638
40.1452 10.5795 0.181441 0.0604236
40.1452 10.5795 0.181441 0.0604236
39.9784 10.5934 0.184911 0.209609
40.0357 10.5611 0.185906 0.182126
40.1298 10.6504 0.188441 0.00396961
39.9108 10.642 0.180002 0.0107885
39.9784 10.5934 0.184911 0.209609
40.0357 10.5611 0.185906 0.182126
39.9897 10.2836 0.182298 0.0619698
39.9854 10.6276 0.186372 0.11254
39.9784 10.5934 0.184911 0.209609
40.0765 10.4516 0.180241 0.1609
40.1452 10.5795 0.181441 0.0604236
39.9784 10.5934 0.184911 0.209609
40.0357 10.5611 0.185906 0.182126
40.0765 10.4516 0.180241 0.1609
40.1298 10.6504 0.188441 0.00396961
39.9108 10.642 0.180002 0.0107885
39.9052 10.628 0.184958 0.117046
40.0765 10.4516 0.180241 0.1609
40.1452 10.5795 0.181441 0.0604236
39.9784 10.5934 0.184911 0.209609
40.0357 10.5611 0.185906 0.182126
39.9854 10.6276 0.186372 0.11254
40.1452 10.5795 0.181441 0.0604236
39.9784 10.5934 0.184911 0.209609
40.0357 10.5611 0.185906 0.182126
39.9854 10.6276 0.186372 0.11254
40.0787 10.463 0.174462 0.00248483
40.0765 10.4516 0.180241 0.1609
39.9854 10.6276 0.186372 0.11254
