27.3398 -84.5916 3.80869 0.124638
27.6264 -84.6943 3.81337 0.0888894
27.4972 -84.757 3.8178 0.0731284
27.5323 -84.7155 3.81521 0.196569
27.3398 -84.5916 3.80869 0.124638
27.2343 -84.4127 3.80778 0.0181242
27.2468 -84.5748 3.81575 0.023568
27.3398 -84.5916 3.80869 0.124638
27.6797 -84.6202 3.81814 0.11745
27.4386 -84.6705 3.81113 0.207725
27.7726 -84.4127 3.81726 0.00984576
27.3398 -84.5916 3.80869 0.124638
27.7419 -84.5242 3.82261 0.0135598
27.6264 -84.6943 3.81337 0.0888894
27.4972 -84.757 3.8178 0.0731284
27.5323 -84.7155 3.81521 0.196569
27.5323 -84.7155 3.81521 0.196569
27.3398 -84.5916 3.80869 0.124638
27.3398 -84.5916 3.80869 0.124638
27.4386 -84.6705 3.81113 0.207725
27.5323 -84.7155 3.81521 0.196569
27.5323 -84.7155 3.81521 0.196569
27.6264 -84.6943 3.81337 0.0888894
27.6264 -84.6943 3.81337 0.0888894
27.4972 -84.757 3.8178 0.0731284
27.4386 -84.6705 3.81113 0.207725
27.4386 -84.6705 3.81113 0.207725
27.4386 -84.6705 3.81113 0.207725
27.5323 -84.7155 3.81521 0.196569
27.3398 -84.5916 3.80869 0.124638
27.6797 -84.6202 3.81814 0.11745
27.4386 -84.6705 3.81113 0.207725
27.4386 -84.6705 3.81113 0.207725
27.4386 -84.6705 3.81113 0.207725
27.5323 -84.7155 3.81521 0.196569
27.3085 -84.5976 3.82027 0.00322452
27.6264 -84.6943 3.81337 0.0888894
27.4386 -84.6705 3.81113 0.207725
27.5323 -84.7155 3.81521 0.196569
27.5323 -84.7155 3.81521 0.196569
27.3398 -84.5916 3.80869 0.124638
27.4124 -84.8741 3.81412 0.0135518
27.4124 -84.8741 3.81412 0.0135518
27.4386 -84.6705 3.81113 0.207725
27.4386 -84.6705 3.81113 0.207725
27.2468 -84.5748 3.81575 0.023568
27.5323 -84.7155 3.81521 0.196569
27.3398 -84.5916 3.80869 0.124638
27.7419 -84.5242 3.82261 0.0135598
27.6797 -84.6202 3.81814 0.11745
27.4972 -84.757 3.8178 0.0731284
27.4972 -84.757 3.8178 0.0731284
27.3521 -84.8146 3.81108 0.0287
27.3398 -84.5916 3.80869 0.124638
27.4972 -84.757 3.8178 0.0731284
27.4386 -84.6705 3.81113 0.207725
27.7958 -84.4863 3.81686 0.0134814
27.6264 -84.6943 3.81337 0.0888894
27.6797 -84.6202 3.81814 0.11745
27.6797 -84.6202 3.81814 0.11745
27.4386 -84.6705 3.81113 0.207725
27.4386 -84.6705 3.81113 0.207725
27.7958 -84.4863 3.81686 0.0134814
27.6264 -84.6943 3.81337 0.0888894
27.6797 -84.6202 3.81814 0.11745
27.4386 -84.6705 3.81113 0.207725
27.5323 -84.7155 3.81521 0.196569
27.5323 -84.7155 3.81521 0.196569
27.3398 -84.5916 3.80869 0.124638
27.6797 -84.6202 3.81814 0.11745
27.4386 -84.6705 3.81113 0.207725
27.3421 -84.8552 3.81299 0.013361
27.3398 -84.5916 3.80869 0.124638
27.6797 -84.6202 3.81814 0.11745
27.4386 -84.6705 3.81113 0.207725
27.4386 -84.6705 3.81113 0.207725
27.5323 -84.7155 3.81521 0.196569
27.7419 -84.5242 3.82261 0.0135598
27.4386 -84.6705 3.81113 0.207725
27.2468 -84.5748 3.81575 0.023568
27.5323 -84.7155 3.81521 0.196569
27.7958 -84.4863 3.81686 0.0134814
27.6797 -84.6202 3.81814 0.11745
27.4386 -84.6705 3.81113 0.207725
27.5323 -84.7155 3.81521 0.196569
27.6797 -84.6202 3.81814 0.11745
27.6797 -84.6202 3.81814 0.11745
27.2468 -84.5748 3.81575 0.023568
27.5323 -84.7155 3.81521 0.196569
27.6797 -84.6202 3.81814 0.11745
27.4386 -84.6705 3.81113 0.207725
27.2468 -84.5748 3.81575 0.023568
27.3398 -84.5916 3.80869 0.124638
27.7419 -84.5242 3.82261 0.0135598
27.6797 -84.6202 3.81814 0.11745
27.4386 -84.6705 3.81113 0.207725
27.3521 -84.8146 3.81108 0.0287
27.5323 -84.7155 3.81521 0.196569
27.6797 -84.6202 3.81814 0.11745
27.6797 -84.6202 3.81814 0.11745
