30.9252 10.1834 0.166963 0.193542
30.9252 10.1834 0.166963 0.193542
30.9159 10.312 0.164787 0.214278
30.9159 10.312 0.164787 0.214278
30.7448 10.1075 0.172876 0.107695
30.9252 10.1834 0.166963 0.193542
30.5854 10.1319 0.17654 0.0511909
30.9336 10.2005 0.162764 0.106692
30.9159 10.312 0.164787 0.214278
30.9159 10.312 0.164787 0.214278
30.6176 10.0505 0.170259 0.0579822
30.7448 10.1075 0.172876 0.107695
30.9252 10.1834 0.166963 0.193542
30.9252 10.1834 0.166963 0.193542
30.9336 10.2005 0.162764 0.106692
30.9159 10.312 0.164787 0.214278
30.7983 10.0849 0.1677 0.172177
30.9252 10.1834 0.166963 0.193542
30.6997 10.3038 0.162846 0.0409214
30.9159 10.312 0.164787 0.214278
30.7983 10.0849 0.1677 0.172177
30.7448 10.1075 0.172876 0.107695
30.5854 10.1319 0.17654 0.0511909
30.6997 10.3038 0.162846 0.0409214
30.9159 10.312 0.164787 0.214278
30.7983 10.0849 0.1677 0.172177
30.9252 10.1834 0.166963 0.193542
30.9252 10.1834 0.166963 0.193542
30.5854 10.1319 0.17654 0.0511909
30.9159 10.312 0.164787 0.214278
30.9159 10.312 0.164787 0.214278
30.7448 10.1075 0.172876 0.107695
30.9252 10.1834 0.166963 0.193542
30.7248 9.99565 0.168859 0.023756
30.9159 10.312 0.164787 0.214278
30.7983 10.0849 0.1677 0.172177
30.7983 10.0849 0.1677 0.172177
30.7448 10.1075 0.172876 0.107695
30.8282 10.2776 0.158781 0.00418951
30.9336 10.2005 0.162764 0.106692
30.9159 10.312 0.164787 0.214278
30.6176 10.0505 0.170259 0.0579822
30.7983 10.0849 0.1677 0.172177
30.7448 10.1075 0.172876 0.107695
30.9252 10.1834 0.166963 0.193542
30.5854 10.1319 0.17654 0.0511909
30.9159 10.312 0.164787 0.214278
30.7983 10.0849 0.1677 0.172177
30.7448 10.1075 0.172876 0.107695
30.5854 10.1319 0.17654 0.0511909
30.9159 10.312 0.164787 0.214278
30.7983 10.0849 0.1677 0.172177
30.9252 10.1834 0.166963 0.193542
30.9018 10.2769 0.17611 0.00257122
30.9159 10.312 0.164787 0.214278
30.7448 10.1075 0.172876 0.107695
30.9252 10.1834 0.166963 0.193542
30.6997 10.3038 0.162846 0.0409214
30.9159 10.312 0.164787 0.214278
30.7448 10.1075 0.172876 0.107695
30.5854 10.1319 0.17654 0.0511909
30.9336 10.2005 0.162764 0.106692
30.9159 10.312 0.164787 0.214278
30.6176 10.0505 0.170259 0.0579822
30.8282 10.2776 0.158781 0.00418951
30.9336 10.2005 0.162764 0.106692
30.6176 10.0505 0.170259 0.0579822
30.6176 10.0505 0.170259 0.0579822
30.6176 10.0505 0.170259 0.0579822
30.6176 10.0505 0.170259 0.0579822
30.7983 10.0849 0.1677 0.172177
30.9252 10.1834 0.166963 0.193542
30.6513 9.98373 0.17032 0.0123145
30.9159 10.312 0.164787 0.214278
30.9159 10.312 0.164787 0.214278
30.6176 10.0505 0.170259 0.0579822
30.6176 10.0505 0.170259 0.0579822
30.7983 10.0849 0.1677 0.172177
30.9252 10.1834 0.166963 0.193542
30.6997 10.3038 0.162846 0.0409214
30.6176 10.0505 0.170259 0.0579822
30.7983 10.0849 0.1677 0.172177
30.7983 10.0849 0.1677 0.172177
30.7983 10.0849 0.1677 0.172177
30.7983 10.0849 0.1677 0.172177
30.9252 10.1834 0.166963 0.193542
30.5854 10.1319 0.17654 0.0511909
30.9159 10.312 0.164787 0.214278
30.7983 10.0849 0.1677 0.172177
30.9252 10.1834 0.166963 0.193542
30.9336 10.2005 0.162764 0.106692
30.9336 10.2005 0.162764 0.106692
30.7983 10.0849 0.1677 0.172177
30.7448 10.1075 0.172876 0.107695
30.9252 10.1834 0.166963 0.193542
30.9336 10.2005 0.162764 0.106692
30.6997 10.3038 0.162846 0.0409214
30.9159 10.312 0.164787 0.214278
30.7983 10.0849 0.1677 0.172177
30.5854 10.1319 0.17654 0.0511909
