-32.5121 -22.4653 1.1198 0.334611
-32.5121 -22.4653 1.1198 0.334611
-32.5322 -22.5091 1.11218 0.006602
-32.5121 -22.4653 1.1198 0.334611
-32.5121 -22.4653 1.1198 0.334611
-32.3064 -22.5686 1.1195 0.0698362
-32.5803 -22.412 1.1259 0.121098
-32.5121 -22.4653 1.1198 0.334611
-32.5121 -22.4653 1.1198 0.334611
-32.4065 -22.5151 1.12741 0.0813543
-32.5803 -22.412 1.1259 0.121098
-32.5121 -22.4653 1.1198 0.334611
-32.5121 -22.4653 1.1198 0.334611
-32.7198 -22.7005 1.12826 0.0349174
-32.5803 -22.412 1.1259 0.121098
-32.546 -22.7193 1.12516 0.112717
-32.4069 -22.6973 1.11942 0.0392025
-32.5121 -22.4653 1.1198 0.334611
-32.4069 -22.6973 1.11942 0.0392025
-32.5121 -22.4653 1.1198 0.334611
-32.7183 -22.7388 1.12365 0.0161793
-32.5803 -22.412 1.1259 0.121098
-32.7183 -22.7388 1.12365 0.0161793
-32.5121 -22.4653 1.1198 0.334611
-32.5121 -22.4653 1.1198 0.334611
-32.4065 -22.5151 1.12741 0.0813543
-32.5121 -22.4653 1.1198 0.334611
-32.3064 -22.5686 1.1195 0.0698362
-32.5121 -22.4653 1.1198 0.334611
-32.4065 -22.5151 1.12741 0.0813543
-32.4065 -22.5151 1.12741 0.0813543
-32.5121 -22.4653 1.1198 0.334611
-32.546 -22.7193 1.12516 0.112717
-32.5803 -22.412 1.1259 0.121098
-32.7198 -22.7005 1.12826 0.0349174
-32.546 -22.7193 1.12516 0.112717
-32.5121 -22.4653 1.1198 0.334611
-32.5121 -22.4653 1.1198 0.334611
-32.2833 -22.6614 1.11098 0.000166865
-32.546 -22.7193 1.12516 0.112717
-32.5803 -22.412 1.1259 0.121098
-32.5121 -22.4653 1.1198 0.334611
-32.5121 -22.4653 1.1198 0.334611
-32.4436 -22.2951 1.12375 0.0367737
-32.5121 -22.4653 1.1198 0.334611
-32.4436 -22.2951 1.12375 0.0367737
-32.5121 -22.4653 1.1198 0.334611
-32.5803 -22.412 1.1259 0.121098
-32.5121 -22.4653 1.1198 0.334611
-32.4065 -22.5151 1.12741 0.0813543
-32.5121 -22.4653 1.1198 0.334611
-32.3064 -22.5686 1.1195 0.0698362
-32.4065 -22.5151 1.12741 0.0813543
-32.5121 -22.4653 1.1198 0.334611
-32.7198 -22.7005 1.12826 0.0349174
-32.5803 -22.412 1.1259 0.121098
-32.5121 -22.4653 1.1198 0.334611
-32.5121 -22.4653 1.1198 0.334611
-32.5803 -22.412 1.1259 0.121098
-32.5121 -22.4653 1.1198 0.334611
-32.5121 -22.4653 1.1198 0.334611
-32.5121 -22.4653 1.1198 0.334611
-32.3064 -22.5686 1.1195 0.0698362
-32.4065 -22.5151 1.12741 0.0813543
-32.5803 -22.412 1.1259 0.121098
-32.5331 -22.8069 1.12061 0.00776118
-32.546 -22.7193 1.12516 0.112717
-32.5803 -22.412 1.1259 0.121098
-32.2431 -22.514 1.11594 0.0163175
-32.7198 -22.7005 1.12826 0.0349174
-32.5803 -22.412 1.1259 0.121098
-32.4374 -22.7553 1.12508 0.0479368
-32.5803 -22.412 1.1259 0.121098
-32.5121 -22.4653 1.1198 0.334611
-32.2207 -22.2679 1.11492 0.00439423
-32.4224 -22.2257 1.11833 0.0256694
-32.3064 -22.5686 1.1195 0.0698362
-32.5121 -22.4653 1.1198 0.334611
-32.546 -22.7193 1.12516 0.112717
-32.5121 -22.4653 1.1198 0.334611
-32.5121 -22.4653 1.1198 0.334611
-32.5121 -22.4653 1.1198 0.334611
-32.546 -22.7193 1.12516 0.112717
-32.4065 -22.5151 1.12741 0.0813543
-32.5121 -22.4653 1.1198 0.334611
-32.5121 -22.4653 1.1198 0.334611
-32.4065 -22.5151 1.12741 0.0813543
-32.5803 -22.412 1.1259 0.121098
-32.5121 -22.4653 1.1198 0.334611
-32.5121 -22.4653 1.1198 0.334611
-32.4436 -22.2951 1.12375 0.0367737
-32.4069 -22.6973 1.11942 0.0392025
-32.5121 -22.4653 1.1198 0.334611
-32.3064 -22.5686 1.1195 0.0698362
-32.5121 -22.4653 1.1198 0.334611
-32.5331 -22.8069 1.12061 0.00776118
-32.5322 -22.5091 1.11218 0.006602
-32.5121 -22.4653 1.1198 0.334611
-32.5803 -22.412 1.1259 0.121098
-32.5121 -22.4653 1.1198 0.334611
