115.137 -22.5299 3.39585 0.20011
114.907 -22.5555 3.40426 0.0107277
115.06 -22.6351 3.39167 0.0313948
115.136 -22.4322 3.39469 0.158616
115.226 -22.6848 3.4029 0.0836767
114.801 -22.6234 3.39374 0.00649599
115.137 -22.5299 3.39585 0.20011
115.06 -22.6351 3.39167 0.0313948
115.136 -22.4322 3.39469 0.158616
115.359 -22.4942 3.41625 8.47131e-05
115.226 -22.6848 3.4029 0.0836767
115.226 -22.6848 3.4029 0.0836767
115.137 -22.5299 3.39585 0.20011
115.137 -22.5299 3.39585 0.20011
115.444 -22.5962 3.40255 0.0768954
115.136 -22.4322 3.39469 0.158616
115.137 -22.5299 3.39585 0.20011
115.317 -22.6533 3.41108 0.00397668
115.136 -22.4322 3.39469 0.158616
115.226 -22.6848 3.4029 0.0836767
115.31 -22.8021 3.39515 0.00428553
115.137 -22.5299 3.39585 0.20011
115.137 -22.5299 3.39585 0.20011
115.056 -22.3438 3.40309 0.0144117
114.989 -22.5779 3.40049 0.0415296
115.136 -22.4322 3.39469 0.158616
115.137 -22.5299 3.39585 0.20011
115.137 -22.5299 3.39585 0.20011
115.137 -22.5299 3.39585 0.20011
115.444 -22.5962 3.40255 0.0768954
115.136 -22.4322 3.39469 0.158616
115.136 -22.4322 3.39469 0.158616
115.414 -22.3178 3.40172 0.0345595
115.137 -22.5299 3.39585 0.20011
115.481 -22.6457 3.40239 0.0400691
115.06 -22.6351 3.39167 0.0313948
114.989 -22.5779 3.40049 0.0415296
115.226 -22.6848 3.4029 0.0836767
115.318 -22.4249 3.40805 0.0171579
115.137 -22.5299 3.39585 0.20011
115.137 -22.5299 3.39585 0.20011
114.989 -22.5779 3.40049 0.0415296
115.017 -22.607 3.40573 0.0168066
115.318 -22.4249 3.40805 0.0171579
115.137 -22.5299 3.39585 0.20011
115.393 -22.6261 3.41012 0.0103859
115.367 -22.7128 3.40322 0.057269
114.989 -22.5779 3.40049 0.0415296
115.136 -22.4322 3.39469 0.158616
115.136 -22.4322 3.39469 0.158616
115.136 -22.4322 3.39469 0.158616
115.137 -22.5299 3.39585 0.20011
115.137 -22.5299 3.39585 0.20011
115.444 -22.5962 3.40255 0.0768954
115.136 -22.4322 3.39469 0.158616
115.318 -22.4249 3.40805 0.0171579
115.137 -22.5299 3.39585 0.20011
115.137 -22.5299 3.39585 0.20011
115.444 -22.5962 3.40255 0.0768954
115.088 -22.7413 3.40394 0.0192073
115.136 -22.4322 3.39469 0.158616
115.136 -22.4322 3.39469 0.158616
115.005 -22.6338 3.40934 0.00539355
115.137 -22.5299 3.39585 0.20011
115.444 -22.5962 3.40255 0.0768954
114.879 -22.5469 3.39379 0.0316462
115.137 -22.5299 3.39585 0.20011
115.137 -22.5299 3.39585 0.20011
115.481 -22.6457 3.40239 0.0400691
115.229 -22.6059 3.40808 0.0150831
115.136 -22.4322 3.39469 0.158616
115.136 -22.4322 3.39469 0.158616
114.879 -22.5469 3.39379 0.0316462
115.226 -22.6848 3.4029 0.0836767
115.318 -22.4249 3.40805 0.0171579
115.056 -22.3438 3.40309 0.0144117
115.444 -22.5962 3.40255 0.0768954
114.879 -22.5469 3.39379 0.0316462
115.137 -22.5299 3.39585 0.20011
115.137 -22.5299 3.39585 0.20011
115.137 -22.5299 3.39585 0.20011
115.444 -22.5962 3.40255 0.0768954
115.414 -22.3178 3.40172 0.0345595
115.226 -22.6848 3.4029 0.0836767
115.137 -22.5299 3.39585 0.20011
115.229 -22.6059 3.40808 0.0150831
115.444 -22.5962 3.40255 0.0768954
114.989 -22.5779 3.40049 0.0415296
115.136 -22.4322 3.39469 0.158616
115.478 -22.5716 3.39782 0.0190817
115.137 -22.5299 3.39585 0.20011
115.444 -22.5962 3.40255 0.0768954
115.136 -22.4322 3.39469 0.158616
115.136 -22.4322 3.39469 0.158616
115.226 -22.6848 3.4029 0.0836767
115.137 -22.5299 3.39585 0.20011
115.137 -22.5299 3.39585 0.20011
115.137 -22.5299 3.39585 0.20011
115.137 -22.5299 3.39585 0.20011
115.137 -22.5299 3.39585 0.20011
