23.0333 6.92408 0.263029 0.193258
23.188 7.08004 0.258047 0.138194
23.0924 7.13834 0.261092 0.0764262
23.1948 6.95795 0.256099 0.261468
23.1948 6.95795 0.256099 0.261468
23.1948 6.95795 0.256099 0.261468
23.0924 7.13834 0.261092 0.0764262
22.8732 7.16716 0.260759 0.0195586
23.1948 6.95795 0.256099 0.261468
23.188 7.08004 0.258047 0.138194
23.0924 7.13834 0.261092 0.0764262
23.1948 6.95795 0.256099 0.261468
23.0333 6.92408 0.263029 0.193258
23.0924 7.13834 0.261092 0.0764262
22.9374 7.07139 0.255586 0.0459746
23.1948 6.95795 0.256099 0.261468
23.0333 6.92408 0.263029 0.193258
23.188 7.08004 0.258047 0.138194
23.0924 7.13834 0.261092 0.0764262
23.2203 6.88943 0.257953 0.11739
23.2203 6.88943 0.257953 0.11739
23.0333 6.92408 0.263029 0.193258
23.0333 6.92408 0.263029 0.193258
23.0924 7.13834 0.261092 0.0764262
22.8332 7.11608 0.262661 0.0270071
23.1948 6.95795 0.256099 0.261468
23.0587 7.03199 0.251497 0.0313884
23.1948 6.95795 0.256099 0.261468
23.0333 6.92408 0.263029 0.193258
23.0587 7.03199 0.251497 0.0313884
23.1948 6.95795 0.256099 0.261468
23.0333 6.92408 0.263029 0.193258
23.0924 7.13834 0.261092 0.0764262
23.1948 6.95795 0.256099 0.261468
23.0333 6.92408 0.263029 0.193258
23.188 7.08004 0.258047 0.138194
22.9374 7.07139 0.255586 0.0459746
23.1948 6.95795 0.256099 0.261468
23.0333 6.92408 0.263029 0.193258
23.2203 6.88943 0.257953 0.11739
23.0333 6.92408 0.263029 0.193258
23.2203 6.88943 0.257953 0.11739
23.1948 6.95795 0.256099 0.261468
23.1948 6.95795 0.256099 0.261468
23.188 7.08004 0.258047 0.138194
23.2203 6.88943 0.257953 0.11739
23.0333 6.92408 0.263029 0.193258
23.0333 6.92408 0.263029 0.193258
23.188 7.08004 0.258047 0.138194
22.8332 7.11608 0.262661 0.0270071
23.0333 6.92408 0.263029 0.193258
23.0457 6.70128 0.258577 0.012433
23.188 7.08004 0.258047 0.138194
22.8732 7.16716 0.260759 0.0195586
22.8332 7.11608 0.262661 0.0270071
23.0333 6.92408 0.263029 0.193258
23.0333 6.92408 0.263029 0.193258
23.2203 6.88943 0.257953 0.11739
23.1948 6.95795 0.256099 0.261468
23.188 7.08004 0.258047 0.138194
23.0587 7.03199 0.251497 0.0313884
23.1948 6.95795 0.256099 0.261468
23.188 7.08004 0.258047 0.138194
23.1948 6.95795 0.256099 0.261468
23.188 7.08004 0.258047 0.138194
23.0587 7.03199 0.251497 0.0313884
23.0809 6.71146 0.255443 0.0111932
22.9374 7.07139 0.255586 0.0459746
23.0333 6.92408 0.263029 0.193258
23.0924 7.13834 0.261092 0.0764262
22.8732 7.16716 0.260759 0.0195586
22.8332 7.11608 0.262661 0.0270071
23.1948 6.95795 0.256099 0.261468
23.1948 6.95795 0.256099 0.261468
23.0924 7.13834 0.261092 0.0764262
22.9374 7.07139 0.255586 0.0459746
23.1948 6.95795 0.256099 0.261468
23.1948 6.95795 0.256099 0.261468
23.1948 6.95795 0.256099 0.261468
23.0333 6.92408 0.263029 0.193258
23.2203 6.88943 0.257953 0.11739
23.1948 6.95795 0.256099 0.261468
23.1948 6.95795 0.256099 0.261468
23.2027 6.82672 0.251392 0.0275641
22.9374 7.07139 0.255586 0.0459746
23.1948 6.95795 0.256099 0.261468
23.188 7.08004 0.258047 0.138194
23.188 7.08004 0.258047 0.138194
22.9374 7.07139 0.255586 0.0459746
22.9374 7.07139 0.255586 0.0459746
23.1948 6.95795 0.256099 0.261468
23.1948 6.95795 0.256099 0.261468
23.2027 6.82672 0.251392 0.0275641
23.2203 6.88943 0.257953 0.11739
23.2203 6.88943 0.257953 0.11739
23.1948 6.95795 0.256099 0.261468
23.1948 6.95795 0.256099 0.261468
23.188 7.08004 0.258047 0.138194
23.2203 6.88943 0.257953 0.11739
22.9374 7.07139 0.255586 0.0459746
