248.416 -18.1808 3.02108 0.0931658
248.416 -18.1808 3.02108 0.0931658
248.373 -18.1558 3.02706 0.0369559
248.344 -18.0093 3.0229 0.082663
248.457 -18.2732 3.01754 0.0122965
248.485 -18.1968 3.02401 0.106523
248.605 -18.2091 3.02181 0.0433349
248.544 -18.1461 3.01996 0.057938
248.322 -17.9406 3.01402 0.0233103
248.313 -17.9753 3.024 0.0404743
248.533 -18.2253 3.02275 0.073495
248.373 -18.1558 3.02706 0.0369559
248.586 -18.2595 3.03463 0.00522203
248.485 -18.1968 3.02401 0.106523
248.605 -18.2091 3.02181 0.0433349
248.544 -18.1461 3.01996 0.057938
248.322 -17.9406 3.01402 0.0233103
248.222 -17.9377 3.0181 0.0377395
248.421 -18.3311 3.01563 0.00237371
248.416 -18.1808 3.02108 0.0931658
248.373 -18.1558 3.02706 0.0369559
248.586 -18.2595 3.03463 0.00522203
248.485 -18.1968 3.02401 0.106523
248.485 -18.1968 3.02401 0.106523
248.485 -18.1968 3.02401 0.106523
248.544 -18.1461 3.01996 0.057938
248.549 -18.0108 3.02109 0.0884515
248.419 -17.98 3.01313 0.0091787
248.533 -18.2253 3.02275 0.073495
248.373 -18.1558 3.02706 0.0369559
248.442 -17.891 3.02173 0.0604344
248.442 -17.891 3.02173 0.0604344
248.267 -18.3897 3.01982 0.00306981
248.605 -18.2091 3.02181 0.0433349
248.707 -18.0446 3.0317 0.0309081
248.313 -17.9753 3.024 0.0404743
248.533 -18.2253 3.02275 0.073495
248.416 -18.1808 3.02108 0.0931658
248.555 -18.0967 3.03167 0.0256549
248.555 -18.0967 3.03167 0.0256549
248.485 -18.1968 3.02401 0.106523
248.485 -18.1968 3.02401 0.106523
248.436 -18.3255 3.01749 0.00625566
248.423 -18.0503 3.02967 0.0180262
248.51 -18.4375 3.02735 0.00508632
248.222 -17.9377 3.0181 0.0377395
248.313 -17.9753 3.024 0.0404743
248.313 -17.9753 3.024 0.0404743
248.416 -18.1808 3.02108 0.0931658
248.373 -18.1558 3.02706 0.0369559
248.344 -18.0093 3.0229 0.082663
248.442 -17.891 3.02173 0.0604344
248.442 -17.891 3.02173 0.0604344
248.267 -18.3897 3.01982 0.00306981
248.544 -18.1461 3.01996 0.057938
248.549 -18.0108 3.02109 0.0884515
248.322 -17.9406 3.01402 0.0233103
248.222 -17.9377 3.0181 0.0377395
248.313 -17.9753 3.024 0.0404743
248.533 -18.2253 3.02275 0.073495
248.533 -18.2253 3.02275 0.073495
248.373 -18.1558 3.02706 0.0369559
248.442 -17.891 3.02173 0.0604344
248.485 -18.1968 3.02401 0.106523
248.485 -18.1968 3.02401 0.106523
248.485 -18.1968 3.02401 0.106523
248.544 -18.1461 3.01996 0.057938
248.549 -18.0108 3.02109 0.0884515
248.467 -17.7289 3.02322 0.00498861
248.222 -17.9377 3.0181 0.0377395
248.505 -17.86 3.01799 0.0202645
248.533 -18.2253 3.02275 0.073495
248.416 -18.1808 3.02108 0.0931658
248.373 -18.1558 3.02706 0.0369559
248.442 -17.891 3.02173 0.0604344
248.743 -18.2632 3.03176 0.024306
248.605 -18.2091 3.02181 0.0433349
248.549 -18.0108 3.02109 0.0884515
248.222 -17.9377 3.0181 0.0377395
248.505 -17.86 3.01799 0.0202645
248.416 -18.1808 3.02108 0.0931658
248.344 -18.0093 3.0229 0.082663
248.485 -18.1968 3.02401 0.106523
248.544 -18.1461 3.01996 0.057938
248.544 -18.1461 3.01996 0.057938
248.549 -18.0108 3.02109 0.0884515
248.419 -17.98 3.01313 0.0091787
248.313 -17.9753 3.024 0.0404743
248.313 -17.9753 3.024 0.0404743
248.533 -18.2253 3.02275 0.073495
248.295 -17.8488 3.01039 0.00272842
248.344 -18.0093 3.0229 0.082663
248.485 -18.1968 3.02401 0.106523
248.605 -18.2091 3.02181 0.0433349
248.605 -18.2091 3.02181 0.0433349
248.707 -18.0446 3.0317 0.0309081
248.419 -17.98 3.01313 0.0091787
248.431 -18.3903 3.02317 0.00961154
248.416 -18.1808 3.02108 0.0931658
248.373 -18.1558 3.02706 0.0369559
