-38.1184 -69.4473 1.89569 0.0677591
-37.9016 -69.2539 1.89544 0.063714
-38.1218 -69.1925 1.90386 0.0176595
-38.1435 -69.2758 1.90576 0.0102272
-38.0223 -69.5136 1.89838 0.0591412
-38.0223 -69.5136 1.89838 0.0591412
-38.0203 -69.4345 1.90321 0.0863584
-38.1184 -69.4473 1.89569 0.0677591
-38.1849 -69.1213 1.8962 0.0528723
-38.0202 -69.1732 1.90056 0.0776797
-38.0202 -69.1732 1.90056 0.0776797
-37.9505 -69.3792 1.90369 0.0910397
-38.0585 -69.3406 1.8999 0.166043
-38.0203 -69.4345 1.90321 0.0863584
-38.2692 -69.4433 1.89459 0.0221933
-38.1113 -69.2281 1.90273 0.0436155
-38.0223 -69.5136 1.89838 0.0591412
-38.0185 -69.1728 1.89875 0.103943
-38.1184 -69.4473 1.89569 0.0677591
-38.1184 -69.4473 1.89569 0.0677591
-38.0202 -69.1732 1.90056 0.0776797
-38.0223 -69.5136 1.89838 0.0591412
-38.0185 -69.1728 1.89875 0.103943
-38.1184 -69.4473 1.89569 0.0677591
-38.0202 -69.1732 1.90056 0.0776797
-37.9505 -69.3792 1.90369 0.0910397
-38.0185 -69.1728 1.89875 0.103943
-38.0203 -69.4345 1.90321 0.0863584
-38.1633 -69.5322 1.90232 0.0225056
-38.1849 -69.1213 1.8962 0.0528723
-37.7748 -69.4516 1.89573 0.0059061
-38.0585 -69.3406 1.8999 0.166043
-38.0185 -69.1728 1.89875 0.103943
-38.1218 -69.1925 1.90386 0.0176595
-38.0202 -69.1732 1.90056 0.0776797
-38.0223 -69.5136 1.89838 0.0591412
-38.0185 -69.1728 1.89875 0.103943
-37.9016 -69.2539 1.89544 0.063714
-38.1435 -69.2758 1.90576 0.0102272
-38.0202 -69.1732 1.90056 0.0776797
-38.0202 -69.1732 1.90056 0.0776797
-38.2689 -69.5749 1.89577 0.00487447
-37.7105 -69.6543 1.90658 0.00168755
-37.9505 -69.3792 1.90369 0.0910397
-38.0223 -69.5136 1.89838 0.0591412
-38.0585 -69.3406 1.8999 0.166043
-38.2692 -69.4433 1.89459 0.0221933
-37.9016 -69.2539 1.89544 0.063714
-38.1435 -69.2758 1.90576 0.0102272
-38.0202 -69.1732 1.90056 0.0776797
-37.9505 -69.3792 1.90369 0.0910397
-38.0185 -69.1728 1.89875 0.103943
-38.1184 -69.4473 1.89569 0.0677591
-38.1849 -69.1213 1.8962 0.0528723
-38.0202 -69.1732 1.90056 0.0776797
-37.9505 -69.3792 1.90369 0.0910397
-38.0585 -69.3406 1.8999 0.166043
-38.1633 -69.5322 1.90232 0.0225056
-37.9016 -69.2539 1.89544 0.063714
-37.8244 -69.1425 1.901 0.0211162
-37.9505 -69.3792 1.90369 0.0910397
-38.0585 -69.3406 1.8999 0.166043
-38.0585 -69.3406 1.8999 0.166043
-38.1184 -69.4473 1.89569 0.0677591
-37.9016 -69.2539 1.89544 0.063714
-38.1849 -69.1213 1.8962 0.0528723
-38.27 -69.1683 1.89917 0.0186349
-37.8244 -69.1425 1.901 0.0211162
-38.0223 -69.5136 1.89838 0.0591412
-38.0223 -69.5136 1.89838 0.0591412
-38.0585 -69.3406 1.8999 0.166043
-38.0585 -69.3406 1.8999 0.166043
-38.0585 -69.3406 1.8999 0.166043
-38.2692 -69.4433 1.89459 0.0221933
-38.1849 -69.1213 1.8962 0.0528723
-38.0202 -69.1732 1.90056 0.0776797
-38.0223 -69.5136 1.89838 0.0591412
-38.0185 -69.1728 1.89875 0.103943
-37.9016 -69.2539 1.89544 0.063714
-38.0202 -69.1732 1.90056 0.0776797
-37.9505 -69.3792 1.90369 0.0910397
-38.0223 -69.5136 1.89838 0.0591412
-38.0585 -69.3406 1.8999 0.166043
-38.0203 -69.4345 1.90321 0.0863584
-38.1113 -69.2281 1.90273 0.0436155
-37.8244 -69.1425 1.901 0.0211162
-38.0585 -69.3406 1.8999 0.166043
-38.0185 -69.1728 1.89875 0.103943
-37.9016 -69.2539 1.89544 0.063714
-38.1435 -69.2758 1.90576 0.0102272
-38.0202 -69.1732 1.90056 0.0776797
-38.0223 -69.5136 1.89838 0.0591412
-38.0223 -69.5136 1.89838 0.0591412
-38.0585 -69.3406 1.8999 0.166043
-38.0203 -69.4345 1.90321 0.0863584
-38.1184 -69.4473 1.89569 0.0677591
-38.1113 -69.2281 1.90273 0.0436155
-38.0223 -69.5136 1.89838 0.0591412
-38.0185 -69.1728 1.89875 0.103943
-38.1184 -69.4473 1.89569 0.0677591
