250.683 -18.3981 3.11118 0.0379784
250.703 -18.6235 3.112 0.263701
250.647 -18.5957 3.1137 0.229086
250.683 -18.3981 3.11118 0.0379784
250.703 -18.6235 3.112 0.263701
250.618 -18.8816 3.11607 0.0305977
250.683 -18.3981 3.11118 0.0379784
250.342 -18.7077 3.10416 0.0326149
250.703 -18.6235 3.112 0.263701
250.259 -18.4043 3.09901 0.0041012
250.647 -18.5957 3.1137 0.229086
250.683 -18.3981 3.11118 0.0379784
250.703 -18.6235 3.112 0.263701
250.647 -18.5957 3.1137 0.229086
250.647 -18.5957 3.1137 0.229086
250.618 -18.8816 3.11607 0.0305977
250.924 -18.5763 3.11836 0.0433958
250.703 -18.6235 3.112 0.263701
251.019 -18.6803 3.12232 0.0152974
250.683 -18.3981 3.11118 0.0379784
250.683 -18.3981 3.11118 0.0379784
250.507 -18.9329 3.10589 0.0029712
250.703 -18.6235 3.112 0.263701
250.703 -18.6235 3.112 0.263701
250.703 -18.6235 3.112 0.263701
250.811 -18.5562 3.1104 0.054027
250.647 -18.5957 3.1137 0.229086
250.647 -18.5957 3.1137 0.229086
250.703 -18.6235 3.112 0.263701
250.703 -18.6235 3.112 0.263701
250.647 -18.5957 3.1137 0.229086
250.703 -18.6235 3.112 0.263701
250.574 -18.6533 3.09717 0.00258153
250.428 -18.7437 3.10026 0.00689974
250.647 -18.5957 3.1137 0.229086
250.445 -18.7343 3.11381 0.0317792
250.703 -18.6235 3.112 0.263701
250.703 -18.6235 3.112 0.263701
250.647 -18.5957 3.1137 0.229086
250.59 -18.6301 3.10457 0.04162
250.487 -18.8091 3.09896 0.00381591
250.487 -18.8091 3.09896 0.00381591
250.647 -18.5957 3.1137 0.229086
250.703 -18.6235 3.112 0.263701
250.572 -18.7883 3.10536 0.0203003
250.647 -18.5957 3.1137 0.229086
250.647 -18.5957 3.1137 0.229086
250.703 -18.6235 3.112 0.263701
250.597 -18.2984 3.10854 0.00779598
250.647 -18.5957 3.1137 0.229086
250.703 -18.6235 3.112 0.263701
250.703 -18.6235 3.112 0.263701
250.687 -18.9695 3.11078 0.00592657
250.683 -18.3981 3.11118 0.0379784
250.703 -18.6235 3.112 0.263701
250.647 -18.5957 3.1137 0.229086
250.703 -18.6235 3.112 0.263701
250.703 -18.6235 3.112 0.263701
250.703 -18.6235 3.112 0.263701
250.811 -18.5562 3.1104 0.054027
250.572 -18.7883 3.10536 0.0203003
250.647 -18.5957 3.1137 0.229086
250.924 -18.5763 3.11836 0.0433958
250.811 -18.5562 3.1104 0.054027
250.642 -18.4491 3.112 0.0823176
250.342 -18.7077 3.10416 0.0326149
250.703 -18.6235 3.112 0.263701
250.572 -18.7883 3.10536 0.0203003
250.342 -18.7077 3.10416 0.0326149
250.487 -18.8091 3.09896 0.00381591
251.019 -18.6803 3.12232 0.0152974
250.647 -18.5957 3.1137 0.229086
250.703 -18.6235 3.112 0.263701
250.642 -18.4491 3.112 0.0823176
250.507 -18.9329 3.10589 0.0029712
250.703 -18.6235 3.112 0.263701
250.428 -18.7437 3.10026 0.00689974
250.647 -18.5957 3.1137 0.229086
250.647 -18.5957 3.1137 0.229086
250.703 -18.6235 3.112 0.263701
250.703 -18.6235 3.112 0.263701
250.642 -18.4491 3.112 0.0823176
250.342 -18.7077 3.10416 0.0326149
250.394 -18.9312 3.10082 0.0009425
250.642 -18.4491 3.112 0.0823176
250.642 -18.4491 3.112 0.0823176
250.647 -18.5957 3.1137 0.229086
250.703 -18.6235 3.112 0.263701
250.703 -18.6235 3.112 0.263701
250.744 -18.6126 3.10319 0.0134435
250.647 -18.5957 3.1137 0.229086
250.445 -18.7343 3.11381 0.0317792
250.703 -18.6235 3.112 0.263701
250.642 -18.4491 3.112 0.0823176
250.647 -18.5957 3.1137 0.229086
250.924 -18.5763 3.11836 0.0433958
250.811 -18.5562 3.1104 0.054027
250.618 -18.8816 3.11607 0.0305977
250.342 -18.7077 3.10416 0.0326149
250.924 -18.5763 3.11836 0.0433958
