275.266 19.8065 5.41399 0.0631472
275.149 20.0025 5.41789 0.0820428
275.149 20.0025 5.41789 0.0820428
275.177 20.0418 5.4161 0.102341
275.122 19.9357 5.41632 0.0536556
275.256 19.9596 5.4178 0.170208
275.149 20.0025 5.41789 0.0820428
275.296 19.882 5.40722 0.0539774
275.497 20.0762 5.42191 0.00877678
275.255 20.0635 5.4166 0.150912
275.303 19.8457 5.41845 0.0580384
275.303 19.8457 5.41845 0.0580384
275.333 20.1456 5.41548 0.0567754
275.223 19.7756 5.4128 0.0334779
275.266 19.8065 5.41399 0.0631472
275.255 20.0635 5.4166 0.150912
275.255 20.0635 5.4166 0.150912
275.326 19.7338 5.41949 0.00457932
275.256 19.9596 5.4178 0.170208
275.486 19.9477 5.40792 0.0182137
275.177 20.0418 5.4161 0.102341
275.255 20.0635 5.4166 0.150912
274.957 19.9354 5.42146 0.000788544
274.957 19.9354 5.42146 0.000788544
275.122 19.9357 5.41632 0.0536556
275.256 19.9596 5.4178 0.170208
275.256 19.9596 5.4178 0.170208
275.149 20.0025 5.41789 0.0820428
275.177 20.0418 5.4161 0.102341
275.255 20.0635 5.4166 0.150912
275.355 20.128 5.41252 0.0416523
275.303 19.8457 5.41845 0.0580384
275.256 19.9596 5.4178 0.170208
275.266 19.8065 5.41399 0.0631472
275.177 20.0418 5.4161 0.102341
275.255 20.0635 5.4166 0.150912
275.173 19.9706 5.42572 0.0121905
275.333 20.1456 5.41548 0.0567754
275.266 19.8065 5.41399 0.0631472
275.296 19.882 5.40722 0.0539774
275.255 20.0635 5.4166 0.150912
275.303 19.8457 5.41845 0.0580384
275.223 19.7756 5.4128 0.0334779
275.149 20.0025 5.41789 0.0820428
275.296 19.882 5.40722 0.0539774
275.296 19.882 5.40722 0.0539774
275.255 20.0635 5.4166 0.150912
275.255 20.0635 5.4166 0.150912
275.295 19.9511 5.40404 0.0133093
275.256 19.9596 5.4178 0.170208
275.266 19.8065 5.41399 0.0631472
275.296 19.882 5.40722 0.0539774
275.255 20.0635 5.4166 0.150912
275.255 20.0635 5.4166 0.150912
275.532 20.0702 5.4197 0.00738385
275.125 20.0922 5.42553 0.0110335
275.266 19.8065 5.41399 0.0631472
275.149 20.0025 5.41789 0.0820428
275.296 19.882 5.40722 0.0539774
275.296 19.882 5.40722 0.0539774
275.177 20.0418 5.4161 0.102341
275.177 20.0418 5.4161 0.102341
275.245 19.7563 5.40607 0.0116356
275.326 19.7338 5.41949 0.00457932
275.256 19.9596 5.4178 0.170208
275.256 19.9596 5.4178 0.170208
275.486 19.9477 5.40792 0.0182137
275.296 19.882 5.40722 0.0539774
275.255 20.0635 5.4166 0.150912
275.173 19.9706 5.42572 0.0121905
275.256 19.9596 5.4178 0.170208
275.149 20.0025 5.41789 0.0820428
275.255 20.0635 5.4166 0.150912
275.303 19.8457 5.41845 0.0580384
275.303 19.8457 5.41845 0.0580384
275.256 19.9596 5.4178 0.170208
275.149 20.0025 5.41789 0.0820428
275.296 19.882 5.40722 0.0539774
275.177 20.0418 5.4161 0.102341
275.177 20.0418 5.4161 0.102341
275.303 19.8457 5.41845 0.0580384
275.303 19.8457 5.41845 0.0580384
275.565 19.9483 5.41774 0.00531435
275.149 20.0025 5.41789 0.0820428
275.255 20.0635 5.4166 0.150912
275.255 20.0635 5.4166 0.150912
275.255 20.0635 5.4166 0.150912
275.255 20.0635 5.4166 0.150912
275.333 20.1456 5.41548 0.0567754
275.486 19.9477 5.40792 0.0182137
275.296 19.882 5.40722 0.0539774
275.177 20.0418 5.4161 0.102341
275.255 20.0635 5.4166 0.150912
275.303 19.8457 5.41845 0.0580384
275.256 19.9596 5.4178 0.170208
275.149 20.0025 5.41789 0.0820428
275.296 19.882 5.40722 0.0539774
275.177 20.0418 5.4161 0.102341
275.122 19.9357 5.41632 0.0536556
275.333 20.1456 5.41548 0.0567754
