36.2274 -76.9735 3.90685 0.0854591
36.0693 -76.9607 3.90487 0.125769
36.2772 -77.057 3.90998 0.117169
36.2274 -76.9735 3.90685 0.0854591
36.2274 -76.9735 3.90685 0.0854591
36.264 -76.7263 3.91285 0.00374503
36.0693 -76.9607 3.90487 0.125769
36.0876 -77.0696 3.90804 0.195519
36.1047 -77.0054 3.90674 0.215746
36.2274 -76.9735 3.90685 0.0854591
36.0693 -76.9607 3.90487 0.125769
36.1047 -77.0054 3.90674 0.215746
36.1047 -77.0054 3.90674 0.215746
36.1742 -77.0225 3.91243 0.2226
36.1742 -77.0225 3.91243 0.2226
36.0693 -76.9607 3.90487 0.125769
36.1047 -77.0054 3.90674 0.215746
36.1047 -77.0054 3.90674 0.215746
36.1742 -77.0225 3.91243 0.2226
36.1742 -77.0225 3.91243 0.2226
36.1742 -77.0225 3.91243 0.2226
36.0693 -76.9607 3.90487 0.125769
36.2772 -77.057 3.90998 0.117169
36.2772 -77.057 3.90998 0.117169
36.1047 -77.0054 3.90674 0.215746
36.1047 -77.0054 3.90674 0.215746
36.2274 -76.9735 3.90685 0.0854591
36.0876 -77.0696 3.90804 0.195519
36.0876 -77.0696 3.90804 0.195519
36.2772 -77.057 3.90998 0.117169
36.1047 -77.0054 3.90674 0.215746
36.1239 -76.9982 3.91795 0.00311239
36.0876 -77.0696 3.90804 0.195519
36.2772 -77.057 3.90998 0.117169
36.2274 -76.9735 3.90685 0.0854591
36.3931 -77.1565 3.91223 0.0114958
36.0693 -76.9607 3.90487 0.125769
36.2772 -77.057 3.90998 0.117169
36.264 -76.7263 3.91285 0.00374503
36.0876 -77.0696 3.90804 0.195519
36.0876 -77.0696 3.90804 0.195519
36.1047 -77.0054 3.90674 0.215746
36.1742 -77.0225 3.91243 0.2226
36.0693 -76.9607 3.90487 0.125769
36.2772 -77.057 3.90998 0.117169
36.1047 -77.0054 3.90674 0.215746
36.0693 -76.9607 3.90487 0.125769
36.0693 -76.9607 3.90487 0.125769
36.0876 -77.0696 3.90804 0.195519
36.1047 -77.0054 3.90674 0.215746
36.2274 -76.9735 3.90685 0.0854591
36.0693 -76.9607 3.90487 0.125769
36.0876 -77.0696 3.90804 0.195519
36.1047 -77.0054 3.90674 0.215746
36.0693 -76.9607 3.90487 0.125769
36.0693 -76.9607 3.90487 0.125769
36.1047 -77.0054 3.90674 0.215746
36.1742 -77.0225 3.91243 0.2226
36.0693 -76.9607 3.90487 0.125769
36.0876 -77.0696 3.90804 0.195519
36.0876 -77.0696 3.90804 0.195519
36.2274 -76.9735 3.90685 0.0854591
36.1742 -77.0225 3.91243 0.2226
36.0876 -77.0696 3.90804 0.195519
36.2772 -77.057 3.90998 0.117169
36.1047 -77.0054 3.90674 0.215746
36.1047 -77.0054 3.90674 0.215746
36.1047 -77.0054 3.90674 0.215746
36.1742 -77.0225 3.91243 0.2226
36.2772 -77.057 3.90998 0.117169
36.1742 -77.0225 3.91243 0.2226
36.1742 -77.0225 3.91243 0.2226
36.05 -77.2103 3.90528 0.0089819
36.1047 -77.0054 3.90674 0.215746
36.4544 -77.0157 3.90978 0.00276194
36.0693 -76.9607 3.90487 0.125769
36.0876 -77.0696 3.90804 0.195519
36.0876 -77.0696 3.90804 0.195519
36.1047 -77.0054 3.90674 0.215746
36.1047 -77.0054 3.90674 0.215746
36.2274 -76.9735 3.90685 0.0854591
36.0693 -76.9607 3.90487 0.125769
36.05 -77.2103 3.90528 0.0089819
36.1047 -77.0054 3.90674 0.215746
36.3931 -77.1565 3.91223 0.0114958
36.1742 -77.0225 3.91243 0.2226
36.0693 -76.9607 3.90487 0.125769
36.0693 -76.9607 3.90487 0.125769
36.0876 -77.0696 3.90804 0.195519
36.1047 -77.0054 3.90674 0.215746
36.1047 -77.0054 3.90674 0.215746
36.0693 -76.9607 3.90487 0.125769
36.0876 -77.0696 3.90804 0.195519
36.0876 -77.0696 3.90804 0.195519
36.1047 -77.0054 3.90674 0.215746
36.1742 -77.0225 3.91243 0.2226
36.0876 -77.0696 3.90804 0.195519
36.2772 -77.057 3.90998 0.117169
36.1047 -77.0054 3.90674 0.215746
36.1047 -77.0054 3.90674 0.215746
