243.472 -17.3861 2.91197 0.068144
243.441 -17.1659 2.91204 0.0251369
243.718 -17.5746 2.9152 0.0145095
243.349 -17.2495 2.90633 0.00773907
243.755 -17.2436 2.9179 0.0191832
243.493 -17.2613 2.91001 0.0224488
243.523 -17.3973 2.9213 0.116386
243.311 -17.2239 2.90724 0.0116632
243.459 -17.4266 2.91088 0.0410086
243.352 -17.2324 2.91822 0.0194967
243.514 -17.2921 2.91788 0.105071
243.514 -17.2921 2.91788 0.105071
243.121 -17.4874 2.91798 0.00126591
243.27 -17.3067 2.92122 0.00278871
243.59 -17.2663 2.92253 0.0335026
243.59 -17.2663 2.92253 0.0335026
243.57 -17.5668 2.92367 0.0926346
243.472 -17.3861 2.91197 0.068144
243.872 -17.419 2.92494 0.0338342
243.352 -17.2324 2.91822 0.0194967
243.514 -17.2921 2.91788 0.105071
243.45 -17.4062 2.92088 0.081473
243.395 -17.4955 2.90825 0.00791975
243.317 -17.2334 2.91964 0.00673119
243.57 -17.5668 2.92367 0.0926346
243.523 -17.3973 2.9213 0.116386
243.472 -17.3861 2.91197 0.068144
243.707 -17.4489 2.91496 0.0311272
243.514 -17.2921 2.91788 0.105071
243.551 -17.2604 2.91826 0.0779681
243.647 -17.253 2.91879 0.0558229
243.647 -17.253 2.91879 0.0558229
243.498 -17.4947 2.92474 0.0359342
243.523 -17.3973 2.9213 0.116386
243.523 -17.3973 2.9213 0.116386
243.472 -17.3861 2.91197 0.068144
243.707 -17.4489 2.91496 0.0311272
243.459 -17.4266 2.91088 0.0410086
243.514 -17.2921 2.91788 0.105071
243.718 -17.5746 2.9152 0.0145095
243.45 -17.4062 2.92088 0.081473
243.551 -17.2604 2.91826 0.0779681
243.647 -17.253 2.91879 0.0558229
243.57 -17.5668 2.92367 0.0926346
243.498 -17.4947 2.92474 0.0359342
243.523 -17.3973 2.9213 0.116386
243.472 -17.3861 2.91197 0.068144
243.472 -17.3861 2.91197 0.068144
243.872 -17.419 2.92494 0.0338342
243.311 -17.2239 2.90724 0.0116632
243.707 -17.4489 2.91496 0.0311272
243.514 -17.2921 2.91788 0.105071
243.514 -17.2921 2.91788 0.105071
243.514 -17.2921 2.91788 0.105071
243.551 -17.2604 2.91826 0.0779681
243.755 -17.2436 2.9179 0.0191832
243.57 -17.5668 2.92367 0.0926346
243.523 -17.3973 2.9213 0.116386
243.472 -17.3861 2.91197 0.068144
243.352 -17.2324 2.91822 0.0194967
243.45 -17.4062 2.92088 0.081473
243.12 -17.3488 2.91678 0.0019091
243.647 -17.253 2.91879 0.0558229
243.59 -17.2663 2.92253 0.0335026
243.57 -17.5668 2.92367 0.0926346
243.523 -17.3973 2.9213 0.116386
243.523 -17.3973 2.9213 0.116386
243.872 -17.419 2.92494 0.0338342
243.441 -17.1659 2.91204 0.0251369
243.441 -17.1659 2.91204 0.0251369
243.45 -17.4062 2.92088 0.081473
243.45 -17.4062 2.92088 0.081473
243.551 -17.2604 2.91826 0.0779681
243.57 -17.5668 2.92367 0.0926346
243.523 -17.3973 2.9213 0.116386
243.472 -17.3861 2.91197 0.068144
243.472 -17.3861 2.91197 0.068144
243.707 -17.4489 2.91496 0.0311272
243.352 -17.2324 2.91822 0.0194967
243.718 -17.5746 2.9152 0.0145095
243.551 -17.2604 2.91826 0.0779681
243.755 -17.2436 2.9179 0.0191832
243.849 -17.2712 2.92175 0.0125802
243.523 -17.3973 2.9213 0.116386
243.472 -17.3861 2.91197 0.068144
243.459 -17.4266 2.91088 0.0410086
243.352 -17.2324 2.91822 0.0194967
243.514 -17.2921 2.91788 0.105071
243.45 -17.4062 2.92088 0.081473
243.551 -17.2604 2.91826 0.0779681
243.57 -17.5668 2.92367 0.0926346
243.57 -17.5668 2.92367 0.0926346
243.523 -17.3973 2.9213 0.116386
243.872 -17.419 2.92494 0.0338342
243.872 -17.419 2.92494 0.0338342
243.514 -17.2921 2.91788 0.105071
243.551 -17.2604 2.91826 0.0779681
243.706 -17.1687 2.91658 0.0105794
243.59 -17.2663 2.92253 0.0335026
243.57 -17.5668 2.92367 0.0926346
