24.0321 -84.9742 3.80363 0.313906
24.2365 -84.8969 3.80643 0.191332
24.0321 -84.9742 3.80363 0.313906
24.1909 -85.1108 3.80569 0.184113
24.2365 -84.8969 3.80643 0.191332
24.0321 -84.9742 3.80363 0.313906
24.0015 -85.0857 3.80588 0.0721267
24.2636 -84.8232 3.80662 0.0768291
24.0321 -84.9742 3.80363 0.313906
24.1909 -85.1108 3.80569 0.184113
24.2636 -84.8232 3.80662 0.0768291
24.1909 -85.1108 3.80569 0.184113
24.0321 -84.9742 3.80363 0.313906
24.2365 -84.8969 3.80643 0.191332
24.2636 -84.8232 3.80662 0.0768291
24.0321 -84.9742 3.80363 0.313906
24.1909 -85.1108 3.80569 0.184113
24.2365 -84.8969 3.80643 0.191332
24.0321 -84.9742 3.80363 0.313906
24.1909 -85.1108 3.80569 0.184113
24.2365 -84.8969 3.80643 0.191332
24.0321 -84.9742 3.80363 0.313906
24.0015 -85.0857 3.80588 0.0721267
24.1909 -85.1108 3.80569 0.184113
24.2365 -84.8969 3.80643 0.191332
24.0321 -84.9742 3.80363 0.313906
24.0321 -84.9742 3.80363 0.313906
24.0015 -85.0857 3.80588 0.0721267
24.1909 -85.1108 3.80569 0.184113
24.0321 -84.9742 3.80363 0.313906
24.1909 -85.1108 3.80569 0.184113
24.0321 -84.9742 3.80363 0.313906
24.0321 -84.9742 3.80363 0.313906
24.2365 -84.8969 3.80643 0.191332
24.0015 -85.0857 3.80588 0.0721267
24.1909 -85.1108 3.80569 0.184113
24.2365 -84.8969 3.80643 0.191332
24.0321 -84.9742 3.80363 0.313906
24.0015 -85.0857 3.80588 0.0721267
24.2365 -84.8969 3.80643 0.191332
24.0321 -84.9742 3.80363 0.313906
24.0321 -84.9742 3.80363 0.313906
24.2365 -84.8969 3.80643 0.191332
24.0321 -84.9742 3.80363 0.313906
24.0321 -84.9742 3.80363 0.313906
24.2636 -84.8232 3.80662 0.0768291
24.0321 -84.9742 3.80363 0.313906
24.2365 -84.8969 3.80643 0.191332
24.0926 -85.0669 3.8101 0.0200305
24.1909 -85.1108 3.80569 0.184113
24.3261 -84.8457 3.80711 0.056074
24.0321 -84.9742 3.80363 0.313906
24.2365 -84.8969 3.80643 0.191332
24.2365 -84.8969 3.80643 0.191332
24.0321 -84.9742 3.80363 0.313906
24.0321 -84.9742 3.80363 0.313906
24.0015 -85.0857 3.80588 0.0721267
24.2636 -84.8232 3.80662 0.0768291
24.41 -85.105 3.80585 0.0215295
24.2636 -84.8232 3.80662 0.0768291
24.3261 -84.8457 3.80711 0.056074
24.0321 -84.9742 3.80363 0.313906
24.0321 -84.9742 3.80363 0.313906
24.1909 -85.1108 3.80569 0.184113
24.1909 -85.1108 3.80569 0.184113
24.2636 -84.8232 3.80662 0.0768291
24.0321 -84.9742 3.80363 0.313906
24.1909 -85.1108 3.80569 0.184113
24.1909 -85.1108 3.80569 0.184113
24.2365 -84.8969 3.80643 0.191332
24.0321 -84.9742 3.80363 0.313906
24.0321 -84.9742 3.80363 0.313906
24.41 -85.105 3.80585 0.0215295
24.2365 -84.8969 3.80643 0.191332
24.41 -85.105 3.80585 0.0215295
24.2365 -84.8969 3.80643 0.191332
24.0321 -84.9742 3.80363 0.313906
24.1909 -85.1108 3.80569 0.184113
24.0321 -84.9742 3.80363 0.313906
24.0321 -84.9742 3.80363 0.313906
24.2636 -84.8232 3.80662 0.0768291
24.0321 -84.9742 3.80363 0.313906
24.0015 -85.0857 3.80588 0.0721267
24.2636 -84.8232 3.80662 0.0768291
24.0321 -84.9742 3.80363 0.313906
24.2365 -84.8969 3.80643 0.191332
24.0321 -84.9742 3.80363 0.313906
24.0321 -84.9742 3.80363 0.313906
24.2365 -84.8969 3.80643 0.191332
24.2636 -84.8232 3.80662 0.0768291
24.1909 -85.1108 3.80569 0.184113
24.2365 -84.8969 3.80643 0.191332
24.0321 -84.9742 3.80363 0.313906
24.0321 -84.9742 3.80363 0.313906
24.1909 -85.1108 3.80569 0.184113
24.0926 -85.0669 3.8101 0.0200305
24.3655 -84.8286 3.81279 0.00260737
24.0321 -84.9742 3.80363 0.313906
24.2365 -84.8969 3.80643 0.191332
24.2636 -84.8232 3.80662 0.0768291
