220.058 26.6577 0.067037 0.182271
219.947 26.8871 0.0730961 0.129934
219.951 26.7539 0.0710316 0.380695
219.951 26.7539 0.0710316 0.380695
219.929 26.761 0.0674352 0.12915
220.036 26.5243 0.0690916 0.0660028
219.947 26.8871 0.0730961 0.129934
219.951 26.7539 0.0710316 0.380695
220.058 26.6577 0.067037 0.182271
220.036 26.5243 0.0690916 0.0660028
219.951 26.7539 0.0710316 0.380695
219.947 26.8871 0.0730961 0.129934
220.076 26.6686 0.0760917 0.045443
220.058 26.6577 0.067037 0.182271
219.976 26.527 0.077949 0.00211969
220.058 26.6577 0.067037 0.182271
219.929 26.761 0.0674352 0.12915
220.122 26.5218 0.0705252 0.0391006
219.951 26.7539 0.0710316 0.380695
219.951 26.7539 0.0710316 0.380695
220.058 26.6577 0.067037 0.182271
219.929 26.761 0.0674352 0.12915
220.058 26.6577 0.067037 0.182271
219.951 26.7539 0.0710316 0.380695
219.951 26.7539 0.0710316 0.380695
219.951 26.7539 0.0710316 0.380695
219.951 26.7539 0.0710316 0.380695
219.951 26.7539 0.0710316 0.380695
219.951 26.7539 0.0710316 0.380695
219.929 26.761 0.0674352 0.12915
219.929 26.761 0.0674352 0.12915
220.036 26.5243 0.0690916 0.0660028
219.929 26.761 0.0674352 0.12915
219.947 26.8871 0.0730961 0.129934
219.951 26.7539 0.0710316 0.380695
220.122 26.5218 0.0705252 0.0391006
219.951 26.7539 0.0710316 0.380695
220.058 26.6577 0.067037 0.182271
219.951 26.7539 0.0710316 0.380695
219.951 26.7539 0.0710316 0.380695
219.951 26.7539 0.0710316 0.380695
219.929 26.761 0.0674352 0.12915
220.036 26.5243 0.0690916 0.0660028
219.716 26.6438 0.069607 0.00467009
220.076 26.6686 0.0760917 0.045443
220.036 26.5243 0.0690916 0.0660028
219.947 26.8871 0.0730961 0.129934
220.058 26.6577 0.067037 0.182271
219.951 26.7539 0.0710316 0.380695
220.058 26.6577 0.067037 0.182271
220.058 26.6577 0.067037 0.182271
220.076 26.6686 0.0760917 0.045443
220.058 26.6577 0.067037 0.182271
219.951 26.7539 0.0710316 0.380695
219.951 26.7539 0.0710316 0.380695
219.929 26.761 0.0674352 0.12915
219.951 26.7539 0.0710316 0.380695
220.058 26.6577 0.067037 0.182271
220.036 26.5243 0.0690916 0.0660028
219.951 26.7539 0.0710316 0.380695
219.698 26.6072 0.0723226 0.00295569
219.951 26.7539 0.0710316 0.380695
219.929 26.761 0.0674352 0.12915
219.929 26.761 0.0674352 0.12915
220.076 26.6686 0.0760917 0.045443
219.951 26.7539 0.0710316 0.380695
219.947 26.8871 0.0730961 0.129934
219.951 26.7539 0.0710316 0.380695
220.076 26.6686 0.0760917 0.045443
220.058 26.6577 0.067037 0.182271
219.951 26.7539 0.0710316 0.380695
219.947 26.8871 0.0730961 0.129934
219.951 26.7539 0.0710316 0.380695
219.951 26.7539 0.0710316 0.380695
219.947 26.8871 0.0730961 0.129934
220.058 26.6577 0.067037 0.182271
219.951 26.7539 0.0710316 0.380695
220.122 26.5218 0.0705252 0.0391006
220.058 26.6577 0.067037 0.182271
220.036 26.5243 0.0690916 0.0660028
219.951 26.7539 0.0710316 0.380695
219.947 26.8871 0.0730961 0.129934
220.076 26.6686 0.0760917 0.045443
219.951 26.7539 0.0710316 0.380695
219.951 26.7539 0.0710316 0.380695
220.058 26.6577 0.067037 0.182271
219.951 26.7539 0.0710316 0.380695
220.091 26.5228 0.0766374 0.00295752
219.929 26.761 0.0674352 0.12915
219.929 26.761 0.0674352 0.12915
219.951 26.7539 0.0710316 0.380695
219.951 26.7539 0.0710316 0.380695
219.951 26.7539 0.0710316 0.380695
220.122 26.5218 0.0705252 0.0391006
219.951 26.7539 0.0710316 0.380695
219.951 26.7539 0.0710316 0.380695
220.058 26.6577 0.067037 0.182271
219.951 26.7539 0.0710316 0.380695
220.076 26.6686 0.0760917 0.045443
219.929 26.761 0.0674352 0.12915
