92.3247 16.4759 0.0698216 0.0577583
92.1866 16.5895 0.078731 0.107769
92.0635 16.7007 0.0728437 0.193002
92.4545 16.7467 0.0739827 0.0408145
92.1072 16.9063 0.0665915 0.057635
92.0328 16.7805 0.0772493 0.0990031
91.9183 16.7337 0.0757292 0.050576
92.1094 17.0211 0.0754781 0.017662
92.4545 16.7467 0.0739827 0.0408145
92.2224 17.0653 0.059962 0.002177
92.1866 16.5895 0.078731 0.107769
91.8701 16.6717 0.0782152 0.022912
92.0635 16.7007 0.0728437 0.193002
91.9937 16.7904 0.07216 0.0975662
92.0202 16.8265 0.0616358 0.0190997
91.9365 16.5814 0.0821242 0.0180721
92.1072 16.9063 0.0665915 0.057635
92.3247 16.4759 0.0698216 0.0577583
91.8701 16.6717 0.0782152 0.022912
91.9937 16.7904 0.07216 0.0975662
92.0328 16.7805 0.0772493 0.0990031
91.9183 16.7337 0.0757292 0.050576
92.3247 16.4759 0.0698216 0.0577583
92.0635 16.7007 0.0728437 0.193002
91.9937 16.7904 0.07216 0.0975662
91.9183 16.7337 0.0757292 0.050576
92.1866 16.5895 0.078731 0.107769
91.9724 16.8649 0.0782392 0.0337405
92.0328 16.7805 0.0772493 0.0990031
91.9183 16.7337 0.0757292 0.050576
91.8701 16.6717 0.0782152 0.022912
92.0635 16.7007 0.0728437 0.193002
92.4545 16.7467 0.0739827 0.0408145
91.9937 16.7904 0.07216 0.0975662
92.1072 16.9063 0.0665915 0.057635
92.3247 16.4759 0.0698216 0.0577583
92.1866 16.5895 0.078731 0.107769
92.0635 16.7007 0.0728437 0.193002
92.0202 16.8265 0.0616358 0.0190997
91.9183 16.7337 0.0757292 0.050576
92.1866 16.5895 0.078731 0.107769
92.0635 16.7007 0.0728437 0.193002
92.5996 16.501 0.0661977 0.00222136
92.1072 16.9063 0.0665915 0.057635
92.0328 16.7805 0.0772493 0.0990031
92.1981 16.796 0.0851679 0.0151994
92.0635 16.7007 0.0728437 0.193002
91.9724 16.8649 0.0782392 0.0337405
92.4545 16.7467 0.0739827 0.0408145
92.1072 16.9063 0.0665915 0.057635
91.9892 16.5054 0.0607746 0.00628384
91.7411 16.6686 0.0751438 0.00367971
92.1094 17.0211 0.0754781 0.017662
92.0635 16.7007 0.0728437 0.193002
91.9937 16.7904 0.07216 0.0975662
92.1072 16.9063 0.0665915 0.057635
92.0328 16.7805 0.0772493 0.0990031
92.0328 16.7805 0.0772493 0.0990031
92.1866 16.5895 0.078731 0.107769
92.0635 16.7007 0.0728437 0.193002
91.9664 16.8236 0.08504 0.0078884
92.3247 16.4759 0.0698216 0.0577583
92.3247 16.4759 0.0698216 0.0577583
92.0635 16.7007 0.0728437 0.193002
91.9724 16.8649 0.0782392 0.0337405
91.7118 16.7615 0.0657462 0.000666286
92.1072 16.9063 0.0665915 0.057635
92.1866 16.5895 0.078731 0.107769
91.8701 16.6717 0.0782152 0.022912
92.0635 16.7007 0.0728437 0.193002
91.9937 16.7904 0.07216 0.0975662
92.1072 16.9063 0.0665915 0.057635
92.1866 16.5895 0.078731 0.107769
92.0635 16.7007 0.0728437 0.193002
92.0635 16.7007 0.0728437 0.193002
91.9344 16.9058 0.0731853 0.0249495
91.9183 16.7337 0.0757292 0.050576
91.9701 16.745 0.0802224 0.0435159
91.9724 16.8649 0.0782392 0.0337405
91.9937 16.7904 0.07216 0.0975662
91.9664 16.8236 0.08504 0.0078884
92.1866 16.5895 0.078731 0.107769
92.1866 16.5895 0.078731 0.107769
92.1866 16.5895 0.078731 0.107769
92.0635 16.7007 0.0728437 0.193002
91.9937 16.7904 0.07216 0.0975662
92.1072 16.9063 0.0665915 0.057635
92.1072 16.9063 0.0665915 0.057635
92.0328 16.7805 0.0772493 0.0990031
92.0328 16.7805 0.0772493 0.0990031
91.9701 16.745 0.0802224 0.0435159
92.0635 16.7007 0.0728437 0.193002
91.9937 16.7904 0.07216 0.0975662
92.0328 16.7805 0.0772493 0.0990031
92.1866 16.5895 0.078731 0.107769
91.8701 16.6717 0.0782152 0.022912
91.9724 16.8649 0.0782392 0.0337405
91.9937 16.7904 0.07216 0.0975662
92.1981 16.796 0.0851679 0.0151994
91.943 16.8224 0.0797889 0.0267208
