180.227 23.9028 0.0711554 0.179786
180.227 23.9028 0.0711554 0.179786
180.058 23.5139 0.075581 0.0643663
180.222 23.9081 0.0707803 0.176223
180.051 23.4823 0.0732134 0.033254
180.239 23.9162 0.0703408 0.14433
180.043 23.8982 0.0759078 0.140222
180.043 23.8982 0.0759078 0.140222
180.222 23.9081 0.0707803 0.176223
180.051 23.4823 0.0732134 0.033254
180.227 23.9028 0.0711554 0.179786
180.043 23.8982 0.0759078 0.140222
180.478 23.7763 0.0596932 0.00143203
180.222 23.9081 0.0707803 0.176223
180.239 23.9162 0.0703408 0.14433
180.227 23.9028 0.0711554 0.179786
180.063 23.7669 0.0674166 0.149644
180.222 23.9081 0.0707803 0.176223
180.227 23.9028 0.0711554 0.179786
180.227 23.9028 0.0711554 0.179786
180.063 23.7669 0.0674166 0.149644
180.222 23.9081 0.0707803 0.176223
180.222 23.9081 0.0707803 0.176223
180.227 23.9028 0.0711554 0.179786
180.227 23.9028 0.0711554 0.179786
180.043 23.8982 0.0759078 0.140222
180.063 23.7669 0.0674166 0.149644
180.222 23.9081 0.0707803 0.176223
180.239 23.9162 0.0703408 0.14433
180.043 23.8982 0.0759078 0.140222
180.063 23.7669 0.0674166 0.149644
180.222 23.9081 0.0707803 0.176223
180.239 23.9162 0.0703408 0.14433
180.239 23.9162 0.0703408 0.14433
180.227 23.9028 0.0711554 0.179786
180.043 23.8982 0.0759078 0.140222
180.063 23.7669 0.0674166 0.149644
180.222 23.9081 0.0707803 0.176223
180.239 23.9162 0.0703408 0.14433
180.227 23.9028 0.0711554 0.179786
180.043 23.8982 0.0759078 0.140222
180.058 23.5139 0.075581 0.0643663
180.222 23.9081 0.0707803 0.176223
180.222 23.9081 0.0707803 0.176223
180.227 23.9028 0.0711554 0.179786
180.043 23.8982 0.0759078 0.140222
180.222 23.9081 0.0707803 0.176223
180.239 23.9162 0.0703408 0.14433
180.227 23.9028 0.0711554 0.179786
180.043 23.8982 0.0759078 0.140222
180.222 23.9081 0.0707803 0.176223
180.222 23.9081 0.0707803 0.176223
180.222 23.9081 0.0707803 0.176223
180.239 23.9162 0.0703408 0.14433
180.227 23.9028 0.0711554 0.179786
180.063 23.7669 0.0674166 0.149644
180.222 23.9081 0.0707803 0.176223
180.222 23.9081 0.0707803 0.176223
180.227 23.9028 0.0711554 0.179786
180.227 23.9028 0.0711554 0.179786
180.043 23.8982 0.0759078 0.140222
180.063 23.7669 0.0674166 0.149644
180.219 24.0531 0.0681048 0.012498
180.222 23.9081 0.0707803 0.176223
180.239 23.9162 0.0703408 0.14433
180.235 23.5978 0.0619631 0.0065964
180.043 23.8982 0.0759078 0.140222
180.063 23.7669 0.0674166 0.149644
180.051 23.4823 0.0732134 0.033254
180.227 23.9028 0.0711554 0.179786
180.063 23.7669 0.0674166 0.149644
180.222 23.9081 0.0707803 0.176223
180.239 23.9162 0.0703408 0.14433
180.043 23.8982 0.0759078 0.140222
180.058 23.5139 0.075581 0.0643663
180.013 23.7189 0.0660741 0.0378293
180.227 23.9028 0.0711554 0.179786
180.063 23.7669 0.0674166 0.149644
180.063 23.7669 0.0674166 0.149644
180.219 24.0531 0.0681048 0.012498
180.222 23.9081 0.0707803 0.176223
180.013 23.7189 0.0660741 0.0378293
180.051 23.4823 0.0732134 0.033254
180.239 23.9162 0.0703408 0.14433
180.043 23.8982 0.0759078 0.140222
180.058 23.5139 0.075581 0.0643663
180.222 23.9081 0.0707803 0.176223
180.239 23.9162 0.0703408 0.14433
180.239 23.9162 0.0703408 0.14433
180.239 23.9162 0.0703408 0.14433
180.227 23.9028 0.0711554 0.179786
180.043 23.8982 0.0759078 0.140222
180.058 23.5139 0.075581 0.0643663
180.013 23.7189 0.0660741 0.0378293
180.227 23.9028 0.0711554 0.179786
180.043 23.8982 0.0759078 0.140222
180.222 23.9081 0.0707803 0.176223
180.013 23.7189 0.0660741 0.0378293
180.239 23.9162 0.0703408 0.14433
180.239 23.9162 0.0703408 0.14433
