46.8197 -63.748 3.92943 0.367988
46.9733 -63.7623 3.92835 0.202828
46.9733 -63.7623 3.92835 0.202828
46.8197 -63.748 3.92943 0.367988
46.9733 -63.7623 3.92835 0.202828
46.9733 -63.7623 3.92835 0.202828
47 -63.7956 3.93769 0.136194
46.8612 -63.6977 3.93986 0.0484931
46.8197 -63.748 3.92943 0.367988
46.8197 -63.748 3.92943 0.367988
46.7407 -63.6664 3.92652 0.0430732
47.0334 -63.5707 3.92969 0.0281998
46.8245 -63.8544 3.92347 0.0224713
47 -63.7956 3.93769 0.136194
46.9733 -63.7623 3.92835 0.202828
47 -63.7956 3.93769 0.136194
46.9733 -63.7623 3.92835 0.202828
46.8197 -63.748 3.92943 0.367988
46.9733 -63.7623 3.92835 0.202828
46.9733 -63.7623 3.92835 0.202828
47 -63.7956 3.93769 0.136194
46.8197 -63.748 3.92943 0.367988
47 -63.7956 3.93769 0.136194
47 -63.7956 3.93769 0.136194
46.8197 -63.748 3.92943 0.367988
46.8245 -63.8544 3.92347 0.0224713
47.0334 -63.5707 3.92969 0.0281998
46.9733 -63.7623 3.92835 0.202828
46.8197 -63.748 3.92943 0.367988
46.7407 -63.6664 3.92652 0.0430732
46.6691 -63.8117 3.93208 0.0327167
46.8612 -63.6977 3.93986 0.0484931
46.9733 -63.7623 3.92835 0.202828
46.8197 -63.748 3.92943 0.367988
46.8197 -63.748 3.92943 0.367988
46.7407 -63.6664 3.92652 0.0430732
46.8197 -63.748 3.92943 0.367988
46.8197 -63.748 3.92943 0.367988
46.8612 -63.6977 3.93986 0.0484931
46.8197 -63.748 3.92943 0.367988
46.8197 -63.748 3.92943 0.367988
46.8197 -63.748 3.92943 0.367988
46.6691 -63.8117 3.93208 0.0327167
46.9733 -63.7623 3.92835 0.202828
46.8197 -63.748 3.92943 0.367988
46.5997 -63.9862 3.92594 0.000555011
46.8197 -63.748 3.92943 0.367988
46.9733 -63.7623 3.92835 0.202828
46.8197 -63.748 3.92943 0.367988
46.9231 -63.9123 3.92611 0.0435336
46.8612 -63.6977 3.93986 0.0484931
46.8197 -63.748 3.92943 0.367988
46.6453 -63.7889 3.92961 0.0259041
46.9733 -63.7623 3.92835 0.202828
46.8197 -63.748 3.92943 0.367988
46.9733 -63.7623 3.92835 0.202828
46.8245 -63.8544 3.92347 0.0224713
46.8197 -63.748 3.92943 0.367988
46.6453 -63.7889 3.92961 0.0259041
47 -63.7956 3.93769 0.136194
46.8197 -63.748 3.92943 0.367988
46.8197 -63.748 3.92943 0.367988
46.8197 -63.748 3.92943 0.367988
46.9733 -63.7623 3.92835 0.202828
47 -63.7956 3.93769 0.136194
46.9733 -63.7623 3.92835 0.202828
47 -63.7956 3.93769 0.136194
46.9733 -63.7623 3.92835 0.202828
46.8197 -63.748 3.92943 0.367988
46.9733 -63.7623 3.92835 0.202828
46.8197 -63.748 3.92943 0.367988
46.8197 -63.748 3.92943 0.367988
46.8197 -63.748 3.92943 0.367988
46.8589 -63.4793 3.93613 0.0184829
46.8197 -63.748 3.92943 0.367988
46.8197 -63.748 3.92943 0.367988
46.8197 -63.748 3.92943 0.367988
46.9733 -63.7623 3.92835 0.202828
46.8197 -63.748 3.92943 0.367988
47 -63.7956 3.93769 0.136194
46.8197 -63.748 3.92943 0.367988
46.8197 -63.748 3.92943 0.367988
46.8197 -63.748 3.92943 0.367988
46.9733 -63.7623 3.92835 0.202828
46.8197 -63.748 3.92943 0.367988
46.7407 -63.6664 3.92652 0.0430732
46.8197 -63.748 3.92943 0.367988
46.6453 -63.7889 3.92961 0.0259041
46.8197 -63.748 3.92943 0.367988
46.8479 -63.7045 3.94351 0.00205341
46.9733 -63.7623 3.92835 0.202828
46.8245 -63.8544 3.92347 0.0224713
46.9733 -63.7623 3.92835 0.202828
46.8197 -63.748 3.92943 0.367988
46.6691 -63.8117 3.93208 0.0327167
46.8197 -63.748 3.92943 0.367988
46.6691 -63.8117 3.93208 0.0327167
46.8197 -63.748 3.92943 0.367988
46.8197 -63.748 3.92943 0.367988
46.7407 -63.6664 3.92652 0.0430732
