43.3287 11.0919 0.171908 0.442423
43.2362 11.1747 0.169112 0.048041
43.3287 11.0919 0.171908 0.442423
43.4797 10.9354 0.170727 0.113707
43.4797 10.9354 0.170727 0.113707
43.4178 11.1274 0.174928 0.130432
43.6407 11.0892 0.174549 0.00149105
43.4797 10.9354 0.170727 0.113707
43.3287 11.0919 0.171908 0.442423
43.2036 11.3163 0.177053 0.0116012
43.4317 11.1886 0.176295 0.0358887
43.3287 11.0919 0.171908 0.442423
43.4797 10.9354 0.170727 0.113707
43.4178 11.1274 0.174928 0.130432
43.4178 11.1274 0.174928 0.130432
43.2881 11.2756 0.171621 0.0617441
43.3287 11.0919 0.171908 0.442423
43.2567 10.8198 0.173137 0.00483259
43.1892 11.2155 0.175498 0.0600896
43.3287 11.0919 0.171908 0.442423
43.4178 11.1274 0.174928 0.130432
43.3287 11.0919 0.171908 0.442423
43.4178 11.1274 0.174928 0.130432
43.4178 11.1274 0.174928 0.130432
43.3287 11.0919 0.171908 0.442423
43.4797 10.9354 0.170727 0.113707
43.3287 11.0919 0.171908 0.442423
43.3287 11.0919 0.171908 0.442423
43.3287 11.0919 0.171908 0.442423
43.1892 11.2155 0.175498 0.0600896
43.2362 11.1747 0.169112 0.048041
43.4178 11.1274 0.174928 0.130432
43.3287 11.0919 0.171908 0.442423
43.3287 11.0919 0.171908 0.442423
43.1889 11.3082 0.176397 0.0141346
43.1892 11.2155 0.175498 0.0600896
43.4797 10.9354 0.170727 0.113707
43.1255 11.0898 0.180995 0.00219015
43.4178 11.1274 0.174928 0.130432
43.3287 11.0919 0.171908 0.442423
43.3287 11.0919 0.171908 0.442423
43.3287 11.0919 0.171908 0.442423
43.3287 11.0919 0.171908 0.442423
43.3287 11.0919 0.171908 0.442423
43.4178 11.1274 0.174928 0.130432
43.3287 11.0919 0.171908 0.442423
43.4797 10.9354 0.170727 0.113707
43.4178 11.1274 0.174928 0.130432
43.1892 11.2155 0.175498 0.0600896
43.4178 11.1274 0.174928 0.130432
43.3287 11.0919 0.171908 0.442423
43.4178 11.1274 0.174928 0.130432
43.3287 11.0919 0.171908 0.442423
43.5118 11.0486 0.175266 0.0189556
43.3287 11.0919 0.171908 0.442423
43.2881 11.2756 0.171621 0.0617441
43.3287 11.0919 0.171908 0.442423
43.3287 11.0919 0.171908 0.442423
43.3287 11.0919 0.171908 0.442423
43.4178 11.1274 0.174928 0.130432
43.5248 11.3427 0.171708 0.00655043
43.3287 11.0919 0.171908 0.442423
43.5118 11.0486 0.175266 0.0189556
43.4178 11.1274 0.174928 0.130432
43.3287 11.0919 0.171908 0.442423
43.4178 11.1274 0.174928 0.130432
43.3287 11.0919 0.171908 0.442423
43.4178 11.1274 0.174928 0.130432
43.4797 10.9354 0.170727 0.113707
43.4797 10.9354 0.170727 0.113707
43.5248 11.3427 0.171708 0.00655043
43.4411 11.0316 0.162008 0.00741444
43.3287 11.0919 0.171908 0.442423
43.4797 10.9354 0.170727 0.113707
43.3287 11.0919 0.171908 0.442423
43.3287 11.0919 0.171908 0.442423
43.3287 11.0919 0.171908 0.442423
43.3287 11.0919 0.171908 0.442423
43.3287 11.0919 0.171908 0.442423
43.3287 11.0919 0.171908 0.442423
43.2567 10.8198 0.173137 0.00483259
43.3287 11.0919 0.171908 0.442423
43.3287 11.0919 0.171908 0.442423
43.4317 11.1886 0.176295 0.0358887
43.3287 11.0919 0.171908 0.442423
43.2881 11.2756 0.171621 0.0617441
43.2881 11.2756 0.171621 0.0617441
43.3287 11.0919 0.171908 0.442423
43.3287 11.0919 0.171908 0.442423
43.6935 11.1091 0.167779 0.0135489
43.2036 11.3163 0.177053 0.0116012
43.4178 11.1274 0.174928 0.130432
43.5118 11.0486 0.175266 0.0189556
43.3287 11.0919 0.171908 0.442423
43.3287 11.0919 0.171908 0.442423
43.2881 11.2756 0.171621 0.0617441
43.3287 11.0919 0.171908 0.442423
43.2362 11.1747 0.169112 0.048041
43.2881 11.2756 0.171621 0.0617441
43.3287 11.0919 0.171908 0.442423
