-34.8489 -77.994 2.18172 0.0133083
-35.3111 -77.9447 2.1699 0.0883719
-35.2064 -78.1263 2.17612 0.0581944
-34.9435 -77.7555 2.17245 0.0816587
-35.0364 -77.7969 2.17334 0.17424
-35.0198 -77.6613 2.17391 0.0669311
-35.0869 -77.3887 2.16867 0.00481819
-34.9435 -77.7555 2.17245 0.0816587
-35.0469 -77.813 2.16788 0.125339
-35.0364 -77.7969 2.17334 0.17424
-35.3111 -77.9447 2.1699 0.0883719
-34.9844 -77.755 2.16898 0.0979055
-35.2835 -77.9515 2.16597 0.038549
-35.0469 -77.813 2.16788 0.125339
-35.0364 -77.7969 2.17334 0.17424
-35.3111 -77.9447 2.1699 0.0883719
-35.3111 -77.9447 2.1699 0.0883719
-35.0252 -77.7971 2.16134 0.0132481
-35.0469 -77.813 2.16788 0.125339
-35.0198 -77.6613 2.17391 0.0669311
-34.8491 -77.671 2.17341 0.0158757
-35.0064 -77.5749 2.16725 0.0384895
-35.0364 -77.7969 2.17334 0.17424
-35.0198 -77.6613 2.17391 0.0669311
-34.9844 -77.755 2.16898 0.0979055
-35.2064 -78.1263 2.17612 0.0581944
-34.9435 -77.7555 2.17245 0.0816587
-35.0469 -77.813 2.16788 0.125339
-35.3503 -77.6475 2.17771 0.0098049
-35.3503 -77.6475 2.17771 0.0098049
-35.2954 -77.6442 2.17254 0.0617989
-35.0198 -77.6613 2.17391 0.0669311
-34.8929 -77.5011 2.17071 0.0053266
-35.0228 -77.4107 2.16722 0.00573627
-35.2835 -77.9515 2.16597 0.038549
-35.0064 -77.5749 2.16725 0.0384895
-35.6413 -77.9045 2.16783 0.000813933
-35.2954 -77.6442 2.17254 0.0617989
-35.2954 -77.6442 2.17254 0.0617989
-35.0198 -77.6613 2.17391 0.0669311
-35.0198 -77.6613 2.17391 0.0669311
-35.3111 -77.9447 2.1699 0.0883719
-35.2064 -78.1263 2.17612 0.0581944
-35.285 -77.7491 2.18054 0.0163961
-35.0469 -77.813 2.16788 0.125339
-35.0469 -77.813 2.16788 0.125339
-35.0768 -78.1876 2.16581 0.00132633
-35.3111 -77.9447 2.1699 0.0883719
-35.3111 -77.9447 2.1699 0.0883719
-34.9844 -77.755 2.16898 0.0979055
-34.8491 -77.671 2.17341 0.0158757
-35.0252 -77.7971 2.16134 0.0132481
-35.2954 -77.6442 2.17254 0.0617989
-35.0364 -77.7969 2.17334 0.17424
-35.0198 -77.6613 2.17391 0.0669311
-35.2064 -78.1263 2.17612 0.0581944
-35.0469 -77.813 2.16788 0.125339
-35.2954 -77.6442 2.17254 0.0617989
-35.0364 -77.7969 2.17334 0.17424
-35.3111 -77.9447 2.1699 0.0883719
-35.2064 -78.1263 2.17612 0.0581944
-35.0469 -77.813 2.16788 0.125339
-35.0364 -77.7969 2.17334 0.17424
-35.0364 -77.7969 2.17334 0.17424
-34.9844 -77.755 2.16898 0.0979055
-35.2835 -77.9515 2.16597 0.038549
-34.9435 -77.7555 2.17245 0.0816587
-35.0469 -77.813 2.16788 0.125339
-35.0469 -77.813 2.16788 0.125339
-35.0364 -77.7969 2.17334 0.17424
-34.9844 -77.755 2.16898 0.0979055
-35.2064 -78.1263 2.17612 0.0581944
-35.2835 -77.9515 2.16597 0.038549
-34.9325 -77.6092 2.16362 0.0134515
-35.0469 -77.813 2.16788 0.125339
-35.0469 -77.813 2.16788 0.125339
-35.3503 -77.6475 2.17771 0.0098049
-35.0364 -77.7969 2.17334 0.17424
-34.9844 -77.755 2.16898 0.0979055
-34.9435 -77.7555 2.17245 0.0816587
-35.2954 -77.6442 2.17254 0.0617989
-35.3111 -77.9447 2.1699 0.0883719
-35.1048 -77.7752 2.15867 0.00602372
-34.9325 -77.6092 2.16362 0.0134515
-35.0469 -77.813 2.16788 0.125339
-35.0364 -77.7969 2.17334 0.17424
-35.0364 -77.7969 2.17334 0.17424
-35.0364 -77.7969 2.17334 0.17424
-35.3111 -77.9447 2.1699 0.0883719
-35.3111 -77.9447 2.1699 0.0883719
-35.155 -77.8074 2.16163 0.025378
-35.0064 -77.5749 2.16725 0.0384895
-35.0469 -77.813 2.16788 0.125339
-35.0469 -77.813 2.16788 0.125339
-35.0469 -77.813 2.16788 0.125339
-35.0469 -77.813 2.16788 0.125339
-35.0364 -77.7969 2.17334 0.17424
-35.155 -77.8074 2.16163 0.025378
-34.9435 -77.7555 2.17245 0.0816587
-35.2954 -77.6442 2.17254 0.0617989
