151.78 21.2333 0.0871902 0.0801132
151.78 21.2333 0.0871902 0.0801132
151.959 21.3167 0.0790633 0.0637247
151.972 21.3912 0.0792666 0.0658542
152.077 21.3183 0.0871458 0.153291
152.077 21.3183 0.0871458 0.153291
151.912 21.1021 0.0843397 0.0709704
151.985 21.4414 0.0785065 0.0369446
151.959 21.3167 0.0790633 0.0637247
152.127 21.2547 0.0846842 0.155638
152.127 21.2547 0.0846842 0.155638
152.057 21.3622 0.0871635 0.133962
152.057 21.3622 0.0871635 0.133962
151.912 21.1021 0.0843397 0.0709704
151.985 21.4414 0.0785065 0.0369446
151.959 21.3167 0.0790633 0.0637247
152.127 21.2547 0.0846842 0.155638
152.077 21.3183 0.0871458 0.153291
152.19 21.1638 0.083701 0.0426271
151.912 21.1021 0.0843397 0.0709704
151.985 21.4414 0.0785065 0.0369446
151.959 21.3167 0.0790633 0.0637247
152.127 21.2547 0.0846842 0.155638
152.127 21.2547 0.0846842 0.155638
152.077 21.3183 0.0871458 0.153291
152.077 21.3183 0.0871458 0.153291
152.144 21.4982 0.0791862 0.0226383
151.959 21.3167 0.0790633 0.0637247
152.057 21.3622 0.0871635 0.133962
151.912 21.1021 0.0843397 0.0709704
151.78 21.2333 0.0871902 0.0801132
152.127 21.2547 0.0846842 0.155638
152.127 21.2547 0.0846842 0.155638
152.057 21.3622 0.0871635 0.133962
152.057 21.3622 0.0871635 0.133962
152.117 21.0202 0.0890154 0.0105824
151.958 21.4903 0.0806384 0.037742
151.78 21.2333 0.0871902 0.0801132
152.127 21.2547 0.0846842 0.155638
152.057 21.3622 0.0871635 0.133962
152.057 21.3622 0.0871635 0.133962
152.057 21.3622 0.0871635 0.133962
152.077 21.3183 0.0871458 0.153291
152.077 21.3183 0.0871458 0.153291
152.117 21.0202 0.0890154 0.0105824
151.985 21.4414 0.0785065 0.0369446
151.78 21.2333 0.0871902 0.0801132
152.237 21.3606 0.075387 0.00627847
152.127 21.2547 0.0846842 0.155638
152.127 21.2547 0.0846842 0.155638
152.057 21.3622 0.0871635 0.133962
152.19 21.1638 0.083701 0.0426271
151.912 21.1021 0.0843397 0.0709704
151.78 21.2333 0.0871902 0.0801132
152.127 21.2547 0.0846842 0.155638
151.972 21.3912 0.0792666 0.0658542
152.077 21.3183 0.0871458 0.153291
152.077 21.3183 0.0871458 0.153291
151.912 21.1021 0.0843397 0.0709704
152.117 21.0202 0.0890154 0.0105824
152.018 21.4951 0.0783868 0.0235019
151.78 21.2333 0.0871902 0.0801132
152.127 21.2547 0.0846842 0.155638
152.057 21.3622 0.0871635 0.133962
152.057 21.3622 0.0871635 0.133962
151.912 21.1021 0.0843397 0.0709704
152.144 21.4982 0.0791862 0.0226383
151.959 21.3167 0.0790633 0.0637247
152.127 21.2547 0.0846842 0.155638
152.127 21.2547 0.0846842 0.155638
152.127 21.2547 0.0846842 0.155638
152.057 21.3622 0.0871635 0.133962
152.077 21.3183 0.0871458 0.153291
152.215 21.5239 0.0814915 0.00822081
152.045 21.3955 0.0779385 0.0484337
151.959 21.3167 0.0790633 0.0637247
152.127 21.2547 0.0846842 0.155638
152.057 21.3622 0.0871635 0.133962
152.057 21.3622 0.0871635 0.133962
152.077 21.3183 0.0871458 0.153291
151.912 21.1021 0.0843397 0.0709704
151.982 21.1488 0.0794722 0.0269308
152.127 21.2547 0.0846842 0.155638
152.057 21.3622 0.0871635 0.133962
152.19 21.1638 0.083701 0.0426271
151.958 21.4903 0.0806384 0.037742
151.78 21.2333 0.0871902 0.0801132
151.78 21.2333 0.0871902 0.0801132
151.959 21.3167 0.0790633 0.0637247
152.057 21.3622 0.0871635 0.133962
152.057 21.3622 0.0871635 0.133962
152.077 21.3183 0.0871458 0.153291
152.077 21.3183 0.0871458 0.153291
151.912 21.1021 0.0843397 0.0709704
151.982 21.1488 0.0794722 0.0269308
152.127 21.2547 0.0846842 0.155638
152.127 21.2547 0.0846842 0.155638
152.127 21.2547 0.0846842 0.155638
152.057 21.3622 0.0871635 0.133962
152.077 21.3183 0.0871458 0.153291
