169.884 22.8126 0.0786265 0.0554048
169.886 22.7184 0.0793285 0.0339684
170.091 22.8056 0.0750992 0.230448
169.834 22.6977 0.0718766 0.00771294
170.163 22.7998 0.0727572 0.155231
170.091 22.8056 0.0750992 0.230448
169.996 22.7565 0.0748587 0.200987
169.917 22.7022 0.0814788 0.0148459
169.86 22.7267 0.0790388 0.0286288
170.163 22.7998 0.0727572 0.155231
169.884 22.8126 0.0786265 0.0554048
169.86 22.7267 0.0790388 0.0286288
170.091 22.8056 0.0750992 0.230448
169.977 22.9071 0.071141 0.0372778
169.996 22.7565 0.0748587 0.200987
169.886 22.7184 0.0793285 0.0339684
170.163 22.7998 0.0727572 0.155231
170.163 22.7998 0.0727572 0.155231
170.091 22.8056 0.0750992 0.230448
169.866 22.7154 0.0781662 0.0351638
169.834 22.6977 0.0718766 0.00771294
169.996 22.7565 0.0748587 0.200987
170.163 22.7998 0.0727572 0.155231
169.823 22.7807 0.0766766 0.0262235
170.091 22.8056 0.0750992 0.230448
169.884 22.8126 0.0786265 0.0554048
169.86 22.7267 0.0790388 0.0286288
169.86 22.7267 0.0790388 0.0286288
169.986 22.6723 0.0774876 0.0787244
169.823 22.7807 0.0766766 0.0262235
170.091 22.8056 0.0750992 0.230448
169.996 22.7565 0.0748587 0.200987
169.986 22.6723 0.0774876 0.0787244
170.091 22.8056 0.0750992 0.230448
169.866 22.7154 0.0781662 0.0351638
169.977 22.9071 0.071141 0.0372778
170.1 22.9791 0.0713189 0.0256598
170.163 22.7998 0.0727572 0.155231
170.091 22.8056 0.0750992 0.230448
169.884 22.8126 0.0786265 0.0554048
169.996 22.7565 0.0748587 0.200987
170.163 22.7998 0.0727572 0.155231
170.163 22.7998 0.0727572 0.155231
169.986 22.6723 0.0774876 0.0787244
170.091 22.8056 0.0750992 0.230448
169.884 22.8126 0.0786265 0.0554048
169.996 22.7565 0.0748587 0.200987
170.091 22.8056 0.0750992 0.230448
170.091 22.8056 0.0750992 0.230448
169.866 22.7154 0.0781662 0.0351638
170.1 22.9791 0.0713189 0.0256598
170.163 22.7998 0.0727572 0.155231
169.986 22.6723 0.0774876 0.0787244
170.091 22.8056 0.0750992 0.230448
169.962 22.7371 0.0803136 0.0450672
169.996 22.7565 0.0748587 0.200987
170.163 22.7998 0.0727572 0.155231
169.823 22.7807 0.0766766 0.0262235
169.962 22.7371 0.0803136 0.0450672
169.977 22.9071 0.071141 0.0372778
169.996 22.7565 0.0748587 0.200987
169.996 22.7565 0.0748587 0.200987
170.163 22.7998 0.0727572 0.155231
170.091 22.8056 0.0750992 0.230448
169.884 22.8126 0.0786265 0.0554048
169.866 22.7154 0.0781662 0.0351638
170.163 22.7998 0.0727572 0.155231
170.163 22.7998 0.0727572 0.155231
170.091 22.8056 0.0750992 0.230448
170.091 22.8056 0.0750992 0.230448
170.091 22.8056 0.0750992 0.230448
169.996 22.7565 0.0748587 0.200987
169.986 22.6723 0.0774876 0.0787244
169.986 22.6723 0.0774876 0.0787244
170.163 23.1177 0.0770591 0.000942218
169.996 22.7565 0.0748587 0.200987
170.163 22.7998 0.0727572 0.155231
169.986 22.6723 0.0774876 0.0787244
170.091 22.8056 0.0750992 0.230448
170.091 22.8056 0.0750992 0.230448
169.996 22.7565 0.0748587 0.200987
170.163 22.7998 0.0727572 0.155231
170.091 22.8056 0.0750992 0.230448
169.884 22.8126 0.0786265 0.0554048
169.996 22.7565 0.0748587 0.200987
169.986 22.6723 0.0774876 0.0787244
170.091 22.8056 0.0750992 0.230448
170.1 22.9791 0.0713189 0.0256598
169.86 22.7267 0.0790388 0.0286288
170.163 22.7998 0.0727572 0.155231
169.962 22.7371 0.0803136 0.0450672
169.732 22.6206 0.077581 0.000827859
170.163 22.7998 0.0727572 0.155231
170.091 22.8056 0.0750992 0.230448
169.977 22.9071 0.071141 0.0372778
169.996 22.7565 0.0748587 0.200987
169.996 22.7565 0.0748587 0.200987
169.823 22.7807 0.0766766 0.0262235
169.977 22.9071 0.071141 0.0372778
169.996 22.7565 0.0748587 0.200987
