-36.293 -74.1699 2.01638 0.00539925
-36.4434 -73.907 2.0143 0.105556
-36.4434 -73.907 2.0143 0.105556
-36.3881 -73.4273 2.0047 0.00398478
-36.6541 -73.5541 2.00708 0.0174883
-36.3915 -73.7124 2.01501 0.138918
-36.3798 -73.7472 2.01094 0.0953698
-36.4434 -73.907 2.0143 0.105556
-36.5977 -73.7444 2.00736 0.0385397
-36.542 -73.8825 2.01596 0.0937226
-36.5426 -73.8476 2.0135 0.100784
-36.5426 -73.8476 2.0135 0.100784
-36.3915 -73.7124 2.01501 0.138918
-36.6163 -73.6436 1.99789 0.000748109
-36.2641 -73.8745 2.02301 0.0538808
-36.4434 -73.907 2.0143 0.105556
-36.4434 -73.907 2.0143 0.105556
-36.4434 -73.907 2.0143 0.105556
-36.347 -73.9501 2.01585 0.0828057
-36.542 -73.8825 2.01596 0.0937226
-36.3915 -73.7124 2.01501 0.138918
-36.3915 -73.7124 2.01501 0.138918
-36.3798 -73.7472 2.01094 0.0953698
-36.4777 -73.7166 2.0058 0.0301967
-36.5977 -73.7444 2.00736 0.0385397
-36.347 -73.9501 2.01585 0.0828057
-36.542 -73.8825 2.01596 0.0937226
-36.6603 -73.6476 2.02113 0.00564325
-36.3915 -73.7124 2.01501 0.138918
-36.4777 -73.7166 2.0058 0.0301967
-36.4916 -73.8774 2.00853 0.0375717
-36.614 -73.7459 2.00118 0.00328639
-36.3915 -73.7124 2.01501 0.138918
-36.63 -73.7865 2.02103 0.0192862
-36.4777 -73.7166 2.0058 0.0301967
-36.6873 -73.5304 2.00143 0.00281704
-36.347 -73.9501 2.01585 0.0828057
-36.5426 -73.8476 2.0135 0.100784
-36.3915 -73.7124 2.01501 0.138918
-36.3915 -73.7124 2.01501 0.138918
-36.4777 -73.7166 2.0058 0.0301967
-36.6321 -73.9832 2.01363 0.0230076
-36.347 -73.9501 2.01585 0.0828057
-36.5426 -73.8476 2.0135 0.100784
-36.5306 -73.9041 2.00387 0.00422082
-36.3798 -73.7472 2.01094 0.0953698
-36.6749 -73.5716 2.00377 0.00791638
-36.4434 -73.907 2.0143 0.105556
-36.5485 -73.5186 2.01211 0.0316198
-36.6541 -73.5541 2.00708 0.0174883
-36.3915 -73.7124 2.01501 0.138918
-36.3798 -73.7472 2.01094 0.0953698
-36.3798 -73.7472 2.01094 0.0953698
-36.3798 -73.7472 2.01094 0.0953698
-36.4434 -73.907 2.0143 0.105556
-36.5977 -73.7444 2.00736 0.0385397
-36.347 -73.9501 2.01585 0.0828057
-36.5426 -73.8476 2.0135 0.100784
-36.5426 -73.8476 2.0135 0.100784
-36.3798 -73.7472 2.01094 0.0953698
-36.6749 -73.5716 2.00377 0.00791638
-36.6321 -73.9832 2.01363 0.0230076
-36.347 -73.9501 2.01585 0.0828057
-36.6541 -73.5541 2.00708 0.0174883
-36.5426 -73.8476 2.0135 0.100784
-36.3915 -73.7124 2.01501 0.138918
-36.2641 -73.8745 2.02301 0.0538808
-36.9091 -73.7699 2.00656 0.000891328
-36.5767 -73.4397 2.00807 0.010597
-36.5485 -73.5186 2.01211 0.0316198
-36.347 -73.9501 2.01585 0.0828057
-36.6541 -73.5541 2.00708 0.0174883
-36.3915 -73.7124 2.01501 0.138918
-36.3798 -73.7472 2.01094 0.0953698
-36.3798 -73.7472 2.01094 0.0953698
-36.4916 -73.8774 2.00853 0.0375717
-36.542 -73.8825 2.01596 0.0937226
-36.542 -73.8825 2.01596 0.0937226
-36.7018 -73.9313 2.01264 0.0164704
-36.3915 -73.7124 2.01501 0.138918
-36.3798 -73.7472 2.01094 0.0953698
-36.3798 -73.7472 2.01094 0.0953698
-36.6749 -73.5716 2.00377 0.00791638
-36.6749 -73.5716 2.00377 0.00791638
-36.4434 -73.907 2.0143 0.105556
-36.4434 -73.907 2.0143 0.105556
-36.5767 -73.4397 2.00807 0.010597
-36.542 -73.8825 2.01596 0.0937226
-36.542 -73.8825 2.01596 0.0937226
-36.5426 -73.8476 2.0135 0.100784
-36.7079 -73.3094 2.00689 0.000635772
-36.2641 -73.8745 2.02301 0.0538808
-36.2641 -73.8745 2.02301 0.0538808
-36.5977 -73.7444 2.00736 0.0385397
-36.6541 -73.5541 2.00708 0.0174883
-36.63 -73.7865 2.02103 0.0192862
-36.4777 -73.7166 2.0058 0.0301967
-36.5977 -73.7444 2.00736 0.0385397
-36.5977 -73.7444 2.00736 0.0385397
-36.542 -73.8825 2.01596 0.0937226
