76.2325 16.3038 0.0933788 0.0887787
76.3033 16.1407 0.0964033 0.141891
76.0821 16.2694 0.105718 0.114883
76.4084 16.3408 0.107331 0.0346046
76.277 16.0141 0.101623 0.0906698
76.4182 16.0818 0.0973347 0.053989
76.0821 16.2694 0.105718 0.114883
76.1238 16.3216 0.104344 0.177279
76.1882 16.5275 0.100783 0.0493815
76.0405 16.0049 0.0951841 0.00538531
76.3033 16.1407 0.0964033 0.141891
76.0821 16.2694 0.105718 0.114883
76.1509 16.1812 0.0927622 0.0331732
75.9541 16.5218 0.103607 0.00405974
76.277 16.0141 0.101623 0.0906698
76.2325 16.3038 0.0933788 0.0887787
76.2325 16.3038 0.0933788 0.0887787
75.9841 16.1664 0.105928 0.0357194
76.0821 16.2694 0.105718 0.114883
76.1238 16.3216 0.104344 0.177279
76.277 16.0141 0.101623 0.0906698
76.3033 16.1407 0.0964033 0.141891
76.0821 16.2694 0.105718 0.114883
75.9541 16.5218 0.103607 0.00405974
76.4084 16.3408 0.107331 0.0346046
76.2325 16.3038 0.0933788 0.0887787
76.3033 16.1407 0.0964033 0.141891
76.0821 16.2694 0.105718 0.114883
76.1238 16.3216 0.104344 0.177279
76.277 16.0141 0.101623 0.0906698
76.2325 16.3038 0.0933788 0.0887787
76.4182 16.0818 0.0973347 0.053989
76.0821 16.2694 0.105718 0.114883
76.1238 16.3216 0.104344 0.177279
76.3933 16.4214 0.0908117 0.0121295
76.277 16.0141 0.101623 0.0906698
76.277 16.0141 0.101623 0.0906698
76.0378 15.9833 0.10376 0.0194221
76.3033 16.1407 0.0964033 0.141891
75.9841 16.1664 0.105928 0.0357194
76.0821 16.2694 0.105718 0.114883
76.1238 16.3216 0.104344 0.177279
76.1238 16.3216 0.104344 0.177279
76.277 16.0141 0.101623 0.0906698
76.4182 16.0818 0.0973347 0.053989
76.3033 16.1407 0.0964033 0.141891
76.3033 16.1407 0.0964033 0.141891
75.9593 16.001 0.100472 0.00752469
76.5164 16.2988 0.104942 0.025557
76.277 16.0141 0.101623 0.0906698
76.277 16.0141 0.101623 0.0906698
76.1882 16.5275 0.100783 0.0493815
76.3033 16.1407 0.0964033 0.141891
76.0821 16.2694 0.105718 0.114883
76.1238 16.3216 0.104344 0.177279
76.1509 16.1812 0.0927622 0.0331732
76.277 16.0141 0.101623 0.0906698
76.432 15.9846 0.0998677 0.0207289
76.0821 16.2694 0.105718 0.114883
76.1238 16.3216 0.104344 0.177279
76.1509 16.1812 0.0927622 0.0331732
76.1882 16.5275 0.100783 0.0493815
76.3033 16.1407 0.0964033 0.141891
75.9841 16.1664 0.105928 0.0357194
76.0821 16.2694 0.105718 0.114883
76.0821 16.2694 0.105718 0.114883
76.0821 16.2694 0.105718 0.114883
76.1238 16.3216 0.104344 0.177279
76.0194 16.0625 0.104037 0.0392823
76.4084 16.3408 0.107331 0.0346046
76.277 16.0141 0.101623 0.0906698
76.1882 16.5275 0.100783 0.0493815
76.4182 16.0818 0.0973347 0.053989
76.0378 15.9833 0.10376 0.0194221
75.9841 16.1664 0.105928 0.0357194
76.1238 16.3216 0.104344 0.177279
76.277 16.0141 0.101623 0.0906698
76.432 15.9846 0.0998677 0.0207289
76.3033 16.1407 0.0964033 0.141891
76.3033 16.1407 0.0964033 0.141891
76.0821 16.2694 0.105718 0.114883
76.0821 16.2694 0.105718 0.114883
76.1238 16.3216 0.104344 0.177279
76.0194 16.0625 0.104037 0.0392823
76.2325 16.3038 0.0933788 0.0887787
76.3033 16.1407 0.0964033 0.141891
76.0821 16.2694 0.105718 0.114883
76.0194 16.0625 0.104037 0.0392823
76.4084 16.3408 0.107331 0.0346046
76.277 16.0141 0.101623 0.0906698
76.432 15.9846 0.0998677 0.0207289
76.0821 16.2694 0.105718 0.114883
75.9593 16.001 0.100472 0.00752469
76.1238 16.3216 0.104344 0.177279
76.1238 16.3216 0.104344 0.177279
76.4084 16.3408 0.107331 0.0346046
76.2325 16.3038 0.0933788 0.0887787
76.3033 16.1407 0.0964033 0.141891
76.0821 16.2694 0.105718 0.114883
76.1238 16.3216 0.104344 0.177279
