64.6934 15.3359 0.134832 0.0651825
64.7153 15.2734 0.136077 0.100888
64.8483 15.262 0.142933 0.064835
64.5868 15.4218 0.139521 0.0248141
64.8752 15.2656 0.13845 0.0778629
64.6864 15.133 0.148091 0.0493883
64.9214 15.2374 0.137259 0.0598452
64.6934 15.3359 0.134832 0.0651825
64.8436 15.3463 0.141819 0.0466758
64.7153 15.2734 0.136077 0.100888
64.8386 15.433 0.130913 0.0176512
64.8483 15.262 0.142933 0.064835
64.8483 15.262 0.142933 0.064835
64.8483 15.262 0.142933 0.064835
64.9009 15.2247 0.133707 0.0520354
64.5358 15.2043 0.140006 0.058926
64.5323 15.1976 0.127287 0.00319584
64.6864 15.133 0.148091 0.0493883
64.9214 15.2374 0.137259 0.0598452
64.8953 15.4295 0.148134 0.00273073
64.7153 15.2734 0.136077 0.100888
64.7153 15.2734 0.136077 0.100888
64.7337 15.3361 0.134545 0.0675758
64.5868 15.4218 0.139521 0.0248141
64.9009 15.2247 0.133707 0.0520354
64.8752 15.2656 0.13845 0.0778629
64.8752 15.2656 0.13845 0.0778629
64.7207 15.3442 0.138828 0.0796359
64.6807 15.3936 0.141478 0.0427285
64.6934 15.3359 0.134832 0.0651825
64.7337 15.3361 0.134545 0.0675758
64.8547 15.3289 0.145892 0.0223642
64.5358 15.2043 0.140006 0.058926
64.7207 15.3442 0.138828 0.0796359
64.6864 15.133 0.148091 0.0493883
64.9214 15.2374 0.137259 0.0598452
64.9214 15.2374 0.137259 0.0598452
64.7153 15.2734 0.136077 0.100888
64.8483 15.262 0.142933 0.064835
64.9009 15.2247 0.133707 0.0520354
64.8752 15.2656 0.13845 0.0778629
64.8752 15.2656 0.13845 0.0778629
64.6864 15.133 0.148091 0.0493883
64.6864 15.133 0.148091 0.0493883
64.7516 14.9619 0.138264 0.0405704
64.6934 15.3359 0.134832 0.0651825
64.7153 15.2734 0.136077 0.100888
64.8483 15.262 0.142933 0.064835
64.5358 15.2043 0.140006 0.058926
64.9747 15.0447 0.133481 0.0137962
64.6807 15.3936 0.141478 0.0427285
64.6807 15.3936 0.141478 0.0427285
64.9214 15.2374 0.137259 0.0598452
65.0106 15.0935 0.13185 0.00971699
64.8436 15.3463 0.141819 0.0466758
64.7337 15.3361 0.134545 0.0675758
64.9009 15.2247 0.133707 0.0520354
64.9009 15.2247 0.133707 0.0520354
64.8752 15.2656 0.13845 0.0778629
65.0772 15.4812 0.125044 0.00042197
64.7207 15.3442 0.138828 0.0796359
64.7207 15.3442 0.138828 0.0796359
64.7207 15.3442 0.138828 0.0796359
64.6864 15.133 0.148091 0.0493883
64.6864 15.133 0.148091 0.0493883
64.5631 15.5949 0.143309 0.00104497
64.8436 15.3463 0.141819 0.0466758
64.7337 15.3361 0.134545 0.0675758
64.7064 15.4798 0.139029 0.0203268
64.9009 15.2247 0.133707 0.0520354
64.7207 15.3442 0.138828 0.0796359
64.7207 15.3442 0.138828 0.0796359
64.6864 15.133 0.148091 0.0493883
64.9214 15.2374 0.137259 0.0598452
64.8436 15.3463 0.141819 0.0466758
64.7153 15.2734 0.136077 0.100888
64.8483 15.262 0.142933 0.064835
64.8483 15.262 0.142933 0.064835
64.8483 15.262 0.142933 0.064835
64.8483 15.262 0.142933 0.064835
64.8483 15.262 0.142933 0.064835
64.9009 15.2247 0.133707 0.0520354
64.9009 15.2247 0.133707 0.0520354
64.9009 15.2247 0.133707 0.0520354
64.8752 15.2656 0.13845 0.0778629
64.7207 15.3442 0.138828 0.0796359
64.7516 14.9619 0.138264 0.0405704
64.6934 15.3359 0.134832 0.0651825
64.8436 15.3463 0.141819 0.0466758
64.8436 15.3463 0.141819 0.0466758
64.7153 15.2734 0.136077 0.100888
65.0908 15.1227 0.136961 0.00737014
64.8547 15.3289 0.145892 0.0223642
64.9009 15.2247 0.133707 0.0520354
64.5358 15.2043 0.140006 0.058926
64.9747 15.0447 0.133481 0.0137962
64.6864 15.133 0.148091 0.0493883
64.6807 15.3936 0.141478 0.0427285
64.7516 14.9619 0.138264 0.0405704
64.9214 15.2374 0.137259 0.0598452
