-20.0674 -89.8395 2.63519 0.0394652
-20.0864 -90.1634 2.6399 0.0348
-20.0238 -89.8543 2.63445 0.0446137
-20.2434 -89.9393 2.62588 0.128614
-20.2361 -90.1661 2.62884 0.126944
-20.2361 -90.1661 2.62884 0.126944
-20.0563 -90.0232 2.63901 0.0493576
-20.3511 -89.9648 2.62747 0.112951
-20.1465 -89.9434 2.63665 0.0751555
-20.0864 -90.1634 2.6399 0.0348
-20.0238 -89.8543 2.63445 0.0446137
-20.2251 -89.9593 2.64066 0.00792069
-19.9324 -90.1333 2.63888 0.0295706
-20.2434 -89.9393 2.62588 0.128614
-20.2434 -89.9393 2.62588 0.128614
-19.9397 -90.4259 2.63312 0.0013399
-20.3815 -90.0276 2.62916 0.0956739
-20.0674 -89.8395 2.63519 0.0394652
-20.0864 -90.1634 2.6399 0.0348
-20.2434 -89.9393 2.62588 0.128614
-20.2361 -90.1661 2.62884 0.126944
-20.3773 -90.3468 2.62958 0.00547645
-20.3511 -89.9648 2.62747 0.112951
-20.1465 -89.9434 2.63665 0.0751555
-20.0548 -89.9135 2.6248 0.0322154
-20.2414 -89.6958 2.61964 0.00163869
-20.4399 -90.0044 2.63639 0.00615892
-20.3815 -90.0276 2.62916 0.0956739
-20.1465 -89.9434 2.63665 0.0751555
-20.1465 -89.9434 2.63665 0.0751555
-20.0674 -89.8395 2.63519 0.0394652
-20.0448 -89.7333 2.63245 0.0120674
-19.9324 -90.1333 2.63888 0.0295706
-20.2434 -89.9393 2.62588 0.128614
-20.0563 -90.0232 2.63901 0.0493576
-20.3511 -89.9648 2.62747 0.112951
-20.3511 -89.9648 2.62747 0.112951
-20.3815 -90.0276 2.62916 0.0956739
-20.0238 -89.8543 2.63445 0.0446137
-20.2434 -89.9393 2.62588 0.128614
-20.2434 -89.9393 2.62588 0.128614
-20.0563 -90.0232 2.63901 0.0493576
-20.3511 -89.9648 2.62747 0.112951
-20.3815 -90.0276 2.62916 0.0956739
-20.0864 -90.1634 2.6399 0.0348
-20.0238 -89.8543 2.63445 0.0446137
-20.0343 -90.0725 2.61802 0.000279737
-20.2434 -89.9393 2.62588 0.128614
-20.2407 -90.1533 2.63913 0.0243935
-20.0563 -90.0232 2.63901 0.0493576
-20.3511 -89.9648 2.62747 0.112951
-20.3511 -89.9648 2.62747 0.112951
-20.1465 -89.9434 2.63665 0.0751555
-19.9957 -89.8499 2.63239 0.0425894
-20.0864 -90.1634 2.6399 0.0348
-20.0238 -89.8543 2.63445 0.0446137
-20.2434 -89.9393 2.62588 0.128614
-20.2361 -90.1661 2.62884 0.126944
-20.2361 -90.1661 2.62884 0.126944
-20.3135 -90.1127 2.64027 0.0064425
-19.7252 -89.9194 2.63792 0.000877935
-20.3815 -90.0276 2.62916 0.0956739
-20.3815 -90.0276 2.62916 0.0956739
-20.3815 -90.0276 2.62916 0.0956739
-20.1465 -89.9434 2.63665 0.0751555
-20.0448 -89.7333 2.63245 0.0120674
-20.0548 -89.9135 2.6248 0.0322154
-19.9324 -90.1333 2.63888 0.0295706
-20.2407 -90.1533 2.63913 0.0243935
-20.3339 -89.7955 2.63258 0.0188728
-20.3815 -90.0276 2.62916 0.0956739
-20.1465 -89.9434 2.63665 0.0751555
-20.3087 -90.1402 2.63867 0.0155383
-20.2434 -89.9393 2.62588 0.128614
-20.2361 -90.1661 2.62884 0.126944
-20.3339 -89.7955 2.63258 0.0188728
-20.3773 -90.3468 2.62958 0.00547645
-20.3511 -89.9648 2.62747 0.112951
-20.3815 -90.0276 2.62916 0.0956739
-20.1112 -89.7717 2.62432 0.0143558
-19.9957 -89.8499 2.63239 0.0425894
-20.0674 -89.8395 2.63519 0.0394652
-20.2434 -89.9393 2.62588 0.128614
-20.2434 -89.9393 2.62588 0.128614
-20.2361 -90.1661 2.62884 0.126944
-20.3773 -90.3468 2.62958 0.00547645
-20.3511 -89.9648 2.62747 0.112951
-20.3815 -90.0276 2.62916 0.0956739
-20.3815 -90.0276 2.62916 0.0956739
-19.9957 -89.8499 2.63239 0.0425894
-20.0238 -89.8543 2.63445 0.0446137
-20.2434 -89.9393 2.62588 0.128614
-20.2361 -90.1661 2.62884 0.126944
-20.3339 -89.7955 2.63258 0.0188728
-20.3511 -89.9648 2.62747 0.112951
-20.3815 -90.0276 2.62916 0.0956739
-20.1465 -89.9434 2.63665 0.0751555
-19.9957 -89.8499 2.63239 0.0425894
-20.0238 -89.8543 2.63445 0.0446137
-20.2407 -90.1533 2.63913 0.0243935
