194.716 24.7653 0.0705358 0.151915
194.705 24.977 0.0764561 0.0829459
194.464 24.9814 0.0768878 0.0166966
194.619 24.7596 0.0785441 0.0633211
194.686 24.9013 0.0706288 0.127529
194.917 24.9198 0.0727679 0.0205663
194.718 24.8041 0.0776465 0.0961887
194.565 24.8866 0.0768595 0.115906
194.716 24.7653 0.0705358 0.151915
194.705 24.977 0.0764561 0.0829459
194.623 24.7735 0.0708674 0.114906
194.686 24.9013 0.0706288 0.127529
194.718 24.8041 0.0776465 0.0961887
194.716 24.7653 0.0705358 0.151915
194.716 24.7653 0.0705358 0.151915
194.863 24.8894 0.0728834 0.0629491
194.705 24.977 0.0764561 0.0829459
194.464 24.9814 0.0768878 0.0166966
194.623 24.7735 0.0708674 0.114906
194.623 24.7735 0.0708674 0.114906
194.686 24.9013 0.0706288 0.127529
194.917 24.9198 0.0727679 0.0205663
194.716 24.7653 0.0705358 0.151915
194.863 24.8894 0.0728834 0.0629491
194.623 24.7735 0.0708674 0.114906
194.623 24.7735 0.0708674 0.114906
194.686 24.9013 0.0706288 0.127529
194.718 24.8041 0.0776465 0.0961887
194.716 24.7653 0.0705358 0.151915
194.45 24.8186 0.0776414 0.0242215
194.619 24.7596 0.0785441 0.0633211
194.686 24.9013 0.0706288 0.127529
194.718 24.8041 0.0776465 0.0961887
194.716 24.7653 0.0705358 0.151915
194.705 24.977 0.0764561 0.0829459
194.623 24.7735 0.0708674 0.114906
194.623 24.7735 0.0708674 0.114906
194.885 24.7528 0.0716845 0.0434248
194.565 24.8866 0.0768595 0.115906
194.863 24.8894 0.0728834 0.0629491
194.705 24.977 0.0764561 0.0829459
194.623 24.7735 0.0708674 0.114906
194.686 24.9013 0.0706288 0.127529
194.885 24.7528 0.0716845 0.0434248
194.917 24.9198 0.0727679 0.0205663
194.718 24.8041 0.0776465 0.0961887
194.718 24.8041 0.0776465 0.0961887
194.565 24.8866 0.0768595 0.115906
194.565 24.8866 0.0768595 0.115906
194.565 24.8866 0.0768595 0.115906
194.565 24.8866 0.0768595 0.115906
194.716 24.7653 0.0705358 0.151915
194.705 24.977 0.0764561 0.0829459
194.623 24.7735 0.0708674 0.114906
194.623 24.7735 0.0708674 0.114906
194.686 24.9013 0.0706288 0.127529
194.718 24.8041 0.0776465 0.0961887
194.716 24.7653 0.0705358 0.151915
194.456 24.8759 0.0708957 0.00813914
194.863 24.8894 0.0728834 0.0629491
194.623 24.7735 0.0708674 0.114906
194.686 24.9013 0.0706288 0.127529
194.565 24.8866 0.0768595 0.115906
194.716 24.7653 0.0705358 0.151915
194.716 24.7653 0.0705358 0.151915
194.863 24.8894 0.0728834 0.0629491
194.872 24.6979 0.0695976 0.0288758
194.623 24.7735 0.0708674 0.114906
194.686 24.9013 0.0706288 0.127529
194.885 24.7528 0.0716845 0.0434248
194.565 24.8866 0.0768595 0.115906
194.716 24.7653 0.0705358 0.151915
194.456 24.8759 0.0708957 0.00813914
194.45 24.8186 0.0776414 0.0242215
194.872 24.6979 0.0695976 0.0288758
194.623 24.7735 0.0708674 0.114906
194.686 24.9013 0.0706288 0.127529
194.718 24.8041 0.0776465 0.0961887
194.565 24.8866 0.0768595 0.115906
194.863 24.8894 0.0728834 0.0629491
194.792 24.7146 0.0809247 0.00232506
194.619 24.7596 0.0785441 0.0633211
194.686 24.9013 0.0706288 0.127529
194.718 24.8041 0.0776465 0.0961887
194.565 24.8866 0.0768595 0.115906
194.716 24.7653 0.0705358 0.151915
194.872 24.6979 0.0695976 0.0288758
194.623 24.7735 0.0708674 0.114906
194.885 24.7528 0.0716845 0.0434248
194.718 24.8041 0.0776465 0.0961887
194.716 24.7653 0.0705358 0.151915
194.863 24.8894 0.0728834 0.0629491
194.619 24.7596 0.0785441 0.0633211
194.623 24.7735 0.0708674 0.114906
194.686 24.9013 0.0706288 0.127529
194.565 24.8866 0.0768595 0.115906
194.863 24.8894 0.0728834 0.0629491
194.872 24.6979 0.0695976 0.0288758
194.705 24.977 0.0764561 0.0829459
194.619 24.7596 0.0785441 0.0633211
