-34.409 -75.6199 2.10569 0.139876
-34.7377 -75.6421 2.105 0.0198809
-34.5054 -75.6801 2.10937 0.211975
-34.2518 -75.513 2.11388 0.0347226
-34.5997 -75.5425 2.11387 0.0276343
-34.6455 -75.6363 2.10169 0.0197799
-34.5054 -75.6801 2.10937 0.211975
-34.409 -75.6199 2.10569 0.139876
-34.2038 -75.9207 2.11536 0.0175633
-34.5054 -75.6801 2.10937 0.211975
-34.4373 -75.8813 2.11724 0.039196
-34.2787 -75.8202 2.10697 0.0180014
-34.409 -75.6199 2.10569 0.139876
-34.3067 -75.7529 2.10949 0.102069
-34.5733 -75.6858 2.11354 0.0810364
-34.5054 -75.6801 2.10937 0.211975
-34.5997 -75.5425 2.11387 0.0276343
-34.3067 -75.7529 2.10949 0.102069
-34.5733 -75.6858 2.11354 0.0810364
-34.5054 -75.6801 2.10937 0.211975
-34.4373 -75.8813 2.11724 0.039196
-34.2787 -75.8202 2.10697 0.0180014
-34.5733 -75.6858 2.11354 0.0810364
-34.5054 -75.6801 2.10937 0.211975
-34.4373 -75.8813 2.11724 0.039196
-34.2252 -75.7548 2.1075 0.024489
-34.5733 -75.6858 2.11354 0.0810364
-34.5733 -75.6858 2.11354 0.0810364
-34.2038 -75.9207 2.11536 0.0175633
-34.5054 -75.6801 2.10937 0.211975
-34.5997 -75.5425 2.11387 0.0276343
-34.409 -75.6199 2.10569 0.139876
-34.2099 -75.3925 2.10736 0.0126395
-34.5054 -75.6801 2.10937 0.211975
-34.5054 -75.6801 2.10937 0.211975
-34.3505 -75.7192 2.10611 0.0677935
-34.3505 -75.7192 2.10611 0.0677935
-34.7849 -75.5812 2.10769 0.0117497
-34.5733 -75.6858 2.11354 0.0810364
-34.1654 -75.4921 2.10596 0.010843
-34.3505 -75.7192 2.10611 0.0677935
-34.409 -75.6199 2.10569 0.139876
-34.3067 -75.7529 2.10949 0.102069
-34.5733 -75.6858 2.11354 0.0810364
-34.4373 -75.8813 2.11724 0.039196
-34.5997 -75.5425 2.11387 0.0276343
-34.5976 -75.29 2.10047 0.0106178
-34.5054 -75.6801 2.10937 0.211975
-34.3505 -75.7192 2.10611 0.0677935
-34.173 -75.9196 2.11405 0.0115785
-34.3067 -75.7529 2.10949 0.102069
-34.2099 -75.3925 2.10736 0.0126395
-34.5054 -75.6801 2.10937 0.211975
-34.2252 -75.7548 2.1075 0.024489
-34.3067 -75.7529 2.10949 0.102069
-34.7377 -75.6421 2.105 0.0198809
-34.7377 -75.6421 2.105 0.0198809
-34.5054 -75.6801 2.10937 0.211975
-34.5054 -75.6801 2.10937 0.211975
-34.409 -75.6199 2.10569 0.139876
-34.5733 -75.6858 2.11354 0.0810364
-34.5733 -75.6858 2.11354 0.0810364
-34.3038 -75.5114 2.11448 0.0393937
-34.3505 -75.7192 2.10611 0.0677935
-34.409 -75.6199 2.10569 0.139876
-34.5054 -75.6801 2.10937 0.211975
-34.3505 -75.7192 2.10611 0.0677935
-34.5018 -75.9006 2.10684 0.0126848
-34.3067 -75.7529 2.10949 0.102069
-34.5054 -75.6801 2.10937 0.211975
-34.2252 -75.7548 2.1075 0.024489
-34.2787 -75.8202 2.10697 0.0180014
-34.409 -75.6199 2.10569 0.139876
-34.3038 -75.5114 2.11448 0.0393937
-34.3505 -75.7192 2.10611 0.0677935
-34.409 -75.6199 2.10569 0.139876
-34.3038 -75.5114 2.11448 0.0393937
-34.2518 -75.513 2.11388 0.0347226
-34.3067 -75.7529 2.10949 0.102069
-34.5733 -75.6858 2.11354 0.0810364
-34.7377 -75.6421 2.105 0.0198809
-34.3505 -75.7192 2.10611 0.0677935
-34.5018 -75.9006 2.10684 0.0126848
-34.409 -75.6199 2.10569 0.139876
-34.3067 -75.7529 2.10949 0.102069
-34.5054 -75.6801 2.10937 0.211975
-34.3042 -75.5801 2.1185 0.0128725
-34.3067 -75.7529 2.10949 0.102069
-34.2099 -75.3925 2.10736 0.0126395
-34.5054 -75.6801 2.10937 0.211975
-34.5018 -75.9006 2.10684 0.0126848
-34.3067 -75.7529 2.10949 0.102069
-34.5054 -75.6801 2.10937 0.211975
-34.4373 -75.8813 2.11724 0.039196
-34.409 -75.6199 2.10569 0.139876
-34.409 -75.6199 2.10569 0.139876
-34.3038 -75.5114 2.11448 0.0393937
-34.5054 -75.6801 2.10937 0.211975
-34.4373 -75.8813 2.11724 0.039196
-34.409 -75.6199 2.10569 0.139876
