221.967 -12.1898 2.94177 0.104328
221.8 -12.304 2.94062 0.382308
221.967 -12.1898 2.94177 0.104328
221.813 -12.4229 2.94376 0.0861648
221.8 -12.304 2.94062 0.382308
221.955 -12.1469 2.93995 0.056372
221.998 -12.263 2.94263 0.082597
221.8 -12.304 2.94062 0.382308
221.8 -12.304 2.94062 0.382308
221.967 -12.1898 2.94177 0.104328
221.862 -12.3687 2.93475 0.0081987
221.8 -12.304 2.94062 0.382308
221.603 -12.5084 2.93846 0.0152149
221.8 -12.304 2.94062 0.382308
221.8 -12.304 2.94062 0.382308
221.967 -12.1898 2.94177 0.104328
221.955 -12.1469 2.93995 0.056372
221.8 -12.304 2.94062 0.382308
221.8 -12.304 2.94062 0.382308
221.811 -12.5068 2.93923 0.0257408
221.96 -12.3161 2.93562 0.00393721
221.8 -12.304 2.94062 0.382308
221.8 -12.304 2.94062 0.382308
221.8 -12.304 2.94062 0.382308
221.967 -12.1898 2.94177 0.104328
221.8 -12.304 2.94062 0.382308
221.8 -12.304 2.94062 0.382308
221.746 -12.4724 2.93456 0.00722054
221.8 -12.304 2.94062 0.382308
221.8 -12.304 2.94062 0.382308
221.834 -12.0534 2.93277 0.000526201
221.8 -12.304 2.94062 0.382308
221.967 -12.1898 2.94177 0.104328
221.813 -12.4229 2.94376 0.0861648
221.8 -12.304 2.94062 0.382308
221.811 -12.5068 2.93923 0.0257408
221.967 -12.1898 2.94177 0.104328
221.8 -12.304 2.94062 0.382308
221.8 -12.304 2.94062 0.382308
221.813 -12.4229 2.94376 0.0861648
221.8 -12.304 2.94062 0.382308
221.998 -12.263 2.94263 0.082597
221.766 -12.5086 2.94361 0.018878
221.711 -12.0172 2.93879 0.0420044
221.711 -12.0172 2.93879 0.0420044
221.998 -12.263 2.94263 0.082597
221.8 -12.304 2.94062 0.382308
221.967 -12.1898 2.94177 0.104328
221.711 -12.0172 2.93879 0.0420044
221.967 -12.1898 2.94177 0.104328
221.813 -12.4229 2.94376 0.0861648
221.955 -12.1469 2.93995 0.056372
221.8 -12.304 2.94062 0.382308
221.813 -12.4229 2.94376 0.0861648
221.8 -12.304 2.94062 0.382308
221.711 -12.0172 2.93879 0.0420044
221.721 -12.4151 2.93292 0.00504518
221.8 -12.304 2.94062 0.382308
221.813 -12.4229 2.94376 0.0861648
221.8 -12.304 2.94062 0.382308
221.8 -12.304 2.94062 0.382308
221.8 -12.304 2.94062 0.382308
222.036 -12.4073 2.94246 0.0158045
221.677 -12.5249 2.94165 0.0146583
221.8 -12.304 2.94062 0.382308
221.998 -12.263 2.94263 0.082597
221.811 -12.5068 2.93923 0.0257408
221.8 -12.304 2.94062 0.382308
221.861 -12.0339 2.93876 0.0288528
221.8 -12.304 2.94062 0.382308
221.8 -12.304 2.94062 0.382308
221.8 -12.304 2.94062 0.382308
221.861 -12.0339 2.93876 0.0288528
221.8 -12.304 2.94062 0.382308
221.8 -12.304 2.94062 0.382308
221.861 -12.0339 2.93876 0.0288528
221.953 -12.4619 2.94072 0.0200479
221.8 -12.304 2.94062 0.382308
221.967 -12.1898 2.94177 0.104328
221.711 -12.0172 2.93879 0.0420044
221.998 -12.263 2.94263 0.082597
221.967 -12.1898 2.94177 0.104328
221.8 -12.304 2.94062 0.382308
221.726 -12.325 2.94694 0.0209057
221.8 -12.304 2.94062 0.382308
221.981 -12.4408 2.942 0.0238107
221.8 -12.304 2.94062 0.382308
221.711 -12.0172 2.93879 0.0420044
221.8 -12.304 2.94062 0.382308
221.8 -12.304 2.94062 0.382308
221.967 -12.1898 2.94177 0.104328
221.813 -12.4229 2.94376 0.0861648
221.711 -12.0172 2.93879 0.0420044
221.8 -12.304 2.94062 0.382308
221.861 -12.0339 2.93876 0.0288528
221.813 -12.4229 2.94376 0.0861648
221.998 -12.263 2.94263 0.082597
221.813 -12.4229 2.94376 0.0861648
221.8 -12.304 2.94062 0.382308
221.677 -12.5249 2.94165 0.0146583
