164.282 22.574 0.0774124 0.232525
164.282 22.574 0.0774124 0.232525
164.412 22.6855 0.0763339 0.12144
164.389 22.7605 0.078844 0.0293423
164.297 22.3672 0.076993 0.0179915
164.504 22.6326 0.0742651 0.0590419
164.526 22.661 0.0745527 0.0349656
164.254 22.4337 0.0758518 0.0667777
164.182 22.7463 0.0705909 0.0236293
164.282 22.574 0.0774124 0.232525
164.526 22.661 0.0745527 0.0349656
164.427 22.5408 0.0704379 0.0730773
164.236 22.3974 0.0804972 0.0123139
164.333 22.6182 0.080986 0.0442944
164.427 22.5408 0.0704379 0.0730773
164.254 22.5151 0.0808564 0.0490135
164.297 22.3672 0.076993 0.0179915
164.282 22.574 0.0774124 0.232525
164.282 22.574 0.0774124 0.232525
164.254 22.5151 0.0808564 0.0490135
164.282 22.574 0.0774124 0.232525
164.282 22.574 0.0774124 0.232525
164.427 22.5408 0.0704379 0.0730773
164.117 22.7466 0.0768637 0.0376261
164.504 22.6326 0.0742651 0.0590419
164.388 22.7858 0.0727858 0.069831
164.254 22.4337 0.0758518 0.0667777
164.504 22.6326 0.0742651 0.0590419
164.282 22.574 0.0774124 0.232525
164.282 22.574 0.0774124 0.232525
164.282 22.574 0.0774124 0.232525
164.412 22.6855 0.0763339 0.12144
164.326 22.5362 0.0809931 0.0383892
164.282 22.574 0.0774124 0.232525
164.254 22.5151 0.0808564 0.0490135
164.282 22.574 0.0774124 0.232525
164.427 22.5408 0.0704379 0.0730773
164.254 22.4337 0.0758518 0.0667777
164.254 22.5151 0.0808564 0.0490135
164.282 22.574 0.0774124 0.232525
164.388 22.7858 0.0727858 0.069831
164.254 22.5151 0.0808564 0.0490135
164.333 22.6182 0.080986 0.0442944
164.254 22.4337 0.0758518 0.0667777
164.412 22.6855 0.0763339 0.12144
164.282 22.574 0.0774124 0.232525
164.388 22.7858 0.0727858 0.069831
164.254 22.5151 0.0808564 0.0490135
164.282 22.574 0.0774124 0.232525
164.388 22.7858 0.0727858 0.069831
164.389 22.7605 0.078844 0.0293423
164.117 22.7466 0.0768637 0.0376261
164.282 22.574 0.0774124 0.232525
164.412 22.6855 0.0763339 0.12144
164.333 22.6182 0.080986 0.0442944
164.282 22.574 0.0774124 0.232525
164.282 22.574 0.0774124 0.232525
164.254 22.4337 0.0758518 0.0667777
164.504 22.6326 0.0742651 0.0590419
164.504 22.6326 0.0742651 0.0590419
164.326 22.5362 0.0809931 0.0383892
164.282 22.574 0.0774124 0.232525
164.427 22.5408 0.0704379 0.0730773
164.254 22.5151 0.0808564 0.0490135
164.254 22.5151 0.0808564 0.0490135
164.282 22.574 0.0774124 0.232525
164.427 22.5408 0.0704379 0.0730773
164.254 22.4337 0.0758518 0.0667777
164.412 22.6855 0.0763339 0.12144
164.389 22.7605 0.078844 0.0293423
164.282 22.574 0.0774124 0.232525
164.412 22.6855 0.0763339 0.12144
164.389 22.7605 0.078844 0.0293423
164.532 22.6096 0.0794409 0.00455549
164.388 22.7858 0.0727858 0.069831
164.412 22.6855 0.0763339 0.12144
164.412 22.6855 0.0763339 0.12144
164.117 22.7466 0.0768637 0.0376261
164.326 22.5362 0.0809931 0.0383892
164.282 22.574 0.0774124 0.232525
164.282 22.574 0.0774124 0.232525
164.412 22.6855 0.0763339 0.12144
164.371 22.8759 0.0741881 0.014831
164.388 22.7858 0.0727858 0.069831
164.254 22.4337 0.0758518 0.0667777
164.326 22.5362 0.0809931 0.0383892
164.526 22.661 0.0745527 0.0349656
164.412 22.6855 0.0763339 0.12144
164.392 22.7385 0.079433 0.0274552
164.297 22.3672 0.076993 0.0179915
164.504 22.6326 0.0742651 0.0590419
164.333 22.6182 0.080986 0.0442944
164.388 22.7858 0.0727858 0.069831
164.254 22.4337 0.0758518 0.0667777
164.392 22.7385 0.079433 0.0274552
164.297 22.3672 0.076993 0.0179915
164.394 22.5566 0.0675127 0.0224125
164.371 22.8759 0.0741881 0.014831
164.282 22.574 0.0774124 0.232525
164.427 22.5408 0.0704379 0.0730773
