267.116 -16.2599 3.74297 0.057847
267.113 -16.2359 3.74182 0.0907066
266.865 -16.1886 3.73374 0.255904
267.116 -16.2599 3.74297 0.057847
266.907 -16.1304 3.72484 0.022394
266.865 -16.1886 3.73374 0.255904
266.991 -16.3379 3.73485 0.302603
267.113 -16.2359 3.74182 0.0907066
267.217 -16.1947 3.74679 0.00928071
267.113 -16.2359 3.74182 0.0907066
267.217 -16.1947 3.74679 0.00928071
266.991 -16.3379 3.73485 0.302603
266.865 -16.1886 3.73374 0.255904
266.983 -16.0088 3.73423 0.0336599
266.991 -16.3379 3.73485 0.302603
266.991 -16.3379 3.73485 0.302603
266.865 -16.1886 3.73374 0.255904
266.865 -16.1886 3.73374 0.255904
266.991 -16.3379 3.73485 0.302603
266.865 -16.1886 3.73374 0.255904
267.144 -16.3769 3.73522 0.0951885
266.991 -16.3379 3.73485 0.302603
267.144 -16.3769 3.73522 0.0951885
267.091 -16.4923 3.73647 0.0434346
267.091 -16.4923 3.73647 0.0434346
266.865 -16.1886 3.73374 0.255904
266.991 -16.3379 3.73485 0.302603
266.865 -16.1886 3.73374 0.255904
266.865 -16.1886 3.73374 0.255904
267.144 -16.3769 3.73522 0.0951885
266.991 -16.3379 3.73485 0.302603
266.865 -16.1886 3.73374 0.255904
266.865 -16.1886 3.73374 0.255904
267.116 -16.2599 3.74297 0.057847
267.116 -16.2599 3.74297 0.057847
266.865 -16.1886 3.73374 0.255904
266.991 -16.3379 3.73485 0.302603
266.991 -16.3379 3.73485 0.302603
266.865 -16.1886 3.73374 0.255904
267.144 -16.3769 3.73522 0.0951885
267.091 -16.4923 3.73647 0.0434346
266.991 -16.3379 3.73485 0.302603
266.865 -16.1886 3.73374 0.255904
266.865 -16.1886 3.73374 0.255904
267.116 -16.2599 3.74297 0.057847
266.991 -16.3379 3.73485 0.302603
266.991 -16.3379 3.73485 0.302603
266.865 -16.1886 3.73374 0.255904
267.116 -16.2599 3.74297 0.057847
266.991 -16.3379 3.73485 0.302603
266.865 -16.1886 3.73374 0.255904
267.116 -16.2599 3.74297 0.057847
266.865 -16.1886 3.73374 0.255904
266.983 -16.0088 3.73423 0.0336599
267.116 -16.2599 3.74297 0.057847
267.113 -16.2359 3.74182 0.0907066
266.865 -16.1886 3.73374 0.255904
267.116 -16.2599 3.74297 0.057847
266.865 -16.1886 3.73374 0.255904
267.091 -16.4923 3.73647 0.0434346
266.907 -16.1304 3.72484 0.022394
266.865 -16.1886 3.73374 0.255904
266.991 -16.3379 3.73485 0.302603
267.113 -16.2359 3.74182 0.0907066
266.865 -16.1886 3.73374 0.255904
267.091 -16.4923 3.73647 0.0434346
267.113 -16.2359 3.74182 0.0907066
266.865 -16.1886 3.73374 0.255904
266.865 -16.1886 3.73374 0.255904
267.144 -16.3769 3.73522 0.0951885
267.116 -16.2599 3.74297 0.057847
266.865 -16.1886 3.73374 0.255904
266.983 -16.0088 3.73423 0.0336599
266.991 -16.3379 3.73485 0.302603
266.991 -16.3379 3.73485 0.302603
267.113 -16.2359 3.74182 0.0907066
266.865 -16.1886 3.73374 0.255904
266.865 -16.1886 3.73374 0.255904
266.865 -16.1886 3.73374 0.255904
266.865 -16.1886 3.73374 0.255904
266.991 -16.3379 3.73485 0.302603
267.113 -16.2359 3.74182 0.0907066
267.116 -16.2599 3.74297 0.057847
266.991 -16.3379 3.73485 0.302603
266.865 -16.1886 3.73374 0.255904
267.144 -16.3769 3.73522 0.0951885
267.091 -16.4923 3.73647 0.0434346
266.991 -16.3379 3.73485 0.302603
266.991 -16.3379 3.73485 0.302603
266.865 -16.1886 3.73374 0.255904
267.361 -16.2881 3.73996 0.0319526
266.991 -16.3379 3.73485 0.302603
267.113 -16.2359 3.74182 0.0907066
267.398 -16.4648 3.74174 0.0104514
266.991 -16.3379 3.73485 0.302603
266.907 -16.1304 3.72484 0.022394
266.865 -16.1886 3.73374 0.255904
267.116 -16.2599 3.74297 0.057847
266.991 -16.3379 3.73485 0.302603
266.865 -16.1886 3.73374 0.255904
