-32.5648 -20.1542 1.0784 0.0560947
-32.2809 -20.2093 1.07414 0.105108
-32.5632 -20.1131 1.06874 0.302731
-32.5967 -20.1597 1.06858 0.165024
-32.2763 -19.9888 1.07069 0.0706867
-32.2763 -19.9888 1.07069 0.0706867
-32.5632 -20.1131 1.06874 0.302731
-32.4642 -19.9925 1.06408 0.0710154
-32.2973 -20.0454 1.06791 0.170825
-32.2763 -19.9888 1.07069 0.0706867
-32.5632 -20.1131 1.06874 0.302731
-32.4642 -19.9925 1.06408 0.0710154
-32.2763 -19.9888 1.07069 0.0706867
-32.5632 -20.1131 1.06874 0.302731
-32.2973 -20.0454 1.06791 0.170825
-32.5648 -20.1542 1.0784 0.0560947
-32.5632 -20.1131 1.06874 0.302731
-32.2763 -19.9888 1.07069 0.0706867
-32.5632 -20.1131 1.06874 0.302731
-32.5632 -20.1131 1.06874 0.302731
-32.2763 -19.9888 1.07069 0.0706867
-32.639 -19.9451 1.06996 0.0371666
-32.5632 -20.1131 1.06874 0.302731
-32.7117 -20.3586 1.07199 0.00776842
-32.5632 -20.1131 1.06874 0.302731
-32.5632 -20.1131 1.06874 0.302731
-32.639 -19.9451 1.06996 0.0371666
-32.5967 -20.1597 1.06858 0.165024
-32.2763 -19.9888 1.07069 0.0706867
-32.5967 -20.1597 1.06858 0.165024
-32.5967 -20.1597 1.06858 0.165024
-32.5967 -20.1597 1.06858 0.165024
-32.2809 -20.2093 1.07414 0.105108
-32.5632 -20.1131 1.06874 0.302731
-32.7117 -20.3586 1.07199 0.00776842
-32.5632 -20.1131 1.06874 0.302731
-32.4642 -19.9925 1.06408 0.0710154
-32.2809 -20.2093 1.07414 0.105108
-32.5632 -20.1131 1.06874 0.302731
-32.5967 -20.1597 1.06858 0.165024
-32.2809 -20.2093 1.07414 0.105108
-32.5967 -20.1597 1.06858 0.165024
-32.5967 -20.1597 1.06858 0.165024
-32.639 -19.9451 1.06996 0.0371666
-32.5632 -20.1131 1.06874 0.302731
-32.2973 -20.0454 1.06791 0.170825
-32.2973 -20.0454 1.06791 0.170825
-32.5632 -20.1131 1.06874 0.302731
-32.5632 -20.1131 1.06874 0.302731
-32.639 -19.9451 1.06996 0.0371666
-32.5632 -20.1131 1.06874 0.302731
-32.4642 -19.9925 1.06408 0.0710154
-32.2809 -20.2093 1.07414 0.105108
-32.5632 -20.1131 1.06874 0.302731
-32.2973 -20.0454 1.06791 0.170825
-32.2763 -19.9888 1.07069 0.0706867
-32.5648 -20.1542 1.0784 0.0560947
-32.2809 -20.2093 1.07414 0.105108
-32.5967 -20.1597 1.06858 0.165024
-32.2809 -20.2093 1.07414 0.105108
-32.2809 -20.2093 1.07414 0.105108
-32.4642 -19.9925 1.06408 0.0710154
-32.5632 -20.1131 1.06874 0.302731
-32.5632 -20.1131 1.06874 0.302731
-32.4642 -19.9925 1.06408 0.0710154
-32.2809 -20.2093 1.07414 0.105108
-32.5967 -20.1597 1.06858 0.165024
-32.2809 -20.2093 1.07414 0.105108
-32.2973 -20.0454 1.06791 0.170825
-32.2973 -20.0454 1.06791 0.170825
-32.2809 -20.2093 1.07414 0.105108
-32.5967 -20.1597 1.06858 0.165024
-32.5632 -20.1131 1.06874 0.302731
-32.5632 -20.1131 1.06874 0.302731
-32.2973 -20.0454 1.06791 0.170825
-32.2809 -20.2093 1.07414 0.105108
-32.5632 -20.1131 1.06874 0.302731
-32.4642 -19.9925 1.06408 0.0710154
-32.2809 -20.2093 1.07414 0.105108
-32.5967 -20.1597 1.06858 0.165024
-32.4826 -19.7441 1.06319 0.00153498
-32.2809 -20.2093 1.07414 0.105108
-32.5632 -20.1131 1.06874 0.302731
-32.2973 -20.0454 1.06791 0.170825
-32.2763 -19.9888 1.07069 0.0706867
-32.5967 -20.1597 1.06858 0.165024
-32.5967 -20.1597 1.06858 0.165024
-32.5967 -20.1597 1.06858 0.165024
-32.5967 -20.1597 1.06858 0.165024
-32.2973 -20.0454 1.06791 0.170825
-32.2763 -19.9888 1.07069 0.0706867
-32.2809 -20.2093 1.07414 0.105108
-32.5632 -20.1131 1.06874 0.302731
-32.5967 -20.1597 1.06858 0.165024
-32.5967 -20.1597 1.06858 0.165024
-32.5967 -20.1597 1.06858 0.165024
-32.2973 -20.0454 1.06791 0.170825
-32.5632 -20.1131 1.06874 0.302731
-32.2973 -20.0454 1.06791 0.170825
-32.2763 -19.9888 1.07069 0.0706867
