216.281 26.5885 0.0710014 0.2187
216.362 26.6705 0.0710638 0.305521
216.281 26.5885 0.0710014 0.2187
216.487 26.6174 0.07367 0.0476458
216.362 26.6705 0.0710638 0.305521
216.362 26.6705 0.0710638 0.305521
216.362 26.6705 0.0710638 0.305521
216.332 26.5105 0.0696863 0.0773557
216.281 26.5885 0.0710014 0.2187
216.281 26.5885 0.0710014 0.2187
216.362 26.6705 0.0710638 0.305521
216.332 26.5105 0.0696863 0.0773557
216.281 26.5885 0.0710014 0.2187
216.362 26.6705 0.0710638 0.305521
216.281 26.5885 0.0710014 0.2187
216.487 26.6174 0.07367 0.0476458
216.606 26.6558 0.0753801 0.00173042
216.127 26.7386 0.0688865 0.028151
216.362 26.6705 0.0710638 0.305521
216.19 26.5994 0.069316 0.0800159
216.19 26.5994 0.069316 0.0800159
216.281 26.5885 0.0710014 0.2187
216.362 26.6705 0.0710638 0.305521
216.362 26.6705 0.0710638 0.305521
216.281 26.5885 0.0710014 0.2187
216.362 26.6705 0.0710638 0.305521
216.104 26.4608 0.0711754 0.00550247
216.19 26.5994 0.069316 0.0800159
216.362 26.6705 0.0710638 0.305521
216.301 26.5097 0.07583 0.0363166
216.281 26.5885 0.0710014 0.2187
216.581 26.6796 0.0681239 0.01158
216.219 26.8828 0.0739771 0.0388647
216.19 26.5994 0.069316 0.0800159
216.332 26.5105 0.0696863 0.0773557
216.332 26.5105 0.0696863 0.0773557
216.127 26.7386 0.0688865 0.028151
216.362 26.6705 0.0710638 0.305521
216.19 26.5994 0.069316 0.0800159
216.332 26.5105 0.0696863 0.0773557
216.332 26.5105 0.0696863 0.0773557
216.281 26.5885 0.0710014 0.2187
216.362 26.6705 0.0710638 0.305521
216.447 26.8412 0.0664719 0.0132829
216.281 26.5885 0.0710014 0.2187
216.362 26.6705 0.0710638 0.305521
216.362 26.6705 0.0710638 0.305521
216.19 26.5994 0.069316 0.0800159
216.281 26.5885 0.0710014 0.2187
216.323 26.6956 0.0650356 0.0255935
216.219 26.8828 0.0739771 0.0388647
216.281 26.5885 0.0710014 0.2187
216.281 26.5885 0.0710014 0.2187
216.362 26.6705 0.0710638 0.305521
216.19 26.5994 0.069316 0.0800159
216.281 26.5885 0.0710014 0.2187
216.281 26.5885 0.0710014 0.2187
216.487 26.6174 0.07367 0.0476458
216.362 26.6705 0.0710638 0.305521
216.497 26.7511 0.0718106 0.0600419
216.219 26.8828 0.0739771 0.0388647
216.281 26.5885 0.0710014 0.2187
216.362 26.6705 0.0710638 0.305521
216.19 26.5994 0.069316 0.0800159
216.362 26.6705 0.0710638 0.305521
216.323 26.6956 0.0650356 0.0255935
216.332 26.5105 0.0696863 0.0773557
216.332 26.5105 0.0696863 0.0773557
216.362 26.6705 0.0710638 0.305521
216.332 26.5105 0.0696863 0.0773557
216.281 26.5885 0.0710014 0.2187
216.487 26.6174 0.07367 0.0476458
216.19 26.5994 0.069316 0.0800159
216.332 26.5105 0.0696863 0.0773557
216.281 26.5885 0.0710014 0.2187
216.362 26.6705 0.0710638 0.305521
216.332 26.5105 0.0696863 0.0773557
216.281 26.5885 0.0710014 0.2187
216.281 26.5885 0.0710014 0.2187
216.104 26.4608 0.0711754 0.00550247
216.19 26.5994 0.069316 0.0800159
216.281 26.5885 0.0710014 0.2187
216.362 26.6705 0.0710638 0.305521
216.281 26.5885 0.0710014 0.2187
216.122 26.8328 0.0713071 0.024216
216.497 26.7511 0.0718106 0.0600419
216.332 26.5105 0.0696863 0.0773557
216.362 26.6705 0.0710638 0.305521
216.281 26.5885 0.0710014 0.2187
216.497 26.7511 0.0718106 0.0600419
216.19 26.5994 0.069316 0.0800159
216.19 26.5994 0.069316 0.0800159
216.122 26.8328 0.0713071 0.024216
216.362 26.6705 0.0710638 0.305521
216.447 26.8412 0.0664719 0.0132829
216.323 26.6956 0.0650356 0.0255935
216.301 26.5097 0.07583 0.0363166
216.487 26.6174 0.07367 0.0476458
216.19 26.5994 0.069316 0.0800159
216.19 26.5994 0.069316 0.0800159
