97.0171 -28.0171 3.46527 0.116248
96.7938 -27.9052 3.45898 0.105599
97.131 -27.7708 3.46339 0.107247
97.1028 -27.724 3.45875 0.0347158
97.0171 -28.0171 3.46527 0.116248
96.7938 -27.9052 3.45898 0.105599
96.885 -27.923 3.45964 0.199212
96.7748 -27.8686 3.46698 0.0226681
96.9994 -27.7211 3.46123 0.111162
97.0171 -28.0171 3.46527 0.116248
96.885 -27.923 3.45964 0.199212
97.1028 -27.724 3.45875 0.0347158
97.1553 -27.6686 3.46045 0.0192962
97.0171 -28.0171 3.46527 0.116248
96.7938 -27.9052 3.45898 0.105599
96.885 -27.923 3.45964 0.199212
96.885 -27.923 3.45964 0.199212
96.8618 -28.2167 3.45604 0.00747986
97.0171 -28.0171 3.46527 0.116248
96.885 -27.923 3.45964 0.199212
97.131 -27.7708 3.46339 0.107247
97.131 -27.7708 3.46339 0.107247
97.1028 -27.724 3.45875 0.0347158
97.0171 -28.0171 3.46527 0.116248
96.885 -27.923 3.45964 0.199212
96.7748 -27.8686 3.46698 0.0226681
97.1028 -27.724 3.45875 0.0347158
97.1553 -27.6686 3.46045 0.0192962
96.885 -27.923 3.45964 0.199212
97.131 -27.7708 3.46339 0.107247
97.1028 -27.724 3.45875 0.0347158
97.0171 -28.0171 3.46527 0.116248
97.0171 -28.0171 3.46527 0.116248
96.7938 -27.9052 3.45898 0.105599
96.7938 -27.9052 3.45898 0.105599
96.885 -27.923 3.45964 0.199212
96.885 -27.923 3.45964 0.199212
96.885 -27.923 3.45964 0.199212
96.9159 -27.8156 3.46923 0.032061
96.965 -28.0205 3.46943 0.0177367
97.0171 -28.0171 3.46527 0.116248
96.7938 -27.9052 3.45898 0.105599
96.885 -27.923 3.45964 0.199212
97.0155 -27.8116 3.46811 0.0817884
97.0171 -28.0171 3.46527 0.116248
97.0171 -28.0171 3.46527 0.116248
96.885 -27.923 3.45964 0.199212
96.885 -27.923 3.45964 0.199212
96.885 -27.923 3.45964 0.199212
97.0155 -27.8116 3.46811 0.0817884
96.8401 -28.0017 3.46682 0.0318752
97.0171 -28.0171 3.46527 0.116248
96.7938 -27.9052 3.45898 0.105599
96.885 -27.923 3.45964 0.199212
96.8855 -27.602 3.46272 0.0215251
97.0171 -28.0171 3.46527 0.116248
96.885 -27.923 3.45964 0.199212
96.9159 -27.8156 3.46923 0.032061
97.131 -27.7708 3.46339 0.107247
96.9994 -27.7211 3.46123 0.111162
97.0171 -28.0171 3.46527 0.116248
96.885 -27.923 3.45964 0.199212
96.885 -27.923 3.45964 0.199212
96.7328 -27.8228 3.45767 0.0365809
96.8855 -27.602 3.46272 0.0215251
96.9994 -27.7211 3.46123 0.111162
97.0171 -28.0171 3.46527 0.116248
96.7938 -27.9052 3.45898 0.105599
96.7938 -27.9052 3.45898 0.105599
96.7938 -27.9052 3.45898 0.105599
96.885 -27.923 3.45964 0.199212
96.9159 -27.8156 3.46923 0.032061
97.0155 -27.8116 3.46811 0.0817884
96.9994 -27.7211 3.46123 0.111162
97.0171 -28.0171 3.46527 0.116248
96.885 -27.923 3.45964 0.199212
96.885 -27.923 3.45964 0.199212
96.9159 -27.8156 3.46923 0.032061
96.7748 -27.8686 3.46698 0.0226681
97.0171 -28.0171 3.46527 0.116248
96.7938 -27.9052 3.45898 0.105599
96.885 -27.923 3.45964 0.199212
96.7748 -27.8686 3.46698 0.0226681
97.0171 -28.0171 3.46527 0.116248
96.7938 -27.9052 3.45898 0.105599
96.9159 -27.8156 3.46923 0.032061
96.965 -28.0205 3.46943 0.0177367
96.9994 -27.7211 3.46123 0.111162
96.7938 -27.9052 3.45898 0.105599
97.131 -27.7708 3.46339 0.107247
97.0155 -27.8116 3.46811 0.0817884
97.0155 -27.8116 3.46811 0.0817884
96.9994 -27.7211 3.46123 0.111162
96.7938 -27.9052 3.45898 0.105599
97.131 -27.7708 3.46339 0.107247
96.9994 -27.7211 3.46123 0.111162
96.8401 -28.0017 3.46682 0.0318752
97.0171 -28.0171 3.46527 0.116248
96.885 -27.923 3.45964 0.199212
97.131 -27.7708 3.46339 0.107247
