266.74 -14.6432 3.72862 0.0774527
266.783 -14.5145 3.72812 0.0111115
266.737 -14.9841 3.73185 0.023523
267 -14.6919 3.73295 0.082093
267.054 -14.8763 3.73215 0.0348003
267.012 -14.856 3.737 0.167771
267.012 -14.856 3.737 0.167771
266.875 -14.782 3.7391 0.0310915
267.18 -14.778 3.73509 0.0255741
266.723 -14.6441 3.73018 0.0650858
267 -14.6919 3.73295 0.082093
267 -14.6919 3.73295 0.082093
267.012 -14.856 3.737 0.167771
266.79 -14.6103 3.73424 0.0241476
267.004 -14.7291 3.73508 0.143087
266.928 -14.7728 3.72874 0.0508907
267 -14.6919 3.73295 0.082093
267 -14.6919 3.73295 0.082093
267.054 -14.8763 3.73215 0.0348003
267.012 -14.856 3.737 0.167771
267.008 -14.8421 3.73298 0.103239
267.004 -14.7291 3.73508 0.143087
266.74 -14.6432 3.72862 0.0774527
266.723 -14.6441 3.73018 0.0650858
267 -14.6919 3.73295 0.082093
267.054 -14.8763 3.73215 0.0348003
267.008 -14.8421 3.73298 0.103239
267.004 -14.7291 3.73508 0.143087
267.004 -14.7291 3.73508 0.143087
266.74 -14.6432 3.72862 0.0774527
266.928 -14.7728 3.72874 0.0508907
266.928 -14.7728 3.72874 0.0508907
266.614 -14.5105 3.72474 0.00855869
266.723 -14.6441 3.73018 0.0650858
267.012 -14.856 3.737 0.167771
267.012 -14.856 3.737 0.167771
267.004 -14.7291 3.73508 0.143087
267.004 -14.7291 3.73508 0.143087
267.004 -14.7291 3.73508 0.143087
266.942 -14.764 3.72235 0.000219964
266.632 -14.8982 3.73067 0.0250979
266.723 -14.6441 3.73018 0.0650858
266.498 -14.6929 3.72525 0.0270975
267.02 -15.0885 3.73121 0.00128606
266.74 -14.6432 3.72862 0.0774527
266.723 -14.6441 3.73018 0.0650858
267.012 -14.856 3.737 0.167771
267.008 -14.8421 3.73298 0.103239
267.004 -14.7291 3.73508 0.143087
266.686 -14.972 3.73445 0.00581038
266.723 -14.6441 3.73018 0.0650858
266.723 -14.6441 3.73018 0.0650858
267.012 -14.856 3.737 0.167771
267.004 -14.7291 3.73508 0.143087
267.427 -14.9634 3.74779 0.0122671
266.723 -14.6441 3.73018 0.0650858
267.012 -14.856 3.737 0.167771
266.875 -14.782 3.7391 0.0310915
267.18 -14.778 3.73509 0.0255741
266.74 -14.6432 3.72862 0.0774527
267.427 -14.9634 3.74779 0.0122671
266.723 -14.6441 3.73018 0.0650858
267.054 -14.8763 3.73215 0.0348003
267.012 -14.856 3.737 0.167771
267.008 -14.8421 3.73298 0.103239
266.74 -14.6432 3.72862 0.0774527
266.723 -14.6441 3.73018 0.0650858
266.498 -14.6929 3.72525 0.0270975
267.008 -14.8421 3.73298 0.103239
267.004 -14.7291 3.73508 0.143087
267.004 -14.7291 3.73508 0.143087
267.427 -14.9634 3.74779 0.0122671
266.723 -14.6441 3.73018 0.0650858
267.012 -14.856 3.737 0.167771
267.004 -14.7291 3.73508 0.143087
266.74 -14.6432 3.72862 0.0774527
266.723 -14.6441 3.73018 0.0650858
267 -14.6919 3.73295 0.082093
267.012 -14.856 3.737 0.167771
267.012 -14.856 3.737 0.167771
267.012 -14.856 3.737 0.167771
266.875 -14.782 3.7391 0.0310915
267.18 -14.778 3.73509 0.0255741
267.086 -14.8973 3.74467 0.0219934
266.737 -14.9841 3.73185 0.023523
266.614 -14.5105 3.72474 0.00855869
266.723 -14.6441 3.73018 0.0650858
266.723 -14.6441 3.73018 0.0650858
267 -14.6919 3.73295 0.082093
266.875 -14.782 3.7391 0.0310915
267.004 -14.7291 3.73508 0.143087
267.004 -14.7291 3.73508 0.143087
267.395 -14.8678 3.74361 0.0178593
266.723 -14.6441 3.73018 0.0650858
267.012 -14.856 3.737 0.167771
267.012 -14.856 3.737 0.167771
266.79 -14.6103 3.73424 0.0241476
267.004 -14.7291 3.73508 0.143087
266.632 -14.8982 3.73067 0.0250979
267 -14.6919 3.73295 0.082093
