-37.5312 -72.1348 1.96733 0.041487
-37.5312 -72.1348 1.96733 0.041487
-37.4747 -71.9923 1.95516 0.00639651
-37.4171 -71.9849 1.96371 0.149299
-37.1809 -72.1011 1.96696 0.122759
-37.1809 -72.1011 1.96696 0.122759
-37.1781 -72.1922 1.97202 0.0817901
-37.5312 -72.1348 1.96733 0.041487
-37.5312 -72.1348 1.96733 0.041487
-37.3762 -72.2671 1.96442 0.0331631
-37.4171 -71.9849 1.96371 0.149299
-37.2673 -71.921 1.96105 0.0499429
-37.1809 -72.1011 1.96696 0.122759
-37.1809 -72.1011 1.96696 0.122759
-37.1781 -72.1922 1.97202 0.0817901
-37.1781 -72.1922 1.97202 0.0817901
-37.1781 -72.1922 1.97202 0.0817901
-37.3762 -72.2671 1.96442 0.0331631
-37.4171 -71.9849 1.96371 0.149299
-37.4171 -71.9849 1.96371 0.149299
-37.4171 -71.9849 1.96371 0.149299
-37.3627 -71.8487 1.96664 0.0679425
-37.1809 -72.1011 1.96696 0.122759
-37.2658 -72.1973 1.97406 0.0449424
-37.3803 -71.9023 1.95818 0.0278372
-37.1781 -72.1922 1.97202 0.0817901
-37.5312 -72.1348 1.96733 0.041487
-37.4171 -71.9849 1.96371 0.149299
-37.2673 -71.921 1.96105 0.0499429
-37.1781 -72.1922 1.97202 0.0817901
-37.5936 -72.2532 1.96818 0.0056926
-37.1079 -72.0307 1.96742 0.0718842
-37.1787 -71.8442 1.96248 0.0219336
-37.4171 -71.9849 1.96371 0.149299
-37.2673 -71.921 1.96105 0.0499429
-37.2658 -72.1973 1.97406 0.0449424
-37.1781 -72.1922 1.97202 0.0817901
-37.1781 -72.1922 1.97202 0.0817901
-37.4394 -71.7617 1.96821 0.00885189
-37.4171 -71.9849 1.96371 0.149299
-37.3627 -71.8487 1.96664 0.0679425
-37.1809 -72.1011 1.96696 0.122759
-37.1809 -72.1011 1.96696 0.122759
-37.4041 -72.1856 1.97063 0.0599456
-37.4041 -72.1856 1.97063 0.0599456
-37.5312 -72.1348 1.96733 0.041487
-37.1079 -72.0307 1.96742 0.0718842
-37.4171 -71.9849 1.96371 0.149299
-37.4171 -71.9849 1.96371 0.149299
-37.4171 -71.9849 1.96371 0.149299
-37.2673 -71.921 1.96105 0.0499429
-37.2658 -72.1973 1.97406 0.0449424
-37.4041 -72.1856 1.97063 0.0599456
-37.1079 -72.0307 1.96742 0.0718842
-37.2601 -71.9067 1.9734 0.0195877
-37.4171 -71.9849 1.96371 0.149299
-37.2654 -72.1024 1.96059 0.0295352
-37.1809 -72.1011 1.96696 0.122759
-37.0861 -71.9896 1.97795 0.0039959
-37.1079 -72.0307 1.96742 0.0718842
-37.4171 -71.9849 1.96371 0.149299
-37.3627 -71.8487 1.96664 0.0679425
-37.1809 -72.1011 1.96696 0.122759
-37.4041 -72.1856 1.97063 0.0599456
-37.0362 -72.1167 1.97101 0.0400645
-37.1787 -71.8442 1.96248 0.0219336
-37.4171 -71.9849 1.96371 0.149299
-37.4171 -71.9849 1.96371 0.149299
-37.2654 -72.1024 1.96059 0.0295352
-37.2673 -71.921 1.96105 0.0499429
-37.1809 -72.1011 1.96696 0.122759
-37.3803 -71.9023 1.95818 0.0278372
-37.4041 -72.1856 1.97063 0.0599456
-37.1079 -72.0307 1.96742 0.0718842
-37.4171 -71.9849 1.96371 0.149299
-37.3627 -71.8487 1.96664 0.0679425
-37.3627 -71.8487 1.96664 0.0679425
-37.2673 -71.921 1.96105 0.0499429
-37.1809 -72.1011 1.96696 0.122759
-37.1781 -72.1922 1.97202 0.0817901
-37.1079 -72.0307 1.96742 0.0718842
-37.4171 -71.9849 1.96371 0.149299
-37.1414 -72.2148 1.98077 0.00170427
-37.1809 -72.1011 1.96696 0.122759
-37.1809 -72.1011 1.96696 0.122759
-37.3448 -72.2316 1.97259 0.0406111
-37.3762 -72.2671 1.96442 0.0331631
-37.1787 -71.8442 1.96248 0.0219336
-37.2673 -71.921 1.96105 0.0499429
-37.1809 -72.1011 1.96696 0.122759
-37.1781 -72.1922 1.97202 0.0817901
-37.3448 -72.2316 1.97259 0.0406111
-37.0362 -72.1167 1.97101 0.0400645
-37.4171 -71.9849 1.96371 0.149299
-37.2654 -72.1024 1.96059 0.0295352
-37.3627 -71.8487 1.96664 0.0679425
-37.2673 -71.921 1.96105 0.0499429
-37.2658 -72.1973 1.97406 0.0449424
-37.3803 -71.9023 1.95818 0.0278372
-37.3762 -72.2671 1.96442 0.0331631
