128.824 -18.6963 3.38675 0.0236597
129.075 -18.9401 3.39138 0.0347746
128.566 -18.7674 3.37985 0.00902562
129.043 -18.955 3.38952 0.0625869
128.661 -18.9662 3.38336 0.226945
128.566 -18.7674 3.37985 0.00902562
128.898 -19.114 3.39229 0.096454
128.661 -18.9662 3.38336 0.226945
129.075 -18.9401 3.39138 0.0347746
128.925 -18.9108 3.38844 0.202655
128.829 -19.0118 3.38166 0.0833476
128.824 -18.6963 3.38675 0.0236597
129.077 -19.0621 3.3916 0.0311609
129.075 -18.9401 3.39138 0.0347746
128.785 -19.055 3.39236 0.118084
128.898 -19.114 3.39229 0.096454
128.661 -18.9662 3.38336 0.226945
128.661 -18.9662 3.38336 0.226945
129.075 -18.9401 3.39138 0.0347746
128.898 -19.114 3.39229 0.096454
129.043 -18.955 3.38952 0.0625869
128.661 -18.9662 3.38336 0.226945
128.661 -18.9662 3.38336 0.226945
128.661 -18.9662 3.38336 0.226945
128.925 -18.9108 3.38844 0.202655
128.898 -19.114 3.39229 0.096454
128.661 -18.9662 3.38336 0.226945
128.925 -18.9108 3.38844 0.202655
128.898 -19.114 3.39229 0.096454
128.661 -18.9662 3.38336 0.226945
128.925 -18.9108 3.38844 0.202655
128.925 -18.9108 3.38844 0.202655
128.925 -18.9108 3.38844 0.202655
129.043 -18.955 3.38952 0.0625869
128.661 -18.9662 3.38336 0.226945
128.925 -18.9108 3.38844 0.202655
128.829 -19.0118 3.38166 0.0833476
129.077 -19.0621 3.3916 0.0311609
128.925 -18.9108 3.38844 0.202655
128.784 -19.1307 3.37944 0.0149552
128.661 -18.9662 3.38336 0.226945
128.661 -18.9662 3.38336 0.226945
128.925 -18.9108 3.38844 0.202655
128.898 -19.114 3.39229 0.096454
128.661 -18.9662 3.38336 0.226945
128.785 -19.055 3.39236 0.118084
128.829 -19.0118 3.38166 0.0833476
128.661 -18.9662 3.38336 0.226945
128.661 -18.9662 3.38336 0.226945
128.785 -19.055 3.39236 0.118084
128.829 -19.0118 3.38166 0.0833476
129.077 -19.0621 3.3916 0.0311609
128.898 -19.114 3.39229 0.096454
128.829 -19.0118 3.38166 0.0833476
129.075 -18.9401 3.39138 0.0347746
128.785 -19.055 3.39236 0.118084
128.784 -19.1307 3.37944 0.0149552
128.504 -18.8146 3.38347 0.0192369
129.043 -18.955 3.38952 0.0625869
128.676 -19.2585 3.38396 0.0233661
128.785 -19.055 3.39236 0.118084
128.784 -19.1307 3.37944 0.0149552
128.514 -18.8651 3.39057 0.00570206
129.043 -18.955 3.38952 0.0625869
128.661 -18.9662 3.38336 0.226945
128.925 -18.9108 3.38844 0.202655
128.784 -19.1307 3.37944 0.0149552
128.661 -18.9662 3.38336 0.226945
128.925 -18.9108 3.38844 0.202655
129.043 -18.955 3.38952 0.0625869
128.661 -18.9662 3.38336 0.226945
128.661 -18.9662 3.38336 0.226945
128.661 -18.9662 3.38336 0.226945
128.925 -18.9108 3.38844 0.202655
128.504 -18.8146 3.38347 0.0192369
128.661 -18.9662 3.38336 0.226945
129.075 -18.9401 3.39138 0.0347746
128.868 -18.7946 3.38139 0.0150667
128.898 -19.114 3.39229 0.096454
128.661 -18.9662 3.38336 0.226945
128.661 -18.9662 3.38336 0.226945
128.676 -19.2585 3.38396 0.0233661
128.785 -19.055 3.39236 0.118084
128.898 -19.114 3.39229 0.096454
128.661 -18.9662 3.38336 0.226945
129.075 -18.9401 3.39138 0.0347746
128.925 -18.9108 3.38844 0.202655
128.925 -18.9108 3.38844 0.202655
128.925 -18.9108 3.38844 0.202655
128.784 -19.1307 3.37944 0.0149552
128.829 -19.0118 3.38166 0.0833476
128.661 -18.9662 3.38336 0.226945
128.661 -18.9662 3.38336 0.226945
128.925 -18.9108 3.38844 0.202655
128.829 -19.0118 3.38166 0.0833476
129.043 -18.955 3.38952 0.0625869
129.075 -18.9401 3.39138 0.0347746
128.925 -18.9108 3.38844 0.202655
128.925 -18.9108 3.38844 0.202655
128.829 -19.0118 3.38166 0.0833476
