130.203 -18.5002 3.38581 0.12175
130.225 -18.6182 3.38904 0.191006
130.009 -18.7941 3.38808 0.101163
130.009 -18.7941 3.38808 0.101163
130.243 -18.7435 3.38663 0.138784
130.203 -18.5002 3.38581 0.12175
130.007 -18.7427 3.39218 0.0219322
129.807 -18.6193 3.38642 0.0228719
130.009 -18.7941 3.38808 0.101163
129.955 -18.5508 3.38976 0.0471981
130.203 -18.5002 3.38581 0.12175
130.007 -18.7427 3.39218 0.0219322
130.225 -18.6182 3.38904 0.191006
130.009 -18.7941 3.38808 0.101163
130.243 -18.7435 3.38663 0.138784
130.243 -18.7435 3.38663 0.138784
130.358 -18.7444 3.38654 0.0289606
130.203 -18.5002 3.38581 0.12175
130.007 -18.7427 3.39218 0.0219322
130.367 -18.7159 3.39268 0.0178335
130.009 -18.7941 3.38808 0.101163
129.944 -18.9268 3.38005 0.00770688
129.898 -18.6102 3.3895 0.0306644
130.225 -18.6182 3.38904 0.191006
130.009 -18.7941 3.38808 0.101163
129.955 -18.5508 3.38976 0.0471981
129.829 -18.4387 3.38426 0.0131845
130.358 -18.7444 3.38654 0.0289606
130.203 -18.5002 3.38581 0.12175
130.225 -18.6182 3.38904 0.191006
130.214 -18.3912 3.3903 0.0181264
129.955 -18.5508 3.38976 0.0471981
130.243 -18.7435 3.38663 0.138784
130.203 -18.5002 3.38581 0.12175
130.164 -18.4768 3.38269 0.0639712
130.009 -18.7941 3.38808 0.101163
129.955 -18.5508 3.38976 0.0471981
130.203 -18.5002 3.38581 0.12175
130.225 -18.6182 3.38904 0.191006
130.225 -18.6182 3.38904 0.191006
130.164 -18.4768 3.38269 0.0639712
130.243 -18.7435 3.38663 0.138784
130.203 -18.5002 3.38581 0.12175
130.225 -18.6182 3.38904 0.191006
130.214 -18.3912 3.3903 0.0181264
130.009 -18.7941 3.38808 0.101163
130.243 -18.7435 3.38663 0.138784
130.243 -18.7435 3.38663 0.138784
130.358 -18.7444 3.38654 0.0289606
130.007 -18.7427 3.39218 0.0219322
130.225 -18.6182 3.38904 0.191006
129.807 -18.6193 3.38642 0.0228719
130.243 -18.7435 3.38663 0.138784
129.809 -18.6712 3.38743 0.0164622
130.225 -18.6182 3.38904 0.191006
130.009 -18.7941 3.38808 0.101163
130.243 -18.7435 3.38663 0.138784
130.203 -18.5002 3.38581 0.12175
130.225 -18.6182 3.38904 0.191006
130.009 -18.7941 3.38808 0.101163
129.955 -18.5508 3.38976 0.0471981
129.867 -18.495 3.37863 0.0169292
130.064 -18.8596 3.3917 0.0148624
130.225 -18.6182 3.38904 0.191006
130.164 -18.4768 3.38269 0.0639712
129.867 -18.495 3.37863 0.0169292
130.243 -18.7435 3.38663 0.138784
130.064 -18.8596 3.3917 0.0148624
130.007 -18.2301 3.38426 0.000973526
130.225 -18.6182 3.38904 0.191006
130.164 -18.4768 3.38269 0.0639712
130.243 -18.7435 3.38663 0.138784
130.007 -18.7427 3.39218 0.0219322
129.807 -18.6193 3.38642 0.0228719
129.807 -18.6193 3.38642 0.0228719
130.243 -18.7435 3.38663 0.138784
130.203 -18.5002 3.38581 0.12175
130.203 -18.5002 3.38581 0.12175
130.225 -18.6182 3.38904 0.191006
130.367 -18.7159 3.39268 0.0178335
130.243 -18.7435 3.38663 0.138784
130.243 -18.7435 3.38663 0.138784
130.007 -18.7427 3.39218 0.0219322
129.831 -18.5708 3.39135 0.00229938
130.164 -18.4768 3.38269 0.0639712
129.955 -18.5508 3.38976 0.0471981
130.243 -18.7435 3.38663 0.138784
130.203 -18.5002 3.38581 0.12175
130.225 -18.6182 3.38904 0.191006
130.009 -18.7941 3.38808 0.101163
130.243 -18.7435 3.38663 0.138784
130.243 -18.7435 3.38663 0.138784
130.203 -18.5002 3.38581 0.12175
130.225 -18.6182 3.38904 0.191006
130.009 -18.7941 3.38808 0.101163
130.243 -18.7435 3.38663 0.138784
130.203 -18.5002 3.38581 0.12175
130.225 -18.6182 3.38904 0.191006
130.225 -18.6182 3.38904 0.191006
130.009 -18.7941 3.38808 0.101163
