269.664 23.8572 5.64071 0.109369
269.553 23.8819 5.64153 0.132356
269.663 24.0992 5.63876 0.0321286
269.545 23.8616 5.64502 0.119736
269.673 23.917 5.64547 0.110739
269.607 24.0164 5.63906 0.0913413
269.607 24.0164 5.63906 0.0913413
269.393 24.0902 5.64438 0.0129145
269.553 23.8819 5.64153 0.132356
269.697 23.9057 5.635 0.041464
269.697 23.9057 5.635 0.041464
269.545 23.8616 5.64502 0.119736
269.673 23.917 5.64547 0.110739
269.607 24.0164 5.63906 0.0913413
269.498 24.0779 5.64245 0.0480639
269.498 24.0779 5.64245 0.0480639
269.553 23.8819 5.64153 0.132356
269.833 23.9616 5.63838 0.0167781
269.697 23.9057 5.635 0.041464
269.545 23.8616 5.64502 0.119736
269.73 23.9876 5.64249 0.0780496
269.607 24.0164 5.63906 0.0913413
269.672 23.8379 5.64554 0.0680964
269.672 23.8379 5.64554 0.0680964
269.553 23.8819 5.64153 0.132356
269.697 23.9057 5.635 0.041464
269.697 23.9057 5.635 0.041464
269.673 23.917 5.64547 0.110739
269.73 23.9876 5.64249 0.0780496
269.842 23.9116 5.63696 0.0127222
269.664 23.8572 5.64071 0.109369
269.672 23.8379 5.64554 0.0680964
269.553 23.8819 5.64153 0.132356
269.663 24.0992 5.63876 0.0321286
269.545 23.8616 5.64502 0.119736
269.607 24.0164 5.63906 0.0913413
269.664 23.8572 5.64071 0.109369
269.672 23.8379 5.64554 0.0680964
269.498 24.0779 5.64245 0.0480639
269.553 23.8819 5.64153 0.132356
269.663 24.0992 5.63876 0.0321286
269.447 24.0668 5.63947 0.0158571
269.673 23.917 5.64547 0.110739
269.673 23.917 5.64547 0.110739
269.73 23.9876 5.64249 0.0780496
269.664 23.8572 5.64071 0.109369
269.531 23.6042 5.64141 0.000966536
269.553 23.8819 5.64153 0.132356
269.697 23.9057 5.635 0.041464
269.545 23.8616 5.64502 0.119736
269.673 23.917 5.64547 0.110739
269.607 24.0164 5.63906 0.0913413
269.664 23.8572 5.64071 0.109369
269.393 24.0902 5.64438 0.0129145
269.587 24.1346 5.64204 0.0316987
269.823 23.8427 5.63676 0.0128768
269.697 23.9057 5.635 0.041464
269.673 23.917 5.64547 0.110739
269.607 24.0164 5.63906 0.0913413
269.664 23.8572 5.64071 0.109369
269.393 24.0902 5.64438 0.0129145
269.587 24.1346 5.64204 0.0316987
269.833 23.9616 5.63838 0.0167781
269.663 24.0992 5.63876 0.0321286
269.791 23.8952 5.64753 0.01179
269.545 23.8616 5.64502 0.119736
269.545 23.8616 5.64502 0.119736
269.673 23.917 5.64547 0.110739
269.842 23.9116 5.63696 0.0127222
269.664 23.8572 5.64071 0.109369
269.672 23.8379 5.64554 0.0680964
269.587 24.1346 5.64204 0.0316987
269.823 23.8427 5.63676 0.0128768
269.545 23.8616 5.64502 0.119736
269.73 23.9876 5.64249 0.0780496
269.664 23.8572 5.64071 0.109369
269.664 23.8572 5.64071 0.109369
269.553 23.8819 5.64153 0.132356
269.553 23.8819 5.64153 0.132356
269.833 23.9616 5.63838 0.0167781
269.663 24.0992 5.63876 0.0321286
269.545 23.8616 5.64502 0.119736
269.73 23.9876 5.64249 0.0780496
269.664 23.8572 5.64071 0.109369
269.498 24.0779 5.64245 0.0480639
269.798 23.7215 5.63821 0.00455304
269.791 23.8952 5.64753 0.01179
269.545 23.8616 5.64502 0.119736
269.73 23.9876 5.64249 0.0780496
269.73 23.9876 5.64249 0.0780496
269.664 23.8572 5.64071 0.109369
269.664 23.8572 5.64071 0.109369
269.664 23.8572 5.64071 0.109369
269.521 23.6378 5.63354 0.000341238
269.553 23.8819 5.64153 0.132356
269.663 24.0992 5.63876 0.0321286
269.545 23.8616 5.64502 0.119736
269.607 24.0164 5.63906 0.0913413
269.664 23.8572 5.64071 0.109369
269.587 24.1346 5.64204 0.0316987
