-27.2752 -84.6095 2.40936 0.279895
-27.3258 -84.8441 2.4172 0.22307
-26.9918 -84.58 2.41728 0.00532554
-27.2484 -84.8378 2.42162 0.0723025
-27.2752 -84.6095 2.40936 0.279895
-27.3258 -84.8441 2.4172 0.22307
-27.5378 -84.5683 2.42022 0.0418755
-27.2752 -84.6095 2.40936 0.279895
-27.2694 -84.9391 2.42738 0.00333146
-27.4086 -84.9409 2.41647 0.0776789
-27.2067 -84.6772 2.40797 0.0642605
-27.3258 -84.8441 2.4172 0.22307
-27.134 -84.5396 2.41745 0.0463794
-27.2752 -84.6095 2.40936 0.279895
-27.2752 -84.6095 2.40936 0.279895
-27.4086 -84.9409 2.41647 0.0776789
-27.3258 -84.8441 2.4172 0.22307
-27.3258 -84.8441 2.4172 0.22307
-27.5378 -84.5683 2.42022 0.0418755
-27.2752 -84.6095 2.40936 0.279895
-27.7456 -84.6844 2.41738 0.0107984
-27.4086 -84.9409 2.41647 0.0776789
-27.2752 -84.6095 2.40936 0.279895
-27.2752 -84.6095 2.40936 0.279895
-27.3258 -84.8441 2.4172 0.22307
-27.1399 -84.9237 2.41393 0.0121461
-27.134 -84.5396 2.41745 0.0463794
-27.2752 -84.6095 2.40936 0.279895
-27.3258 -84.8441 2.4172 0.22307
-27.4086 -84.9409 2.41647 0.0776789
-27.2067 -84.6772 2.40797 0.0642605
-27.3258 -84.8441 2.4172 0.22307
-27.4086 -84.9409 2.41647 0.0776789
-27.2752 -84.6095 2.40936 0.279895
-27.4086 -84.9409 2.41647 0.0776789
-27.2484 -84.8378 2.42162 0.0723025
-27.2067 -84.6772 2.40797 0.0642605
-27.2752 -84.6095 2.40936 0.279895
-27.2752 -84.6095 2.40936 0.279895
-27.3258 -84.8441 2.4172 0.22307
-27.1321 -84.5549 2.41587 0.0691651
-27.4079 -84.8534 2.42691 0.0053221
-27.2752 -84.6095 2.40936 0.279895
-27.7456 -84.6844 2.41738 0.0107984
-27.2484 -84.8378 2.42162 0.0723025
-27.2752 -84.6095 2.40936 0.279895
-27.4086 -84.9409 2.41647 0.0776789
-27.2752 -84.6095 2.40936 0.279895
-27.4086 -84.9409 2.41647 0.0776789
-27.2484 -84.8378 2.42162 0.0723025
-27.2067 -84.6772 2.40797 0.0642605
-27.3258 -84.8441 2.4172 0.22307
-27.3258 -84.8441 2.4172 0.22307
-27.1321 -84.5549 2.41587 0.0691651
-27.2752 -84.6095 2.40936 0.279895
-27.2752 -84.6095 2.40936 0.279895
-27.2752 -84.6095 2.40936 0.279895
-27.3258 -84.8441 2.4172 0.22307
-27.1321 -84.5549 2.41587 0.0691651
-27.2067 -84.6772 2.40797 0.0642605
-27.2752 -84.6095 2.40936 0.279895
-27.5983 -84.1253 2.41197 0.00036887
-27.2484 -84.8378 2.42162 0.0723025
-27.2067 -84.6772 2.40797 0.0642605
-27.3258 -84.8441 2.4172 0.22307
-27.3258 -84.8441 2.4172 0.22307
-27.5147 -85.0697 2.41685 0.00482189
-27.4086 -84.9409 2.41647 0.0776789
-27.2067 -84.6772 2.40797 0.0642605
-27.1875 -84.7576 2.42585 0.00731933
-27.2752 -84.6095 2.40936 0.279895
-27.1321 -84.5549 2.41587 0.0691651
-27.5378 -84.5683 2.42022 0.0418755
-27.2752 -84.6095 2.40936 0.279895
-27.2752 -84.6095 2.40936 0.279895
-27.3349 -84.9797 2.41501 0.0332225
-27.2752 -84.6095 2.40936 0.279895
-26.9918 -84.58 2.41728 0.00532554
-27.2752 -84.6095 2.40936 0.279895
-27.3349 -84.9797 2.41501 0.0332225
-27.2752 -84.6095 2.40936 0.279895
-27.3258 -84.8441 2.4172 0.22307
-26.9918 -84.58 2.41728 0.00532554
-27.2752 -84.6095 2.40936 0.279895
-27.2752 -84.6095 2.40936 0.279895
-27.2752 -84.6095 2.40936 0.279895
-26.9918 -84.58 2.41728 0.00532554
-27.2752 -84.6095 2.40936 0.279895
-27.2752 -84.6095 2.40936 0.279895
-27.3258 -84.8441 2.4172 0.22307
-27.3349 -84.9797 2.41501 0.0332225
-27.2752 -84.6095 2.40936 0.279895
-27.2752 -84.6095 2.40936 0.279895
-27.3258 -84.8441 2.4172 0.22307
-27.2484 -84.8378 2.42162 0.0723025
-27.2752 -84.6095 2.40936 0.279895
-27.3349 -84.9797 2.41501 0.0332225
-27.2484 -84.8378 2.42162 0.0723025
-27.2752 -84.6095 2.40936 0.279895
-27.3258 -84.8441 2.4172 0.22307
