176.47 23.564 0.0769346 0.0342455
176.554 23.4622 0.075162 0.179094
176.543 23.4496 0.0739466 0.254953
176.543 23.4496 0.0739466 0.254953
176.543 23.4496 0.0739466 0.254953
176.851 23.45 0.0624176 0.032829
176.596 23.4679 0.0746371 0.193941
176.477 23.2339 0.0772048 0.0285089
176.703 23.2945 0.0710253 0.107169
176.596 23.4679 0.0746371 0.193941
176.554 23.4622 0.075162 0.179094
176.477 23.2339 0.0772048 0.0285089
176.851 23.45 0.0624176 0.032829
176.851 23.45 0.0624176 0.032829
176.703 23.2945 0.0710253 0.107169
176.596 23.4679 0.0746371 0.193941
176.547 23.253 0.0769215 0.0429435
176.554 23.4622 0.075162 0.179094
176.543 23.4496 0.0739466 0.254953
176.778 23.3481 0.0611306 0.0140369
176.47 23.564 0.0769346 0.0342455
176.554 23.4622 0.075162 0.179094
176.543 23.4496 0.0739466 0.254953
176.851 23.45 0.0624176 0.032829
176.596 23.4679 0.0746371 0.193941
176.543 23.4496 0.0739466 0.254953
176.543 23.4496 0.0739466 0.254953
176.596 23.4679 0.0746371 0.193941
176.316 23.4014 0.078805 0.0109671
176.554 23.4622 0.075162 0.179094
176.851 23.45 0.0624176 0.032829
176.596 23.4679 0.0746371 0.193941
176.547 23.253 0.0769215 0.0429435
176.554 23.4622 0.075162 0.179094
176.543 23.4496 0.0739466 0.254953
176.703 23.2945 0.0710253 0.107169
176.547 23.253 0.0769215 0.0429435
176.543 23.4496 0.0739466 0.254953
176.596 23.4679 0.0746371 0.193941
176.543 23.4496 0.0739466 0.254953
176.703 23.2945 0.0710253 0.107169
176.703 23.2945 0.0710253 0.107169
176.554 23.4622 0.075162 0.179094
176.554 23.4622 0.075162 0.179094
176.543 23.4496 0.0739466 0.254953
176.88 23.3936 0.0692198 0.0254828
176.554 23.4622 0.075162 0.179094
176.703 23.2945 0.0710253 0.107169
176.596 23.4679 0.0746371 0.193941
176.316 23.4014 0.078805 0.0109671
176.316 23.4014 0.078805 0.0109671
176.554 23.4622 0.075162 0.179094
176.543 23.4496 0.0739466 0.254953
176.543 23.4496 0.0739466 0.254953
176.543 23.4496 0.0739466 0.254953
176.681 23.6481 0.0741028 0.0215357
176.596 23.4679 0.0746371 0.193941
176.543 23.4496 0.0739466 0.254953
176.88 23.3936 0.0692198 0.0254828
176.596 23.4679 0.0746371 0.193941
176.477 23.2339 0.0772048 0.0285089
176.851 23.45 0.0624176 0.032829
176.703 23.2945 0.0710253 0.107169
176.47 23.564 0.0769346 0.0342455
176.554 23.4622 0.075162 0.179094
176.543 23.4496 0.0739466 0.254953
176.596 23.4679 0.0746371 0.193941
176.554 23.4622 0.075162 0.179094
176.477 23.2339 0.0772048 0.0285089
176.633 23.1226 0.0750707 0.00516012
176.554 23.4622 0.075162 0.179094
176.851 23.45 0.0624176 0.032829
176.703 23.2945 0.0710253 0.107169
176.596 23.4679 0.0746371 0.193941
176.316 23.4014 0.078805 0.0109671
176.543 23.4496 0.0739466 0.254953
176.681 23.6481 0.0741028 0.0215357
176.547 23.253 0.0769215 0.0429435
176.543 23.4496 0.0739466 0.254953
176.633 23.1226 0.0750707 0.00516012
176.554 23.4622 0.075162 0.179094
176.851 23.45 0.0624176 0.032829
176.703 23.2945 0.0710253 0.107169
176.778 23.3481 0.0611306 0.0140369
176.88 23.3936 0.0692198 0.0254828
176.596 23.4679 0.0746371 0.193941
176.477 23.2339 0.0772048 0.0285089
176.477 23.2339 0.0772048 0.0285089
176.859 23.6353 0.0694066 0.0133573
176.596 23.4679 0.0746371 0.193941
176.437 23.3744 0.0633692 0.00554609
176.554 23.4622 0.075162 0.179094
176.543 23.4496 0.0739466 0.254953
176.543 23.4496 0.0739466 0.254953
176.596 23.4679 0.0746371 0.193941
176.547 23.253 0.0769215 0.0429435
176.543 23.4496 0.0739466 0.254953
176.859 23.6353 0.0694066 0.0133573
176.554 23.4622 0.075162 0.179094
176.543 23.4496 0.0739466 0.254953
