26.2265 -83.8151 3.83633 0.139442
25.6748 -84.1325 3.83165 0.000411096
25.9705 -84.1338 3.83267 0.0761023
26.0188 -83.8893 3.83839 0.0781407
25.944 -83.9547 3.83481 0.169137
26.1038 -83.9918 3.83777 0.254631
26.1038 -83.9918 3.83777 0.254631
26.1775 -84.0854 3.8396 0.0928816
25.9705 -84.1338 3.83267 0.0761023
26.2265 -83.8151 3.83633 0.139442
26.2265 -83.8151 3.83633 0.139442
26.0188 -83.8893 3.83839 0.0781407
25.944 -83.9547 3.83481 0.169137
25.944 -83.9547 3.83481 0.169137
26.1775 -84.0854 3.8396 0.0928816
26.0491 -84.0186 3.84183 0.0115071
26.2265 -83.8151 3.83633 0.139442
26.2265 -83.8151 3.83633 0.139442
26.0188 -83.8893 3.83839 0.0781407
25.944 -83.9547 3.83481 0.169137
26.1038 -83.9918 3.83777 0.254631
26.2265 -83.8151 3.83633 0.139442
26.4334 -83.9237 3.84051 0.0166291
26.1038 -83.9918 3.83777 0.254631
26.1038 -83.9918 3.83777 0.254631
26.1038 -83.9918 3.83777 0.254631
26.1775 -84.0854 3.8396 0.0928816
26.2265 -83.8151 3.83633 0.139442
26.1038 -83.9918 3.83777 0.254631
26.1038 -83.9918 3.83777 0.254631
26.1038 -83.9918 3.83777 0.254631
25.952 -84.191 3.83101 0.0208327
25.944 -83.9547 3.83481 0.169137
26.1038 -83.9918 3.83777 0.254631
26.0906 -84.2359 3.83103 0.00929016
25.9705 -84.1338 3.83267 0.0761023
25.9705 -84.1338 3.83267 0.0761023
26.2265 -83.8151 3.83633 0.139442
26.2265 -83.8151 3.83633 0.139442
25.952 -84.191 3.83101 0.0208327
26.1038 -83.9918 3.83777 0.254631
25.9705 -84.1338 3.83267 0.0761023
25.944 -83.9547 3.83481 0.169137
25.944 -83.9547 3.83481 0.169137
26.1038 -83.9918 3.83777 0.254631
26.0686 -83.7088 3.83212 0.0469481
26.0188 -83.8893 3.83839 0.0781407
26.1038 -83.9918 3.83777 0.254631
26.1038 -83.9918 3.83777 0.254631
25.9705 -84.1338 3.83267 0.0761023
26.0188 -83.8893 3.83839 0.0781407
25.944 -83.9547 3.83481 0.169137
26.1775 -84.0854 3.8396 0.0928816
26.2265 -83.8151 3.83633 0.139442
25.944 -83.9547 3.83481 0.169137
26.1038 -83.9918 3.83777 0.254631
25.9705 -84.1338 3.83267 0.0761023
25.9705 -84.1338 3.83267 0.0761023
26.2265 -83.8151 3.83633 0.139442
26.2265 -83.8151 3.83633 0.139442
25.944 -83.9547 3.83481 0.169137
26.1775 -84.0854 3.8396 0.0928816
26.1295 -84.2348 3.83106 0.00770339
25.944 -83.9547 3.83481 0.169137
26.1775 -84.0854 3.8396 0.0928816
25.9705 -84.1338 3.83267 0.0761023
26.2265 -83.8151 3.83633 0.139442
26.1038 -83.9918 3.83777 0.254631
26.1775 -84.0854 3.8396 0.0928816
25.9705 -84.1338 3.83267 0.0761023
26.0188 -83.8893 3.83839 0.0781407
26.1038 -83.9918 3.83777 0.254631
26.1038 -83.9918 3.83777 0.254631
26.0686 -83.7088 3.83212 0.0469481
26.1968 -84.1656 3.83287 0.0364443
26.1038 -83.9918 3.83777 0.254631
26.2265 -83.8151 3.83633 0.139442
26.2265 -83.8151 3.83633 0.139442
25.944 -83.9547 3.83481 0.169137
25.9705 -84.1338 3.83267 0.0761023
25.944 -83.9547 3.83481 0.169137
25.944 -83.9547 3.83481 0.169137
26.1038 -83.9918 3.83777 0.254631
26.1038 -83.9918 3.83777 0.254631
26.2265 -83.8151 3.83633 0.139442
25.944 -83.9547 3.83481 0.169137
26.1775 -84.0854 3.8396 0.0928816
26.1775 -84.0854 3.8396 0.0928816
26.2265 -83.8151 3.83633 0.139442
25.944 -83.9547 3.83481 0.169137
26.0686 -83.7088 3.83212 0.0469481
26.0188 -83.8893 3.83839 0.0781407
26.0188 -83.8893 3.83839 0.0781407
26.1038 -83.9918 3.83777 0.254631
26.1775 -84.0854 3.8396 0.0928816
26.2265 -83.8151 3.83633 0.139442
25.944 -83.9547 3.83481 0.169137
26.1038 -83.9918 3.83777 0.254631
26.1038 -83.9918 3.83777 0.254631
26.0906 -84.2359 3.83103 0.00929016
