115.806 -22.9529 3.40038 0.213128
116.132 -22.9625 3.4041 0.0480308
115.688 -23.0906 3.39899 0.107518
115.688 -23.0906 3.39899 0.107518
116.064 -23.0987 3.40817 0.0619247
116.064 -23.0987 3.40817 0.0619247
116.093 -22.9023 3.40704 0.0442082
116.009 -22.9404 3.40386 0.130189
116.141 -23.1608 3.40252 0.0192436
115.756 -23.2125 3.40456 0.0312981
115.806 -22.9529 3.40038 0.213128
115.806 -22.9529 3.40038 0.213128
115.688 -23.0906 3.39899 0.107518
116.02 -23.0998 3.39899 0.0435015
115.93 -23.3586 3.40211 0.00736908
116.219 -23.0359 3.40883 0.0184399
116.132 -22.9625 3.4041 0.0480308
115.918 -23.058 3.39352 0.0100051
115.921 -23.1677 3.39906 0.0638205
115.806 -22.9529 3.40038 0.213128
116.009 -22.9404 3.40386 0.130189
116.132 -22.9625 3.4041 0.0480308
115.921 -23.1677 3.39906 0.0638205
116.219 -23.0359 3.40883 0.0184399
116.009 -22.9404 3.40386 0.130189
116.02 -23.0998 3.39899 0.0435015
116.064 -23.0987 3.40817 0.0619247
116.009 -22.9404 3.40386 0.130189
115.688 -23.0906 3.39899 0.107518
116.141 -23.1608 3.40252 0.0192436
116.064 -23.0987 3.40817 0.0619247
115.93 -23.3586 3.40211 0.00736908
116.009 -22.9404 3.40386 0.130189
116.009 -22.9404 3.40386 0.130189
116.02 -23.0998 3.39899 0.0435015
116.177 -23.1939 3.41008 0.012423
116.219 -23.0359 3.40883 0.0184399
115.806 -22.9529 3.40038 0.213128
116.132 -22.9625 3.4041 0.0480308
115.594 -23.2583 3.40439 0.00213119
116.196 -23.0396 3.40617 0.0278686
115.93 -23.3586 3.40211 0.00736908
115.806 -22.9529 3.40038 0.213128
115.806 -22.9529 3.40038 0.213128
116.02 -23.0998 3.39899 0.0435015
115.806 -22.9529 3.40038 0.213128
116.132 -22.9625 3.4041 0.0480308
116.02 -23.0998 3.39899 0.0435015
116.064 -23.0987 3.40817 0.0619247
115.806 -22.9529 3.40038 0.213128
116.132 -22.9625 3.4041 0.0480308
115.921 -23.1677 3.39906 0.0638205
115.806 -22.9529 3.40038 0.213128
116.104 -22.7647 3.40433 0.0116733
116.217 -23.1709 3.4072 0.0130538
116.093 -22.9023 3.40704 0.0442082
116.093 -22.9023 3.40704 0.0442082
115.936 -23.2062 3.39719 0.018242
116.02 -23.0998 3.39899 0.0435015
116.219 -23.0359 3.40883 0.0184399
115.806 -22.9529 3.40038 0.213128
116.009 -22.9404 3.40386 0.130189
116.132 -22.9625 3.4041 0.0480308
116.217 -23.1709 3.4072 0.0130538
115.921 -23.1677 3.39906 0.0638205
116.064 -23.0987 3.40817 0.0619247
115.806 -22.9529 3.40038 0.213128
116.009 -22.9404 3.40386 0.130189
116.009 -22.9404 3.40386 0.130189
115.868 -22.7932 3.39861 0.0586434
115.756 -23.2125 3.40456 0.0312981
116.064 -23.0987 3.40817 0.0619247
116.064 -23.0987 3.40817 0.0619247
115.806 -22.9529 3.40038 0.213128
116.009 -22.9404 3.40386 0.130189
116.132 -22.9625 3.4041 0.0480308
116.196 -23.0396 3.40617 0.0278686
116.126 -22.8205 3.40695 0.015865
115.806 -22.9529 3.40038 0.213128
115.688 -23.0906 3.39899 0.107518
116.064 -23.0987 3.40817 0.0619247
115.806 -22.9529 3.40038 0.213128
115.868 -22.7932 3.39861 0.0586434
116.064 -23.0987 3.40817 0.0619247
115.556 -23.1235 3.40791 0.000332203
116.02 -23.0998 3.39899 0.0435015
115.921 -23.1677 3.39906 0.0638205
115.93 -23.3586 3.40211 0.00736908
115.806 -22.9529 3.40038 0.213128
115.868 -22.7932 3.39861 0.0586434
115.868 -22.7932 3.39861 0.0586434
115.688 -23.0906 3.39899 0.107518
116.064 -23.0987 3.40817 0.0619247
115.806 -22.9529 3.40038 0.213128
115.868 -22.7932 3.39861 0.0586434
116.141 -23.1608 3.40252 0.0192436
115.806 -22.9529 3.40038 0.213128
115.806 -22.9529 3.40038 0.213128
116.009 -22.9404 3.40386 0.130189
116.217 -23.1709 3.4072 0.0130538
