-2.99945 -95.3878 3.08696 0.132843
-2.99945 -95.3878 3.08696 0.132843
-2.81871 -95.2426 3.09716 0.00901104
-3.00269 -95.4882 3.08401 0.157979
-3.00269 -95.4882 3.08401 0.157979
-3.00269 -95.4882 3.08401 0.157979
-3.07229 -95.7173 3.08198 0.0549503
-3.14213 -95.3748 3.09084 0.0405741
-2.72977 -95.3284 3.08823 0.0243387
-2.9749 -95.6526 3.09142 0.0727878
-2.92165 -95.7532 3.08305 0.033319
-3.00269 -95.4882 3.08401 0.157979
-3.07229 -95.7173 3.08198 0.0549503
-2.99945 -95.3878 3.08696 0.132843
-3.05552 -95.3866 3.07899 0.0407444
-3.00269 -95.4882 3.08401 0.157979
-2.8396 -95.321 3.09414 0.0385636
-2.78579 -95.5866 3.10306 0.00167054
-3.00022 -95.8739 3.07956 0.00506153
-2.9991 -95.2648 3.09307 0.0263682
-2.9991 -95.2648 3.09307 0.0263682
-3.05135 -95.3855 3.08552 0.11919
-2.74932 -95.4743 3.09355 0.0511701
-3.00269 -95.4882 3.08401 0.157979
-2.8396 -95.321 3.09414 0.0385636
-2.72977 -95.3284 3.08823 0.0243387
-2.9749 -95.6526 3.09142 0.0727878
-2.74932 -95.4743 3.09355 0.0511701
-2.92165 -95.7532 3.08305 0.033319
-2.8396 -95.321 3.09414 0.0385636
-2.54139 -95.6235 3.0882 0.00214965
-3.05552 -95.3866 3.07899 0.0407444
-3.05135 -95.3855 3.08552 0.11919
-3.00269 -95.4882 3.08401 0.157979
-3.00269 -95.4882 3.08401 0.157979
-3.00269 -95.4882 3.08401 0.157979
-3.07229 -95.7173 3.08198 0.0549503
-2.54139 -95.6235 3.0882 0.00214965
-3.12069 -95.6788 3.09393 0.0121418
-2.9991 -95.2648 3.09307 0.0263682
-2.92165 -95.7532 3.08305 0.033319
-3.00269 -95.4882 3.08401 0.157979
-3.00269 -95.4882 3.08401 0.157979
-2.66197 -95.6504 3.08845 0.0137186
-2.99945 -95.3878 3.08696 0.132843
-2.9749 -95.6526 3.09142 0.0727878
-3.05552 -95.3866 3.07899 0.0407444
-3.05135 -95.3855 3.08552 0.11919
-3.05135 -95.3855 3.08552 0.11919
-2.74932 -95.4743 3.09355 0.0511701
-3.00269 -95.4882 3.08401 0.157979
-2.83698 -95.6964 3.09282 0.0353352
-3.07229 -95.7173 3.08198 0.0549503
-2.99945 -95.3878 3.08696 0.132843
-3.05135 -95.3855 3.08552 0.11919
-2.83698 -95.6964 3.09282 0.0353352
-2.8396 -95.321 3.09414 0.0385636
-3.07229 -95.7173 3.08198 0.0549503
-2.99945 -95.3878 3.08696 0.132843
-2.63825 -95.2444 3.10241 0.000702772
-2.74932 -95.4743 3.09355 0.0511701
-3.00269 -95.4882 3.08401 0.157979
-3.00269 -95.4882 3.08401 0.157979
-3.00269 -95.4882 3.08401 0.157979
-2.72977 -95.3284 3.08823 0.0243387
-3.1189 -95.1761 3.0842 0.00997761
-2.99945 -95.3878 3.08696 0.132843
-2.9749 -95.6526 3.09142 0.0727878
-2.92165 -95.7532 3.08305 0.033319
-3.00269 -95.4882 3.08401 0.157979
-2.66197 -95.6504 3.08845 0.0137186
-3.14213 -95.3748 3.09084 0.0405741
-3.14213 -95.3748 3.09084 0.0405741
-3.00022 -95.8739 3.07956 0.00506153
-3.05135 -95.3855 3.08552 0.11919
-3.05135 -95.3855 3.08552 0.11919
-2.74932 -95.4743 3.09355 0.0511701
-2.74932 -95.4743 3.09355 0.0511701
-2.92165 -95.7532 3.08305 0.033319
-3.07229 -95.7173 3.08198 0.0549503
-2.99945 -95.3878 3.08696 0.132843
-2.9749 -95.6526 3.09142 0.0727878
-2.81871 -95.2426 3.09716 0.00901104
-3.05135 -95.3855 3.08552 0.11919
-3.00269 -95.4882 3.08401 0.157979
-3.00269 -95.4882 3.08401 0.157979
-2.83698 -95.6964 3.09282 0.0353352
-3.07229 -95.7173 3.08198 0.0549503
-2.99945 -95.3878 3.08696 0.132843
-3.05135 -95.3855 3.08552 0.11919
-2.74932 -95.4743 3.09355 0.0511701
-3.00269 -95.4882 3.08401 0.157979
-3.07229 -95.7173 3.08198 0.0549503
-2.99945 -95.3878 3.08696 0.132843
-2.9991 -95.2648 3.09307 0.0263682
-3.05135 -95.3855 3.08552 0.11919
-2.83698 -95.6964 3.09282 0.0353352
-2.56878 -95.396 3.09902 0.0028789
-3.12069 -95.6788 3.09393 0.0121418
-2.9749 -95.6526 3.09142 0.0727878
