-33.4292 -77.0809 2.16628 0.0691926
-33.3666 -76.9969 2.1487 0.0372449
-33.6432 -77.0835 2.15529 0.0928367
-33.4488 -76.8275 2.14882 0.00803835
-33.2944 -77.5586 2.16259 0.146349
-33.2944 -77.5586 2.16259 0.146349
-33.5169 -77.1287 2.15117 0.127912
-33.6432 -77.0835 2.15529 0.0928367
-33.5022 -77.0463 2.14703 0.0266942
-33.2944 -77.5586 2.16259 0.146349
-33.4292 -77.0809 2.16628 0.0691926
-33.1604 -77.0645 2.16122 0.0576597
-33.1604 -77.0645 2.16122 0.0576597
-33.5169 -77.1287 2.15117 0.127912
-33.5283 -77.0483 2.15693 0.178796
-33.6841 -76.9662 2.13886 9.43736e-05
-33.5169 -77.1287 2.15117 0.127912
-33.5022 -77.0463 2.14703 0.0266942
-33.2944 -77.5586 2.16259 0.146349
-33.1604 -77.0645 2.16122 0.0576597
-33.5169 -77.1287 2.15117 0.127912
-33.6432 -77.0835 2.15529 0.0928367
-33.5283 -77.0483 2.15693 0.178796
-33.5283 -77.0483 2.15693 0.178796
-33.2944 -77.5586 2.16259 0.146349
-33.4292 -77.0809 2.16628 0.0691926
-33.7345 -77.025 2.15591 0.0203016
-33.6432 -77.0835 2.15529 0.0928367
-33.2944 -77.5586 2.16259 0.146349
-33.2944 -77.5586 2.16259 0.146349
-33.7061 -77.1044 2.16583 0.0112717
-33.5169 -77.1287 2.15117 0.127912
-33.3666 -76.9969 2.1487 0.0372449
-33.5283 -77.0483 2.15693 0.178796
-33.2944 -77.5586 2.16259 0.146349
-33.4292 -77.0809 2.16628 0.0691926
-33.1604 -77.0645 2.16122 0.0576597
-33.5169 -77.1287 2.15117 0.127912
-33.7345 -77.025 2.15591 0.0203016
-33.5283 -77.0483 2.15693 0.178796
-33.2944 -77.5586 2.16259 0.146349
-33.4588 -76.8173 2.15949 0.00596831
-33.1492 -76.7626 2.15575 0.000764004
-33.4132 -77.2013 2.14704 0.0261055
-33.7217 -76.9717 2.15259 0.0124684
-33.5169 -77.1287 2.15117 0.127912
-33.7345 -77.025 2.15591 0.0203016
-33.5283 -77.0483 2.15693 0.178796
-33.5283 -77.0483 2.15693 0.178796
-33.2944 -77.5586 2.16259 0.146349
-33.1183 -77.1367 2.16304 0.0554831
-33.1604 -77.0645 2.16122 0.0576597
-33.3666 -76.9969 2.1487 0.0372449
-33.3666 -76.9969 2.1487 0.0372449
-33.5283 -77.0483 2.15693 0.178796
-33.5283 -77.0483 2.15693 0.178796
-33.1183 -77.1367 2.16304 0.0554831
-33.5169 -77.1287 2.15117 0.127912
-33.3666 -76.9969 2.1487 0.0372449
-33.5283 -77.0483 2.15693 0.178796
-33.1183 -77.1367 2.16304 0.0554831
-33.4132 -77.2013 2.14704 0.0261055
-33.5169 -77.1287 2.15117 0.127912
-33.5169 -77.1287 2.15117 0.127912
-33.6432 -77.0835 2.15529 0.0928367
-33.5283 -77.0483 2.15693 0.178796
-33.2944 -77.5586 2.16259 0.146349
-33.4292 -77.0809 2.16628 0.0691926
-33.1604 -77.0645 2.16122 0.0576597
-33.541 -77.1213 2.1453 0.0113389
-33.3666 -76.9969 2.1487 0.0372449
-33.5283 -77.0483 2.15693 0.178796
-33.3257 -76.8974 2.15909 0.0260594
-33.1183 -77.1367 2.16304 0.0554831
-33.4292 -77.0809 2.16628 0.0691926
-33.3666 -76.9969 2.1487 0.0372449
-33.5283 -77.0483 2.15693 0.178796
-33.4292 -77.0809 2.16628 0.0691926
-33.4579 -76.7121 2.14773 0.00101998
-33.6432 -77.0835 2.15529 0.0928367
-33.5283 -77.0483 2.15693 0.178796
-33.1183 -77.1367 2.16304 0.0554831
-33.5169 -77.1287 2.15117 0.127912
-33.7345 -77.025 2.15591 0.0203016
-33.5283 -77.0483 2.15693 0.178796
-33.4588 -76.8173 2.15949 0.00596831
-33.7217 -76.9717 2.15259 0.0124684
-33.6432 -77.0835 2.15529 0.0928367
-33.7513 -77.217 2.14938 0.00841401
-33.5283 -77.0483 2.15693 0.178796
-33.1183 -77.1367 2.16304 0.0554831
-33.5169 -77.1287 2.15117 0.127912
-33.529 -77.0143 2.14749 0.0259117
-33.5283 -77.0483 2.15693 0.178796
-33.5283 -77.0483 2.15693 0.178796
-33.2944 -77.5586 2.16259 0.146349
-33.1183 -77.1367 2.16304 0.0554831
-33.1604 -77.0645 2.16122 0.0576597
-33.7217 -76.9717 2.15259 0.0124684
-33.6432 -77.0835 2.15529 0.0928367
