5.50734 4.9585 0.270641 0.0758422
5.50844 4.89239 0.271754 0.168713
5.50844 4.89239 0.271754 0.168713
5.43798 4.94052 0.276049 0.0489056
5.49853 4.72062 0.269465 0.135135
5.44694 4.95203 0.274711 0.0679035
5.54836 4.96576 0.269475 0.0465796
5.429 4.85708 0.270542 0.219921
5.50734 4.9585 0.270641 0.0758422
5.49853 4.72062 0.269465 0.135135
5.429 4.85708 0.270542 0.219921
5.46932 4.87156 0.268537 0.128344
5.50844 4.89239 0.271754 0.168713
5.50844 4.89239 0.271754 0.168713
5.54836 4.96576 0.269475 0.0465796
5.429 4.85708 0.270542 0.219921
5.50734 4.9585 0.270641 0.0758422
5.49853 4.72062 0.269465 0.135135
5.44839 4.72688 0.26475 0.00851465
5.429 4.85708 0.270542 0.219921
5.50734 4.9585 0.270641 0.0758422
5.50734 4.9585 0.270641 0.0758422
5.46932 4.87156 0.268537 0.128344
5.46932 4.87156 0.268537 0.128344
5.50844 4.89239 0.271754 0.168713
5.50844 4.89239 0.271754 0.168713
5.54836 4.96576 0.269475 0.0465796
5.50734 4.9585 0.270641 0.0758422
5.50844 4.89239 0.271754 0.168713
5.44694 4.95203 0.274711 0.0679035
5.429 4.85708 0.270542 0.219921
5.46932 4.87156 0.268537 0.128344
5.50844 4.89239 0.271754 0.168713
5.50844 4.89239 0.271754 0.168713
5.49853 4.72062 0.269465 0.135135
5.59309 4.61317 0.266395 0.00719899
5.4255 4.64103 0.278305 0.00407428
5.54836 4.96576 0.269475 0.0465796
5.429 4.85708 0.270542 0.219921
5.50844 4.89239 0.271754 0.168713
5.50844 4.89239 0.271754 0.168713
5.33075 5.01179 0.274813 0.0211868
5.429 4.85708 0.270542 0.219921
5.429 4.85708 0.270542 0.219921
5.50844 4.89239 0.271754 0.168713
5.49853 4.72062 0.269465 0.135135
5.59309 4.61317 0.266395 0.00719899
5.46932 4.87156 0.268537 0.128344
5.46932 4.87156 0.268537 0.128344
5.50844 4.89239 0.271754 0.168713
5.44839 4.72688 0.26475 0.00851465
5.429 4.85708 0.270542 0.219921
5.50734 4.9585 0.270641 0.0758422
5.46932 4.87156 0.268537 0.128344
5.50844 4.89239 0.271754 0.168713
5.49853 4.72062 0.269465 0.135135
5.49853 4.72062 0.269465 0.135135
5.44694 4.95203 0.274711 0.0679035
5.54836 4.96576 0.269475 0.0465796
5.429 4.85708 0.270542 0.219921
5.429 4.85708 0.270542 0.219921
5.46932 4.87156 0.268537 0.128344
5.46932 4.87156 0.268537 0.128344
5.50844 4.89239 0.271754 0.168713
5.49853 4.72062 0.269465 0.135135
5.44694 4.95203 0.274711 0.0679035
5.49652 4.75421 0.264087 0.00971514
5.429 4.85708 0.270542 0.219921
5.46932 4.87156 0.268537 0.128344
5.49853 4.72062 0.269465 0.135135
5.42977 4.57938 0.272151 0.0126854
5.429 4.85708 0.270542 0.219921
5.46932 4.87156 0.268537 0.128344
5.49853 4.72062 0.269465 0.135135
5.42977 4.57938 0.272151 0.0126854
5.54836 4.96576 0.269475 0.0465796
5.50734 4.9585 0.270641 0.0758422
5.50844 4.89239 0.271754 0.168713
5.49853 4.72062 0.269465 0.135135
5.429 4.85708 0.270542 0.219921
5.46932 4.87156 0.268537 0.128344
5.49853 4.72062 0.269465 0.135135
5.429 4.85708 0.270542 0.219921
5.429 4.85708 0.270542 0.219921
5.46932 4.87156 0.268537 0.128344
5.50844 4.89239 0.271754 0.168713
5.50844 4.89239 0.271754 0.168713
5.49853 4.72062 0.269465 0.135135
5.49853 4.72062 0.269465 0.135135
5.49652 4.75421 0.264087 0.00971514
5.429 4.85708 0.270542 0.219921
5.43798 4.94052 0.276049 0.0489056
5.49853 4.72062 0.269465 0.135135
5.429 4.85708 0.270542 0.219921
5.46932 4.87156 0.268537 0.128344
5.49853 4.72062 0.269465 0.135135
5.44694 4.95203 0.274711 0.0679035
5.429 4.85708 0.270542 0.219921
5.429 4.85708 0.270542 0.219921
5.50734 4.9585 0.270641 0.0758422
