12.241 3.81779 0.310028 0.0529884
12.3318 3.72311 0.305035 0.243087
12.7546 3.84171 0.29583 0.00588606
12.6426 3.80224 0.303477 0.0962602
12.241 3.81779 0.310028 0.0529884
12.3318 3.72311 0.305035 0.243087
12.245 3.61312 0.308847 0.123589
12.6943 3.70746 0.300605 0.0908003
12.3208 3.545 0.310931 0.120081
12.3318 3.72311 0.305035 0.243087
12.2343 3.7615 0.312893 0.0581309
12.241 3.81779 0.310028 0.0529884
12.241 3.81779 0.310028 0.0529884
12.3208 3.545 0.310931 0.120081
12.3318 3.72311 0.305035 0.243087
12.6426 3.80224 0.303477 0.0962602
12.241 3.81779 0.310028 0.0529884
12.241 3.81779 0.310028 0.0529884
12.3208 3.545 0.310931 0.120081
12.3318 3.72311 0.305035 0.243087
12.245 3.61312 0.308847 0.123589
12.241 3.81779 0.310028 0.0529884
12.3208 3.545 0.310931 0.120081
12.3318 3.72311 0.305035 0.243087
12.245 3.61312 0.308847 0.123589
12.6943 3.70746 0.300605 0.0908003
12.3318 3.72311 0.305035 0.243087
12.3318 3.72311 0.305035 0.243087
12.6426 3.80224 0.303477 0.0962602
12.6943 3.70746 0.300605 0.0908003
12.3318 3.72311 0.305035 0.243087
12.3318 3.72311 0.305035 0.243087
12.3318 3.72311 0.305035 0.243087
12.2702 3.64557 0.303153 0.0342178
12.6426 3.80224 0.303477 0.0962602
12.6943 3.70746 0.300605 0.0908003
12.3318 3.72311 0.305035 0.243087
12.245 3.61312 0.308847 0.123589
12.6426 3.80224 0.303477 0.0962602
12.3208 3.545 0.310931 0.120081
12.3318 3.72311 0.305035 0.243087
12.3318 3.72311 0.305035 0.243087
12.2064 3.81387 0.310884 0.0320343
12.2064 3.81387 0.310884 0.0320343
12.6426 3.80224 0.303477 0.0962602
12.6943 3.70746 0.300605 0.0908003
12.3318 3.72311 0.305035 0.243087
12.245 3.61312 0.308847 0.123589
12.6943 3.70746 0.300605 0.0908003
12.3318 3.72311 0.305035 0.243087
12.2343 3.7615 0.312893 0.0581309
12.6258 3.89524 0.300591 0.029023
12.6258 3.89524 0.300591 0.029023
12.6426 3.80224 0.303477 0.0962602
12.3208 3.545 0.310931 0.120081
12.3318 3.72311 0.305035 0.243087
12.245 3.61312 0.308847 0.123589
12.2343 3.7615 0.312893 0.0581309
12.2702 3.64557 0.303153 0.0342178
12.5693 3.8849 0.306824 0.0320318
12.3318 3.72311 0.305035 0.243087
12.245 3.61312 0.308847 0.123589
12.2343 3.7615 0.312893 0.0581309
12.3208 3.545 0.310931 0.120081
12.3318 3.72311 0.305035 0.243087
12.245 3.61312 0.308847 0.123589
12.2702 3.64557 0.303153 0.0342178
12.3208 3.545 0.310931 0.120081
12.3318 3.72311 0.305035 0.243087
12.6258 3.89524 0.300591 0.029023
12.3208 3.545 0.310931 0.120081
12.3318 3.72311 0.305035 0.243087
12.6258 3.89524 0.300591 0.029023
12.6467 3.88414 0.30025 0.0285685
12.245 3.61312 0.308847 0.123589
12.6426 3.80224 0.303477 0.0962602
12.3318 3.72311 0.305035 0.243087
12.6048 3.77519 0.310602 0.0110477
12.6426 3.80224 0.303477 0.0962602
12.6467 3.88414 0.30025 0.0285685
12.3318 3.72311 0.305035 0.243087
12.3318 3.72311 0.305035 0.243087
12.6426 3.80224 0.303477 0.0962602
12.3318 3.72311 0.305035 0.243087
12.2064 3.81387 0.310884 0.0320343
12.6258 3.89524 0.300591 0.029023
12.6426 3.80224 0.303477 0.0962602
12.3208 3.545 0.310931 0.120081
12.3318 3.72311 0.305035 0.243087
12.2702 3.64557 0.303153 0.0342178
12.6943 3.70746 0.300605 0.0908003
12.3318 3.72311 0.305035 0.243087
12.2343 3.7615 0.312893 0.0581309
12.6426 3.80224 0.303477 0.0962602
12.3318 3.72311 0.305035 0.243087
12.3318 3.72311 0.305035 0.243087
12.245 3.61312 0.308847 0.123589
12.6258 3.89524 0.300591 0.029023
12.3208 3.545 0.310931 0.120081
12.3318 3.72311 0.305035 0.243087
