278.938 -1.69667 4.42515 0.0242552
278.561 -1.93247 4.41482 0.0316741
278.733 -2.08543 4.42859 0.00477243
278.758 -2.10885 4.41589 0.0794234
278.758 -2.10885 4.41589 0.0794234
278.67 -1.74671 4.42071 0.013415
278.885 -2.07817 4.42335 0.101814
278.642 -1.88834 4.41688 0.060395
278.732 -1.9976 4.42548 0.0435192
278.848 -1.88104 4.41777 0.104856
278.848 -1.88104 4.41777 0.104856
279.081 -2.02361 4.43075 0.039431
278.938 -1.69667 4.42515 0.0242552
278.561 -1.93247 4.41482 0.0316741
278.733 -2.08543 4.42859 0.00477243
278.758 -2.10885 4.41589 0.0794234
278.885 -2.07817 4.42335 0.101814
278.732 -1.9976 4.42548 0.0435192
279.081 -2.02361 4.43075 0.039431
278.648 -1.86401 4.4263 0.00768914
278.708 -1.97598 4.42423 0.0512361
278.758 -2.10885 4.41589 0.0794234
278.885 -2.07817 4.42335 0.101814
278.732 -1.9976 4.42548 0.0435192
279.081 -2.02361 4.43075 0.039431
278.561 -1.93247 4.41482 0.0316741
278.901 -2.00704 4.43087 0.0373949
278.758 -2.10885 4.41589 0.0794234
278.885 -2.07817 4.42335 0.101814
278.642 -1.88834 4.41688 0.060395
279.014 -2.06222 4.43462 0.0080513
278.848 -1.88104 4.41777 0.104856
278.848 -1.88104 4.41777 0.104856
278.938 -1.69667 4.42515 0.0242552
278.717 -2.23428 4.41469 0.0127647
278.717 -2.23428 4.41469 0.0127647
278.6 -1.9986 4.40826 0.0236708
278.885 -2.07817 4.42335 0.101814
278.732 -1.9976 4.42548 0.0435192
279.081 -2.02361 4.43075 0.039431
279.015 -2.07992 4.42088 0.0341037
278.648 -1.86401 4.4263 0.00768914
278.708 -1.97598 4.42423 0.0512361
278.833 -2.12715 4.42578 0.0283929
278.758 -2.10885 4.41589 0.0794234
278.885 -2.07817 4.42335 0.101814
278.783 -1.68864 4.42257 0.0130785
278.795 -1.88805 4.41415 0.0532602
278.896 -1.92149 4.41009 0.00292558
278.717 -2.23428 4.41469 0.0127647
278.758 -2.10885 4.41589 0.0794234
278.642 -1.88834 4.41688 0.060395
279.014 -2.06222 4.43462 0.0080513
278.848 -1.88104 4.41777 0.104856
278.648 -1.86401 4.4263 0.00768914
278.708 -1.97598 4.42423 0.0512361
278.901 -2.00704 4.43087 0.0373949
278.67 -1.74671 4.42071 0.013415
278.885 -2.07817 4.42335 0.101814
279.014 -2.06222 4.43462 0.0080513
278.795 -1.88805 4.41415 0.0532602
279.015 -2.07992 4.42088 0.0341037
278.845 -2.03106 4.42515 0.112405
278.708 -1.97598 4.42423 0.0512361
278.758 -2.10885 4.41589 0.0794234
278.642 -1.88834 4.41688 0.060395
278.848 -1.88104 4.41777 0.104856
278.795 -1.88805 4.41415 0.0532602
278.845 -2.03106 4.42515 0.112405
278.901 -2.00704 4.43087 0.0373949
278.758 -2.10885 4.41589 0.0794234
278.885 -2.07817 4.42335 0.101814
278.783 -1.68864 4.42257 0.0130785
278.795 -1.88805 4.41415 0.0532602
279.081 -2.02361 4.43075 0.039431
278.938 -1.69667 4.42515 0.0242552
278.845 -2.03106 4.42515 0.112405
278.901 -2.00704 4.43087 0.0373949
278.6 -1.9986 4.40826 0.0236708
278.758 -2.10885 4.41589 0.0794234
278.642 -1.88834 4.41688 0.060395
278.874 -2.16339 4.42202 0.0355893
279.014 -2.06222 4.43462 0.0080513
278.732 -1.9976 4.42548 0.0435192
278.848 -1.88104 4.41777 0.104856
279.002 -1.9711 4.43502 0.0189754
278.845 -2.03106 4.42515 0.112405
278.901 -2.00704 4.43087 0.0373949
278.6 -1.9986 4.40826 0.0236708
278.885 -2.07817 4.42335 0.101814
278.642 -1.88834 4.41688 0.060395
278.874 -2.16339 4.42202 0.0355893
278.732 -1.9976 4.42548 0.0435192
278.732 -1.9976 4.42548 0.0435192
278.795 -1.88805 4.41415 0.0532602
278.845 -2.03106 4.42515 0.112405
278.845 -2.03106 4.42515 0.112405
278.708 -1.97598 4.42423 0.0512361
278.758 -2.10885 4.41589 0.0794234
278.758 -2.10885 4.41589 0.0794234
