-36.0833 -30.7517 1.26934 0.23644
-36.0813 -30.732 1.26528 0.228971
-35.8906 -30.8795 1.26335 0.0362996
-36.0813 -30.732 1.26528 0.228971
-36.0813 -30.732 1.26528 0.228971
-35.9696 -30.9446 1.27448 0.0781192
-36.0833 -30.7517 1.26934 0.23644
-36.0813 -30.732 1.26528 0.228971
-35.9696 -30.9446 1.27448 0.0781192
-35.9696 -30.9446 1.27448 0.0781192
-36.0833 -30.7517 1.26934 0.23644
-36.0833 -30.7517 1.26934 0.23644
-36.0813 -30.732 1.26528 0.228971
-35.9696 -30.9446 1.27448 0.0781192
-36.0833 -30.7517 1.26934 0.23644
-36.0833 -30.7517 1.26934 0.23644
-36.0813 -30.732 1.26528 0.228971
-35.9426 -30.9082 1.26681 0.123234
-35.9426 -30.9082 1.26681 0.123234
-35.9696 -30.9446 1.27448 0.0781192
-36.0833 -30.7517 1.26934 0.23644
-35.9794 -30.6278 1.2699 0.102279
-35.7065 -30.6935 1.2704 0.00752136
-36.0833 -30.7517 1.26934 0.23644
-36.0833 -30.7517 1.26934 0.23644
-36.0813 -30.732 1.26528 0.228971
-35.9794 -30.6278 1.2699 0.102279
-35.9426 -30.9082 1.26681 0.123234
-36.0833 -30.7517 1.26934 0.23644
-36.0833 -30.7517 1.26934 0.23644
-36.0813 -30.732 1.26528 0.228971
-35.9426 -30.9082 1.26681 0.123234
-35.9426 -30.9082 1.26681 0.123234
-36.0833 -30.7517 1.26934 0.23644
-36.0833 -30.7517 1.26934 0.23644
-36.0833 -30.7517 1.26934 0.23644
-36.0813 -30.732 1.26528 0.228971
-36.0813 -30.732 1.26528 0.228971
-35.9794 -30.6278 1.2699 0.102279
-35.9794 -30.6278 1.2699 0.102279
-35.9984 -30.7051 1.27208 0.110571
-35.9984 -30.7051 1.27208 0.110571
-36.0833 -30.7517 1.26934 0.23644
-36.0813 -30.732 1.26528 0.228971
-36.0813 -30.732 1.26528 0.228971
-35.9696 -30.9446 1.27448 0.0781192
-36.0833 -30.7517 1.26934 0.23644
-36.0833 -30.7517 1.26934 0.23644
-36.0813 -30.732 1.26528 0.228971
-35.9794 -30.6278 1.2699 0.102279
-35.9696 -30.9446 1.27448 0.0781192
-35.8906 -30.8795 1.26335 0.0362996
-36.0833 -30.7517 1.26934 0.23644
-35.9794 -30.6278 1.2699 0.102279
-35.8906 -30.8795 1.26335 0.0362996
-35.8906 -30.8795 1.26335 0.0362996
-36.0833 -30.7517 1.26934 0.23644
-36.0813 -30.732 1.26528 0.228971
-36.0813 -30.732 1.26528 0.228971
-35.9696 -30.9446 1.27448 0.0781192
-35.9984 -30.7051 1.27208 0.110571
-36.0833 -30.7517 1.26934 0.23644
-36.0813 -30.732 1.26528 0.228971
-35.9696 -30.9446 1.27448 0.0781192
-36.0833 -30.7517 1.26934 0.23644
-36.0833 -30.7517 1.26934 0.23644
-36.0813 -30.732 1.26528 0.228971
-35.9426 -30.9082 1.26681 0.123234
-35.9696 -30.9446 1.27448 0.0781192
-35.9984 -30.7051 1.27208 0.110571
-36.0813 -30.732 1.26528 0.228971
-35.9794 -30.6278 1.2699 0.102279
-35.9794 -30.6278 1.2699 0.102279
-35.7065 -30.6935 1.2704 0.00752136
-36.0813 -30.732 1.26528 0.228971
-36.0813 -30.732 1.26528 0.228971
-36.0813 -30.732 1.26528 0.228971
-35.9426 -30.9082 1.26681 0.123234
-35.8906 -30.8795 1.26335 0.0362996
-36.0833 -30.7517 1.26934 0.23644
-35.9794 -30.6278 1.2699 0.102279
-35.9696 -30.9446 1.27448 0.0781192
-35.9696 -30.9446 1.27448 0.0781192
-35.8906 -30.8795 1.26335 0.0362996
-35.9984 -30.7051 1.27208 0.110571
-36.0833 -30.7517 1.26934 0.23644
-36.0833 -30.7517 1.26934 0.23644
-36.0813 -30.732 1.26528 0.228971
-35.8906 -30.8795 1.26335 0.0362996
-35.8906 -30.8795 1.26335 0.0362996
-36.0833 -30.7517 1.26934 0.23644
-36.0833 -30.7517 1.26934 0.23644
-36.0813 -30.732 1.26528 0.228971
-35.9696 -30.9446 1.27448 0.0781192
-35.9984 -30.7051 1.27208 0.110571
-36.0813 -30.732 1.26528 0.228971
-35.782 -30.598 1.26773 0.0223927
-36.0833 -30.7517 1.26934 0.23644
-36.0813 -30.732 1.26528 0.228971
-35.9696 -30.9446 1.27448 0.0781192
