260.539 -17.1214 3.50931 0.128857
260.463 -17.1967 3.50885 0.219327
260.463 -17.1967 3.50885 0.219327
260.716 -17.3982 3.5165 0.144153
260.698 -17.5549 3.51517 0.0303222
260.668 -17.3768 3.51813 0.0516453
260.714 -17.127 3.51144 0.0921136
260.539 -17.1214 3.50931 0.128857
260.716 -17.3982 3.5165 0.144153
260.714 -17.127 3.51144 0.0921136
260.463 -17.1967 3.50885 0.219327
260.782 -17.2386 3.51785 0.088917
260.657 -17.105 3.51147 0.0905813
260.539 -17.1214 3.50931 0.128857
260.539 -17.1214 3.50931 0.128857
260.869 -17.2952 3.52158 0.0183925
260.716 -17.3982 3.5165 0.144153
260.412 -17.1418 3.51278 0.0147315
260.539 -17.1214 3.50931 0.128857
260.463 -17.1967 3.50885 0.219327
260.668 -17.3768 3.51813 0.0516453
260.62 -17.1732 3.51613 0.0517782
260.714 -17.127 3.51144 0.0921136
260.539 -17.1214 3.50931 0.128857
260.539 -17.1214 3.50931 0.128857
260.23 -17.2629 3.51015 0.00358541
260.668 -17.3768 3.51813 0.0516453
260.714 -17.127 3.51144 0.0921136
260.869 -17.2952 3.52158 0.0183925
260.716 -17.3982 3.5165 0.144153
260.714 -17.127 3.51144 0.0921136
260.657 -17.105 3.51147 0.0905813
260.463 -17.1967 3.50885 0.219327
260.716 -17.3982 3.5165 0.144153
260.716 -17.3982 3.5165 0.144153
260.714 -17.127 3.51144 0.0921136
260.539 -17.1214 3.50931 0.128857
260.463 -17.1967 3.50885 0.219327
260.698 -17.5549 3.51517 0.0303222
260.657 -17.105 3.51147 0.0905813
260.657 -17.105 3.51147 0.0905813
260.463 -17.1967 3.50885 0.219327
260.716 -17.3982 3.5165 0.144153
260.62 -17.1732 3.51613 0.0517782
260.463 -17.1967 3.50885 0.219327
260.698 -17.5549 3.51517 0.0303222
260.782 -17.2386 3.51785 0.088917
260.657 -17.105 3.51147 0.0905813
260.657 -17.105 3.51147 0.0905813
260.539 -17.1214 3.50931 0.128857
260.463 -17.1967 3.50885 0.219327
260.782 -17.2386 3.51785 0.088917
260.539 -17.1214 3.50931 0.128857
260.463 -17.1967 3.50885 0.219327
260.698 -17.5549 3.51517 0.0303222
260.714 -17.127 3.51144 0.0921136
260.539 -17.1214 3.50931 0.128857
260.539 -17.1214 3.50931 0.128857
260.463 -17.1967 3.50885 0.219327
260.782 -17.2386 3.51785 0.088917
260.657 -17.105 3.51147 0.0905813
260.463 -17.1967 3.50885 0.219327
260.668 -17.3768 3.51813 0.0516453
260.714 -17.127 3.51144 0.0921136
260.539 -17.1214 3.50931 0.128857
260.254 -17.3575 3.49921 0.0100069
260.463 -17.1967 3.50885 0.219327
260.782 -17.2386 3.51785 0.088917
260.539 -17.1214 3.50931 0.128857
260.463 -17.1967 3.50885 0.219327
260.62 -17.1732 3.51613 0.0517782
260.638 -17.5173 3.5195 0.00351075
260.869 -17.2952 3.52158 0.0183925
260.716 -17.3982 3.5165 0.144153
260.782 -17.2386 3.51785 0.088917
260.714 -17.127 3.51144 0.0921136
260.463 -17.1967 3.50885 0.219327
260.698 -17.5549 3.51517 0.0303222
260.62 -17.1732 3.51613 0.0517782
260.539 -17.1214 3.50931 0.128857
260.716 -17.3982 3.5165 0.144153
260.716 -17.3982 3.5165 0.144153
260.522 -17.263 3.51593 0.0332803
260.463 -17.1967 3.50885 0.219327
260.716 -17.3982 3.5165 0.144153
260.668 -17.3768 3.51813 0.0516453
260.782 -17.2386 3.51785 0.088917
260.782 -17.2386 3.51785 0.088917
260.714 -17.127 3.51144 0.0921136
260.539 -17.1214 3.50931 0.128857
260.463 -17.1967 3.50885 0.219327
260.463 -17.1967 3.50885 0.219327
260.668 -17.3768 3.51813 0.0516453
260.782 -17.2386 3.51785 0.088917
260.62 -17.1732 3.51613 0.0517782
260.539 -17.1214 3.50931 0.128857
260.463 -17.1967 3.50885 0.219327
260.23 -17.2629 3.51015 0.00358541
260.714 -17.127 3.51144 0.0921136
260.714 -17.127 3.51144 0.0921136
