167.883 -11.0074 3.25616 0.0214828
167.749 -10.813 3.24549 0.115354
167.898 -10.9488 3.25022 0.203489
167.919 -10.8195 3.24724 0.200224
167.919 -10.8195 3.24724 0.200224
167.882 -10.8406 3.25106 0.22666
167.898 -10.9488 3.25022 0.203489
167.898 -10.9488 3.25022 0.203489
168.147 -10.8767 3.24601 0.00507164
167.883 -11.0074 3.25616 0.0214828
167.882 -10.8406 3.25106 0.22666
167.898 -10.9488 3.25022 0.203489
167.919 -10.8195 3.24724 0.200224
168.158 -10.8649 3.25154 0.0345063
167.749 -10.813 3.24549 0.115354
167.898 -10.9488 3.25022 0.203489
167.919 -10.8195 3.24724 0.200224
167.883 -11.0074 3.25616 0.0214828
168.077 -10.6963 3.24288 0.00159343
167.749 -10.813 3.24549 0.115354
167.882 -10.8406 3.25106 0.22666
167.919 -10.8195 3.24724 0.200224
167.919 -10.8195 3.24724 0.200224
167.848 -11.0137 3.25026 0.0961421
167.749 -10.813 3.24549 0.115354
167.882 -10.8406 3.25106 0.22666
167.898 -10.9488 3.25022 0.203489
167.898 -10.9488 3.25022 0.203489
167.919 -10.8195 3.24724 0.200224
167.749 -10.813 3.24549 0.115354
167.882 -10.8406 3.25106 0.22666
167.898 -10.9488 3.25022 0.203489
167.906 -11.1028 3.25456 0.016227
167.906 -11.1028 3.25456 0.016227
167.919 -10.8195 3.24724 0.200224
167.749 -10.813 3.24549 0.115354
167.898 -10.9488 3.25022 0.203489
167.898 -10.9488 3.25022 0.203489
167.848 -11.0137 3.25026 0.0961421
168.158 -10.8649 3.25154 0.0345063
167.882 -10.8406 3.25106 0.22666
167.898 -10.9488 3.25022 0.203489
167.848 -11.0137 3.25026 0.0961421
167.749 -10.813 3.24549 0.115354
167.882 -10.8406 3.25106 0.22666
167.919 -10.8195 3.24724 0.200224
167.749 -10.813 3.24549 0.115354
167.749 -10.813 3.24549 0.115354
167.882 -10.8406 3.25106 0.22666
167.882 -10.8406 3.25106 0.22666
167.898 -10.9488 3.25022 0.203489
167.919 -10.8195 3.24724 0.200224
167.919 -10.8195 3.24724 0.200224
167.848 -11.0137 3.25026 0.0961421
167.882 -10.8406 3.25106 0.22666
167.898 -10.9488 3.25022 0.203489
167.919 -10.8195 3.24724 0.200224
167.848 -11.0137 3.25026 0.0961421
167.749 -10.813 3.24549 0.115354
167.882 -10.8406 3.25106 0.22666
167.761 -11.0435 3.24744 0.0341879
167.919 -10.8195 3.24724 0.200224
167.848 -11.0137 3.25026 0.0961421
167.882 -10.8406 3.25106 0.22666
167.761 -11.0435 3.24744 0.0341879
167.919 -10.8195 3.24724 0.200224
168.158 -10.8649 3.25154 0.0345063
167.749 -10.813 3.24549 0.115354
167.898 -10.9488 3.25022 0.203489
167.919 -10.8195 3.24724 0.200224
167.882 -10.8406 3.25106 0.22666
167.882 -10.8406 3.25106 0.22666
167.919 -10.8195 3.24724 0.200224
167.883 -11.0074 3.25616 0.0214828
167.749 -10.813 3.24549 0.115354
167.749 -10.813 3.24549 0.115354
167.882 -10.8406 3.25106 0.22666
167.882 -10.8406 3.25106 0.22666
167.919 -10.8195 3.24724 0.200224
167.749 -10.813 3.24549 0.115354
167.749 -10.813 3.24549 0.115354
167.898 -10.9488 3.25022 0.203489
167.898 -10.9488 3.25022 0.203489
167.848 -11.0137 3.25026 0.0961421
167.749 -10.813 3.24549 0.115354
167.761 -11.0435 3.24744 0.0341879
167.919 -10.8195 3.24724 0.200224
167.919 -10.8195 3.24724 0.200224
168.158 -10.8649 3.25154 0.0345063
167.882 -10.8406 3.25106 0.22666
167.882 -10.8406 3.25106 0.22666
167.898 -10.9488 3.25022 0.203489
167.919 -10.8195 3.24724 0.200224
167.848 -11.0137 3.25026 0.0961421
168.156 -10.6742 3.25146 0.00763861
167.882 -10.8406 3.25106 0.22666
167.898 -10.9488 3.25022 0.203489
167.906 -11.1028 3.25456 0.016227
168.158 -10.8649 3.25154 0.0345063
167.749 -10.813 3.24549 0.115354
