196.278 24.8396 0.0752889 0.0972904
196.143 24.7701 0.0789041 0.186295
196.215 24.7044 0.0793323 0.151474
196.232 24.6239 0.0706495 0.21342
196.232 24.6239 0.0706495 0.21342
196.232 24.6239 0.0706495 0.21342
196.143 24.7701 0.0789041 0.186295
196.215 24.7044 0.0793323 0.151474
196.232 24.6239 0.0706495 0.21342
196.232 24.6239 0.0706495 0.21342
195.977 24.5524 0.0781922 0.0282589
195.999 24.765 0.0752984 0.0734118
196.143 24.7701 0.0789041 0.186295
196.215 24.7044 0.0793323 0.151474
196.232 24.6239 0.0706495 0.21342
196.143 24.7701 0.0789041 0.186295
196.11 24.8794 0.0755418 0.0630454
196.215 24.7044 0.0793323 0.151474
196.32 24.8071 0.0776674 0.057632
196.232 24.6239 0.0706495 0.21342
196.232 24.6239 0.0706495 0.21342
196.278 24.8396 0.0752889 0.0972904
196.215 24.7044 0.0793323 0.151474
196.051 24.4483 0.0704504 0.00772479
196.232 24.6239 0.0706495 0.21342
196.232 24.6239 0.0706495 0.21342
196.278 24.8396 0.0752889 0.0972904
196.278 24.8396 0.0752889 0.0972904
196.086 24.9507 0.0768283 0.0141194
196.215 24.7044 0.0793323 0.151474
196.232 24.6239 0.0706495 0.21342
196.278 24.8396 0.0752889 0.0972904
196.11 24.8794 0.0755418 0.0630454
196.232 24.6239 0.0706495 0.21342
196.346 24.834 0.0706681 0.0280046
195.977 24.5524 0.0781922 0.0282589
195.999 24.765 0.0752984 0.0734118
196.11 24.8794 0.0755418 0.0630454
196.215 24.7044 0.0793323 0.151474
196.232 24.6239 0.0706495 0.21342
196.232 24.6239 0.0706495 0.21342
196.278 24.8396 0.0752889 0.0972904
196.086 24.9507 0.0768283 0.0141194
196.215 24.7044 0.0793323 0.151474
196.232 24.6239 0.0706495 0.21342
196.143 24.7701 0.0789041 0.186295
196.143 24.7701 0.0789041 0.186295
196.11 24.8794 0.0755418 0.0630454
196.215 24.7044 0.0793323 0.151474
196.232 24.6239 0.0706495 0.21342
196.232 24.6239 0.0706495 0.21342
196.143 24.7701 0.0789041 0.186295
196.215 24.7044 0.0793323 0.151474
196.232 24.6239 0.0706495 0.21342
196.232 24.6239 0.0706495 0.21342
196.232 24.6239 0.0706495 0.21342
196.143 24.7701 0.0789041 0.186295
196.086 24.9507 0.0768283 0.0141194
196.215 24.7044 0.0793323 0.151474
196.32 24.8071 0.0776674 0.057632
196.32 24.8071 0.0776674 0.057632
196.346 24.834 0.0706681 0.0280046
196.143 24.7701 0.0789041 0.186295
196.215 24.7044 0.0793323 0.151474
196.232 24.6239 0.0706495 0.21342
196.346 24.834 0.0706681 0.0280046
195.999 24.765 0.0752984 0.0734118
196.143 24.7701 0.0789041 0.186295
196.215 24.7044 0.0793323 0.151474
196.32 24.8071 0.0776674 0.057632
196.232 24.6239 0.0706495 0.21342
196.278 24.8396 0.0752889 0.0972904
196.143 24.7701 0.0789041 0.186295
196.11 24.8794 0.0755418 0.0630454
196.215 24.7044 0.0793323 0.151474
196.382 24.918 0.073051 0.00602732
196.278 24.8396 0.0752889 0.0972904
196.11 24.8794 0.0755418 0.0630454
196.215 24.7044 0.0793323 0.151474
196.32 24.8071 0.0776674 0.057632
196.232 24.6239 0.0706495 0.21342
196.232 24.6239 0.0706495 0.21342
196.143 24.7701 0.0789041 0.186295
196.215 24.7044 0.0793323 0.151474
196.232 24.6239 0.0706495 0.21342
195.999 24.765 0.0752984 0.0734118
196.143 24.7701 0.0789041 0.186295
196.11 24.8794 0.0755418 0.0630454
196.232 24.6239 0.0706495 0.21342
196.232 24.6239 0.0706495 0.21342
196.232 24.6239 0.0706495 0.21342
196.278 24.8396 0.0752889 0.0972904
196.143 24.7701 0.0789041 0.186295
196.143 24.7701 0.0789041 0.186295
196.215 24.7044 0.0793323 0.151474
196.232 24.6239 0.0706495 0.21342
196.143 24.7701 0.0789041 0.186295
196.11 24.8794 0.0755418 0.0630454
196.232 24.6239 0.0706495 0.21342
195.96 24.9567 0.078856 0.00287841
