-38.7738 -36.3965 1.36134 0.116999
-38.7901 -36.5804 1.37081 0.0405559
-38.8091 -36.3686 1.35705 0.0257325
-39.0749 -36.3888 1.36318 0.027681
-38.795 -36.2794 1.36163 0.155124
-38.795 -36.2794 1.36163 0.155124
-38.7738 -36.3965 1.36134 0.116999
-38.8889 -36.4396 1.36468 0.176452
-39.0749 -36.3888 1.36318 0.027681
-38.795 -36.2794 1.36163 0.155124
-38.795 -36.2794 1.36163 0.155124
-39.0071 -36.4109 1.36963 0.0144378
-38.7738 -36.3965 1.36134 0.116999
-38.7901 -36.5804 1.37081 0.0405559
-38.8091 -36.3686 1.35705 0.0257325
-39.0749 -36.3888 1.36318 0.027681
-39.0749 -36.3888 1.36318 0.027681
-38.795 -36.2794 1.36163 0.155124
-38.7738 -36.3965 1.36134 0.116999
-38.8889 -36.4396 1.36468 0.176452
-38.6975 -36.5624 1.36892 0.0427099
-38.795 -36.2794 1.36163 0.155124
-38.8889 -36.4396 1.36468 0.176452
-39.0166 -36.2739 1.35474 0.00873329
-38.768 -36.3068 1.36337 0.157872
-39.0071 -36.4109 1.36963 0.0144378
-38.7738 -36.3965 1.36134 0.116999
-38.9309 -36.0722 1.36048 0.0158232
-39.0749 -36.3888 1.36318 0.027681
-38.768 -36.3068 1.36337 0.157872
-38.795 -36.2794 1.36163 0.155124
-38.7738 -36.3965 1.36134 0.116999
-38.7393 -36.5813 1.36423 0.0301198
-38.8091 -36.3686 1.35705 0.0257325
-38.768 -36.3068 1.36337 0.157872
-38.968 -36.0781 1.36335 0.00544596
-38.795 -36.2794 1.36163 0.155124
-38.7738 -36.3965 1.36134 0.116999
-38.7738 -36.3965 1.36134 0.116999
-38.7393 -36.5813 1.36423 0.0301198
-38.768 -36.3068 1.36337 0.157872
-38.7106 -36.4152 1.36784 0.0834551
-38.8889 -36.4396 1.36468 0.176452
-38.8091 -36.3686 1.35705 0.0257325
-38.795 -36.2794 1.36163 0.155124
-38.7738 -36.3965 1.36134 0.116999
-38.8889 -36.4396 1.36468 0.176452
-38.6975 -36.5624 1.36892 0.0427099
-38.768 -36.3068 1.36337 0.157872
-38.768 -36.3068 1.36337 0.157872
-38.8798 -36.5536 1.35904 0.00616748
-38.795 -36.2794 1.36163 0.155124
-38.795 -36.2794 1.36163 0.155124
-38.7106 -36.4152 1.36784 0.0834551
-38.9016 -36.0977 1.35398 0.00982654
-38.768 -36.3068 1.36337 0.157872
-38.795 -36.2794 1.36163 0.155124
-38.7738 -36.3965 1.36134 0.116999
-38.7738 -36.3965 1.36134 0.116999
-38.7817 -36.2271 1.35694 0.0380896
-38.768 -36.3068 1.36337 0.157872
-38.768 -36.3068 1.36337 0.157872
-38.7106 -36.4152 1.36784 0.0834551
-38.7106 -36.4152 1.36784 0.0834551
-38.8889 -36.4396 1.36468 0.176452
-38.9826 -36.0416 1.35985 0.00681806
-38.768 -36.3068 1.36337 0.157872
-38.795 -36.2794 1.36163 0.155124
-38.795 -36.2794 1.36163 0.155124
-38.7738 -36.3965 1.36134 0.116999
-38.9826 -36.0416 1.35985 0.00681806
-38.7901 -36.5804 1.37081 0.0405559
-38.768 -36.3068 1.36337 0.157872
-38.768 -36.3068 1.36337 0.157872
-38.795 -36.2794 1.36163 0.155124
-38.7106 -36.4152 1.36784 0.0834551
-38.7738 -36.3965 1.36134 0.116999
-38.8889 -36.4396 1.36468 0.176452
-38.7817 -36.2271 1.35694 0.0380896
-38.768 -36.3068 1.36337 0.157872
-38.795 -36.2794 1.36163 0.155124
-38.7106 -36.4152 1.36784 0.0834551
-38.8889 -36.4396 1.36468 0.176452
-38.8889 -36.4396 1.36468 0.176452
-38.8889 -36.4396 1.36468 0.176452
-38.7817 -36.2271 1.35694 0.0380896
-39.0166 -36.2739 1.35474 0.00873329
-39.0749 -36.3888 1.36318 0.027681
-38.768 -36.3068 1.36337 0.157872
-38.8798 -36.5536 1.35904 0.00616748
-38.7738 -36.3965 1.36134 0.116999
-38.8889 -36.4396 1.36468 0.176452
-38.8889 -36.4396 1.36468 0.176452
-38.768 -36.3068 1.36337 0.157872
-39.0071 -36.4109 1.36963 0.0144378
-38.7738 -36.3965 1.36134 0.116999
-38.8889 -36.4396 1.36468 0.176452
-38.768 -36.3068 1.36337 0.157872
-39.0071 -36.4109 1.36963 0.0144378
-38.7106 -36.4152 1.36784 0.0834551
