230.726 -14.2416 2.90283 0.170492
231.046 -14.2289 2.90831 0.115079
231.022 -14.2601 2.90255 0.108161
231.067 -14.3256 2.90517 0.0701766
230.765 -14.3354 2.89781 0.066983
230.726 -14.2416 2.90283 0.170492
230.726 -14.2416 2.90283 0.170492
230.726 -14.2416 2.90283 0.170492
230.916 -14.0167 2.90496 0.12856
231.046 -14.2289 2.90831 0.115079
230.997 -14.4294 2.9128 0.00508828
231.067 -14.3256 2.90517 0.0701766
230.548 -14.1567 2.90372 0.0159054
231.046 -14.2289 2.90831 0.115079
231.046 -14.2289 2.90831 0.115079
231.022 -14.2601 2.90255 0.108161
231.013 -14.0093 2.90947 0.0398799
231.067 -14.3256 2.90517 0.0701766
230.726 -14.2416 2.90283 0.170492
230.916 -14.0167 2.90496 0.12856
231.046 -14.2289 2.90831 0.115079
231.022 -14.2601 2.90255 0.108161
231.022 -14.2601 2.90255 0.108161
230.992 -14.2449 2.90103 0.103791
230.934 -14.2526 2.89724 0.0374369
230.516 -14.2326 2.90123 0.0184367
231.067 -14.3256 2.90517 0.0701766
230.726 -14.2416 2.90283 0.170492
230.726 -14.2416 2.90283 0.170492
231.022 -14.2601 2.90255 0.108161
231.076 -14.0313 2.89916 0.0111586
231.067 -14.3256 2.90517 0.0701766
230.765 -14.3354 2.89781 0.066983
230.726 -14.2416 2.90283 0.170492
230.916 -14.0167 2.90496 0.12856
230.992 -14.2449 2.90103 0.103791
231.279 -14.28 2.91028 0.00738548
231.013 -14.0093 2.90947 0.0398799
230.724 -14.2655 2.89477 0.0366661
230.765 -14.3354 2.89781 0.066983
230.726 -14.2416 2.90283 0.170492
230.916 -14.0167 2.90496 0.12856
231.022 -14.2601 2.90255 0.108161
230.934 -14.2526 2.89724 0.0374369
231.076 -14.0313 2.89916 0.0111586
231.013 -14.0093 2.90947 0.0398799
230.726 -14.2416 2.90283 0.170492
230.726 -14.2416 2.90283 0.170492
230.916 -14.0167 2.90496 0.12856
230.916 -14.0167 2.90496 0.12856
231.046 -14.2289 2.90831 0.115079
231.046 -14.2289 2.90831 0.115079
230.934 -14.2526 2.89724 0.0374369
231.19 -14.2473 2.89623 0.000178142
231.067 -14.3256 2.90517 0.0701766
230.726 -14.2416 2.90283 0.170492
231.046 -14.2289 2.90831 0.115079
230.992 -14.2449 2.90103 0.103791
231.013 -14.0093 2.90947 0.0398799
230.726 -14.2416 2.90283 0.170492
230.726 -14.2416 2.90283 0.170492
231.046 -14.2289 2.90831 0.115079
231.046 -14.2289 2.90831 0.115079
231.279 -14.28 2.91028 0.00738548
230.726 -14.2416 2.90283 0.170492
230.916 -14.0167 2.90496 0.12856
231.022 -14.2601 2.90255 0.108161
230.992 -14.2449 2.90103 0.103791
231.013 -14.0093 2.90947 0.0398799
230.81 -14.0237 2.8941 0.0150121
230.726 -14.2416 2.90283 0.170492
230.916 -14.0167 2.90496 0.12856
231.046 -14.2289 2.90831 0.115079
230.992 -14.2449 2.90103 0.103791
231.067 -14.3256 2.90517 0.0701766
230.726 -14.2416 2.90283 0.170492
231.046 -14.2289 2.90831 0.115079
231.022 -14.2601 2.90255 0.108161
231.013 -14.0093 2.90947 0.0398799
230.516 -14.2326 2.90123 0.0184367
230.81 -14.0237 2.8941 0.0150121
230.81 -14.0237 2.8941 0.0150121
230.726 -14.2416 2.90283 0.170492
230.57 -14.403 2.89876 0.0128017
230.916 -14.0167 2.90496 0.12856
231.046 -14.2289 2.90831 0.115079
230.992 -14.2449 2.90103 0.103791
230.724 -14.2655 2.89477 0.0366661
230.81 -14.0237 2.8941 0.0150121
230.916 -14.0167 2.90496 0.12856
231.022 -14.2601 2.90255 0.108161
230.934 -14.2526 2.89724 0.0374369
231.067 -14.3256 2.90517 0.0701766
230.726 -14.2416 2.90283 0.170492
230.726 -14.2416 2.90283 0.170492
230.916 -14.0167 2.90496 0.12856
231.022 -14.2601 2.90255 0.108161
231.279 -14.28 2.91028 0.00738548
230.694 -14.0836 2.89228 0.0124717
230.726 -14.2416 2.90283 0.170492
