258.417 29.0472 6.1477 0.135382
258.393 28.971 6.15715 0.122438
258.393 28.971 6.15715 0.122438
258.62 29.0256 6.14739 0.108797
258.417 29.0472 6.1477 0.135382
258.393 28.971 6.15715 0.122438
258.62 29.0256 6.14739 0.108797
258.375 28.7984 6.15816 0.0210335
258.417 29.0472 6.1477 0.135382
258.44 29.002 6.15413 0.214907
258.62 29.0256 6.14739 0.108797
258.417 29.0472 6.1477 0.135382
258.383 29.2006 6.14525 0.0268636
258.44 29.002 6.15413 0.214907
258.62 29.0256 6.14739 0.108797
258.472 29.2458 6.15137 0.0418002
258.417 29.0472 6.1477 0.135382
258.44 29.002 6.15413 0.214907
258.155 29.2399 6.15473 0.000755154
258.308 28.9313 6.15237 0.0608911
258.355 28.9274 6.15283 0.103564
258.417 29.0472 6.1477 0.135382
258.393 28.971 6.15715 0.122438
258.44 29.002 6.15413 0.214907
258.62 29.0256 6.14739 0.108797
258.417 29.0472 6.1477 0.135382
258.393 28.971 6.15715 0.122438
258.44 29.002 6.15413 0.214907
258.454 28.7583 6.161 0.00392272
258.62 29.0256 6.14739 0.108797
258.62 29.0256 6.14739 0.108797
258.772 28.993 6.14515 0.00771955
258.455 28.9687 6.16092 0.023507
258.393 28.971 6.15715 0.122438
258.393 28.971 6.15715 0.122438
258.44 29.002 6.15413 0.214907
258.308 28.9313 6.15237 0.0608911
258.455 28.9687 6.16092 0.023507
258.44 29.002 6.15413 0.214907
258.472 29.2458 6.15137 0.0418002
258.355 28.9274 6.15283 0.103564
258.393 28.971 6.15715 0.122438
258.44 29.002 6.15413 0.214907
258.472 29.2458 6.15137 0.0418002
258.458 29.3888 6.14044 0.000679431
258.375 28.7984 6.15816 0.0210335
258.417 29.0472 6.1477 0.135382
258.417 29.0472 6.1477 0.135382
258.393 28.971 6.15715 0.122438
258.44 29.002 6.15413 0.214907
258.44 29.002 6.15413 0.214907
258.208 29.0299 6.15311 0.0191684
258.355 28.9274 6.15283 0.103564
258.44 29.002 6.15413 0.214907
258.717 29.1683 6.14754 0.0221985
258.375 28.7984 6.15816 0.0210335
258.417 29.0472 6.1477 0.135382
258.44 29.002 6.15413 0.214907
258.44 29.002 6.15413 0.214907
258.375 28.7984 6.15816 0.0210335
258.393 28.971 6.15715 0.122438
258.44 29.002 6.15413 0.214907
258.44 29.002 6.15413 0.214907
258.62 29.0256 6.14739 0.108797
258.472 29.2458 6.15137 0.0418002
258.417 29.0472 6.1477 0.135382
258.393 28.971 6.15715 0.122438
258.44 29.002 6.15413 0.214907
258.308 28.9313 6.15237 0.0608911
258.417 29.0472 6.1477 0.135382
258.455 28.9687 6.16092 0.023507
258.477 28.7568 6.14621 0.00110979
258.62 29.0256 6.14739 0.108797
258.62 29.0256 6.14739 0.108797
258.308 28.9313 6.15237 0.0608911
258.355 28.9274 6.15283 0.103564
258.455 28.9687 6.16092 0.023507
258.383 29.2006 6.14525 0.0268636
258.383 29.2006 6.14525 0.0268636
258.393 28.971 6.15715 0.122438
258.393 28.971 6.15715 0.122438
258.393 28.971 6.15715 0.122438
258.44 29.002 6.15413 0.214907
258.208 29.0299 6.15311 0.0191684
258.417 29.0472 6.1477 0.135382
258.393 28.971 6.15715 0.122438
258.44 29.002 6.15413 0.214907
258.772 28.993 6.14515 0.00771955
258.355 28.9274 6.15283 0.103564
258.383 29.2006 6.14525 0.0268636
258.393 28.971 6.15715 0.122438
258.44 29.002 6.15413 0.214907
258.44 29.002 6.15413 0.214907
258.355 28.9274 6.15283 0.103564
258.393 28.971 6.15715 0.122438
258.231 29.0648 6.15049 0.0170778
258.208 29.0299 6.15311 0.0191684
258.308 28.9313 6.15237 0.0608911
258.355 28.9274 6.15283 0.103564
258.44 29.002 6.15413 0.214907
