271.725 -10.5466 3.98024 0.102125
271.546 -10.9009 3.97249 0.00399517
271.426 -10.682 3.95992 0.0107975
271.58 -10.5246 3.9734 0.168046
271.58 -10.5246 3.9734 0.168046
271.58 -10.5246 3.9734 0.168046
271.569 -10.7773 3.97293 0.0491193
271.938 -10.6748 3.97762 0.0587797
272.049 -10.6892 3.98595 0.0356996
271.426 -10.682 3.95992 0.0107975
271.569 -10.7773 3.97293 0.0491193
271.496 -10.564 3.9753 0.0418332
271.391 -10.4591 3.96483 0.0466787
271.781 -10.7808 3.97632 0.0564993
272.049 -10.6892 3.98595 0.0356996
271.969 -10.4858 3.97923 0.0485138
271.358 -10.8973 3.96703 0.00146881
271.781 -10.7808 3.97632 0.0564993
271.725 -10.5466 3.98024 0.102125
271.426 -10.682 3.95992 0.0107975
271.58 -10.5246 3.9734 0.168046
271.89 -10.6674 3.97843 0.11806
271.391 -10.4591 3.96483 0.0466787
271.743 -10.4878 3.98183 0.0460942
272.049 -10.6892 3.98595 0.0356996
272.049 -10.6892 3.98595 0.0356996
271.725 -10.5466 3.98024 0.102125
271.725 -10.5466 3.98024 0.102125
271.969 -10.4858 3.97923 0.0485138
271.58 -10.5246 3.9734 0.168046
271.58 -10.5246 3.9734 0.168046
271.496 -10.564 3.9753 0.0418332
271.938 -10.6748 3.97762 0.0587797
271.683 -10.6864 3.97958 0.0666642
271.743 -10.4878 3.98183 0.0460942
271.725 -10.5466 3.98024 0.102125
271.58 -10.5246 3.9734 0.168046
271.271 -10.7135 3.96629 0.0119231
271.89 -10.6674 3.97843 0.11806
271.96 -10.6697 3.97523 0.0172364
271.683 -10.6864 3.97958 0.0666642
271.725 -10.5466 3.98024 0.102125
271.864 -10.8271 3.97875 0.0207252
271.569 -10.7773 3.97293 0.0491193
271.938 -10.6748 3.97762 0.0587797
271.683 -10.6864 3.97958 0.0666642
271.725 -10.5466 3.98024 0.102125
271.725 -10.5466 3.98024 0.102125
271.58 -10.5246 3.9734 0.168046
272.139 -10.6751 3.98874 0.0160681
271.89 -10.6674 3.97843 0.11806
271.937 -10.8028 3.98273 0.0209288
271.781 -10.7808 3.97632 0.0564993
271.518 -10.4926 3.97733 0.0160344
271.58 -10.5246 3.9734 0.168046
271.569 -10.7773 3.97293 0.0491193
271.89 -10.6674 3.97843 0.11806
271.683 -10.6864 3.97958 0.0666642
271.683 -10.6864 3.97958 0.0666642
271.743 -10.4878 3.98183 0.0460942
271.725 -10.5466 3.98024 0.102125
271.58 -10.5246 3.9734 0.168046
271.58 -10.5246 3.9734 0.168046
271.937 -10.8028 3.98273 0.0209288
271.781 -10.7808 3.97632 0.0564993
271.781 -10.7808 3.97632 0.0564993
271.725 -10.5466 3.98024 0.102125
271.518 -10.4926 3.97733 0.0160344
271.58 -10.5246 3.9734 0.168046
271.58 -10.5246 3.9734 0.168046
271.89 -10.6674 3.97843 0.11806
271.391 -10.4591 3.96483 0.0466787
271.781 -10.7808 3.97632 0.0564993
271.683 -10.6864 3.97958 0.0666642
271.864 -10.8271 3.97875 0.0207252
271.58 -10.5246 3.9734 0.168046
271.58 -10.5246 3.9734 0.168046
271.496 -10.564 3.9753 0.0418332
271.391 -10.4591 3.96483 0.0466787
271.781 -10.7808 3.97632 0.0564993
271.683 -10.6864 3.97958 0.0666642
271.518 -10.4926 3.97733 0.0160344
272.139 -10.6751 3.98874 0.0160681
271.89 -10.6674 3.97843 0.11806
271.683 -10.6864 3.97958 0.0666642
271.725 -10.5466 3.98024 0.102125
271.864 -10.8271 3.97875 0.0207252
271.496 -10.564 3.9753 0.0418332
271.781 -10.7808 3.97632 0.0564993
272.049 -10.6892 3.98595 0.0356996
272.049 -10.6892 3.98595 0.0356996
271.725 -10.5466 3.98024 0.102125
271.969 -10.4858 3.97923 0.0485138
271.569 -10.7773 3.97293 0.0491193
271.938 -10.6748 3.97762 0.0587797
271.683 -10.6864 3.97958 0.0666642
271.725 -10.5466 3.98024 0.102125
271.725 -10.5466 3.98024 0.102125
271.58 -10.5246 3.9734 0.168046
271.58 -10.5246 3.9734 0.168046
