40.3082 -71.8987 3.93714 0.13929
40.0686 -71.821 3.93002 0.0525724
40.1644 -71.6292 3.93604 0.334227
40.0417 -71.8443 3.93313 0.226803
40.3082 -71.8987 3.93714 0.13929
40.373 -71.611 3.94049 0.0778658
40.1644 -71.6292 3.93604 0.334227
40.1644 -71.6292 3.93604 0.334227
40.373 -71.611 3.94049 0.0778658
39.8657 -71.7312 3.93961 0.00453727
40.1644 -71.6292 3.93604 0.334227
40.3082 -71.8987 3.93714 0.13929
40.0417 -71.8443 3.93313 0.226803
40.3082 -71.8987 3.93714 0.13929
40.0686 -71.821 3.93002 0.0525724
40.1644 -71.6292 3.93604 0.334227
40.1644 -71.6292 3.93604 0.334227
40.3082 -71.8987 3.93714 0.13929
40.1093 -71.9243 3.94501 0.0167858
40.1644 -71.6292 3.93604 0.334227
40.0417 -71.8443 3.93313 0.226803
40.0417 -71.8443 3.93313 0.226803
40.0417 -71.8443 3.93313 0.226803
40.1644 -71.6292 3.93604 0.334227
40.0957 -71.7784 3.94632 0.0142411
40.0103 -71.7379 3.92762 0.00999491
40.3082 -71.8987 3.93714 0.13929
40.0417 -71.8443 3.93313 0.226803
40.1644 -71.6292 3.93604 0.334227
40.3082 -71.8987 3.93714 0.13929
40.0417 -71.8443 3.93313 0.226803
40.042 -71.9548 3.93066 0.0155867
40.1644 -71.6292 3.93604 0.334227
40.0957 -71.7784 3.94632 0.0142411
40.0686 -71.821 3.93002 0.0525724
40.3082 -71.8987 3.93714 0.13929
40.0686 -71.821 3.93002 0.0525724
40.0037 -72.0244 3.9378 0.0107898
40.3082 -71.8987 3.93714 0.13929
40.0417 -71.8443 3.93313 0.226803
40.0686 -71.821 3.93002 0.0525724
40.3082 -71.8987 3.93714 0.13929
40.0417 -71.8443 3.93313 0.226803
40.1644 -71.6292 3.93604 0.334227
40.0417 -71.8443 3.93313 0.226803
40.1644 -71.6292 3.93604 0.334227
40.0417 -71.8443 3.93313 0.226803
40.0417 -71.8443 3.93313 0.226803
40.1644 -71.6292 3.93604 0.334227
40.373 -71.611 3.94049 0.0778658
40.1644 -71.6292 3.93604 0.334227
40.1644 -71.6292 3.93604 0.334227
40.1093 -71.9243 3.94501 0.0167858
40.1644 -71.6292 3.93604 0.334227
40.0417 -71.8443 3.93313 0.226803
40.1644 -71.6292 3.93604 0.334227
40.0417 -71.8443 3.93313 0.226803
40.0686 -71.821 3.93002 0.0525724
40.1644 -71.6292 3.93604 0.334227
40.1644 -71.6292 3.93604 0.334227
40.373 -71.611 3.94049 0.0778658
40.0417 -71.8443 3.93313 0.226803
40.3082 -71.8987 3.93714 0.13929
40.3082 -71.8987 3.93714 0.13929
40.0957 -71.7784 3.94632 0.0142411
40.3082 -71.8987 3.93714 0.13929
40.0417 -71.8443 3.93313 0.226803
40.1644 -71.6292 3.93604 0.334227
40.0417 -71.8443 3.93313 0.226803
40.1644 -71.6292 3.93604 0.334227
40.0417 -71.8443 3.93313 0.226803
40.1644 -71.6292 3.93604 0.334227
40.1644 -71.6292 3.93604 0.334227
40.0417 -71.8443 3.93313 0.226803
40.3082 -71.8987 3.93714 0.13929
40.502 -71.6533 3.93965 0.00538884
40.3082 -71.8987 3.93714 0.13929
40.373 -71.611 3.94049 0.0778658
40.0417 -71.8443 3.93313 0.226803
40.0417 -71.8443 3.93313 0.226803
40.0417 -71.8443 3.93313 0.226803
40.3082 -71.8987 3.93714 0.13929
40.0686 -71.821 3.93002 0.0525724
40.373 -71.611 3.94049 0.0778658
40.0417 -71.8443 3.93313 0.226803
40.1644 -71.6292 3.93604 0.334227
40.373 -71.611 3.94049 0.0778658
40.1644 -71.6292 3.93604 0.334227
40.3082 -71.8987 3.93714 0.13929
39.9509 -72.0645 3.93793 0.00125692
40.3082 -71.8987 3.93714 0.13929
40.3082 -71.8987 3.93714 0.13929
40.373 -71.611 3.94049 0.0778658
40.373 -71.611 3.94049 0.0778658
40.0686 -71.821 3.93002 0.0525724
40.1644 -71.6292 3.93604 0.334227
40.3082 -71.8987 3.93714 0.13929
40.0417 -71.8443 3.93313 0.226803
40.1644 -71.6292 3.93604 0.334227
40.0417 -71.8443 3.93313 0.226803
