-33.6227 -22.3864 1.10566 0.0354666
-33.926 -22.2107 1.10176 0.0952043
-33.9005 -22.3053 1.10995 0.0783464
-33.8849 -22.2093 1.10156 0.123958
-33.858 -22.2892 1.10466 0.239986
-33.9507 -22.4245 1.11207 0.0469345
-33.6227 -22.3864 1.10566 0.0354666
-33.9005 -22.3053 1.10995 0.0783464
-33.858 -22.2892 1.10466 0.239986
-33.858 -22.2892 1.10466 0.239986
-33.858 -22.2892 1.10466 0.239986
-33.6185 -22.3071 1.10278 0.0486356
-33.6384 -22.4799 1.10671 0.0219837
-33.858 -22.2892 1.10466 0.239986
-33.858 -22.2892 1.10466 0.239986
-34.0469 -22.2812 1.1004 0.0138445
-33.926 -22.2107 1.10176 0.0952043
-33.926 -22.2107 1.10176 0.0952043
-33.8961 -22.2872 1.11122 0.0369997
-33.858 -22.2892 1.10466 0.239986
-34.0469 -22.2812 1.1004 0.0138445
-33.7546 -22.2336 1.10776 0.0600958
-33.858 -22.2892 1.10466 0.239986
-33.926 -22.2107 1.10176 0.0952043
-33.8849 -22.2093 1.10156 0.123958
-33.858 -22.2892 1.10466 0.239986
-33.858 -22.2892 1.10466 0.239986
-33.7415 -22.1862 1.10668 0.0462774
-33.6384 -22.4799 1.10671 0.0219837
-33.7546 -22.2336 1.10776 0.0600958
-33.8849 -22.2093 1.10156 0.123958
-33.858 -22.2892 1.10466 0.239986
-33.7415 -22.1862 1.10668 0.0462774
-33.8849 -22.2093 1.10156 0.123958
-33.6185 -22.3071 1.10278 0.0486356
-33.7546 -22.2336 1.10776 0.0600958
-33.9005 -22.3053 1.10995 0.0783464
-33.9005 -22.3053 1.10995 0.0783464
-33.9005 -22.3053 1.10995 0.0783464
-33.8849 -22.2093 1.10156 0.123958
-33.8849 -22.2093 1.10156 0.123958
-33.858 -22.2892 1.10466 0.239986
-33.6227 -22.3864 1.10566 0.0354666
-33.7415 -22.1862 1.10668 0.0462774
-33.8849 -22.2093 1.10156 0.123958
-33.8849 -22.2093 1.10156 0.123958
-33.6185 -22.3071 1.10278 0.0486356
-33.8961 -22.2872 1.11122 0.0369997
-33.858 -22.2892 1.10466 0.239986
-33.858 -22.2892 1.10466 0.239986
-33.6227 -22.3864 1.10566 0.0354666
-33.926 -22.2107 1.10176 0.0952043
-33.8849 -22.2093 1.10156 0.123958
-33.685 -22.4035 1.09805 0.0169381
-33.7546 -22.2336 1.10776 0.0600958
-33.858 -22.2892 1.10466 0.239986
-33.6185 -22.3071 1.10278 0.0486356
-33.7415 -22.1862 1.10668 0.0462774
-33.6384 -22.4799 1.10671 0.0219837
-33.858 -22.2892 1.10466 0.239986
-33.926 -22.2107 1.10176 0.0952043
-33.8961 -22.2872 1.11122 0.0369997
-33.8961 -22.2872 1.11122 0.0369997
-33.8849 -22.2093 1.10156 0.123958
-33.6227 -22.3864 1.10566 0.0354666
-33.5911 -22.4412 1.10527 0.0152519
-33.8849 -22.2093 1.10156 0.123958
-33.6227 -22.3864 1.10566 0.0354666
-33.6227 -22.3864 1.10566 0.0354666
-33.8752 -21.96 1.09604 0.00156216
-33.9005 -22.3053 1.10995 0.0783464
-33.858 -22.2892 1.10466 0.239986
-33.858 -22.2892 1.10466 0.239986
-33.8961 -22.2872 1.11122 0.0369997
-33.858 -22.2892 1.10466 0.239986
-33.9507 -22.4245 1.11207 0.0469345
-33.7636 -22.5797 1.10976 0.0213683
-33.926 -22.2107 1.10176 0.0952043
-33.8849 -22.2093 1.10156 0.123958
-33.6185 -22.3071 1.10278 0.0486356
-33.7415 -22.1862 1.10668 0.0462774
-33.9471 -22.2621 1.11085 0.0296717
-33.9005 -22.3053 1.10995 0.0783464
-33.858 -22.2892 1.10466 0.239986
-33.6185 -22.3071 1.10278 0.0486356
-33.926 -22.2107 1.10176 0.0952043
-33.7546 -22.2336 1.10776 0.0600958
-33.858 -22.2892 1.10466 0.239986
-33.7415 -22.1862 1.10668 0.0462774
-33.9471 -22.2621 1.11085 0.0296717
-33.8961 -22.2872 1.11122 0.0369997
-33.9005 -22.3053 1.10995 0.0783464
-33.8849 -22.2093 1.10156 0.123958
-33.6185 -22.3071 1.10278 0.0486356
-33.6324 -22.0317 1.0994 0.00607151
-33.7546 -22.2336 1.10776 0.0600958
-33.9005 -22.3053 1.10995 0.0783464
-34.0469 -22.2812 1.1004 0.0138445
-33.926 -22.2107 1.10176 0.0952043
-33.7546 -22.2336 1.10776 0.0600958
