-39.0712 -66.1536 1.82375 0.145228
-39.016 -66.2521 1.83283 0.0818779
-39.1763 -66.1199 1.8228 0.098723
-39.1486 -66.3127 1.82792 0.101003
-39.1486 -66.3127 1.82792 0.101003
-38.9925 -66.2821 1.83306 0.0785432
-38.7683 -66.2902 1.829 0.0227727
-39.1815 -66.4106 1.83484 0.00889472
-39.2013 -66.3591 1.83052 0.0372087
-38.8129 -66.5347 1.83181 0.00490522
-39.2253 -65.9767 1.82254 0.0339779
-39.1486 -66.3127 1.82792 0.101003
-38.7683 -66.2902 1.829 0.0227727
-39.2322 -66.3526 1.82629 0.0382073
-39.3884 -66.3336 1.8298 0.00289619
-39.1763 -66.1199 1.8228 0.098723
-38.9301 -66.4806 1.82862 0.0197125
-38.8115 -66.1034 1.82696 0.030372
-39.2322 -66.3526 1.82629 0.0382073
-39.1198 -66.2737 1.81798 0.00910995
-38.9027 -66.4107 1.82702 0.0297117
-39.2822 -65.9104 1.82181 0.0100885
-39.1763 -66.1199 1.8228 0.098723
-39.1486 -66.3127 1.82792 0.101003
-39.0712 -66.1536 1.82375 0.145228
-39.2322 -66.3526 1.82629 0.0382073
-39.2532 -66.1214 1.83129 0.0142247
-39.1763 -66.1199 1.8228 0.098723
-38.9301 -66.4806 1.82862 0.0197125
-38.9925 -66.2821 1.83306 0.0785432
-39.0712 -66.1536 1.82375 0.145228
-39.0712 -66.1536 1.82375 0.145228
-39.273 -66.435 1.8299 0.00883533
-39.016 -66.2521 1.83283 0.0818779
-39.1763 -66.1199 1.8228 0.098723
-39.196 -66.2451 1.83264 0.028043
-38.9925 -66.2821 1.83306 0.0785432
-38.9925 -66.2821 1.83306 0.0785432
-39.1735 -65.8902 1.82218 0.0168595
-39.1152 -66.1024 1.83612 0.00372676
-39.1763 -66.1199 1.8228 0.098723
-39.1486 -66.3127 1.82792 0.101003
-39.1486 -66.3127 1.82792 0.101003
-39.0712 -66.1536 1.82375 0.145228
-39.0712 -66.1536 1.82375 0.145228
-39.0712 -66.1536 1.82375 0.145228
-39.2322 -66.3526 1.82629 0.0382073
-39.2013 -66.3591 1.83052 0.0372087
-39.1763 -66.1199 1.8228 0.098723
-39.196 -66.2451 1.83264 0.028043
-39.1486 -66.3127 1.82792 0.101003
-39.1735 -65.8902 1.82218 0.0168595
-39.0712 -66.1536 1.82375 0.145228
-39.2013 -66.3591 1.83052 0.0372087
-39.2253 -65.9767 1.82254 0.0339779
-38.9925 -66.2821 1.83306 0.0785432
-39.1158 -65.7828 1.81817 0.00213952
-39.273 -66.435 1.8299 0.00883533
-39.016 -66.2521 1.83283 0.0818779
-39.2013 -66.3591 1.83052 0.0372087
-39.2615 -66.1047 1.82491 0.0549969
-38.9925 -66.2821 1.83306 0.0785432
-39.0712 -66.1536 1.82375 0.145228
-39.0712 -66.1536 1.82375 0.145228
-39.1198 -66.2737 1.81798 0.00910995
-39.016 -66.2521 1.83283 0.0818779
-39.016 -66.2521 1.83283 0.0818779
-39.2951 -66.2915 1.83095 0.0131911
-39.1763 -66.1199 1.8228 0.098723
-39.1959 -65.8888 1.82752 0.00632184
-39.1486 -66.3127 1.82792 0.101003
-38.6489 -66.331 1.83978 0.000447606
-39.0712 -66.1536 1.82375 0.145228
-39.2532 -66.1214 1.83129 0.0142247
-38.7677 -66.3462 1.8251 0.00606508
-39.1763 -66.1199 1.8228 0.098723
-38.9301 -66.4806 1.82862 0.0197125
-39.1486 -66.3127 1.82792 0.101003
-39.1486 -66.3127 1.82792 0.101003
-39.2904 -66.3356 1.82609 0.0227792
-39.0712 -66.1536 1.82375 0.145228
-39.0712 -66.1536 1.82375 0.145228
-39.016 -66.2521 1.83283 0.0818779
-39.1398 -66.2705 1.83524 0.0157778
-39.1763 -66.1199 1.8228 0.098723
-39.1763 -66.1199 1.8228 0.098723
-39.2253 -65.9767 1.82254 0.0339779
-38.9925 -66.2821 1.83306 0.0785432
-39.0712 -66.1536 1.82375 0.145228
-39.0712 -66.1536 1.82375 0.145228
-39.3884 -66.3336 1.8298 0.00289619
-39.1763 -66.1199 1.8228 0.098723
-39.1763 -66.1199 1.8228 0.098723
-39.2615 -66.1047 1.82491 0.0549969
-39.1486 -66.3127 1.82792 0.101003
-39.2904 -66.3356 1.82609 0.0227792
-39.0712 -66.1536 1.82375 0.145228
-39.016 -66.2521 1.83283 0.0818779
-39.1763 -66.1199 1.8228 0.098723
-39.196 -66.2451 1.83264 0.028043
