187 -9.48533 3.16633 0.155146
187.012 -9.42206 3.16961 0.186728
186.853 -9.47545 3.16305 0.0681368
186.947 -9.49194 3.16472 0.117183
186.947 -9.49194 3.16472 0.117183
186.694 -9.18464 3.16063 0.000113183
187.012 -9.42206 3.16961 0.186728
187.002 -9.22885 3.16568 0.00443139
187.149 -9.63554 3.17291 0.0761908
187 -9.48533 3.16633 0.155146
186.806 -9.35586 3.16679 0.0330569
187.02 -9.4381 3.16434 0.0471535
186.947 -9.49194 3.16472 0.117183
187.245 -9.52994 3.17485 0.059642
187 -9.48533 3.16633 0.155146
187.012 -9.42206 3.16961 0.186728
186.76 -9.53116 3.16992 0.0210119
187.041 -9.70641 3.17792 0.00253692
187.144 -9.63566 3.17013 0.0737455
187 -9.48533 3.16633 0.155146
186.806 -9.35586 3.16679 0.0330569
187.002 -9.22885 3.16568 0.00443139
186.947 -9.49194 3.16472 0.117183
187.245 -9.52994 3.17485 0.059642
187 -9.48533 3.16633 0.155146
187 -9.48533 3.16633 0.155146
186.904 -9.43021 3.1734 0.0389018
186.904 -9.43021 3.1734 0.0389018
187.02 -9.4381 3.16434 0.0471535
186.947 -9.49194 3.16472 0.117183
187 -9.48533 3.16633 0.155146
187.012 -9.42206 3.16961 0.186728
187.012 -9.42206 3.16961 0.186728
186.904 -9.43021 3.1734 0.0389018
187.149 -9.63554 3.17291 0.0761908
187.245 -9.52994 3.17485 0.059642
187.245 -9.52994 3.17485 0.059642
187 -9.48533 3.16633 0.155146
186.863 -9.62475 3.17111 0.0423905
187.149 -9.63554 3.17291 0.0761908
186.947 -9.49194 3.16472 0.117183
187 -9.48533 3.16633 0.155146
186.806 -9.35586 3.16679 0.0330569
187.149 -9.63554 3.17291 0.0761908
187 -9.48533 3.16633 0.155146
187.012 -9.42206 3.16961 0.186728
186.806 -9.35586 3.16679 0.0330569
186.863 -9.62475 3.17111 0.0423905
187.149 -9.63554 3.17291 0.0761908
186.947 -9.49194 3.16472 0.117183
186.947 -9.49194 3.16472 0.117183
187.144 -9.63566 3.17013 0.0737455
187 -9.48533 3.16633 0.155146
186.725 -9.56811 3.16951 0.0108391
186.853 -9.47545 3.16305 0.0681368
187.02 -9.4381 3.16434 0.0471535
187.245 -9.52994 3.17485 0.059642
187.017 -9.31312 3.17488 0.0218625
187 -9.48533 3.16633 0.155146
186.853 -9.47545 3.16305 0.0681368
187.02 -9.4381 3.16434 0.0471535
187.017 -9.31312 3.17488 0.0218625
186.806 -9.35586 3.16679 0.0330569
187.149 -9.63554 3.17291 0.0761908
187.245 -9.52994 3.17485 0.059642
187 -9.48533 3.16633 0.155146
187.012 -9.42206 3.16961 0.186728
187.012 -9.42206 3.16961 0.186728
186.853 -9.47545 3.16305 0.0681368
187.02 -9.4381 3.16434 0.0471535
187.149 -9.63554 3.17291 0.0761908
186.947 -9.49194 3.16472 0.117183
186.947 -9.49194 3.16472 0.117183
186.947 -9.49194 3.16472 0.117183
187 -9.48533 3.16633 0.155146
186.904 -9.43021 3.1734 0.0389018
187.149 -9.63554 3.17291 0.0761908
187.245 -9.52994 3.17485 0.059642
187 -9.48533 3.16633 0.155146
187.012 -9.42206 3.16961 0.186728
186.904 -9.43021 3.1734 0.0389018
186.904 -9.43021 3.1734 0.0389018
187.02 -9.4381 3.16434 0.0471535
187.144 -9.63566 3.17013 0.0737455
187.012 -9.42206 3.16961 0.186728
186.863 -9.62475 3.17111 0.0423905
186.947 -9.49194 3.16472 0.117183
187.113 -9.78348 3.17096 0.00993228
187 -9.48533 3.16633 0.155146
187.012 -9.42206 3.16961 0.186728
186.853 -9.47545 3.16305 0.0681368
187.245 -9.52994 3.17485 0.059642
187.012 -9.42206 3.16961 0.186728
187.022 -9.72201 3.16481 0.0182002
187.149 -9.63554 3.17291 0.0761908
187 -9.48533 3.16633 0.155146
186.863 -9.62475 3.17111 0.0423905
187.002 -9.22885 3.16568 0.00443139
186.947 -9.49194 3.16472 0.117183
187.083 -9.51164 3.18104 0.0022105
