7.3883 4.53864 0.358529 0.447057
7.51753 4.65879 0.370209 0.140711
6.78404 4.98031 0.371648 0.00569882
7.3883 4.53864 0.358529 0.447057
6.97892 4.95311 0.370593 0.00475521
7.07018 5.10908 0.378466 0.0058926
7.19716 4.73476 0.363745 0.0628882
7.51753 4.65879 0.370209 0.140711
7.3883 4.53864 0.358529 0.447057
7.20379 4.94059 0.362549 0.00929194
7.037 5.03159 0.377494 0.00686886
7.51753 4.65879 0.370209 0.140711
7.3883 4.53864 0.358529 0.447057
7.07018 5.10908 0.378466 0.0058926
6.57008 5.72406 0.384982 0.00237761
7.3883 4.53864 0.358529 0.447057
7.3883 4.53864 0.358529 0.447057
7.3883 4.53864 0.358529 0.447057
7.53957 4.9847 0.372315 0.0360463
7.3883 4.53864 0.358529 0.447057
7.3883 4.53864 0.358529 0.447057
7.51753 4.65879 0.370209 0.140711
7.51753 4.65879 0.370209 0.140711
7.18601 4.87257 0.37092 0.0395667
7.53957 4.9847 0.372315 0.0360463
7.3883 4.53864 0.358529 0.447057
7.19716 4.73476 0.363745 0.0628882
7.3883 4.53864 0.358529 0.447057
7.3883 4.53864 0.358529 0.447057
6.96053 5.03784 0.364579 0.002795
7.3883 4.53864 0.358529 0.447057
7.18983 4.95573 0.373504 0.0263484
6.7186 4.95747 0.369344 0.00574211
6.6706 5.35573 0.383271 0.00342437
7.39305 5.34029 0.374191 0.00170005
7.17628 4.98214 0.367971 0.0152425
7.18983 4.95573 0.373504 0.0263484
6.59269 4.62123 0.36662 0.0042964
7.19716 4.73476 0.363745 0.0628882
7.3883 4.53864 0.358529 0.447057
7.3883 4.53864 0.358529 0.447057
7.53957 4.9847 0.372315 0.0360463
7.18601 4.87257 0.37092 0.0395667
6.666 5.12459 0.372593 0.00533851
7.3883 4.53864 0.358529 0.447057
7.3883 4.53864 0.358529 0.447057
7.3883 4.53864 0.358529 0.447057
7.53957 4.9847 0.372315 0.0360463
7.22262 4.93904 0.364719 0.0180564
7.3883 4.53864 0.358529 0.447057
7.18601 4.87257 0.37092 0.0395667
7.3883 4.53864 0.358529 0.447057
7.51753 4.65879 0.370209 0.140711
7.19716 4.73476 0.363745 0.0628882
7.3883 4.53864 0.358529 0.447057
7.53957 4.9847 0.372315 0.0360463
7.3883 4.53864 0.358529 0.447057
7.18983 4.95573 0.373504 0.0263484
7.3883 4.53864 0.358529 0.447057
6.7186 4.95747 0.369344 0.00574211
6.78404 4.98031 0.371648 0.00569882
7.51753 4.65879 0.370209 0.140711
7.3883 4.53864 0.358529 0.447057
7.3883 4.53864 0.358529 0.447057
7.3883 4.53864 0.358529 0.447057
7.3883 4.53864 0.358529 0.447057
7.3883 4.53864 0.358529 0.447057
7.16488 4.99744 0.364037 0.00523635
7.51753 4.65879 0.370209 0.140711
7.06902 5.12739 0.354766 0.000144205
6.6114 5.0415 0.37793 0.00532967
7.3883 4.53864 0.358529 0.447057
7.3883 4.53864 0.358529 0.447057
7.3883 4.53864 0.358529 0.447057
7.19716 4.73476 0.363745 0.0628882
7.17628 4.98214 0.367971 0.0152425
7.3883 4.53864 0.358529 0.447057
6.88292 5.04736 0.383988 0.00108444
7.3883 4.53864 0.358529 0.447057
6.71718 5.08989 0.376628 0.00511612
7.3883 4.53864 0.358529 0.447057
7.51753 4.65879 0.370209 0.140711
7.3883 4.53864 0.358529 0.447057
7.18983 4.95573 0.373504 0.0263484
7.3883 4.53864 0.358529 0.447057
7.36219 5.16723 0.379662 0.00735654
7.3883 4.53864 0.358529 0.447057
7.51753 4.65879 0.370209 0.140711
7.36219 5.16723 0.379662 0.00735654
7.17628 4.98214 0.367971 0.0152425
7.3883 4.53864 0.358529 0.447057
7.3883 4.53864 0.358529 0.447057
7.3883 4.53864 0.358529 0.447057
7.3976 5.11576 0.382935 0.00398804
7.3883 4.53864 0.358529 0.447057
7.3883 4.53864 0.358529 0.447057
7.3883 4.53864 0.358529 0.447057
7.51753 4.65879 0.370209 0.140711
7.3883 4.53864 0.358529 0.447057
7.07018 5.10908 0.378466 0.0058926
