277.984 4.72585 4.66515 0.53627
277.984 4.72585 4.66515 0.53627
277.984 4.72585 4.66515 0.53627
277.984 4.72585 4.66515 0.53627
277.828 4.78862 4.66663 0.106019
278.109 4.58952 4.67149 0.06323
277.984 4.72585 4.66515 0.53627
278.133 4.56749 4.66576 0.166868
277.984 4.72585 4.66515 0.53627
277.828 4.78862 4.66663 0.106019
277.984 4.72585 4.66515 0.53627
278.133 4.56749 4.66576 0.166868
278.161 4.7753 4.67212 0.0325288
277.984 4.72585 4.66515 0.53627
277.984 4.72585 4.66515 0.53627
277.984 4.72585 4.66515 0.53627
278.133 4.56749 4.66576 0.166868
278.133 4.56749 4.66576 0.166868
277.984 4.72585 4.66515 0.53627
277.984 4.72585 4.66515 0.53627
277.984 4.72585 4.66515 0.53627
277.984 4.72585 4.66515 0.53627
277.828 4.78862 4.66663 0.106019
277.828 4.78862 4.66663 0.106019
278.133 4.56749 4.66576 0.166868
277.828 4.78862 4.66663 0.106019
277.828 4.78862 4.66663 0.106019
277.984 4.72585 4.66515 0.53627
278.109 4.58952 4.67149 0.06323
277.984 4.72585 4.66515 0.53627
277.984 4.72585 4.66515 0.53627
277.984 4.72585 4.66515 0.53627
277.984 4.72585 4.66515 0.53627
277.984 4.72585 4.66515 0.53627
277.984 4.72585 4.66515 0.53627
278.101 4.81875 4.6802 0.00155935
277.984 4.72585 4.66515 0.53627
277.984 4.72585 4.66515 0.53627
277.984 4.72585 4.66515 0.53627
278.109 4.58952 4.67149 0.06323
278.14 4.46966 4.67019 0.019411
277.828 4.78862 4.66663 0.106019
277.984 4.72585 4.66515 0.53627
277.984 4.72585 4.66515 0.53627
278.133 4.56749 4.66576 0.166868
277.984 4.72585 4.66515 0.53627
278.133 4.56749 4.66576 0.166868
277.984 4.72585 4.66515 0.53627
277.77 4.86381 4.66402 0.0356633
277.984 4.72585 4.66515 0.53627
277.984 4.72585 4.66515 0.53627
277.984 4.72585 4.66515 0.53627
277.828 4.78862 4.66663 0.106019
278.133 4.56749 4.66576 0.166868
277.984 4.72585 4.66515 0.53627
278.109 4.58952 4.67149 0.06323
277.984 4.72585 4.66515 0.53627
277.984 4.72585 4.66515 0.53627
277.77 4.86381 4.66402 0.0356633
277.984 4.72585 4.66515 0.53627
277.984 4.72585 4.66515 0.53627
278.109 4.58952 4.67149 0.06323
278.242 4.5456 4.66546 0.0216982
278.109 4.58952 4.67149 0.06323
278.133 4.56749 4.66576 0.166868
277.984 4.72585 4.66515 0.53627
277.77 4.86381 4.66402 0.0356633
278.109 4.58952 4.67149 0.06323
278.133 4.56749 4.66576 0.166868
278.496 4.58312 4.66818 1.19897e-05
278.133 4.56749 4.66576 0.166868
277.828 4.78862 4.66663 0.106019
277.984 4.72585 4.66515 0.53627
277.828 4.78862 4.66663 0.106019
277.984 4.72585 4.66515 0.53627
277.984 4.72585 4.66515 0.53627
277.984 4.72585 4.66515 0.53627
277.828 4.78862 4.66663 0.106019
277.984 4.72585 4.66515 0.53627
278.133 4.56749 4.66576 0.166868
277.984 4.72585 4.66515 0.53627
277.984 4.72585 4.66515 0.53627
278.133 4.56749 4.66576 0.166868
278.133 4.56749 4.66576 0.166868
277.984 4.72585 4.66515 0.53627
277.984 4.72585 4.66515 0.53627
277.984 4.72585 4.66515 0.53627
277.984 4.72585 4.66515 0.53627
277.984 4.72585 4.66515 0.53627
277.984 4.72585 4.66515 0.53627
277.984 4.72585 4.66515 0.53627
278.161 4.7753 4.67212 0.0325288
278.133 4.56749 4.66576 0.166868
277.828 4.78862 4.66663 0.106019
277.984 4.72585 4.66515 0.53627
277.984 4.72585 4.66515 0.53627
277.984 4.72585 4.66515 0.53627
277.828 4.78862 4.66663 0.106019
278.133 4.56749 4.66576 0.166868
277.984 4.72585 4.66515 0.53627
