274.395 -7.96848 4.13724 0.0724702
274.134 -7.79997 4.13658 0.0407209
274.288 -8.03328 4.14762 0.0296143
274.398 -7.97607 4.14067 0.17109
274.398 -7.97607 4.14067 0.17109
274.054 -8.04393 4.13331 0.0855747
274.329 -7.88684 4.14007 0.162845
274.111 -7.86621 4.13888 0.0516094
274.145 -7.78856 4.12904 0.00688034
274.145 -7.79278 4.13419 0.0339054
274.479 -8.07537 4.1414 0.0618113
274.619 -7.91737 4.14238 0.0118718
274.134 -7.79997 4.13658 0.0407209
274.069 -7.87602 4.13339 0.0648978
274.398 -7.97607 4.14067 0.17109
274.149 -7.71989 4.13783 0.0106422
274.329 -7.88684 4.14007 0.162845
274.395 -7.96848 4.13724 0.0724702
274.069 -7.87602 4.13339 0.0648978
274.667 -7.9414 4.15594 0.0170974
274.329 -7.88684 4.14007 0.162845
274.329 -7.88684 4.14007 0.162845
274.329 -7.88684 4.14007 0.162845
274.395 -7.96848 4.13724 0.0724702
274.134 -7.79997 4.13658 0.0407209
274.398 -7.97607 4.14067 0.17109
274.054 -8.04393 4.13331 0.0855747
274.111 -7.86621 4.13888 0.0516094
274.479 -8.07537 4.1414 0.0618113
274.285 -8.02679 4.14655 0.0480123
274.054 -8.04393 4.13331 0.0855747
274.329 -7.88684 4.14007 0.162845
274.315 -7.93199 4.14895 0.0271089
274.069 -7.87602 4.13339 0.0648978
274.398 -7.97607 4.14067 0.17109
274.111 -7.86621 4.13888 0.0516094
274.479 -8.07537 4.1414 0.0618113
274.479 -8.07537 4.1414 0.0618113
274.069 -7.87602 4.13339 0.0648978
274.398 -7.97607 4.14067 0.17109
274.398 -7.97607 4.14067 0.17109
274.398 -7.97607 4.14067 0.17109
274.054 -8.04393 4.13331 0.0855747
274.329 -7.88684 4.14007 0.162845
274.395 -7.96848 4.13724 0.0724702
274.134 -7.79997 4.13658 0.0407209
274.288 -8.03328 4.14762 0.0296143
274.054 -8.04393 4.13331 0.0855747
274.111 -7.86621 4.13888 0.0516094
274.479 -8.07537 4.1414 0.0618113
274.398 -7.97607 4.14067 0.17109
274.398 -7.97607 4.14067 0.17109
274.329 -7.88684 4.14007 0.162845
274.479 -8.07537 4.1414 0.0618113
274.479 -8.07537 4.1414 0.0618113
274.134 -7.79997 4.13658 0.0407209
274.288 -8.03328 4.14762 0.0296143
274.398 -7.97607 4.14067 0.17109
274.329 -7.88684 4.14007 0.162845
274.329 -7.88684 4.14007 0.162845
274.145 -7.79278 4.13419 0.0339054
274.395 -7.96848 4.13724 0.0724702
274.023 -7.79947 4.13175 0.0180296
274.288 -8.03328 4.14762 0.0296143
274.398 -7.97607 4.14067 0.17109
274.398 -7.97607 4.14067 0.17109
274.329 -7.88684 4.14007 0.162845
274.145 -7.79278 4.13419 0.0339054
274.395 -7.96848 4.13724 0.0724702
274.667 -7.9414 4.15594 0.0170974
274.054 -8.04393 4.13331 0.0855747
274.145 -7.79278 4.13419 0.0339054
274.134 -7.79997 4.13658 0.0407209
274.288 -8.03328 4.14762 0.0296143
274.329 -7.88684 4.14007 0.162845
274.329 -7.88684 4.14007 0.162845
274.375 -7.67163 4.14684 0.00456171
274.023 -7.79947 4.13175 0.0180296
274.398 -7.97607 4.14067 0.17109
274.398 -7.97607 4.14067 0.17109
274.329 -7.88684 4.14007 0.162845
274.395 -7.96848 4.13724 0.0724702
274.285 -8.02679 4.14655 0.0480123
274.398 -7.97607 4.14067 0.17109
274.054 -8.04393 4.13331 0.0855747
274.329 -7.88684 4.14007 0.162845
274.395 -7.96848 4.13724 0.0724702
274.479 -8.07537 4.1414 0.0618113
274.285 -8.02679 4.14655 0.0480123
274.398 -7.97607 4.14067 0.17109
274.054 -8.04393 4.13331 0.0855747
274.329 -7.88684 4.14007 0.162845
274.375 -7.67163 4.14684 0.00456171
274.145 -7.79278 4.13419 0.0339054
274.479 -8.07537 4.1414 0.0618113
274.289 -7.66563 4.15174 0.000132452
274.398 -7.97607 4.14067 0.17109
274.054 -8.04393 4.13331 0.0855747
274.329 -7.88684 4.14007 0.162845
274.315 -7.93199 4.14895 0.0271089
