110.223 -24.1546 3.42308 0.0500263
110.42 -23.7812 3.42724 0.0324654
110.378 -24.1173 3.42835 0.0399202
110.336 -23.7941 3.42836 0.0624657
110.273 -24.0925 3.4356 0.0345457
110.168 -24.1654 3.43153 0.0407483
110.168 -24.1654 3.43153 0.0407483
110.205 -24.0266 3.42574 0.116945
110.205 -24.0266 3.42574 0.116945
110.129 -23.768 3.43547 0.0260858
110.129 -23.768 3.43547 0.0260858
109.909 -23.9764 3.41993 0.0497529
109.995 -24.1507 3.4207 0.0386772
110.121 -23.606 3.42606 0.0220428
110.336 -23.7941 3.42836 0.0624657
110.168 -24.1654 3.43153 0.0407483
110.205 -24.0266 3.42574 0.116945
110.205 -24.0266 3.42574 0.116945
110.129 -23.768 3.43547 0.0260858
109.909 -23.9764 3.41993 0.0497529
110.053 -24.1621 3.42636 0.0485596
109.995 -24.1507 3.4207 0.0386772
110.378 -24.1173 3.42835 0.0399202
110.264 -24.0736 3.42123 0.0551619
109.934 -23.7508 3.42701 0.0309737
110.205 -24.0266 3.42574 0.116945
110.223 -24.1546 3.42308 0.0500263
110.286 -23.6907 3.43042 0.0363485
109.909 -23.9764 3.41993 0.0497529
110.053 -24.1621 3.42636 0.0485596
110.121 -23.606 3.42606 0.0220428
110.264 -24.0736 3.42123 0.0551619
110.168 -24.1654 3.43153 0.0407483
110.023 -23.8111 3.43274 0.0338075
110.205 -24.0266 3.42574 0.116945
110.205 -24.0266 3.42574 0.116945
110.671 -23.9536 3.43315 0.00296785
110.129 -23.768 3.43547 0.0260858
110.223 -24.1546 3.42308 0.0500263
110.286 -23.6907 3.43042 0.0363485
110.42 -23.7812 3.42724 0.0324654
109.995 -24.1507 3.4207 0.0386772
110.273 -24.0925 3.4356 0.0345457
110.507 -23.7107 3.43954 0.0037252
110.16 -24.106 3.43921 0.0105716
110.16 -24.106 3.43921 0.0105716
109.876 -23.9425 3.43372 0.00890329
109.909 -23.9764 3.41993 0.0497529
110.559 -23.8995 3.43411 0.0117216
110.11 -23.7437 3.43898 0.00758843
110.366 -24.1142 3.43905 0.0120147
110.336 -23.7941 3.42836 0.0624657
110.393 -23.726 3.43349 0.0232386
110.264 -24.0736 3.42123 0.0551619
110.264 -24.0736 3.42123 0.0551619
110.168 -24.1654 3.43153 0.0407483
110.205 -24.0266 3.42574 0.116945
110.223 -24.1546 3.42308 0.0500263
110.548 -23.6141 3.42367 0.00141118
110.3 -23.8325 3.41782 0.0266769
110.053 -24.1621 3.42636 0.0485596
110.378 -24.1173 3.42835 0.0399202
110.46 -24.006 3.43898 0.0125772
110.291 -24.2277 3.44179 0.00242758
110.129 -23.768 3.43547 0.0260858
110.223 -24.1546 3.42308 0.0500263
109.909 -23.9764 3.41993 0.0497529
110.42 -23.7812 3.42724 0.0324654
110.382 -23.6884 3.42619 0.0220907
110.336 -23.7941 3.42836 0.0624657
109.934 -23.7508 3.42701 0.0309737
110.205 -24.0266 3.42574 0.116945
110.223 -24.1546 3.42308 0.0500263
110.284 -23.82 3.41872 0.0348782
110.053 -24.1621 3.42636 0.0485596
110.378 -24.1173 3.42835 0.0399202
110.264 -24.0736 3.42123 0.0551619
110.023 -23.8111 3.43274 0.0338075
110.205 -24.0266 3.42574 0.116945
110.286 -23.6907 3.43042 0.0363485
110.284 -23.82 3.41872 0.0348782
110.42 -23.7812 3.42724 0.0324654
110.378 -24.1173 3.42835 0.0399202
110.378 -24.1173 3.42835 0.0399202
110.336 -23.7941 3.42836 0.0624657
110.273 -24.0925 3.4356 0.0345457
110.023 -23.8111 3.43274 0.0338075
110.129 -23.768 3.43547 0.0260858
110.286 -23.6907 3.43042 0.0363485
110.053 -24.1621 3.42636 0.0485596
110.336 -23.7941 3.42836 0.0624657
109.934 -23.7508 3.42701 0.0309737
110.291 -24.2277 3.44179 0.00242758
110.205 -24.0266 3.42574 0.116945
110.223 -24.1546 3.42308 0.0500263
110.223 -24.1546 3.42308 0.0500263
110.223 -24.1546 3.42308 0.0500263
110.572 -23.8408 3.42318 0.00442175
110.3 -23.8325 3.41782 0.0266769
110.053 -24.1621 3.42636 0.0485596
