276.459 16.2499 5.22512 0.0330289
276.33 16.2749 5.23159 0.0838842
276.402 16.4614 5.23377 0.157612
276.367 16.2758 5.23116 0.101596
276.386 16.43 5.22476 0.0254112
276.374 16.5669 5.23703 0.0592224
276.374 16.5669 5.23703 0.0592224
276.402 16.4614 5.23377 0.157612
276.402 16.4614 5.23377 0.157612
276.322 16.3678 5.22866 0.0925315
276.322 16.3678 5.22866 0.0925315
276.367 16.2758 5.23116 0.101596
276.386 16.43 5.22476 0.0254112
276.374 16.5669 5.23703 0.0592224
276.122 16.196 5.23903 0.000148357
276.484 16.4492 5.24336 0.0174221
276.33 16.2749 5.23159 0.0838842
276.33 16.2749 5.23159 0.0838842
276.402 16.4614 5.23377 0.157612
276.367 16.2758 5.23116 0.101596
276.191 16.4888 5.22907 0.00888757
276.377 16.2766 5.23023 0.102881
276.374 16.5669 5.23703 0.0592224
276.33 16.2749 5.23159 0.0838842
276.366 16.6081 5.23387 0.026525
276.275 16.2863 5.22775 0.0432713
276.367 16.2758 5.23116 0.101596
276.479 16.1158 5.22803 0.00719444
276.374 16.5669 5.23703 0.0592224
276.345 16.3028 5.24017 0.0199692
276.322 16.3678 5.22866 0.0925315
276.59 16.2994 5.23042 0.0257041
276.382 16.4064 5.22954 0.12776
276.374 16.5669 5.23703 0.0592224
276.484 16.4492 5.24336 0.0174221
276.484 16.4492 5.24336 0.0174221
276.366 16.6081 5.23387 0.026525
276.402 16.4614 5.23377 0.157612
276.367 16.2758 5.23116 0.101596
276.459 16.2499 5.22512 0.0330289
276.33 16.2749 5.23159 0.0838842
276.366 16.6081 5.23387 0.026525
276.275 16.2863 5.22775 0.0432713
276.367 16.2758 5.23116 0.101596
276.459 16.2499 5.22512 0.0330289
276.377 16.2766 5.23023 0.102881
276.33 16.2749 5.23159 0.0838842
276.322 16.3678 5.22866 0.0925315
276.367 16.2758 5.23116 0.101596
276.367 16.2758 5.23116 0.101596
276.382 16.4064 5.22954 0.12776
276.159 16.4901 5.23158 0.00759409
276.377 16.2766 5.23023 0.102881
276.33 16.2749 5.23159 0.0838842
276.402 16.4614 5.23377 0.157612
276.322 16.3678 5.22866 0.0925315
276.382 16.4064 5.22954 0.12776
276.377 16.2766 5.23023 0.102881
276.374 16.5669 5.23703 0.0592224
276.159 16.6162 5.23287 0.00147105
276.402 16.4614 5.23377 0.157612
276.322 16.3678 5.22866 0.0925315
276.367 16.2758 5.23116 0.101596
276.382 16.4064 5.22954 0.12776
276.377 16.2766 5.23023 0.102881
276.484 16.4492 5.24336 0.0174221
276.402 16.4614 5.23377 0.157612
276.402 16.4614 5.23377 0.157612
276.59 16.2994 5.23042 0.0257041
276.367 16.2758 5.23116 0.101596
276.382 16.4064 5.22954 0.12776
276.377 16.2766 5.23023 0.102881
276.374 16.5669 5.23703 0.0592224
276.402 16.4614 5.23377 0.157612
276.275 16.2863 5.22775 0.0432713
276.382 16.4064 5.22954 0.12776
276.377 16.2766 5.23023 0.102881
276.374 16.5669 5.23703 0.0592224
276.33 16.2749 5.23159 0.0838842
276.167 16.5056 5.2328 0.0088391
276.275 16.2863 5.22775 0.0432713
276.367 16.2758 5.23116 0.101596
276.382 16.4064 5.22954 0.12776
276.377 16.2766 5.23023 0.102881
276.374 16.5669 5.23703 0.0592224
276.33 16.2749 5.23159 0.0838842
276.402 16.4614 5.23377 0.157612
276.382 16.4064 5.22954 0.12776
276.377 16.2766 5.23023 0.102881
276.345 16.3028 5.24017 0.0199692
276.402 16.4614 5.23377 0.157612
276.402 16.4614 5.23377 0.157612
276.275 16.2863 5.22775 0.0432713
276.322 16.3678 5.22866 0.0925315
276.382 16.4064 5.22954 0.12776
276.386 16.43 5.22476 0.0254112
276.377 16.2766 5.23023 0.102881
276.377 16.2766 5.23023 0.102881
276.374 16.5669 5.23703 0.0592224
276.33 16.2749 5.23159 0.0838842
