32.5948 -80.4947 3.88043 0.339295
32.6488 -80.4339 3.87553 0.322425
32.4562 -80.6269 3.87755 0.193876
32.5948 -80.4947 3.88043 0.339295
32.6488 -80.4339 3.87553 0.322425
32.5948 -80.4947 3.88043 0.339295
32.4232 -80.6104 3.87084 0.0951447
32.4562 -80.6269 3.87755 0.193876
32.8157 -80.3695 3.877 0.0131697
32.6488 -80.4339 3.87553 0.322425
32.4562 -80.6269 3.87755 0.193876
32.6488 -80.4339 3.87553 0.322425
32.6488 -80.4339 3.87553 0.322425
32.5948 -80.4947 3.88043 0.339295
32.6488 -80.4339 3.87553 0.322425
32.4562 -80.6269 3.87755 0.193876
32.5948 -80.4947 3.88043 0.339295
32.5948 -80.4947 3.88043 0.339295
32.4562 -80.6269 3.87755 0.193876
32.5948 -80.4947 3.88043 0.339295
32.6488 -80.4339 3.87553 0.322425
32.6488 -80.4339 3.87553 0.322425
32.5948 -80.4947 3.88043 0.339295
32.4562 -80.6269 3.87755 0.193876
32.5948 -80.4947 3.88043 0.339295
32.6628 -80.6466 3.88792 0.00151577
32.5948 -80.4947 3.88043 0.339295
32.5948 -80.4947 3.88043 0.339295
32.6488 -80.4339 3.87553 0.322425
32.4232 -80.6104 3.87084 0.0951447
32.8157 -80.3695 3.877 0.0131697
32.4562 -80.6269 3.87755 0.193876
32.373 -80.6088 3.88266 0.00300685
32.6488 -80.4339 3.87553 0.322425
32.4562 -80.6269 3.87755 0.193876
32.5948 -80.4947 3.88043 0.339295
32.6488 -80.4339 3.87553 0.322425
32.5948 -80.4947 3.88043 0.339295
32.4562 -80.6269 3.87755 0.193876
32.4562 -80.6269 3.87755 0.193876
32.4562 -80.6269 3.87755 0.193876
32.5948 -80.4947 3.88043 0.339295
32.4562 -80.6269 3.87755 0.193876
32.5948 -80.4947 3.88043 0.339295
32.4937 -80.8583 3.87356 0.000346384
32.4562 -80.6269 3.87755 0.193876
32.4562 -80.6269 3.87755 0.193876
32.4562 -80.6269 3.87755 0.193876
32.5948 -80.4947 3.88043 0.339295
32.5948 -80.4947 3.88043 0.339295
32.4562 -80.6269 3.87755 0.193876
32.5948 -80.4947 3.88043 0.339295
32.6488 -80.4339 3.87553 0.322425
32.6488 -80.4339 3.87553 0.322425
32.4562 -80.6269 3.87755 0.193876
32.6488 -80.4339 3.87553 0.322425
32.4562 -80.6269 3.87755 0.193876
32.5948 -80.4947 3.88043 0.339295
32.4232 -80.6104 3.87084 0.0951447
32.5948 -80.4947 3.88043 0.339295
32.4232 -80.6104 3.87084 0.0951447
32.5948 -80.4947 3.88043 0.339295
32.5948 -80.4947 3.88043 0.339295
32.4562 -80.6269 3.87755 0.193876
32.6488 -80.4339 3.87553 0.322425
32.4232 -80.6104 3.87084 0.0951447
32.373 -80.6088 3.88266 0.00300685
32.6488 -80.4339 3.87553 0.322425
32.4562 -80.6269 3.87755 0.193876
32.6488 -80.4339 3.87553 0.322425
32.5948 -80.4947 3.88043 0.339295
32.4232 -80.6104 3.87084 0.0951447
32.4562 -80.6269 3.87755 0.193876
32.6488 -80.4339 3.87553 0.322425
32.5948 -80.4947 3.88043 0.339295
32.5948 -80.4947 3.88043 0.339295
32.6488 -80.4339 3.87553 0.322425
32.6488 -80.4339 3.87553 0.322425
32.6488 -80.4339 3.87553 0.322425
32.4232 -80.6104 3.87084 0.0951447
32.4562 -80.6269 3.87755 0.193876
32.4562 -80.6269 3.87755 0.193876
32.5262 -80.7297 3.88368 0.00453659
32.5948 -80.4947 3.88043 0.339295
32.6488 -80.4339 3.87553 0.322425
32.6488 -80.4339 3.87553 0.322425
32.5948 -80.4947 3.88043 0.339295
32.6488 -80.4339 3.87553 0.322425
32.5948 -80.4947 3.88043 0.339295
32.5948 -80.4947 3.88043 0.339295
32.4562 -80.6269 3.87755 0.193876
32.5948 -80.4947 3.88043 0.339295
32.4562 -80.6269 3.87755 0.193876
32.4937 -80.8583 3.87356 0.000346384
32.4562 -80.6269 3.87755 0.193876
32.5948 -80.4947 3.88043 0.339295
32.6488 -80.4339 3.87553 0.322425
32.5948 -80.4947 3.88043 0.339295
32.4562 -80.6269 3.87755 0.193876
32.4583 -80.56 3.88457 0.00377565
