40.5333 -70.1188 3.93435 0.0374604
40.198 -70.0647 3.92146 0.0216792
40.3379 -70.1775 3.92899 0.453018
40.4285 -70.1464 3.93458 0.140243
40.0666 -70.2381 3.92935 0.0366147
40.3379 -70.1775 3.92899 0.453018
40.3379 -70.1775 3.92899 0.453018
40.0666 -70.2381 3.92935 0.0366147
40.3379 -70.1775 3.92899 0.453018
40.3379 -70.1775 3.92899 0.453018
40.5333 -70.1188 3.93435 0.0374604
40.3379 -70.1775 3.92899 0.453018
40.4685 -70.1035 3.92983 0.086034
40.3379 -70.1775 3.92899 0.453018
40.4285 -70.1464 3.93458 0.140243
40.2451 -70.0605 3.9345 0.0412216
40.4685 -70.1035 3.92983 0.086034
40.4285 -70.1464 3.93458 0.140243
40.3379 -70.1775 3.92899 0.453018
40.3379 -70.1775 3.92899 0.453018
40.4285 -70.1464 3.93458 0.140243
40.0666 -70.2381 3.92935 0.0366147
40.3379 -70.1775 3.92899 0.453018
40.0666 -70.2381 3.92935 0.0366147
40.4285 -70.1464 3.93458 0.140243
40.4285 -70.1464 3.93458 0.140243
40.4685 -70.1035 3.92983 0.086034
40.3993 -70.3276 3.93017 0.120639
40.4685 -70.1035 3.92983 0.086034
40.3379 -70.1775 3.92899 0.453018
40.2774 -70.4093 3.93215 0.0290253
40.3379 -70.1775 3.92899 0.453018
40.3379 -70.1775 3.92899 0.453018
40.3379 -70.1775 3.92899 0.453018
40.198 -70.0647 3.92146 0.0216792
40.6716 -70.088 3.93323 0.000927554
40.4685 -70.1035 3.92983 0.086034
40.4685 -70.1035 3.92983 0.086034
40.3379 -70.1775 3.92899 0.453018
40.4685 -70.1035 3.92983 0.086034
40.3993 -70.3276 3.93017 0.120639
40.4685 -70.1035 3.92983 0.086034
40.4285 -70.1464 3.93458 0.140243
40.3379 -70.1775 3.92899 0.453018
40.2451 -70.0605 3.9345 0.0412216
40.4285 -70.1464 3.93458 0.140243
40.0666 -70.2381 3.92935 0.0366147
40.2774 -70.4093 3.93215 0.0290253
40.3379 -70.1775 3.92899 0.453018
40.3379 -70.1775 3.92899 0.453018
40.4685 -70.1035 3.92983 0.086034
40.3379 -70.1775 3.92899 0.453018
40.2774 -70.4093 3.93215 0.0290253
40.3379 -70.1775 3.92899 0.453018
40.3379 -70.1775 3.92899 0.453018
40.4685 -70.1035 3.92983 0.086034
40.198 -70.0647 3.92146 0.0216792
40.3379 -70.1775 3.92899 0.453018
40.3379 -70.1775 3.92899 0.453018
40.2919 -70.3086 3.93796 0.0071199
40.4285 -70.1464 3.93458 0.140243
40.4685 -70.1035 3.92983 0.086034
40.3379 -70.1775 3.92899 0.453018
40.5333 -70.1188 3.93435 0.0374604
40.3379 -70.1775 3.92899 0.453018
40.0666 -70.2381 3.92935 0.0366147
40.4285 -70.1464 3.93458 0.140243
40.3993 -70.3276 3.93017 0.120639
40.2774 -70.4093 3.93215 0.0290253
40.3993 -70.3276 3.93017 0.120639
40.3379 -70.1775 3.92899 0.453018
40.4285 -70.1464 3.93458 0.140243
40.4285 -70.1464 3.93458 0.140243
40.4285 -70.1464 3.93458 0.140243
40.3993 -70.3276 3.93017 0.120639
40.3379 -70.1775 3.92899 0.453018
40.0666 -70.2381 3.92935 0.0366147
40.5333 -70.1188 3.93435 0.0374604
40.3555 -70.4388 3.92582 0.0067995
40.3993 -70.3276 3.93017 0.120639
40.3379 -70.1775 3.92899 0.453018
40.4285 -70.1464 3.93458 0.140243
40.3379 -70.1775 3.92899 0.453018
40.2451 -70.0605 3.9345 0.0412216
40.4285 -70.1464 3.93458 0.140243
40.4685 -70.1035 3.92983 0.086034
40.2451 -70.0605 3.9345 0.0412216
40.5333 -70.1188 3.93435 0.0374604
40.3379 -70.1775 3.92899 0.453018
40.3379 -70.1775 3.92899 0.453018
40.5333 -70.1188 3.93435 0.0374604
40.3379 -70.1775 3.92899 0.453018
40.5333 -70.1188 3.93435 0.0374604
40.198 -70.0647 3.92146 0.0216792
40.3379 -70.1775 3.92899 0.453018
40.4685 -70.1035 3.92983 0.086034
40.3379 -70.1775 3.92899 0.453018
40.3379 -70.1775 3.92899 0.453018
40.3379 -70.1775 3.92899 0.453018
40.4285 -70.1464 3.93458 0.140243
