202.612 25.7534 0.0722238 0.122438
202.494 25.8953 0.0764461 0.27784
202.406 25.9121 0.0814873 0.145376
202.406 25.9121 0.0814873 0.145376
202.494 25.8953 0.0764461 0.27784
202.494 25.8953 0.0764461 0.27784
202.406 25.9121 0.0814873 0.145376
202.679 25.803 0.0724508 0.121828
202.6 25.7024 0.0811437 0.0725965
202.612 25.7534 0.0722238 0.122438
202.494 25.8953 0.0764461 0.27784
202.406 25.9121 0.0814873 0.145376
202.679 25.803 0.0724508 0.121828
202.6 25.7024 0.0811437 0.0725965
202.572 25.9746 0.0718623 0.0965081
202.612 25.7534 0.0722238 0.122438
202.341 25.6056 0.071065 0.00241369
202.716 25.9912 0.0864131 0.0088563
202.494 25.8953 0.0764461 0.27784
202.494 25.8953 0.0764461 0.27784
202.406 25.9121 0.0814873 0.145376
202.848 25.8541 0.0669823 0.00424699
202.679 25.803 0.0724508 0.121828
202.6 25.7024 0.0811437 0.0725965
202.612 25.7534 0.0722238 0.122438
202.494 25.8953 0.0764461 0.27784
202.572 25.9746 0.0718623 0.0965081
202.572 25.9746 0.0718623 0.0965081
202.406 25.9121 0.0814873 0.145376
202.494 25.8953 0.0764461 0.27784
202.406 25.9121 0.0814873 0.145376
202.679 25.803 0.0724508 0.121828
202.781 26.0438 0.0699028 0.00751766
202.406 25.9121 0.0814873 0.145376
202.494 25.8953 0.0764461 0.27784
202.406 25.9121 0.0814873 0.145376
202.81 25.9214 0.087493 0.00123328
202.494 25.8953 0.0764461 0.27784
202.494 25.8953 0.0764461 0.27784
202.6 25.7024 0.0811437 0.0725965
202.612 25.7534 0.0722238 0.122438
202.494 25.8953 0.0764461 0.27784
202.612 25.7534 0.0722238 0.122438
202.494 25.8953 0.0764461 0.27784
202.494 25.8953 0.0764461 0.27784
202.572 25.9746 0.0718623 0.0965081
202.829 25.7179 0.0764342 0.0126174
202.494 25.8953 0.0764461 0.27784
202.406 25.9121 0.0814873 0.145376
202.679 25.803 0.0724508 0.121828
202.679 25.803 0.0724508 0.121828
202.494 25.8953 0.0764461 0.27784
202.6 25.7024 0.0811437 0.0725965
202.612 25.7534 0.0722238 0.122438
202.494 25.8953 0.0764461 0.27784
202.612 25.7534 0.0722238 0.122438
202.494 25.8953 0.0764461 0.27784
202.6 25.7024 0.0811437 0.0725965
202.805 25.8073 0.0731223 0.0337254
202.406 25.9121 0.0814873 0.145376
202.716 25.9912 0.0864131 0.0088563
202.679 25.803 0.0724508 0.121828
202.494 25.8953 0.0764461 0.27784
202.6 25.7024 0.0811437 0.0725965
202.572 25.9746 0.0718623 0.0965081
202.679 25.803 0.0724508 0.121828
202.6 25.7024 0.0811437 0.0725965
202.406 25.9121 0.0814873 0.145376
202.494 25.8953 0.0764461 0.27784
202.805 25.8073 0.0731223 0.0337254
202.679 25.803 0.0724508 0.121828
202.6 25.7024 0.0811437 0.0725965
202.277 26.02 0.0756256 0.00943056
202.494 25.8953 0.0764461 0.27784
202.805 25.8073 0.0731223 0.0337254
202.51 25.6587 0.0646234 0.00200898
202.494 25.8953 0.0764461 0.27784
202.781 26.0438 0.0699028 0.00751766
202.679 25.803 0.0724508 0.121828
202.494 25.8953 0.0764461 0.27784
202.6 25.7024 0.0811437 0.0725965
202.6 25.7024 0.0811437 0.0725965
202.612 25.7534 0.0722238 0.122438
202.494 25.8953 0.0764461 0.27784
202.406 25.9121 0.0814873 0.145376
202.494 25.8953 0.0764461 0.27784
202.6 25.7024 0.0811437 0.0725965
202.805 25.8073 0.0731223 0.0337254
202.406 25.9121 0.0814873 0.145376
202.406 25.9121 0.0814873 0.145376
202.716 25.9912 0.0864131 0.0088563
202.679 25.803 0.0724508 0.121828
202.494 25.8953 0.0764461 0.27784
202.406 25.9121 0.0814873 0.145376
202.612 25.7534 0.0722238 0.122438
202.679 25.803 0.0724508 0.121828
202.6 25.7024 0.0811437 0.0725965
202.406 25.9121 0.0814873 0.145376
202.406 25.9121 0.0814873 0.145376
202.406 25.9121 0.0814873 0.145376
