275.901 16.9921 5.25717 0.202328
275.901 16.9921 5.25717 0.202328
276.098 17.3299 5.26339 0.00176932
276.043 17.011 5.2612 0.0608603
275.883 16.9621 5.25558 0.160888
275.883 16.9621 5.25558 0.160888
275.883 16.9621 5.25558 0.160888
275.805 17.2832 5.26216 0.023558
275.901 16.9921 5.25717 0.202328
276.095 17.1182 5.26127 0.0282922
275.96 16.8996 5.2611 0.0451571
275.883 16.9621 5.25558 0.160888
275.873 16.9371 5.26432 0.0403552
275.911 17.4676 5.26949 0.000242505
276.095 17.1182 5.26127 0.0282922
275.96 16.8996 5.2611 0.0451571
276.081 16.8071 5.25758 0.00365513
276.095 17.1182 5.26127 0.0282922
275.822 16.8773 5.25523 0.0599937
275.883 16.9621 5.25558 0.160888
275.883 16.9621 5.25558 0.160888
275.901 16.9921 5.25717 0.202328
275.901 16.9921 5.25717 0.202328
276.095 17.1182 5.26127 0.0282922
276.172 17.2474 5.26466 0.001292
276.043 17.011 5.2612 0.0608603
275.883 16.9621 5.25558 0.160888
275.901 16.9921 5.25717 0.202328
275.822 16.8773 5.25523 0.0599937
275.883 16.9621 5.25558 0.160888
275.901 16.9921 5.25717 0.202328
275.754 17.0968 5.26288 0.0797988
275.822 16.8773 5.25523 0.0599937
276.043 17.011 5.2612 0.0608603
275.883 16.9621 5.25558 0.160888
275.883 16.9621 5.25558 0.160888
275.883 16.9621 5.25558 0.160888
275.912 17.255 5.26245 0.0490476
275.901 16.9921 5.25717 0.202328
275.901 16.9921 5.25717 0.202328
275.822 16.8773 5.25523 0.0599937
275.883 16.9621 5.25558 0.160888
275.919 17.2548 5.26757 0.0249227
275.968 17.2429 5.26198 0.0451373
275.901 16.9921 5.25717 0.202328
276.043 17.011 5.2612 0.0608603
275.843 17.2997 5.25957 0.0166053
275.873 16.9371 5.26432 0.0403552
275.901 16.9921 5.25717 0.202328
275.901 16.9921 5.25717 0.202328
275.752 17.0151 5.26687 0.0181987
275.754 17.0968 5.26288 0.0797988
276.043 17.011 5.2612 0.0608603
275.96 16.8996 5.2611 0.0451571
275.873 16.9371 5.26432 0.0403552
275.901 16.9921 5.25717 0.202328
275.754 17.0968 5.26288 0.0797988
275.883 16.9621 5.25558 0.160888
275.843 17.2997 5.25957 0.0166053
275.843 17.2997 5.25957 0.0166053
275.637 17.1448 5.25926 0.0104941
276.04 17.1277 5.2681 0.0154539
276.014 17.1072 5.26629 0.0388312
275.912 17.255 5.26245 0.0490476
275.752 17.0151 5.26687 0.0181987
275.96 16.8996 5.2611 0.0451571
275.883 16.9621 5.25558 0.160888
276.014 17.1072 5.26629 0.0388312
275.901 16.9921 5.25717 0.202328
276.043 17.011 5.2612 0.0608603
276.043 17.011 5.2612 0.0608603
275.912 17.255 5.26245 0.0490476
275.968 17.2429 5.26198 0.0451373
275.901 16.9921 5.25717 0.202328
275.901 16.9921 5.25717 0.202328
275.901 16.9921 5.25717 0.202328
275.754 17.0968 5.26288 0.0797988
276.043 17.011 5.2612 0.0608603
275.883 16.9621 5.25558 0.160888
276.081 16.8071 5.25758 0.00365513
275.637 17.1448 5.25926 0.0104941
275.822 16.8773 5.25523 0.0599937
276.014 17.1072 5.26629 0.0388312
275.901 16.9921 5.25717 0.202328
276.098 17.3299 5.26339 0.00176932
275.977 17.294 5.26787 0.0101887
275.912 17.255 5.26245 0.0490476
275.873 16.9371 5.26432 0.0403552
275.637 17.1448 5.25926 0.0104941
275.754 17.0968 5.26288 0.0797988
276.041 17.1912 5.25586 0.0207942
275.883 16.9621 5.25558 0.160888
275.919 17.2548 5.26757 0.0249227
275.901 16.9921 5.25717 0.202328
275.752 17.0151 5.26687 0.0181987
275.883 16.9621 5.25558 0.160888
275.873 16.9371 5.26432 0.0403552
275.901 16.9921 5.25717 0.202328
275.901 16.9921 5.25717 0.202328
275.754 17.0968 5.26288 0.0797988
