264.91 -17.52 3.63185 0.124331
265.028 -17.5031 3.63494 0.176641
265.028 -17.5031 3.63494 0.176641
265.209 -17.3991 3.63716 0.0419103
265.205 -17.4224 3.64372 0.0633088
265.205 -17.4224 3.64372 0.0633088
264.91 -17.52 3.63185 0.124331
265.014 -17.7167 3.64101 0.0349623
265.051 -17.5003 3.63921 0.184407
264.994 -17.6333 3.63398 0.0943659
264.901 -17.4196 3.63888 0.0240849
265.569 -17.7466 3.64388 0.00221466
264.91 -17.52 3.63185 0.124331
265.028 -17.5031 3.63494 0.176641
265.051 -17.5003 3.63921 0.184407
265.051 -17.5003 3.63921 0.184407
265.051 -17.5003 3.63921 0.184407
265.051 -17.5003 3.63921 0.184407
264.536 -17.3972 3.62928 0.00440494
264.727 -17.5149 3.6332 0.0359704
265.205 -17.4224 3.64372 0.0633088
265.33 -17.6 3.65429 0.000973605
265.051 -17.5003 3.63921 0.184407
265.094 -17.5585 3.64361 0.0672387
265.205 -17.4224 3.64372 0.0633088
264.91 -17.52 3.63185 0.124331
264.91 -17.52 3.63185 0.124331
265.028 -17.5031 3.63494 0.176641
265.051 -17.5003 3.63921 0.184407
265.094 -17.5585 3.64361 0.0672387
264.901 -17.4196 3.63888 0.0240849
264.91 -17.52 3.63185 0.124331
265.028 -17.5031 3.63494 0.176641
265.051 -17.5003 3.63921 0.184407
265.773 -17.5237 3.64993 0.0012695
265.205 -17.4224 3.64372 0.0633088
264.91 -17.52 3.63185 0.124331
265.028 -17.5031 3.63494 0.176641
265.051 -17.5003 3.63921 0.184407
265.352 -17.3041 3.6461 0.00494256
264.91 -17.52 3.63185 0.124331
264.91 -17.52 3.63185 0.124331
265.014 -17.7167 3.64101 0.0349623
265.051 -17.5003 3.63921 0.184407
265.051 -17.5003 3.63921 0.184407
264.994 -17.6333 3.63398 0.0943659
264.994 -17.6333 3.63398 0.0943659
264.901 -17.4196 3.63888 0.0240849
265.028 -17.5031 3.63494 0.176641
265.051 -17.5003 3.63921 0.184407
265.094 -17.5585 3.64361 0.0672387
265.205 -17.4224 3.64372 0.0633088
264.91 -17.52 3.63185 0.124331
265.028 -17.5031 3.63494 0.176641
265.051 -17.5003 3.63921 0.184407
265.209 -17.3991 3.63716 0.0419103
265.094 -17.5585 3.64361 0.0672387
265.205 -17.4224 3.64372 0.0633088
265.028 -17.5031 3.63494 0.176641
265.028 -17.5031 3.63494 0.176641
265.051 -17.5003 3.63921 0.184407
265.051 -17.5003 3.63921 0.184407
265.094 -17.5585 3.64361 0.0672387
264.91 -17.52 3.63185 0.124331
265.051 -17.5003 3.63921 0.184407
265.209 -17.3991 3.63716 0.0419103
265.205 -17.4224 3.64372 0.0633088
265.014 -17.7167 3.64101 0.0349623
265.028 -17.5031 3.63494 0.176641
265.028 -17.5031 3.63494 0.176641
265.209 -17.3991 3.63716 0.0419103
264.994 -17.6333 3.63398 0.0943659
265.094 -17.5585 3.64361 0.0672387
264.91 -17.52 3.63185 0.124331
264.91 -17.52 3.63185 0.124331
265.051 -17.5003 3.63921 0.184407
265.051 -17.5003 3.63921 0.184407
265.054 -17.5077 3.63137 0.0294934
265.28 -17.7078 3.65498 0.000136156
265.028 -17.5031 3.63494 0.176641
264.994 -17.6333 3.63398 0.0943659
265.094 -17.5585 3.64361 0.0672387
265.094 -17.5585 3.64361 0.0672387
264.91 -17.52 3.63185 0.124331
264.91 -17.52 3.63185 0.124331
265.014 -17.7167 3.64101 0.0349623
265.028 -17.5031 3.63494 0.176641
265.051 -17.5003 3.63921 0.184407
265.051 -17.5003 3.63921 0.184407
265.051 -17.5003 3.63921 0.184407
265.094 -17.5585 3.64361 0.0672387
265.205 -17.4224 3.64372 0.0633088
265.028 -17.5031 3.63494 0.176641
265.051 -17.5003 3.63921 0.184407
265.051 -17.5003 3.63921 0.184407
265.054 -17.5077 3.63137 0.0294934
265.205 -17.4224 3.64372 0.0633088
264.91 -17.52 3.63185 0.124331
265.051 -17.5003 3.63921 0.184407
265.094 -17.5585 3.64361 0.0672387
