265.583 -15.3195 3.72627 0.211403
265.583 -15.3195 3.72627 0.211403
265.702 -15.2679 3.72557 0.173373
265.652 -15.5387 3.72929 0.0157158
266.042 -15.3591 3.73342 0.0167022
265.338 -15.2872 3.71514 0.091476
265.583 -15.3195 3.72627 0.211403
265.702 -15.2679 3.72557 0.173373
265.501 -15.2342 3.72782 0.0621875
265.501 -15.2342 3.72782 0.0621875
265.338 -15.2872 3.71514 0.091476
265.338 -15.2872 3.71514 0.091476
265.583 -15.3195 3.72627 0.211403
265.583 -15.3195 3.72627 0.211403
265.583 -15.3195 3.72627 0.211403
265.702 -15.2679 3.72557 0.173373
265.671 -15.2035 3.71799 0.00656916
265.513 -15.3341 3.73038 0.0171897
265.702 -15.2679 3.72557 0.173373
265.652 -15.5387 3.72929 0.0157158
265.583 -15.3195 3.72627 0.211403
265.702 -15.2679 3.72557 0.173373
265.501 -15.2342 3.72782 0.0621875
265.671 -15.2035 3.71799 0.00656916
265.583 -15.3195 3.72627 0.211403
265.702 -15.2679 3.72557 0.173373
265.778 -15.2316 3.72375 0.0336904
265.338 -15.2872 3.71514 0.091476
265.55 -15.1692 3.71929 0.0958692
265.702 -15.2679 3.72557 0.173373
266.042 -15.3591 3.73342 0.0167022
265.263 -15.3017 3.71859 0.0892964
265.583 -15.3195 3.72627 0.211403
265.702 -15.2679 3.72557 0.173373
265.779 -15.068 3.72837 0.0210774
265.338 -15.2872 3.71514 0.091476
265.583 -15.3195 3.72627 0.211403
265.702 -15.2679 3.72557 0.173373
265.501 -15.2342 3.72782 0.0621875
265.671 -15.2035 3.71799 0.00656916
265.774 -15.1907 3.72558 0.0630914
265.583 -15.3195 3.72627 0.211403
265.702 -15.2679 3.72557 0.173373
265.652 -15.5387 3.72929 0.0157158
265.263 -15.3017 3.71859 0.0892964
265.513 -15.3341 3.73038 0.0171897
265.583 -15.3195 3.72627 0.211403
265.583 -15.3195 3.72627 0.211403
265.55 -15.1692 3.71929 0.0958692
265.779 -15.068 3.72837 0.0210774
265.338 -15.2872 3.71514 0.091476
265.774 -15.1907 3.72558 0.0630914
265.583 -15.3195 3.72627 0.211403
265.55 -15.1692 3.71929 0.0958692
265.501 -15.2342 3.72782 0.0621875
265.652 -15.5387 3.72929 0.0157158
265.652 -15.5387 3.72929 0.0157158
265.263 -15.3017 3.71859 0.0892964
265.583 -15.3195 3.72627 0.211403
265.583 -15.3195 3.72627 0.211403
265.583 -15.3195 3.72627 0.211403
265.55 -15.1692 3.71929 0.0958692
265.702 -15.2679 3.72557 0.173373
266.042 -15.3591 3.73342 0.0167022
265.583 -15.3195 3.72627 0.211403
265.583 -15.3195 3.72627 0.211403
265.702 -15.2679 3.72557 0.173373
265.174 -15.0268 3.71158 0.0260735
265.513 -15.3341 3.73038 0.0171897
265.583 -15.3195 3.72627 0.211403
265.583 -15.3195 3.72627 0.211403
265.55 -15.1692 3.71929 0.0958692
265.702 -15.2679 3.72557 0.173373
265.338 -15.2872 3.71514 0.091476
265.338 -15.2872 3.71514 0.091476
265.583 -15.3195 3.72627 0.211403
265.55 -15.1692 3.71929 0.0958692
265.652 -15.5387 3.72929 0.0157158
265.263 -15.3017 3.71859 0.0892964
265.774 -15.1907 3.72558 0.0630914
265.583 -15.3195 3.72627 0.211403
265.702 -15.2679 3.72557 0.173373
265.702 -15.2679 3.72557 0.173373
265.501 -15.2342 3.72782 0.0621875
265.263 -15.3017 3.71859 0.0892964
265.338 -15.2872 3.71514 0.091476
265.583 -15.3195 3.72627 0.211403
265.702 -15.2679 3.72557 0.173373
265.702 -15.2679 3.72557 0.173373
265.501 -15.2342 3.72782 0.0621875
265.774 -15.1907 3.72558 0.0630914
265.583 -15.3195 3.72627 0.211403
265.583 -15.3195 3.72627 0.211403
265.55 -15.1692 3.71929 0.0958692
265.702 -15.2679 3.72557 0.173373
265.779 -15.068 3.72837 0.0210774
265.338 -15.2872 3.71514 0.091476
265.583 -15.3195 3.72627 0.211403
265.583 -15.3195 3.72627 0.211403
265.55 -15.1692 3.71929 0.0958692
