147.703 21.6559 0.0777213 0.0757817
147.479 21.6307 0.0795142 0.130524
147.493 21.2314 0.0759773 0.0153068
147.535 21.6658 0.0751509 0.166323
147.703 21.6559 0.0777213 0.0757817
147.651 21.2603 0.0722808 0.0101909
147.352 21.5184 0.0774421 0.0768955
147.352 21.5184 0.0774421 0.0768955
147.479 21.6307 0.0795142 0.130524
147.647 21.6786 0.0736502 0.126376
147.647 21.6786 0.0736502 0.126376
147.348 21.3779 0.0780177 0.0438632
147.535 21.6658 0.0751509 0.166323
147.793 21.5126 0.0685544 0.0130566
147.703 21.6559 0.0777213 0.0757817
147.743 21.7466 0.0780427 0.0069569
147.479 21.6307 0.0795142 0.130524
147.647 21.6786 0.0736502 0.126376
147.647 21.6786 0.0736502 0.126376
147.48 21.245 0.0782217 0.0285844
147.535 21.6658 0.0751509 0.166323
147.703 21.6559 0.0777213 0.0757817
147.729 21.6884 0.0724474 0.0533727
147.479 21.6307 0.0795142 0.130524
147.479 21.6307 0.0795142 0.130524
147.647 21.6786 0.0736502 0.126376
147.348 21.3779 0.0780177 0.0438632
147.479 21.4758 0.0711539 0.0386559
147.535 21.6658 0.0751509 0.166323
147.793 21.5126 0.0685544 0.0130566
147.733 21.6225 0.0776041 0.079837
147.479 21.6307 0.0795142 0.130524
147.647 21.6786 0.0736502 0.126376
147.411 21.4178 0.0749559 0.082096
147.793 21.5126 0.0685544 0.0130566
147.729 21.6884 0.0724474 0.0533727
147.479 21.6307 0.0795142 0.130524
147.647 21.6786 0.0736502 0.126376
147.535 21.6658 0.0751509 0.166323
147.703 21.6559 0.0777213 0.0757817
147.479 21.6307 0.0795142 0.130524
147.647 21.6786 0.0736502 0.126376
147.647 21.6786 0.0736502 0.126376
147.647 21.6786 0.0736502 0.126376
147.48 21.245 0.0782217 0.0285844
147.411 21.4178 0.0749559 0.082096
147.535 21.6658 0.0751509 0.166323
147.703 21.6559 0.0777213 0.0757817
147.703 21.6559 0.0777213 0.0757817
147.881 21.4516 0.0768172 0.00825518
147.352 21.5184 0.0774421 0.0768955
147.352 21.5184 0.0774421 0.0768955
147.479 21.6307 0.0795142 0.130524
147.48 21.245 0.0782217 0.0285844
147.411 21.4178 0.0749559 0.082096
147.733 21.6225 0.0776041 0.079837
147.703 21.6559 0.0777213 0.0757817
147.479 21.6307 0.0795142 0.130524
147.479 21.6307 0.0795142 0.130524
147.647 21.6786 0.0736502 0.126376
147.535 21.6658 0.0751509 0.166323
147.535 21.6658 0.0751509 0.166323
147.535 21.6658 0.0751509 0.166323
147.729 21.6884 0.0724474 0.0533727
147.479 21.6307 0.0795142 0.130524
147.647 21.6786 0.0736502 0.126376
147.411 21.4178 0.0749559 0.082096
147.535 21.6658 0.0751509 0.166323
147.733 21.6225 0.0776041 0.079837
147.423 21.7532 0.0790356 0.00988267
147.647 21.6786 0.0736502 0.126376
147.479 21.4758 0.0711539 0.0386559
147.535 21.6658 0.0751509 0.166323
147.703 21.6559 0.0777213 0.0757817
147.352 21.5184 0.0774421 0.0768955
147.49 21.1524 0.0790285 0.00284471
147.479 21.6307 0.0795142 0.130524
147.647 21.6786 0.0736502 0.126376
147.348 21.3779 0.0780177 0.0438632
147.535 21.6658 0.0751509 0.166323
147.733 21.6225 0.0776041 0.079837
147.352 21.5184 0.0774421 0.0768955
147.493 21.2314 0.0759773 0.0153068
147.348 21.3779 0.0780177 0.0438632
147.535 21.6658 0.0751509 0.166323
147.703 21.6559 0.0777213 0.0757817
147.703 21.6559 0.0777213 0.0757817
147.647 21.6786 0.0736502 0.126376
147.348 21.3779 0.0780177 0.0438632
147.535 21.6658 0.0751509 0.166323
147.733 21.6225 0.0776041 0.079837
147.703 21.6559 0.0777213 0.0757817
147.729 21.6884 0.0724474 0.0533727
147.423 21.7532 0.0790356 0.00988267
147.479 21.6307 0.0795142 0.130524
147.411 21.4178 0.0749559 0.082096
147.535 21.6658 0.0751509 0.166323
147.733 21.6225 0.0776041 0.079837
147.733 21.6225 0.0776041 0.079837
147.479 21.6307 0.0795142 0.130524
