14.7822 -92.5324 3.58272 0.0660662
14.6891 -92.5221 3.57872 0.0566113
14.6263 -92.5529 3.57831 0.0657473
14.6004 -92.6612 3.57917 0.0767684
14.845 -92.5573 3.59675 0.0170409
14.865 -92.6911 3.5826 0.0408154
14.7274 -92.8997 3.57918 0.0201907
14.6638 -92.5028 3.58267 0.0723798
14.6638 -92.5028 3.58267 0.0723798
14.673 -92.2945 3.58409 0.0203767
14.5958 -92.8623 3.57445 0.0306463
14.4339 -92.8352 3.5808 0.0171712
14.5222 -92.6304 3.58668 0.0309977
14.5649 -92.9451 3.5831 0.00842715
14.6718 -92.2618 3.58313 0.0134555
14.6891 -92.5221 3.57872 0.0566113
14.6263 -92.5529 3.57831 0.0657473
14.7768 -92.703 3.57754 0.0406843
14.6438 -92.3864 3.57846 0.0255412
14.865 -92.6911 3.5826 0.0408154
14.865 -92.6911 3.5826 0.0408154
14.6268 -92.7334 3.57676 0.06013
14.7274 -92.8997 3.57918 0.0201907
14.6638 -92.5028 3.58267 0.0723798
14.9619 -92.517 3.577 0.00513679
14.5958 -92.8623 3.57445 0.0306463
14.5958 -92.8623 3.57445 0.0306463
14.6212 -92.5232 3.58936 0.0399062
14.6212 -92.5232 3.58936 0.0399062
14.7101 -92.8596 3.5761 0.0254065
14.6263 -92.5529 3.57831 0.0657473
14.6263 -92.5529 3.57831 0.0657473
14.6004 -92.6612 3.57917 0.0767684
14.7768 -92.703 3.57754 0.0406843
14.4581 -92.2699 3.5829 0.00624073
14.865 -92.6911 3.5826 0.0408154
14.6268 -92.7334 3.57676 0.06013
14.6385 -92.8907 3.565 0.00350774
14.6638 -92.5028 3.58267 0.0723798
14.8105 -92.3781 3.58486 0.0361074
14.5253 -92.5926 3.5696 0.0195561
14.5958 -92.8623 3.57445 0.0306463
14.6212 -92.5232 3.58936 0.0399062
14.7822 -92.5324 3.58272 0.0660662
14.6891 -92.5221 3.57872 0.0566113
14.6263 -92.5529 3.57831 0.0657473
14.6004 -92.6612 3.57917 0.0767684
14.6438 -92.3864 3.57846 0.0255412
14.6268 -92.7334 3.57676 0.06013
14.6638 -92.5028 3.58267 0.0723798
14.673 -92.2945 3.58409 0.0203767
14.5253 -92.5926 3.5696 0.0195561
14.5958 -92.8623 3.57445 0.0306463
14.5222 -92.6304 3.58668 0.0309977
14.6212 -92.5232 3.58936 0.0399062
14.6891 -92.5221 3.57872 0.0566113
14.6891 -92.5221 3.57872 0.0566113
14.7101 -92.8596 3.5761 0.0254065
14.6069 -92.561 3.56729 0.00620108
14.6263 -92.5529 3.57831 0.0657473
14.6004 -92.6612 3.57917 0.0767684
14.6438 -92.3864 3.57846 0.0255412
14.6268 -92.7334 3.57676 0.06013
14.7274 -92.8997 3.57918 0.0201907
14.7438 -92.4727 3.58941 0.0563514
14.5253 -92.5926 3.5696 0.0195561
14.5253 -92.5926 3.5696 0.0195561
14.6718 -92.2618 3.58313 0.0134555
14.6891 -92.5221 3.57872 0.0566113
14.8433 -92.8567 3.58892 0.0103969
14.6263 -92.5529 3.57831 0.0657473
14.6263 -92.5529 3.57831 0.0657473
14.6326 -92.8118 3.56167 0.00125968
14.7768 -92.703 3.57754 0.0406843
14.7768 -92.703 3.57754 0.0406843
14.865 -92.6911 3.5826 0.0408154
14.7274 -92.8997 3.57918 0.0201907
14.6638 -92.5028 3.58267 0.0723798
14.7438 -92.4727 3.58941 0.0563514
14.673 -92.2945 3.58409 0.0203767
14.5253 -92.5926 3.5696 0.0195561
14.4339 -92.8352 3.5808 0.0171712
14.6212 -92.5232 3.58936 0.0399062
14.6212 -92.5232 3.58936 0.0399062
14.7822 -92.5324 3.58272 0.0660662
14.6891 -92.5221 3.57872 0.0566113
14.7101 -92.8596 3.5761 0.0254065
14.8433 -92.8567 3.58892 0.0103969
14.6004 -92.6612 3.57917 0.0767684
14.6004 -92.6612 3.57917 0.0767684
14.6004 -92.6612 3.57917 0.0767684
14.845 -92.5573 3.59675 0.0170409
14.6268 -92.7334 3.57676 0.06013
14.6638 -92.5028 3.58267 0.0723798
14.7438 -92.4727 3.58941 0.0563514
14.5253 -92.5926 3.5696 0.0195561
14.2212 -92.9895 3.56921 0.00303291
14.5222 -92.6304 3.58668 0.0309977
14.6212 -92.5232 3.58936 0.0399062
14.7822 -92.5324 3.58272 0.0660662
