-36.5149 -75.5002 2.10694 0.00789712
-36.2105 -75.4662 2.09197 0.0700953
-36.3327 -75.3134 2.10085 0.10684
-36.2856 -75.6617 2.10191 0.00778931
-36.4157 -75.3898 2.09165 0.109983
-36.4579 -75.1867 2.08246 0.0748165
-36.4579 -75.1867 2.08246 0.0748165
-36.4579 -75.1867 2.08246 0.0748165
-36.3707 -74.8049 2.10104 0.0027538
-36.3585 -74.9929 2.09324 0.0765068
-36.3585 -74.9929 2.09324 0.0765068
-36.3585 -74.9929 2.09324 0.0765068
-36.7866 -75.072 2.07919 0.00128567
-36.4865 -75.1412 2.10229 0.0367597
-36.3327 -75.3134 2.10085 0.10684
-36.4157 -75.3898 2.09165 0.109983
-36.5843 -75.2582 2.08675 0.0464912
-36.4579 -75.1867 2.08246 0.0748165
-36.4579 -75.1867 2.08246 0.0748165
-36.4119 -75.3953 2.09197 0.109004
-36.4119 -75.3953 2.09197 0.109004
-36.5384 -75.471 2.09588 0.0313545
-36.3411 -75.5228 2.09033 0.0436742
-36.3716 -75.4865 2.10132 0.044244
-36.5665 -75.431 2.08471 0.0184506
-36.2105 -75.4662 2.09197 0.0700953
-36.4865 -75.1412 2.10229 0.0367597
-36.312 -75.5619 2.09724 0.0338209
-36.6445 -75.4446 2.09039 0.0132691
-36.5843 -75.2582 2.08675 0.0464912
-36.4579 -75.1867 2.08246 0.0748165
-36.4119 -75.3953 2.09197 0.109004
-36.3585 -74.9929 2.09324 0.0765068
-36.7704 -75.3695 2.10409 0.00134321
-36.3327 -75.3134 2.10085 0.10684
-36.4157 -75.3898 2.09165 0.109983
-36.4157 -75.3898 2.09165 0.109983
-36.4157 -75.3898 2.09165 0.109983
-36.4579 -75.1867 2.08246 0.0748165
-36.482 -75.4807 2.09732 0.0405132
-36.3411 -75.5228 2.09033 0.0436742
-36.3585 -74.9929 2.09324 0.0765068
-36.5665 -75.431 2.08471 0.0184506
-36.2105 -75.4662 2.09197 0.0700953
-36.2105 -75.4662 2.09197 0.0700953
-36.3327 -75.3134 2.10085 0.10684
-36.3327 -75.3134 2.10085 0.10684
-36.4157 -75.3898 2.09165 0.109983
-36.145 -75.3966 2.10819 0.015981
-36.4579 -75.1867 2.08246 0.0748165
-36.4119 -75.3953 2.09197 0.109004
-36.4119 -75.3953 2.09197 0.109004
-36.3585 -74.9929 2.09324 0.0765068
-36.3716 -75.4865 2.10132 0.044244
-36.3716 -75.4865 2.10132 0.044244
-36.2105 -75.4662 2.09197 0.0700953
-36.2105 -75.4662 2.09197 0.0700953
-36.4865 -75.1412 2.10229 0.0367597
-36.3327 -75.3134 2.10085 0.10684
-36.145 -75.3966 2.10819 0.015981
-36.4579 -75.1867 2.08246 0.0748165
-36.482 -75.4807 2.09732 0.0405132
-36.4119 -75.3953 2.09197 0.109004
-36.3585 -74.9929 2.09324 0.0765068
-36.3716 -75.4865 2.10132 0.044244
-36.4865 -75.1412 2.10229 0.0367597
-36.3327 -75.3134 2.10085 0.10684
-36.312 -75.5619 2.09724 0.0338209
-36.312 -75.5619 2.09724 0.0338209
-36.4157 -75.3898 2.09165 0.109983
-36.5843 -75.2582 2.08675 0.0464912
-36.4119 -75.3953 2.09197 0.109004
-36.4119 -75.3953 2.09197 0.109004
-36.3585 -74.9929 2.09324 0.0765068
-36.5665 -75.431 2.08471 0.0184506
-36.4865 -75.1412 2.10229 0.0367597
-36.3327 -75.3134 2.10085 0.10684
-36.3327 -75.3134 2.10085 0.10684
-36.6445 -75.4446 2.09039 0.0132691
-36.4579 -75.1867 2.08246 0.0748165
-36.4579 -75.1867 2.08246 0.0748165
-36.4119 -75.3953 2.09197 0.109004
-36.3411 -75.5228 2.09033 0.0436742
-36.3411 -75.5228 2.09033 0.0436742
-36.3585 -74.9929 2.09324 0.0765068
-36.3585 -74.9929 2.09324 0.0765068
-36.2105 -75.4662 2.09197 0.0700953
-36.2105 -75.4662 2.09197 0.0700953
-36.2105 -75.4662 2.09197 0.0700953
-36.312 -75.5619 2.09724 0.0338209
-36.145 -75.3966 2.10819 0.015981
-36.4579 -75.1867 2.08246 0.0748165
-36.4119 -75.3953 2.09197 0.109004
-36.4119 -75.3953 2.09197 0.109004
-36.5384 -75.471 2.09588 0.0313545
-36.3716 -75.4865 2.10132 0.044244
-36.2105 -75.4662 2.09197 0.0700953
-36.312 -75.5619 2.09724 0.0338209
-36.4157 -75.3898 2.09165 0.109983
-36.5843 -75.2582 2.08675 0.0464912
