-41.1484 -53.0837 1.61642 0.0597914
-41.1484 -53.0837 1.61642 0.0597914
-41.1207 -53.0701 1.61154 0.197024
-41.2541 -53.1994 1.60531 0.0777044
-41.239 -52.8421 1.60683 0.0390268
-41.2759 -53.0979 1.61858 0.0183469
-41.0937 -53.1054 1.60954 0.170405
-41.1484 -53.0837 1.61642 0.0597914
-41.1207 -53.0701 1.61154 0.197024
-41.3001 -53.1682 1.61737 0.0496803
-41.1145 -53.2779 1.61786 0.0355035
-41.0721 -53.2261 1.60475 0.0132234
-41.1207 -53.0701 1.61154 0.197024
-41.1145 -53.2779 1.61786 0.0355035
-41.0937 -53.1054 1.60954 0.170405
-41.198 -52.8435 1.60501 0.0285659
-41.1207 -53.0701 1.61154 0.197024
-41.2541 -53.1994 1.60531 0.0777044
-41.0721 -53.2261 1.60475 0.0132234
-41.1207 -53.0701 1.61154 0.197024
-41.2541 -53.1994 1.60531 0.0777044
-41.3549 -53.1607 1.60768 0.165161
-41.2759 -53.0979 1.61858 0.0183469
-41.0937 -53.1054 1.60954 0.170405
-41.198 -52.8435 1.60501 0.0285659
-41.2541 -53.1994 1.60531 0.0777044
-41.2541 -53.1994 1.60531 0.0777044
-41.1145 -53.2779 1.61786 0.0355035
-41.0937 -53.1054 1.60954 0.170405
-41.1207 -53.0701 1.61154 0.197024
-41.239 -52.8421 1.60683 0.0390268
-41.0937 -53.1054 1.60954 0.170405
-41.1484 -53.0837 1.61642 0.0597914
-41.198 -52.8435 1.60501 0.0285659
-41.2541 -53.1994 1.60531 0.0777044
-41.3549 -53.1607 1.60768 0.165161
-41.0937 -53.1054 1.60954 0.170405
-41.1207 -53.0701 1.61154 0.197024
-41.3001 -53.1682 1.61737 0.0496803
-41.239 -52.8421 1.60683 0.0390268
-41.0937 -53.1054 1.60954 0.170405
-41.1207 -53.0701 1.61154 0.197024
-41.3674 -53.1247 1.61789 0.0173508
-41.0721 -53.2261 1.60475 0.0132234
-41.0937 -53.1054 1.60954 0.170405
-41.1207 -53.0701 1.61154 0.197024
-41.2034 -53.2497 1.61899 0.0288774
-41.3549 -53.1607 1.60768 0.165161
-41.0937 -53.1054 1.60954 0.170405
-41.0937 -53.1054 1.60954 0.170405
-41.1207 -53.0701 1.61154 0.197024
-41.1145 -53.2779 1.61786 0.0355035
-41.269 -52.9533 1.61774 0.0053762
-41.2269 -53.5126 1.61282 0.00380158
-41.2034 -53.2497 1.61899 0.0288774
-41.3549 -53.1607 1.60768 0.165161
-41.0937 -53.1054 1.60954 0.170405
-41.1484 -53.0837 1.61642 0.0597914
-41.1207 -53.0701 1.61154 0.197024
-41.239 -52.8421 1.60683 0.0390268
-40.8431 -53.2653 1.61342 0.00135742
-41.5285 -53.2793 1.61406 0.00677737
-41.1207 -53.0701 1.61154 0.197024
-41.3001 -53.1682 1.61737 0.0496803
-41.3549 -53.1607 1.60768 0.165161
-41.0937 -53.1054 1.60954 0.170405
-41.0937 -53.1054 1.60954 0.170405
-41.1207 -53.0701 1.61154 0.197024
-41.1207 -53.0701 1.61154 0.197024
-41.2541 -53.1994 1.60531 0.0777044
-41.2034 -53.2497 1.61899 0.0288774
-41.0937 -53.1054 1.60954 0.170405
-41.0937 -53.1054 1.60954 0.170405
-41.0937 -53.1054 1.60954 0.170405
-41.1484 -53.0837 1.61642 0.0597914
-41.1207 -53.0701 1.61154 0.197024
-41.2541 -53.1994 1.60531 0.0777044
-41.2541 -53.1994 1.60531 0.0777044
-41.239 -52.8421 1.60683 0.0390268
-41.239 -52.8421 1.60683 0.0390268
-41.3674 -53.1247 1.61789 0.0173508
-41.2152 -52.8365 1.60372 0.0201027
-41.0721 -53.2261 1.60475 0.0132234
-41.198 -52.8435 1.60501 0.0285659
-41.2034 -53.2497 1.61899 0.0288774
-41.3549 -53.1607 1.60768 0.165161
-41.0937 -53.1054 1.60954 0.170405
-41.3989 -53.4142 1.60937 0.00682154
-41.1207 -53.0701 1.61154 0.197024
-41.2541 -53.1994 1.60531 0.0777044
-41.3549 -53.1607 1.60768 0.165161
-41.3549 -53.1607 1.60768 0.165161
-41.0937 -53.1054 1.60954 0.170405
-41.198 -52.8435 1.60501 0.0285659
-41.2541 -53.1994 1.60531 0.0777044
-41.3549 -53.1607 1.60768 0.165161
-41.3549 -53.1607 1.60768 0.165161
-41.0937 -53.1054 1.60954 0.170405
-41.3989 -53.4142 1.60937 0.00682154
-41.1207 -53.0701 1.61154 0.197024
