-17.9171 -90.8757 2.69618 0.0127886
-18.2673 -91.0926 2.69224 0.13616
-17.8565 -91.1412 2.70095 0.0217381
-18.0687 -91.0596 2.69477 0.139315
-18.2779 -91.2406 2.69462 0.0757691
-18.4329 -91.1619 2.69656 0.0333888
-17.9283 -91.0365 2.70112 0.0542614
-18.1813 -91.3285 2.69496 0.0306381
-18.0839 -90.7783 2.69925 0.0160172
-18.1564 -91.2612 2.70359 0.0386218
-18.0687 -91.0596 2.69477 0.139315
-18.2779 -91.2406 2.69462 0.0757691
-18.0745 -91.2495 2.69647 0.0733978
-18.2273 -91.2323 2.6939 0.0837487
-18.2673 -91.0926 2.69224 0.13616
-17.9859 -90.9834 2.70344 0.045405
-18.0687 -91.0596 2.69477 0.139315
-18.2779 -91.2406 2.69462 0.0757691
-17.9283 -91.0365 2.70112 0.0542614
-17.9283 -91.0365 2.70112 0.0542614
-18.0745 -91.2495 2.69647 0.0733978
-18.2273 -91.2323 2.6939 0.0837487
-18.2673 -91.0926 2.69224 0.13616
-17.9859 -90.9834 2.70344 0.045405
-18.0687 -91.0596 2.69477 0.139315
-18.4329 -91.1619 2.69656 0.0333888
-17.9283 -91.0365 2.70112 0.0542614
-18.2273 -91.2323 2.6939 0.0837487
-18.2673 -91.0926 2.69224 0.13616
-18.0687 -91.0596 2.69477 0.139315
-18.0687 -91.0596 2.69477 0.139315
-18.1059 -91.154 2.69197 0.0623418
-18.2779 -91.2406 2.69462 0.0757691
-18.2779 -91.2406 2.69462 0.0757691
-18.2779 -91.2406 2.69462 0.0757691
-17.9283 -91.0365 2.70112 0.0542614
-17.9283 -91.0365 2.70112 0.0542614
-18.0745 -91.2495 2.69647 0.0733978
-18.2273 -91.2323 2.6939 0.0837487
-18.2273 -91.2323 2.6939 0.0837487
-18.2673 -91.0926 2.69224 0.13616
-18.0839 -90.7783 2.69925 0.0160172
-18.1564 -91.2612 2.70359 0.0386218
-18.0687 -91.0596 2.69477 0.139315
-18.0687 -91.0596 2.69477 0.139315
-18.2869 -91.227 2.68894 0.0181092
-17.8737 -90.9418 2.70278 0.0133999
-18.2273 -91.2323 2.6939 0.0837487
-18.1813 -91.3285 2.69496 0.0306381
-18.2673 -91.0926 2.69224 0.13616
-17.9859 -90.9834 2.70344 0.045405
-18.1059 -91.154 2.69197 0.0623418
-17.9562 -91.2006 2.69655 0.0386769
-18.3621 -91.2898 2.69776 0.0231214
-18.3621 -91.2898 2.69776 0.0231214
-18.2273 -91.2323 2.6939 0.0837487
-18.2673 -91.0926 2.69224 0.13616
-17.9564 -90.7652 2.70208 0.00344363
-18.0687 -91.0596 2.69477 0.139315
-18.0687 -91.0596 2.69477 0.139315
-18.3621 -91.2898 2.69776 0.0231214
-18.3597 -91.114 2.68621 0.0110859
-18.0745 -91.2495 2.69647 0.0733978
-18.2673 -91.0926 2.69224 0.13616
-18.0839 -90.7783 2.69925 0.0160172
-18.0687 -91.0596 2.69477 0.139315
-18.1059 -91.154 2.69197 0.0623418
-17.8737 -90.9418 2.70278 0.0133999
-18.2273 -91.2323 2.6939 0.0837487
-18.1813 -91.3285 2.69496 0.0306381
-18.1564 -91.2612 2.70359 0.0386218
-18.0687 -91.0596 2.69477 0.139315
-18.0687 -91.0596 2.69477 0.139315
-18.2779 -91.2406 2.69462 0.0757691
-18.3621 -91.2898 2.69776 0.0231214
-17.8737 -90.9418 2.70278 0.0133999
-18.1594 -90.7704 2.69977 0.0138239
-18.2673 -91.0926 2.69224 0.13616
-17.945 -90.9907 2.70804 0.00632115
-18.0687 -91.0596 2.69477 0.139315
-18.2779 -91.2406 2.69462 0.0757691
-18.0745 -91.2495 2.69647 0.0733978
-18.2673 -91.0926 2.69224 0.13616
-18.2673 -91.0926 2.69224 0.13616
-18.0687 -91.0596 2.69477 0.139315
-18.0687 -91.0596 2.69477 0.139315
-18.0687 -91.0596 2.69477 0.139315
-18.1059 -91.154 2.69197 0.0623418
-18.2779 -91.2406 2.69462 0.0757691
-17.9562 -91.2006 2.69655 0.0386769
-18.3621 -91.2898 2.69776 0.0231214
-18.0745 -91.2495 2.69647 0.0733978
-18.2673 -91.0926 2.69224 0.13616
-18.2673 -91.0926 2.69224 0.13616
-17.9859 -90.9834 2.70344 0.045405
-17.9859 -90.9834 2.70344 0.045405
-18.0687 -91.0596 2.69477 0.139315
-18.0687 -91.0596 2.69477 0.139315
-18.2869 -91.227 2.68894 0.0181092
-18.4329 -91.1619 2.69656 0.0333888
