115.997 -22.3128 3.40357 0.117017
116.223 -22.1092 3.40668 0.0596326
115.944 -22.3633 3.39837 0.0605066
116.167 -22.4133 3.40479 0.0930708
116.297 -22.4035 3.40445 0.049226
115.987 -22.2265 3.41055 0.00542997
116.136 -22.3199 3.40378 0.16704
115.944 -22.3633 3.39837 0.0605066
116.167 -22.4133 3.40479 0.0930708
116.167 -22.4133 3.40479 0.0930708
116.167 -22.4133 3.40479 0.0930708
115.997 -22.3128 3.40357 0.117017
116.206 -22.3779 3.41118 0.0273838
116.136 -22.3199 3.40378 0.16704
116.071 -22.5436 3.39943 0.00970345
115.944 -22.3633 3.39837 0.0605066
116.045 -22.3506 3.40208 0.133972
116.039 -22.4428 3.40055 0.0533306
116.297 -22.4035 3.40445 0.049226
116.136 -22.3199 3.40378 0.16704
115.944 -22.3633 3.39837 0.0605066
116.193 -22.2783 3.39726 0.0241871
116.167 -22.4133 3.40479 0.0930708
116.045 -22.3506 3.40208 0.133972
116.136 -22.3199 3.40378 0.16704
116.026 -22.3894 3.39875 0.0612899
116.167 -22.4133 3.40479 0.0930708
116.045 -22.3506 3.40208 0.133972
116.039 -22.4428 3.40055 0.0533306
116.136 -22.3199 3.40378 0.16704
116.174 -22.5521 3.4109 0.00533119
115.944 -22.3633 3.39837 0.0605066
116.167 -22.4133 3.40479 0.0930708
115.997 -22.3128 3.40357 0.117017
116.136 -22.3199 3.40378 0.16704
116.223 -22.1092 3.40668 0.0596326
116.074 -22.5189 3.40478 0.0258756
116.045 -22.3506 3.40208 0.133972
115.997 -22.3128 3.40357 0.117017
116.442 -22.366 3.41462 0.00472982
116.136 -22.3199 3.40378 0.16704
115.87 -22.0548 3.40407 0.00913999
116.039 -22.4428 3.40055 0.0533306
116.039 -22.4428 3.40055 0.0533306
116.136 -22.3199 3.40378 0.16704
116.223 -22.1092 3.40668 0.0596326
116.074 -22.5189 3.40478 0.0258756
116.213 -22.0537 3.40976 0.0126601
115.975 -22.2578 3.41389 0.000320807
115.997 -22.3128 3.40357 0.117017
116.136 -22.3199 3.40378 0.16704
116.136 -22.3199 3.40378 0.16704
116.459 -22.0963 3.40431 0.00416437
116.167 -22.4133 3.40479 0.0930708
116.045 -22.3506 3.40208 0.133972
115.997 -22.3128 3.40357 0.117017
116.223 -22.1092 3.40668 0.0596326
116.167 -22.4133 3.40479 0.0930708
116.045 -22.3506 3.40208 0.133972
116.039 -22.4428 3.40055 0.0533306
115.997 -22.3128 3.40357 0.117017
116.136 -22.3199 3.40378 0.16704
116.223 -22.1092 3.40668 0.0596326
116.167 -22.4133 3.40479 0.0930708
116.167 -22.4133 3.40479 0.0930708
115.997 -22.3128 3.40357 0.117017
116.136 -22.3199 3.40378 0.16704
116.136 -22.3199 3.40378 0.16704
116.136 -22.3199 3.40378 0.16704
115.944 -22.3633 3.39837 0.0605066
116.167 -22.4133 3.40479 0.0930708
116.039 -22.4428 3.40055 0.0533306
116.039 -22.4428 3.40055 0.0533306
116.039 -22.4428 3.40055 0.0533306
116.136 -22.3199 3.40378 0.16704
115.944 -22.3633 3.39837 0.0605066
116.213 -22.0537 3.40976 0.0126601
116.039 -22.4428 3.40055 0.0533306
115.997 -22.3128 3.40357 0.117017
116.136 -22.3199 3.40378 0.16704
116.223 -22.1092 3.40668 0.0596326
116.167 -22.4133 3.40479 0.0930708
116.045 -22.3506 3.40208 0.133972
115.997 -22.3128 3.40357 0.117017
116.442 -22.366 3.41462 0.00472982
116.136 -22.3199 3.40378 0.16704
116.223 -22.1092 3.40668 0.0596326
116.167 -22.4133 3.40479 0.0930708
116.045 -22.3506 3.40208 0.133972
116.045 -22.3506 3.40208 0.133972
116.297 -22.4035 3.40445 0.049226
116.206 -22.3779 3.41118 0.0273838
116.136 -22.3199 3.40378 0.16704
116.136 -22.3199 3.40378 0.16704
116.223 -22.1092 3.40668 0.0596326
115.944 -22.3633 3.39837 0.0605066
116.045 -22.3506 3.40208 0.133972
115.997 -22.3128 3.40357 0.117017
116.136 -22.3199 3.40378 0.16704
116.136 -22.3199 3.40378 0.16704
