-38.4283 -33.9663 1.32393 0.066858
-38.4274 -34.1546 1.32742 0.0441297
-38.2226 -33.9811 1.32072 0.294664
-38.2226 -33.9811 1.32072 0.294664
-38.1141 -33.8235 1.32047 0.0788137
-38.1174 -34.1004 1.31769 0.016851
-38.3452 -33.9231 1.32436 0.143088
-37.9262 -34.1409 1.32481 0.0133055
-38.2226 -33.9811 1.32072 0.294664
-38.2226 -33.9811 1.32072 0.294664
-38.2226 -33.9811 1.32072 0.294664
-38.2356 -34.0618 1.32 0.159282
-38.3452 -33.9231 1.32436 0.143088
-38.3452 -33.9231 1.32436 0.143088
-38.4208 -34.2194 1.33307 0.00596016
-38.2226 -33.9811 1.32072 0.294664
-38.3452 -33.9231 1.32436 0.143088
-38.4283 -33.9663 1.32393 0.066858
-38.2226 -33.9811 1.32072 0.294664
-38.2356 -34.0618 1.32 0.159282
-38.1141 -33.8235 1.32047 0.0788137
-38.2226 -33.9811 1.32072 0.294664
-38.2226 -33.9811 1.32072 0.294664
-38.3452 -33.9231 1.32436 0.143088
-38.4409 -34.1737 1.32908 0.0228472
-38.0969 -34.2044 1.32158 0.0291697
-38.4274 -34.1546 1.32742 0.0441297
-38.2356 -34.0618 1.32 0.159282
-38.0966 -34.2865 1.32461 0.0259119
-38.2226 -33.9811 1.32072 0.294664
-38.3452 -33.9231 1.32436 0.143088
-38.2226 -33.9811 1.32072 0.294664
-38.3452 -33.9231 1.32436 0.143088
-38.3176 -33.8313 1.31573 0.0333316
-38.2226 -33.9811 1.32072 0.294664
-38.3452 -33.9231 1.32436 0.143088
-38.2226 -33.9811 1.32072 0.294664
-38.2356 -34.0618 1.32 0.159282
-38.3452 -33.9231 1.32436 0.143088
-38.1141 -33.8235 1.32047 0.0788137
-38.3176 -33.8313 1.31573 0.0333316
-38.2226 -33.9811 1.32072 0.294664
-38.2356 -34.0618 1.32 0.159282
-38.1174 -34.1004 1.31769 0.016851
-38.2226 -33.9811 1.32072 0.294664
-38.2226 -33.9811 1.32072 0.294664
-38.1141 -33.8235 1.32047 0.0788137
-38.4283 -33.9663 1.32393 0.066858
-38.2226 -33.9811 1.32072 0.294664
-38.3452 -33.9231 1.32436 0.143088
-38.1777 -33.9573 1.33232 0.0108367
-38.3452 -33.9231 1.32436 0.143088
-38.4274 -34.1546 1.32742 0.0441297
-38.2356 -34.0618 1.32 0.159282
-38.3176 -33.8313 1.31573 0.0333316
-38.3617 -34.1333 1.31708 0.00597896
-38.2226 -33.9811 1.32072 0.294664
-38.2356 -34.0618 1.32 0.159282
-38.2356 -34.0618 1.32 0.159282
-38.3452 -33.9231 1.32436 0.143088
-38.2667 -33.7716 1.31475 0.0191479
-38.2226 -33.9811 1.32072 0.294664
-38.3452 -33.9231 1.32436 0.143088
-38.1141 -33.8235 1.32047 0.0788137
-38.4274 -34.1546 1.32742 0.0441297
-38.2226 -33.9811 1.32072 0.294664
-38.2226 -33.9811 1.32072 0.294664
-38.2226 -33.9811 1.32072 0.294664
-38.1141 -33.8235 1.32047 0.0788137
-38.1141 -33.8235 1.32047 0.0788137
-38.2226 -33.9811 1.32072 0.294664
-38.1141 -33.8235 1.32047 0.0788137
-38.2226 -33.9811 1.32072 0.294664
-38.0966 -34.2865 1.32461 0.0259119
-38.2226 -33.9811 1.32072 0.294664
-38.3452 -33.9231 1.32436 0.143088
-38.4283 -33.9663 1.32393 0.066858
-38.2226 -33.9811 1.32072 0.294664
-38.2226 -33.9811 1.32072 0.294664
-38.2226 -33.9811 1.32072 0.294664
-38.2226 -33.9811 1.32072 0.294664
-38.3452 -33.9231 1.32436 0.143088
-38.4283 -33.9663 1.32393 0.066858
-38.2356 -34.0618 1.32 0.159282
-38.1141 -33.8235 1.32047 0.0788137
-38.2667 -33.7716 1.31475 0.0191479
-38.2226 -33.9811 1.32072 0.294664
-38.0966 -34.2865 1.32461 0.0259119
-38.4274 -34.1546 1.32742 0.0441297
-37.9262 -34.1409 1.32481 0.0133055
-38.2226 -33.9811 1.32072 0.294664
-38.2226 -33.9811 1.32072 0.294664
-38.1141 -33.8235 1.32047 0.0788137
-38.4274 -34.1546 1.32742 0.0441297
-38.407 -33.7078 1.31701 0.00649023
-38.2226 -33.9811 1.32072 0.294664
-38.2226 -33.9811 1.32072 0.294664
-38.2226 -33.9811 1.32072 0.294664
-38.0966 -34.2865 1.32461 0.0259119
-38.4274 -34.1546 1.32742 0.0441297
