274.367 -6.44596 4.18083 0.143541
274.367 -6.44596 4.18083 0.143541
274.301 -6.23989 4.18291 0.0444723
274.301 -6.23989 4.18291 0.0444723
274.135 -6.3645 4.17648 0.0801814
274.191 -6.18974 4.17347 0.0290876
273.994 -6.35274 4.16554 0.0267959
274.38 -6.30513 4.18603 0.0556464
274.181 -6.26327 4.17539 0.0754133
274.181 -6.26327 4.17539 0.0754133
274.135 -6.3645 4.17648 0.0801814
274.191 -6.18974 4.17347 0.0290876
274.38 -6.30513 4.18603 0.0556464
273.917 -6.34764 4.17173 0.00801579
274.181 -6.26327 4.17539 0.0754133
274.091 -6.45357 4.17528 0.0528285
274.135 -6.3645 4.17648 0.0801814
274.313 -6.23461 4.17401 0.0438274
273.994 -6.35274 4.16554 0.0267959
274.38 -6.30513 4.18603 0.0556464
274.172 -6.5817 4.16895 0.0186617
274.135 -6.3645 4.17648 0.0801814
274.291 -6.52218 4.17699 0.0886276
274.271 -6.51239 4.17881 0.0844895
274.367 -6.44596 4.18083 0.143541
273.889 -6.57749 4.1635 0.00383087
274.181 -6.26327 4.17539 0.0754133
274.181 -6.26327 4.17539 0.0754133
274.291 -6.52218 4.17699 0.0886276
274.367 -6.44596 4.18083 0.143541
274.012 -6.34849 4.16977 0.0438458
273.917 -6.34764 4.17173 0.00801579
274.172 -6.5817 4.16895 0.0186617
274.091 -6.45357 4.17528 0.0528285
274.313 -6.23461 4.17401 0.0438274
274.313 -6.23461 4.17401 0.0438274
274.191 -6.18974 4.17347 0.0290876
274.367 -6.44596 4.18083 0.143541
274.38 -6.30513 4.18603 0.0556464
274.38 -6.30513 4.18603 0.0556464
274.539 -6.34393 4.17874 0.0296939
274.31 -6.53914 4.17314 0.0408792
274.36 -6.55417 4.1726 0.0169619
274.135 -6.3645 4.17648 0.0801814
274.291 -6.52218 4.17699 0.0886276
274.271 -6.51239 4.17881 0.0844895
274.367 -6.44596 4.18083 0.143541
274.367 -6.44596 4.18083 0.143541
274.301 -6.23989 4.18291 0.0444723
274.181 -6.26327 4.17539 0.0754133
274.091 -6.45357 4.17528 0.0528285
274.313 -6.23461 4.17401 0.0438274
274.271 -6.51239 4.17881 0.0844895
274.271 -6.51239 4.17881 0.0844895
274.367 -6.44596 4.18083 0.143541
274.012 -6.34849 4.16977 0.0438458
273.889 -6.57749 4.1635 0.00383087
274.091 -6.45357 4.17528 0.0528285
274.291 -6.52218 4.17699 0.0886276
274.291 -6.52218 4.17699 0.0886276
274.56 -6.42079 4.17885 0.0214217
274.38 -6.30513 4.18603 0.0556464
274.31 -6.53914 4.17314 0.0408792
274.31 -6.53914 4.17314 0.0408792
274.172 -6.5817 4.16895 0.0186617
274.088 -6.62693 4.16668 0.0065446
274.271 -6.51239 4.17881 0.0844895
274.367 -6.44596 4.18083 0.143541
274.367 -6.44596 4.18083 0.143541
274.38 -6.30513 4.18603 0.0556464
274.012 -6.34849 4.16977 0.0438458
274.301 -6.23989 4.18291 0.0444723
274.091 -6.45357 4.17528 0.0528285
274.291 -6.52218 4.17699 0.0886276
274.313 -6.23461 4.17401 0.0438274
274.271 -6.51239 4.17881 0.0844895
274.191 -6.18974 4.17347 0.0290876
274.405 -6.71395 4.18355 0.00139407
274.38 -6.30513 4.18603 0.0556464
274.38 -6.30513 4.18603 0.0556464
274.36 -6.55417 4.1726 0.0169619
274.181 -6.26327 4.17539 0.0754133
274.291 -6.52218 4.17699 0.0886276
273.994 -6.35274 4.16554 0.0267959
274.367 -6.44596 4.18083 0.143541
274.38 -6.30513 4.18603 0.0556464
274.301 -6.23989 4.18291 0.0444723
274.181 -6.26327 4.17539 0.0754133
274.181 -6.26327 4.17539 0.0754133
274.135 -6.3645 4.17648 0.0801814
274.291 -6.52218 4.17699 0.0886276
274.56 -6.42079 4.17885 0.0214217
274.38 -6.30513 4.18603 0.0556464
274.098 -6.66235 4.17532 0.00368294
274.091 -6.45357 4.17528 0.0528285
274.291 -6.52218 4.17699 0.0886276
274.56 -6.42079 4.17885 0.0214217
274.012 -6.34849 4.16977 0.0438458
274.539 -6.34393 4.17874 0.0296939
274.181 -6.26327 4.17539 0.0754133
