278.348 5.97862 4.73769 0.105235
278.328 5.81855 4.72616 0.00137363
278.132 6.18876 4.73199 0.114217
278.348 6.39448 4.74856 0.03708
278.322 6.17513 4.7444 0.319545
278.371 6.20805 4.7593 0.00573707
278.132 6.18876 4.73199 0.114217
278.322 6.17513 4.7444 0.319545
278.348 5.97862 4.73769 0.105235
278.132 6.18876 4.73199 0.114217
278.348 5.97862 4.73769 0.105235
278.322 6.17513 4.7444 0.319545
278.322 6.17513 4.7444 0.319545
278.322 6.17513 4.7444 0.319545
277.999 6.03029 4.73072 0.0356017
278.395 6.27405 4.73946 0.0933608
278.132 6.18876 4.73199 0.114217
278.322 6.17513 4.7444 0.319545
278.132 6.18876 4.73199 0.114217
278.348 5.97862 4.73769 0.105235
278.132 6.18876 4.73199 0.114217
278.132 6.18876 4.73199 0.114217
278.322 6.17513 4.7444 0.319545
278.132 6.18876 4.73199 0.114217
278.322 6.17513 4.7444 0.319545
278.395 6.27405 4.73946 0.0933608
278.404 6.16639 4.75027 0.112738
278.322 6.17513 4.7444 0.319545
278.322 6.17513 4.7444 0.319545
278.395 6.27405 4.73946 0.0933608
278.404 6.16639 4.75027 0.112738
278.322 6.17513 4.7444 0.319545
277.999 6.03029 4.73072 0.0356017
278.348 6.39448 4.74856 0.03708
278.322 6.17513 4.7444 0.319545
278.322 6.17513 4.7444 0.319545
278.322 6.17513 4.7444 0.319545
278.395 6.27405 4.73946 0.0933608
278.458 5.94758 4.74137 0.0229756
278.322 6.17513 4.7444 0.319545
278.404 6.16639 4.75027 0.112738
278.322 6.17513 4.7444 0.319545
278.292 6.38176 4.74167 0.0475154
278.322 6.17513 4.7444 0.319545
278.395 6.27405 4.73946 0.0933608
278.322 6.17513 4.7444 0.319545
278.395 6.27405 4.73946 0.0933608
278.322 6.17513 4.7444 0.319545
278.348 5.97862 4.73769 0.105235
278.322 6.17513 4.7444 0.319545
278.404 6.16639 4.75027 0.112738
278.322 6.17513 4.7444 0.319545
278.348 5.97862 4.73769 0.105235
278.611 6.02517 4.74257 0.00335895
278.395 6.27405 4.73946 0.0933608
278.348 6.39448 4.74856 0.03708
278.322 6.17513 4.7444 0.319545
278.144 6.0094 4.72246 0.0124069
278.322 6.17513 4.7444 0.319545
278.395 6.27405 4.73946 0.0933608
278.404 6.16639 4.75027 0.112738
278.132 6.18876 4.73199 0.114217
278.322 6.17513 4.7444 0.319545
278.206 6.39412 4.73355 0.00877159
277.999 6.03029 4.73072 0.0356017
278.292 6.38176 4.74167 0.0475154
278.206 6.39412 4.73355 0.00877159
278.292 6.38176 4.74167 0.0475154
278.322 6.17513 4.7444 0.319545
278.292 6.38176 4.74167 0.0475154
278.322 6.17513 4.7444 0.319545
278.132 6.18876 4.73199 0.114217
278.322 6.17513 4.7444 0.319545
278.395 6.27405 4.73946 0.0933608
278.292 6.38176 4.74167 0.0475154
278.322 6.17513 4.7444 0.319545
278.322 6.17513 4.7444 0.319545
278.404 6.16639 4.75027 0.112738
278.292 6.38176 4.74167 0.0475154
278.322 6.17513 4.7444 0.319545
278.395 6.27405 4.73946 0.0933608
278.348 6.39448 4.74856 0.03708
278.348 6.39448 4.74856 0.03708
278.322 6.17513 4.7444 0.319545
278.395 6.27405 4.73946 0.0933608
278.322 6.17513 4.7444 0.319545
278.404 6.16639 4.75027 0.112738
278.404 6.16639 4.75027 0.112738
278.348 6.39448 4.74856 0.03708
278.322 6.17513 4.7444 0.319545
278.395 6.27405 4.73946 0.0933608
278.404 6.16639 4.75027 0.112738
278.322 6.17513 4.7444 0.319545
278.322 6.17513 4.7444 0.319545
278.132 6.18876 4.73199 0.114217
278.144 6.0094 4.72246 0.0124069
278.132 6.18876 4.73199 0.114217
278.322 6.17513 4.7444 0.319545
278.371 6.20805 4.7593 0.00573707
278.348 5.97862 4.73769 0.105235
