272.81 21.2028 5.48576 0.0152235
272.777 21.2503 5.49106 0.0134611
272.997 21.1112 5.49609 0.127864
272.997 21.1112 5.49609 0.127864
272.989 21.1297 5.48879 0.189196
272.938 20.9805 5.48273 0.136435
272.875 21.2788 5.49072 0.0174089
272.997 21.1112 5.49609 0.127864
272.989 21.1297 5.48879 0.189196
272.938 20.9805 5.48273 0.136435
273.019 21.1221 5.49377 0.1532
273.115 21.0621 5.49687 0.0260985
272.989 21.1297 5.48879 0.189196
273.019 21.1221 5.49377 0.1532
272.826 21.2162 5.4927 0.0504664
272.989 21.1297 5.48879 0.189196
272.938 20.9805 5.48273 0.136435
273.019 21.1221 5.49377 0.1532
272.702 21.0112 5.49048 0.038267
272.997 21.1112 5.49609 0.127864
272.938 20.9805 5.48273 0.136435
272.79 21.203 5.49065 0.0360081
272.777 21.2503 5.49106 0.0134611
272.997 21.1112 5.49609 0.127864
272.989 21.1297 5.48879 0.189196
272.989 21.1297 5.48879 0.189196
272.938 20.9805 5.48273 0.136435
272.81 21.2028 5.48576 0.0152235
272.777 21.2503 5.49106 0.0134611
272.997 21.1112 5.49609 0.127864
272.989 21.1297 5.48879 0.189196
272.938 20.9805 5.48273 0.136435
273.019 21.1221 5.49377 0.1532
272.875 21.2788 5.49072 0.0174089
273.134 20.9069 5.48587 0.0507813
272.997 21.1112 5.49609 0.127864
272.938 20.9805 5.48273 0.136435
272.79 21.203 5.49065 0.0360081
272.997 21.1112 5.49609 0.127864
272.938 20.9805 5.48273 0.136435
272.938 20.9805 5.48273 0.136435
273.019 21.1221 5.49377 0.1532
272.79 21.203 5.49065 0.0360081
272.997 21.1112 5.49609 0.127864
272.997 21.1112 5.49609 0.127864
272.938 20.9805 5.48273 0.136435
273.019 21.1221 5.49377 0.1532
272.826 21.2162 5.4927 0.0504664
272.702 21.0112 5.49048 0.038267
273.134 20.9069 5.48587 0.0507813
272.989 21.1297 5.48879 0.189196
272.989 21.1297 5.48879 0.189196
273.003 21.0208 5.50114 0.0192162
273.019 21.1221 5.49377 0.1532
273.019 21.1221 5.49377 0.1532
272.885 20.894 5.49721 0.0488725
272.997 21.1112 5.49609 0.127864
272.989 21.1297 5.48879 0.189196
272.938 20.9805 5.48273 0.136435
272.81 21.2028 5.48576 0.0152235
273.134 20.9069 5.48587 0.0507813
273.134 20.9069 5.48587 0.0507813
272.997 21.1112 5.49609 0.127864
272.997 21.1112 5.49609 0.127864
273.003 21.0208 5.50114 0.0192162
272.79 21.203 5.49065 0.0360081
272.826 21.2162 5.4927 0.0504664
272.997 21.1112 5.49609 0.127864
272.989 21.1297 5.48879 0.189196
272.938 20.9805 5.48273 0.136435
272.938 20.9805 5.48273 0.136435
272.79 21.203 5.49065 0.0360081
272.997 21.1112 5.49609 0.127864
272.989 21.1297 5.48879 0.189196
272.989 21.1297 5.48879 0.189196
272.938 20.9805 5.48273 0.136435
273.019 21.1221 5.49377 0.1532
273.134 20.9069 5.48587 0.0507813
272.997 21.1112 5.49609 0.127864
272.997 21.1112 5.49609 0.127864
272.989 21.1297 5.48879 0.189196
272.938 20.9805 5.48273 0.136435
272.875 21.2788 5.49072 0.0174089
272.702 21.0112 5.49048 0.038267
272.989 21.1297 5.48879 0.189196
272.938 20.9805 5.48273 0.136435
273.019 21.1221 5.49377 0.1532
272.764 21.1307 5.48313 0.00908522
273.134 20.9069 5.48587 0.0507813
272.989 21.1297 5.48879 0.189196
273.019 21.1221 5.49377 0.1532
272.702 21.0112 5.49048 0.038267
272.989 21.1297 5.48879 0.189196
272.938 20.9805 5.48273 0.136435
272.885 20.894 5.49721 0.0488725
272.997 21.1112 5.49609 0.127864
272.989 21.1297 5.48879 0.189196
272.938 20.9805 5.48273 0.136435
272.875 21.2788 5.49072 0.0174089
272.777 21.2503 5.49106 0.0134611
