9.44323 6.25501 0.254184 0.309256
9.59762 6.4503 0.25231 0.270219
9.48952 6.31795 0.255119 0.296029
9.48952 6.31795 0.255119 0.296029
9.48952 6.31795 0.255119 0.296029
9.59762 6.4503 0.25231 0.270219
9.48952 6.31795 0.255119 0.296029
9.44323 6.25501 0.254184 0.309256
9.59762 6.4503 0.25231 0.270219
9.48952 6.31795 0.255119 0.296029
9.59762 6.4503 0.25231 0.270219
9.48952 6.31795 0.255119 0.296029
9.44323 6.25501 0.254184 0.309256
9.44323 6.25501 0.254184 0.309256
9.44323 6.25501 0.254184 0.309256
9.63465 6.21736 0.255817 0.0122137
9.44323 6.25501 0.254184 0.309256
9.59762 6.4503 0.25231 0.270219
9.44323 6.25501 0.254184 0.309256
9.47538 6.40817 0.2583 0.0402398
9.48952 6.31795 0.255119 0.296029
9.59762 6.4503 0.25231 0.270219
9.59762 6.4503 0.25231 0.270219
9.44323 6.25501 0.254184 0.309256
9.27214 6.52633 0.252939 0.0170049
9.44323 6.25501 0.254184 0.309256
9.59762 6.4503 0.25231 0.270219
9.48952 6.31795 0.255119 0.296029
9.48952 6.31795 0.255119 0.296029
9.44323 6.25501 0.254184 0.309256
9.48952 6.31795 0.255119 0.296029
9.59762 6.4503 0.25231 0.270219
9.48952 6.31795 0.255119 0.296029
9.48952 6.31795 0.255119 0.296029
9.59762 6.4503 0.25231 0.270219
9.48952 6.31795 0.255119 0.296029
9.48952 6.31795 0.255119 0.296029
9.22101 6.58863 0.255367 0.00201266
9.59762 6.4503 0.25231 0.270219
9.48952 6.31795 0.255119 0.296029
9.59762 6.4503 0.25231 0.270219
9.48952 6.31795 0.255119 0.296029
9.40315 6.09836 0.253205 0.0212816
9.59762 6.4503 0.25231 0.270219
9.48952 6.31795 0.255119 0.296029
9.40315 6.09836 0.253205 0.0212816
9.59762 6.4503 0.25231 0.270219
9.59762 6.4503 0.25231 0.270219
9.48952 6.31795 0.255119 0.296029
9.59762 6.4503 0.25231 0.270219
9.59762 6.4503 0.25231 0.270219
9.19978 6.3915 0.257895 0.0149219
9.44323 6.25501 0.254184 0.309256
9.59762 6.4503 0.25231 0.270219
9.48952 6.31795 0.255119 0.296029
9.44323 6.25501 0.254184 0.309256
9.59762 6.4503 0.25231 0.270219
9.59762 6.4503 0.25231 0.270219
9.59762 6.4503 0.25231 0.270219
9.44323 6.25501 0.254184 0.309256
9.44323 6.25501 0.254184 0.309256
9.47538 6.40817 0.2583 0.0402398
9.59762 6.4503 0.25231 0.270219
9.59762 6.4503 0.25231 0.270219
9.59762 6.4503 0.25231 0.270219
9.48952 6.31795 0.255119 0.296029
9.47538 6.40817 0.2583 0.0402398
9.59762 6.4503 0.25231 0.270219
9.19978 6.3915 0.257895 0.0149219
9.44323 6.25501 0.254184 0.309256
9.59762 6.4503 0.25231 0.270219
9.48952 6.31795 0.255119 0.296029
9.44323 6.25501 0.254184 0.309256
9.44323 6.25501 0.254184 0.309256
9.44323 6.25501 0.254184 0.309256
9.44323 6.25501 0.254184 0.309256
9.59762 6.4503 0.25231 0.270219
9.59762 6.4503 0.25231 0.270219
9.44323 6.25501 0.254184 0.309256
9.44323 6.25501 0.254184 0.309256
9.48952 6.31795 0.255119 0.296029
9.44323 6.25501 0.254184 0.309256
9.59762 6.4503 0.25231 0.270219
9.44323 6.25501 0.254184 0.309256
9.44323 6.25501 0.254184 0.309256
9.48952 6.31795 0.255119 0.296029
9.44323 6.25501 0.254184 0.309256
9.59762 6.4503 0.25231 0.270219
9.48952 6.31795 0.255119 0.296029
9.44323 6.25501 0.254184 0.309256
9.27214 6.52633 0.252939 0.0170049
9.48952 6.31795 0.255119 0.296029
9.44323 6.25501 0.254184 0.309256
9.48952 6.31795 0.255119 0.296029
9.48952 6.31795 0.255119 0.296029
9.44323 6.25501 0.254184 0.309256
9.59762 6.4503 0.25231 0.270219
9.48952 6.31795 0.255119 0.296029
9.44323 6.25501 0.254184 0.309256
9.44323 6.25501 0.254184 0.309256
