70.9296 -41.8701 3.79784 0.0706742
71.05 -41.686 3.80523 0.0140771
71.0823 -41.6859 3.79883 0.258517
71.0288 -41.7577 3.79798 0.319335
71.0823 -41.6859 3.79883 0.258517
71.0288 -41.7577 3.79798 0.319335
70.8618 -41.7739 3.78957 0.0129393
71.169 -41.748 3.80241 0.0246136
71.0288 -41.7577 3.79798 0.319335
71.0823 -41.6859 3.79883 0.258517
71.0872 -41.7731 3.78829 0.0155486
70.7983 -41.8129 3.80432 0.000290707
70.8932 -41.9235 3.7933 0.0503554
71.0823 -41.6859 3.79883 0.258517
71.0288 -41.7577 3.79798 0.319335
71.0288 -41.7577 3.79798 0.319335
70.9296 -41.8701 3.79784 0.0706742
71.0823 -41.6859 3.79883 0.258517
70.8869 -41.9464 3.79624 0.0198071
70.8932 -41.9235 3.7933 0.0503554
71.0288 -41.7577 3.79798 0.319335
71.119 -41.8025 3.79967 0.0971448
71.0288 -41.7577 3.79798 0.319335
71.119 -41.8025 3.79967 0.0971448
71.119 -41.8025 3.79967 0.0971448
70.9296 -41.8701 3.79784 0.0706742
71.0823 -41.6859 3.79883 0.258517
71.0823 -41.6859 3.79883 0.258517
70.8869 -41.9464 3.79624 0.0198071
71.0288 -41.7577 3.79798 0.319335
71.0823 -41.6859 3.79883 0.258517
70.8618 -41.7739 3.78957 0.0129393
71.0288 -41.7577 3.79798 0.319335
71.0823 -41.6859 3.79883 0.258517
70.8449 -41.9895 3.79346 0.00814492
70.8932 -41.9235 3.7933 0.0503554
71.0288 -41.7577 3.79798 0.319335
71.0823 -41.6859 3.79883 0.258517
71.0823 -41.6859 3.79883 0.258517
70.8915 -41.7998 3.80502 0.00117307
70.8932 -41.9235 3.7933 0.0503554
71.0288 -41.7577 3.79798 0.319335
71.0288 -41.7577 3.79798 0.319335
71.0288 -41.7577 3.79798 0.319335
71.0667 -41.5957 3.78919 0.00131786
71.0288 -41.7577 3.79798 0.319335
70.8444 -41.8841 3.78889 0.00987981
70.9296 -41.8701 3.79784 0.0706742
71.0288 -41.7577 3.79798 0.319335
71.0823 -41.6859 3.79883 0.258517
71.169 -41.748 3.80241 0.0246136
71.0288 -41.7577 3.79798 0.319335
71.0823 -41.6859 3.79883 0.258517
70.8932 -41.9235 3.7933 0.0503554
71.0288 -41.7577 3.79798 0.319335
71.0288 -41.7577 3.79798 0.319335
70.8869 -41.9464 3.79624 0.0198071
71.0288 -41.7577 3.79798 0.319335
70.9296 -41.8701 3.79784 0.0706742
70.8444 -41.8841 3.78889 0.00987981
71.0872 -41.7731 3.78829 0.0155486
70.9296 -41.8701 3.79784 0.0706742
71.0288 -41.7577 3.79798 0.319335
70.9296 -41.8701 3.79784 0.0706742
70.9296 -41.8701 3.79784 0.0706742
71.0288 -41.7577 3.79798 0.319335
71.119 -41.8025 3.79967 0.0971448
70.9296 -41.8701 3.79784 0.0706742
71.0823 -41.6859 3.79883 0.258517
70.848 -41.9281 3.79179 0.0210575
71.0288 -41.7577 3.79798 0.319335
71.0823 -41.6859 3.79883 0.258517
71.169 -41.748 3.80241 0.0246136
71.0823 -41.6859 3.79883 0.258517
71.0855 -42.1184 3.78894 0.00194697
70.9296 -41.8701 3.79784 0.0706742
71.169 -41.748 3.80241 0.0246136
71.0288 -41.7577 3.79798 0.319335
70.8444 -41.8841 3.78889 0.00987981
71.119 -41.8025 3.79967 0.0971448
71.0872 -41.7731 3.78829 0.0155486
71.0288 -41.7577 3.79798 0.319335
71.169 -41.748 3.80241 0.0246136
71.0288 -41.7577 3.79798 0.319335
70.9296 -41.8701 3.79784 0.0706742
71.0288 -41.7577 3.79798 0.319335
71.0288 -41.7577 3.79798 0.319335
71.0288 -41.7577 3.79798 0.319335
71.0823 -41.6859 3.79883 0.258517
71.119 -41.8025 3.79967 0.0971448
71.0288 -41.7577 3.79798 0.319335
71.0823 -41.6859 3.79883 0.258517
71.119 -41.8025 3.79967 0.0971448
70.7675 -41.92 3.79538 0.00350053
71.0288 -41.7577 3.79798 0.319335
71.0288 -41.7577 3.79798 0.319335
70.8444 -41.8841 3.78889 0.00987981
70.8618 -41.7739 3.78957 0.0129393
71.0288 -41.7577 3.79798 0.319335
71.0288 -41.7577 3.79798 0.319335
