119.978 -21.2579 3.39736 0.0739523
119.977 -21.4244 3.39124 0.0496316
119.977 -21.4244 3.39124 0.0496316
120.158 -21.0484 3.3967 0.031104
120.05 -21.0495 3.39727 0.0366858
119.999 -21.1529 3.39421 0.126519
120.077 -21.142 3.39064 0.0691515
120.176 -21.311 3.38961 0.0164002
120.022 -21.2296 3.39143 0.133445
120.249 -21.1741 3.39403 0.0266048
119.978 -21.2579 3.39736 0.0739523
119.977 -21.4244 3.39124 0.0496316
119.796 -21.1792 3.39301 0.0542205
120.057 -21.4036 3.38973 0.0316251
120.077 -21.142 3.39064 0.0691515
120.077 -21.142 3.39064 0.0691515
120.077 -21.142 3.39064 0.0691515
120.022 -21.2296 3.39143 0.133445
120.249 -21.1741 3.39403 0.0266048
119.978 -21.2579 3.39736 0.0739523
119.796 -21.1792 3.39301 0.0542205
120.064 -21.3924 3.39475 0.066509
120.057 -21.4036 3.38973 0.0316251
119.924 -21.412 3.38927 0.0437191
120.077 -21.142 3.39064 0.0691515
120.022 -21.2296 3.39143 0.133445
119.776 -20.9868 3.39375 0.00741157
119.978 -21.2579 3.39736 0.0739523
119.979 -21.5497 3.39474 0.00831608
119.999 -21.1529 3.39421 0.126519
119.999 -21.1529 3.39421 0.126519
120.136 -21.2216 3.39091 0.0531025
120.249 -21.1741 3.39403 0.0266048
119.835 -21.2379 3.38674 0.0621441
120.057 -21.4036 3.38973 0.0316251
120.077 -21.142 3.39064 0.0691515
120.022 -21.2296 3.39143 0.133445
119.796 -21.1792 3.39301 0.0542205
120.158 -21.0484 3.3967 0.031104
120.064 -21.3924 3.39475 0.066509
120.05 -21.0495 3.39727 0.0366858
119.999 -21.1529 3.39421 0.126519
120.136 -21.2216 3.39091 0.0531025
120.022 -21.2296 3.39143 0.133445
119.978 -21.2579 3.39736 0.0739523
119.796 -21.1792 3.39301 0.0542205
119.835 -21.2379 3.38674 0.0621441
120.057 -21.4036 3.38973 0.0316251
120.05 -21.0495 3.39727 0.0366858
119.999 -21.1529 3.39421 0.126519
119.999 -21.1529 3.39421 0.126519
119.999 -21.1529 3.39421 0.126519
120.022 -21.2296 3.39143 0.133445
119.977 -21.4244 3.39124 0.0496316
119.835 -21.2379 3.38674 0.0621441
120.05 -21.0495 3.39727 0.0366858
119.924 -21.412 3.38927 0.0437191
120.022 -21.2296 3.39143 0.133445
120.022 -21.2296 3.39143 0.133445
119.977 -21.4244 3.39124 0.0496316
119.835 -21.2379 3.38674 0.0621441
120.064 -21.3924 3.39475 0.066509
120.134 -21.4329 3.39877 0.0216604
119.73 -21.051 3.3824 0.00490193
120.022 -21.2296 3.39143 0.133445
120.249 -21.1741 3.39403 0.0266048
119.978 -21.2579 3.39736 0.0739523
119.978 -21.2579 3.39736 0.0739523
119.773 -21.3476 3.38148 0.00409889
120.05 -21.0495 3.39727 0.0366858
119.999 -21.1529 3.39421 0.126519
119.999 -21.1529 3.39421 0.126519
119.999 -21.1529 3.39421 0.126519
120.136 -21.2216 3.39091 0.0531025
120.022 -21.2296 3.39143 0.133445
120.022 -21.2296 3.39143 0.133445
120.022 -21.2296 3.39143 0.133445
120.022 -21.2296 3.39143 0.133445
120.343 -21.2926 3.39517 0.00777698
119.977 -21.4244 3.39124 0.0496316
119.979 -21.5497 3.39474 0.00831608
120.057 -21.4036 3.38973 0.0316251
120.05 -21.0495 3.39727 0.0366858
119.999 -21.1529 3.39421 0.126519
119.924 -21.412 3.38927 0.0437191
119.61 -21.1219 3.37967 0.00122761
120.022 -21.2296 3.39143 0.133445
119.978 -21.2579 3.39736 0.0739523
119.977 -21.4244 3.39124 0.0496316
120.064 -21.3924 3.39475 0.066509
119.999 -21.1529 3.39421 0.126519
119.73 -21.051 3.3824 0.00490193
120.022 -21.2296 3.39143 0.133445
119.978 -21.2579 3.39736 0.0739523
119.978 -21.2579 3.39736 0.0739523
119.796 -21.1792 3.39301 0.0542205
120.064 -21.3924 3.39475 0.066509
120.05 -21.0495 3.39727 0.0366858
119.999 -21.1529 3.39421 0.126519
119.999 -21.1529 3.39421 0.126519
