238.421 27.8799 0.07746 0.0581701
238.456 27.7883 0.0814622 0.304572
238.425 27.9523 0.0806217 0.158163
238.456 27.7883 0.0814622 0.304572
238.288 27.7848 0.0881281 0.127869
238.456 27.7883 0.0814622 0.304572
238.296 27.6044 0.0839547 0.0517727
238.342 27.8075 0.087146 0.216252
238.456 27.7883 0.0814622 0.304572
238.456 27.7883 0.0814622 0.304572
238.456 27.7883 0.0814622 0.304572
238.425 27.9523 0.0806217 0.158163
238.27 28.0048 0.0814654 0.0416767
238.288 27.7848 0.0881281 0.127869
238.342 27.8075 0.087146 0.216252
238.092 27.6964 0.0904873 0.00218509
238.456 27.7883 0.0814622 0.304572
238.288 27.7848 0.0881281 0.127869
238.342 27.8075 0.087146 0.216252
238.296 27.6044 0.0839547 0.0517727
238.342 27.8075 0.087146 0.216252
238.342 27.8075 0.087146 0.216252
238.456 27.7883 0.0814622 0.304572
238.288 27.7848 0.0881281 0.127869
238.342 27.8075 0.087146 0.216252
238.342 27.8075 0.087146 0.216252
238.456 27.7883 0.0814622 0.304572
238.425 27.9523 0.0806217 0.158163
238.342 27.8075 0.087146 0.216252
238.456 27.7883 0.0814622 0.304572
238.342 27.8075 0.087146 0.216252
238.342 27.8075 0.087146 0.216252
238.296 27.6044 0.0839547 0.0517727
238.425 27.9523 0.0806217 0.158163
238.456 27.7883 0.0814622 0.304572
238.288 27.7848 0.0881281 0.127869
238.425 27.9523 0.0806217 0.158163
238.342 27.8075 0.087146 0.216252
238.296 27.6044 0.0839547 0.0517727
238.133 27.9068 0.0824041 0.0152004
238.288 27.7848 0.0881281 0.127869
238.421 27.8799 0.07746 0.0581701
238.456 27.7883 0.0814622 0.304572
238.288 27.7848 0.0881281 0.127869
238.342 27.8075 0.087146 0.216252
238.133 27.9068 0.0824041 0.0152004
238.288 27.7848 0.0881281 0.127869
238.425 27.9523 0.0806217 0.158163
238.456 27.7883 0.0814622 0.304572
238.342 27.8075 0.087146 0.216252
238.456 27.7883 0.0814622 0.304572
238.425 27.9523 0.0806217 0.158163
238.16 27.7505 0.0804097 0.0109542
238.421 27.8799 0.07746 0.0581701
238.425 27.9523 0.0806217 0.158163
238.421 27.8799 0.07746 0.0581701
238.288 27.7848 0.0881281 0.127869
238.133 27.9068 0.0824041 0.0152004
238.288 27.7848 0.0881281 0.127869
238.133 27.9068 0.0824041 0.0152004
238.288 27.7848 0.0881281 0.127869
238.342 27.8075 0.087146 0.216252
238.456 27.7883 0.0814622 0.304572
238.342 27.8075 0.087146 0.216252
238.456 27.7883 0.0814622 0.304572
238.456 27.7883 0.0814622 0.304572
238.342 27.8075 0.087146 0.216252
238.456 27.7883 0.0814622 0.304572
238.288 27.7848 0.0881281 0.127869
238.27 28.0048 0.0814654 0.0416767
238.456 27.7883 0.0814622 0.304572
238.456 27.7883 0.0814622 0.304572
238.342 27.8075 0.087146 0.216252
238.456 27.7883 0.0814622 0.304572
238.342 27.8075 0.087146 0.216252
238.456 27.7883 0.0814622 0.304572
238.425 27.9523 0.0806217 0.158163
238.342 27.8075 0.087146 0.216252
238.342 27.8075 0.087146 0.216252
238.27 28.0048 0.0814654 0.0416767
238.456 27.7883 0.0814622 0.304572
238.288 27.7848 0.0881281 0.127869
238.288 27.7848 0.0881281 0.127869
238.456 27.7883 0.0814622 0.304572
238.296 27.6044 0.0839547 0.0517727
238.296 27.6044 0.0839547 0.0517727
238.288 27.7848 0.0881281 0.127869
238.288 27.7848 0.0881281 0.127869
238.342 27.8075 0.087146 0.216252
238.27 28.0048 0.0814654 0.0416767
238.456 27.7883 0.0814622 0.304572
238.456 27.7883 0.0814622 0.304572
238.27 28.0048 0.0814654 0.0416767
238.525 27.7865 0.0753024 0.00293155
238.342 27.8075 0.087146 0.216252
238.456 27.7883 0.0814622 0.304572
238.425 27.9523 0.0806217 0.158163
238.342 27.8075 0.087146 0.216252
238.456 27.7883 0.0814622 0.304572
238.456 27.7883 0.0814622 0.304572
