56.2969 -54.2789 3.90488 0.0935108
56.2969 -54.2789 3.90488 0.0935108
56.1239 -54.1636 3.90141 0.0439144
56.2463 -54.2414 3.90712 0.272857
55.9439 -54.2368 3.90735 0.0571211
56.1305 -54.1816 3.89922 0.0114947
56.2463 -54.2414 3.90712 0.272857
56.0384 -54.3884 3.90767 0.117008
56.0384 -54.3884 3.90767 0.117008
56.2969 -54.2789 3.90488 0.0935108
56.2872 -54.4053 3.90097 0.0141188
56.2801 -54.3641 3.91096 0.0385062
56.0384 -54.3884 3.90767 0.117008
56.2574 -54.1664 3.90923 0.141545
56.2969 -54.2789 3.90488 0.0935108
56.2463 -54.2414 3.90712 0.272857
56.2801 -54.3641 3.91096 0.0385062
56.2574 -54.1664 3.90923 0.141545
56.2574 -54.1664 3.90923 0.141545
56.3653 -54.1894 3.9042 0.00760218
56.2333 -54.433 3.90766 0.0680364
56.1239 -54.1636 3.90141 0.0439144
56.0384 -54.3884 3.90767 0.117008
55.9439 -54.2368 3.90735 0.0571211
56.2969 -54.2789 3.90488 0.0935108
56.0384 -54.3884 3.90767 0.117008
55.9439 -54.2368 3.90735 0.0571211
56.1239 -54.1636 3.90141 0.0439144
55.9439 -54.2368 3.90735 0.0571211
56.1239 -54.1636 3.90141 0.0439144
56.0384 -54.3884 3.90767 0.117008
56.2333 -54.433 3.90766 0.0680364
56.2463 -54.2414 3.90712 0.272857
56.0384 -54.3884 3.90767 0.117008
56.3222 -54.3323 3.9116 0.0236656
56.2463 -54.2414 3.90712 0.272857
56.2574 -54.1664 3.90923 0.141545
56.2333 -54.433 3.90766 0.0680364
56.2463 -54.2414 3.90712 0.272857
56.3045 -54.4991 3.90864 0.00428742
56.0384 -54.3884 3.90767 0.117008
56.1305 -54.1816 3.89922 0.0114947
56.2333 -54.433 3.90766 0.0680364
56.1239 -54.1636 3.90141 0.0439144
55.9439 -54.2368 3.90735 0.0571211
56.3222 -54.3323 3.9116 0.0236656
56.2463 -54.2414 3.90712 0.272857
56.3653 -54.1894 3.9042 0.00760218
56.2667 -54.1704 3.91208 0.0649416
56.2463 -54.2414 3.90712 0.272857
56.2463 -54.2414 3.90712 0.272857
56.1305 -54.1816 3.89922 0.0114947
56.2333 -54.433 3.90766 0.0680364
56.2969 -54.2789 3.90488 0.0935108
56.2463 -54.2414 3.90712 0.272857
56.2463 -54.2414 3.90712 0.272857
56.0384 -54.3884 3.90767 0.117008
56.2574 -54.1664 3.90923 0.141545
56.3222 -54.3323 3.9116 0.0236656
56.2969 -54.2789 3.90488 0.0935108
56.2969 -54.2789 3.90488 0.0935108
56.0384 -54.3884 3.90767 0.117008
56.2574 -54.1664 3.90923 0.141545
56.2463 -54.2414 3.90712 0.272857
56.2463 -54.2414 3.90712 0.272857
56.2463 -54.2414 3.90712 0.272857
56.2463 -54.2414 3.90712 0.272857
56.2463 -54.2414 3.90712 0.272857
56.2574 -54.1664 3.90923 0.141545
56.1239 -54.1636 3.90141 0.0439144
56.0384 -54.3884 3.90767 0.117008
56.2333 -54.433 3.90766 0.0680364
56.2667 -54.1704 3.91208 0.0649416
56.2463 -54.2414 3.90712 0.272857
56.2574 -54.1664 3.90923 0.141545
56.3222 -54.3323 3.9116 0.0236656
56.2463 -54.2414 3.90712 0.272857
56.2463 -54.2414 3.90712 0.272857
55.9439 -54.2368 3.90735 0.0571211
56.2574 -54.1664 3.90923 0.141545
56.1239 -54.1636 3.90141 0.0439144
56.2463 -54.2414 3.90712 0.272857
56.0384 -54.3884 3.90767 0.117008
55.9439 -54.2368 3.90735 0.0571211
56.2574 -54.1664 3.90923 0.141545
56.2969 -54.2789 3.90488 0.0935108
56.2969 -54.2789 3.90488 0.0935108
56.2463 -54.2414 3.90712 0.272857
56.2574 -54.1664 3.90923 0.141545
56.3653 -54.1894 3.9042 0.00760218
56.2872 -54.4053 3.90097 0.0141188
56.2463 -54.2414 3.90712 0.272857
55.9439 -54.2368 3.90735 0.0571211
56.1305 -54.1816 3.89922 0.0114947
56.2969 -54.2789 3.90488 0.0935108
56.2463 -54.2414 3.90712 0.272857
56.2574 -54.1664 3.90923 0.141545
56.2969 -54.2789 3.90488 0.0935108
56.2969 -54.2789 3.90488 0.0935108
56.2801 -54.3641 3.91096 0.0385062
