57.2845 -53.1816 3.88934 0.615587
57.4975 -53.1452 3.89022 0.230711
57.2845 -53.1816 3.88934 0.615587
57.2845 -53.1816 3.88934 0.615587
57.2845 -53.1816 3.88934 0.615587
57.4975 -53.1452 3.89022 0.230711
57.4975 -53.1452 3.89022 0.230711
57.4975 -53.1452 3.89022 0.230711
57.4975 -53.1452 3.89022 0.230711
57.4975 -53.1452 3.89022 0.230711
57.2845 -53.1816 3.88934 0.615587
57.2845 -53.1816 3.88934 0.615587
57.2845 -53.1816 3.88934 0.615587
57.4975 -53.1452 3.89022 0.230711
57.3972 -53.0537 3.88538 0.0734721
57.2845 -53.1816 3.88934 0.615587
57.1152 -53.2539 3.88658 0.0225685
57.4975 -53.1452 3.89022 0.230711
57.2845 -53.1816 3.88934 0.615587
57.2845 -53.1816 3.88934 0.615587
57.4975 -53.1452 3.89022 0.230711
57.4975 -53.1452 3.89022 0.230711
57.4975 -53.1452 3.89022 0.230711
57.2845 -53.1816 3.88934 0.615587
57.2845 -53.1816 3.88934 0.615587
57.4975 -53.1452 3.89022 0.230711
57.2845 -53.1816 3.88934 0.615587
57.4975 -53.1452 3.89022 0.230711
57.2845 -53.1816 3.88934 0.615587
57.4975 -53.1452 3.89022 0.230711
57.2845 -53.1816 3.88934 0.615587
57.2845 -53.1816 3.88934 0.615587
57.2845 -53.1816 3.88934 0.615587
57.2845 -53.1816 3.88934 0.615587
57.2845 -53.1816 3.88934 0.615587
57.2845 -53.1816 3.88934 0.615587
57.4975 -53.1452 3.89022 0.230711
57.3972 -53.0537 3.88538 0.0734721
57.2845 -53.1816 3.88934 0.615587
57.3972 -53.0537 3.88538 0.0734721
57.4975 -53.1452 3.89022 0.230711
57.2845 -53.1816 3.88934 0.615587
57.4975 -53.1452 3.89022 0.230711
57.2845 -53.1816 3.88934 0.615587
57.2845 -53.1816 3.88934 0.615587
57.2845 -53.1816 3.88934 0.615587
57.4975 -53.1452 3.89022 0.230711
57.3972 -53.0537 3.88538 0.0734721
57.2845 -53.1816 3.88934 0.615587
57.2845 -53.1816 3.88934 0.615587
57.2845 -53.1816 3.88934 0.615587
57.1152 -53.2539 3.88658 0.0225685
57.3972 -53.0537 3.88538 0.0734721
57.2845 -53.1816 3.88934 0.615587
57.4975 -53.1452 3.89022 0.230711
57.2845 -53.1816 3.88934 0.615587
57.2845 -53.1816 3.88934 0.615587
57.2845 -53.1816 3.88934 0.615587
57.2845 -53.1816 3.88934 0.615587
57.2845 -53.1816 3.88934 0.615587
57.2845 -53.1816 3.88934 0.615587
57.4975 -53.1452 3.89022 0.230711
57.2845 -53.1816 3.88934 0.615587
57.2845 -53.1816 3.88934 0.615587
57.2845 -53.1816 3.88934 0.615587
57.2845 -53.1816 3.88934 0.615587
57.2845 -53.1816 3.88934 0.615587
57.2845 -53.1816 3.88934 0.615587
57.2845 -53.1816 3.88934 0.615587
57.2845 -53.1816 3.88934 0.615587
57.2845 -53.1816 3.88934 0.615587
57.3972 -53.0537 3.88538 0.0734721
57.2845 -53.1816 3.88934 0.615587
57.2845 -53.1816 3.88934 0.615587
57.4975 -53.1452 3.89022 0.230711
57.4975 -53.1452 3.89022 0.230711
57.4975 -53.1452 3.89022 0.230711
57.2845 -53.1816 3.88934 0.615587
57.2845 -53.1816 3.88934 0.615587
57.2845 -53.1816 3.88934 0.615587
57.2845 -53.1816 3.88934 0.615587
57.4975 -53.1452 3.89022 0.230711
57.2845 -53.1816 3.88934 0.615587
57.2845 -53.1816 3.88934 0.615587
57.4975 -53.1452 3.89022 0.230711
57.2845 -53.1816 3.88934 0.615587
57.1152 -53.2539 3.88658 0.0225685
57.2845 -53.1816 3.88934 0.615587
57.2845 -53.1816 3.88934 0.615587
57.4975 -53.1452 3.89022 0.230711
57.2845 -53.1816 3.88934 0.615587
57.2845 -53.1816 3.88934 0.615587
57.2845 -53.1816 3.88934 0.615587
57.2845 -53.1816 3.88934 0.615587
57.2845 -53.1816 3.88934 0.615587
57.2845 -53.1816 3.88934 0.615587
57.2845 -53.1816 3.88934 0.615587
57.2845 -53.1816 3.88934 0.615587
57.2845 -53.1816 3.88934 0.615587
57.2845 -53.1816 3.88934 0.615587
