76.9149 -37.3572 3.72522 0.310785
76.7521 -37.4658 3.72516 0.292549
76.8015 -37.1549 3.72096 0.00525966
76.9149 -37.3572 3.72522 0.310785
76.7521 -37.4658 3.72516 0.292549
76.9215 -37.6362 3.71944 0.0476489
76.9149 -37.3572 3.72522 0.310785
76.7521 -37.4658 3.72516 0.292549
76.7521 -37.4658 3.72516 0.292549
76.8298 -37.6199 3.71532 0.0219136
76.9149 -37.3572 3.72522 0.310785
76.7521 -37.4658 3.72516 0.292549
77.0177 -37.4527 3.72886 0.00324147
76.9028 -37.4353 3.72809 0.0506799
76.9028 -37.4353 3.72809 0.0506799
76.9149 -37.3572 3.72522 0.310785
76.9236 -37.6308 3.72438 0.0136106
76.9149 -37.3572 3.72522 0.310785
76.586 -37.5235 3.72146 0.0308229
76.6931 -37.1469 3.72349 0.00864979
76.9149 -37.3572 3.72522 0.310785
76.8298 -37.6199 3.71532 0.0219136
76.9042 -37.6306 3.72156 0.0573329
76.9028 -37.4353 3.72809 0.0506799
76.9149 -37.3572 3.72522 0.310785
76.586 -37.5235 3.72146 0.0308229
76.9149 -37.3572 3.72522 0.310785
76.9149 -37.3572 3.72522 0.310785
76.8347 -37.3628 3.71715 0.0318835
77.0086 -37.3403 3.72267 0.0634597
76.9149 -37.3572 3.72522 0.310785
76.9149 -37.3572 3.72522 0.310785
76.9215 -37.6362 3.71944 0.0476489
76.9149 -37.3572 3.72522 0.310785
76.7521 -37.4658 3.72516 0.292549
76.9028 -37.4353 3.72809 0.0506799
76.9149 -37.3572 3.72522 0.310785
76.586 -37.5235 3.72146 0.0308229
76.9149 -37.3572 3.72522 0.310785
76.9149 -37.3572 3.72522 0.310785
76.7521 -37.4658 3.72516 0.292549
76.7521 -37.4658 3.72516 0.292549
76.9215 -37.6362 3.71944 0.0476489
76.9149 -37.3572 3.72522 0.310785
76.7521 -37.4658 3.72516 0.292549
76.9149 -37.3572 3.72522 0.310785
76.7521 -37.4658 3.72516 0.292549
76.9149 -37.3572 3.72522 0.310785
76.7521 -37.4658 3.72516 0.292549
76.9042 -37.6306 3.72156 0.0573329
76.9097 -37.6757 3.72 0.0246539
76.7521 -37.4658 3.72516 0.292549
76.7521 -37.4658 3.72516 0.292549
76.9215 -37.6362 3.71944 0.0476489
76.9097 -37.6757 3.72 0.0246539
76.7521 -37.4658 3.72516 0.292549
76.9097 -37.6757 3.72 0.0246539
76.9149 -37.3572 3.72522 0.310785
77.052 -37.4748 3.7256 0.0114524
76.7521 -37.4658 3.72516 0.292549
76.9042 -37.6306 3.72156 0.0573329
77.0086 -37.3403 3.72267 0.0634597
76.7521 -37.4658 3.72516 0.292549
76.7521 -37.4658 3.72516 0.292549
76.9149 -37.3572 3.72522 0.310785
76.7521 -37.4658 3.72516 0.292549
76.586 -37.5235 3.72146 0.0308229
76.586 -37.5235 3.72146 0.0308229
76.8298 -37.6199 3.71532 0.0219136
76.9149 -37.3572 3.72522 0.310785
76.9042 -37.6306 3.72156 0.0573329
76.7521 -37.4658 3.72516 0.292549
76.7521 -37.4658 3.72516 0.292549
77.0086 -37.3403 3.72267 0.0634597
76.9149 -37.3572 3.72522 0.310785
76.7521 -37.4658 3.72516 0.292549
76.7521 -37.4658 3.72516 0.292549
76.9042 -37.6306 3.72156 0.0573329
76.9149 -37.3572 3.72522 0.310785
76.8347 -37.3628 3.71715 0.0318835
76.9149 -37.3572 3.72522 0.310785
76.7521 -37.4658 3.72516 0.292549
76.9149 -37.3572 3.72522 0.310785
76.9149 -37.3572 3.72522 0.310785
76.7521 -37.4658 3.72516 0.292549
77.0725 -37.3979 3.72055 0.0100437
76.9215 -37.6362 3.71944 0.0476489
76.9149 -37.3572 3.72522 0.310785
76.7521 -37.4658 3.72516 0.292549
76.6931 -37.1469 3.72349 0.00864979
76.9149 -37.3572 3.72522 0.310785
76.7521 -37.4658 3.72516 0.292549
76.9149 -37.3572 3.72522 0.310785
76.586 -37.5235 3.72146 0.0308229
76.586 -37.5235 3.72146 0.0308229
76.9028 -37.4353 3.72809 0.0506799
76.7521 -37.4658 3.72516 0.292549
76.7521 -37.4658 3.72516 0.292549
77.0086 -37.3403 3.72267 0.0634597
76.9149 -37.3572 3.72522 0.310785
