256.929 29.1453 6.20034 0.18044
256.929 29.1453 6.20034 0.18044
256.929 29.1453 6.20034 0.18044
256.758 29.2287 6.20023 0.124904
256.985 29.1665 6.1988 0.173144
256.985 29.1665 6.1988 0.173144
256.985 29.1665 6.1988 0.173144
256.715 29.0001 6.2014 0.00964724
257.089 29.2732 6.19611 0.105191
256.929 29.1453 6.20034 0.18044
256.929 29.1453 6.20034 0.18044
256.945 29.0418 6.19659 0.0329025
257.106 29.1437 6.19846 0.0335236
256.985 29.1665 6.1988 0.173144
257.089 29.2732 6.19611 0.105191
256.882 29.0004 6.21073 0.00262681
256.758 29.2287 6.20023 0.124904
256.764 29.4571 6.20204 0.00810866
256.985 29.1665 6.1988 0.173144
256.777 29.0338 6.20016 0.0290853
256.715 29.0001 6.2014 0.00964724
257.089 29.2732 6.19611 0.105191
256.711 29.0484 6.20029 0.0162655
256.919 29.1148 6.19963 0.146351
256.985 29.1665 6.1988 0.173144
257.064 29.1344 6.20172 0.0307077
256.758 29.2287 6.20023 0.124904
257.106 29.1437 6.19846 0.0335236
257.106 29.1437 6.19846 0.0335236
256.985 29.1665 6.1988 0.173144
257.089 29.2732 6.19611 0.105191
256.758 29.2287 6.20023 0.124904
256.919 29.1148 6.19963 0.146351
256.919 29.1148 6.19963 0.146351
256.985 29.1665 6.1988 0.173144
256.929 29.1453 6.20034 0.18044
256.758 29.2287 6.20023 0.124904
256.919 29.1148 6.19963 0.146351
256.919 29.1148 6.19963 0.146351
256.777 29.0338 6.20016 0.0290853
256.777 29.0338 6.20016 0.0290853
256.929 29.1453 6.20034 0.18044
256.758 29.2287 6.20023 0.124904
256.758 29.2287 6.20023 0.124904
256.945 29.0418 6.19659 0.0329025
256.985 29.1665 6.1988 0.173144
257.064 29.1344 6.20172 0.0307077
257.064 29.1344 6.20172 0.0307077
256.759 29.33 6.19103 0.00990721
256.758 29.2287 6.20023 0.124904
256.919 29.1148 6.19963 0.146351
256.985 29.1665 6.1988 0.173144
256.929 29.1453 6.20034 0.18044
256.929 29.1453 6.20034 0.18044
256.919 29.1148 6.19963 0.146351
256.919 29.1148 6.19963 0.146351
256.777 29.0338 6.20016 0.0290853
257.089 29.2732 6.19611 0.105191
257.064 29.1344 6.20172 0.0307077
256.759 29.33 6.19103 0.00990721
256.911 29.008 6.2047 0.0223426
256.985 29.1665 6.1988 0.173144
257.089 29.2732 6.19611 0.105191
257.089 29.2732 6.19611 0.105191
256.929 29.1453 6.20034 0.18044
256.919 29.1148 6.19963 0.146351
256.985 29.1665 6.1988 0.173144
257.089 29.2732 6.19611 0.105191
257.089 29.2732 6.19611 0.105191
256.929 29.1453 6.20034 0.18044
256.759 29.33 6.19103 0.00990721
256.945 29.0418 6.19659 0.0329025
256.919 29.1148 6.19963 0.146351
257.106 29.1437 6.19846 0.0335236
256.692 29.1418 6.21013 0.00972972
256.929 29.1453 6.20034 0.18044
257.073 29.0341 6.1984 0.0125755
256.758 29.2287 6.20023 0.124904
256.919 29.1148 6.19963 0.146351
256.919 29.1148 6.19963 0.146351
256.777 29.0338 6.20016 0.0290853
256.929 29.1453 6.20034 0.18044
256.758 29.2287 6.20023 0.124904
256.758 29.2287 6.20023 0.124904
257.106 29.1437 6.19846 0.0335236
256.692 29.1418 6.21013 0.00972972
256.929 29.1453 6.20034 0.18044
256.758 29.2287 6.20023 0.124904
256.919 29.1148 6.19963 0.146351
256.911 29.008 6.2047 0.0223426
256.985 29.1665 6.1988 0.173144
256.777 29.0338 6.20016 0.0290853
256.929 29.1453 6.20034 0.18044
256.758 29.2287 6.20023 0.124904
256.758 29.2287 6.20023 0.124904
256.985 29.1665 6.1988 0.173144
257.064 29.1344 6.20172 0.0307077
256.929 29.1453 6.20034 0.18044
256.929 29.1453 6.20034 0.18044
256.758 29.2287 6.20023 0.124904
