22.5795 8.85501 0.203075 0.0420356
22.373 9.0017 0.200975 0.87659
22.373 9.0017 0.200975 0.87659
22.373 9.0017 0.200975 0.87659
22.373 9.0017 0.200975 0.87659
22.373 9.0017 0.200975 0.87659
22.373 9.0017 0.200975 0.87659
22.373 9.0017 0.200975 0.87659
22.373 9.0017 0.200975 0.87659
22.5795 8.85501 0.203075 0.0420356
22.373 9.0017 0.200975 0.87659
22.373 9.0017 0.200975 0.87659
22.373 9.0017 0.200975 0.87659
22.373 9.0017 0.200975 0.87659
22.373 9.0017 0.200975 0.87659
22.373 9.0017 0.200975 0.87659
22.373 9.0017 0.200975 0.87659
22.373 9.0017 0.200975 0.87659
22.373 9.0017 0.200975 0.87659
22.373 9.0017 0.200975 0.87659
22.373 9.0017 0.200975 0.87659
22.4595 8.74247 0.197294 0.0216858
22.5795 8.85501 0.203075 0.0420356
22.373 9.0017 0.200975 0.87659
22.373 9.0017 0.200975 0.87659
22.373 9.0017 0.200975 0.87659
22.5974 9.01241 0.195007 0.0179822
22.373 9.0017 0.200975 0.87659
22.373 9.0017 0.200975 0.87659
22.373 9.0017 0.200975 0.87659
22.373 9.0017 0.200975 0.87659
22.373 9.0017 0.200975 0.87659
22.373 9.0017 0.200975 0.87659
22.4595 8.74247 0.197294 0.0216858
22.373 9.0017 0.200975 0.87659
22.373 9.0017 0.200975 0.87659
22.373 9.0017 0.200975 0.87659
22.373 9.0017 0.200975 0.87659
22.373 9.0017 0.200975 0.87659
22.6541 9.06444 0.198817 0.0104354
22.373 9.0017 0.200975 0.87659
22.373 9.0017 0.200975 0.87659
22.373 9.0017 0.200975 0.87659
22.1879 8.62962 0.20815 0.00931935
22.373 9.0017 0.200975 0.87659
21.9931 8.69718 0.208825 0.00493332
22.373 9.0017 0.200975 0.87659
22.373 9.0017 0.200975 0.87659
22.373 9.0017 0.200975 0.87659
22.5795 8.85501 0.203075 0.0420356
22.373 9.0017 0.200975 0.87659
22.373 9.0017 0.200975 0.87659
22.373 9.0017 0.200975 0.87659
22.373 9.0017 0.200975 0.87659
22.373 9.0017 0.200975 0.87659
22.373 9.0017 0.200975 0.87659
22.373 9.0017 0.200975 0.87659
22.373 9.0017 0.200975 0.87659
22.373 9.0017 0.200975 0.87659
22.373 9.0017 0.200975 0.87659
22.373 9.0017 0.200975 0.87659
22.6541 9.06444 0.198817 0.0104354
22.373 9.0017 0.200975 0.87659
22.373 9.0017 0.200975 0.87659
22.373 9.0017 0.200975 0.87659
22.373 9.0017 0.200975 0.87659
22.373 9.0017 0.200975 0.87659
22.4595 8.74247 0.197294 0.0216858
22.373 9.0017 0.200975 0.87659
22.373 9.0017 0.200975 0.87659
22.373 9.0017 0.200975 0.87659
22.373 9.0017 0.200975 0.87659
22.373 9.0017 0.200975 0.87659
22.373 9.0017 0.200975 0.87659
22.373 9.0017 0.200975 0.87659
22.373 9.0017 0.200975 0.87659
22.5974 9.01241 0.195007 0.0179822
22.373 9.0017 0.200975 0.87659
22.373 9.0017 0.200975 0.87659
22.6541 9.06444 0.198817 0.0104354
22.373 9.0017 0.200975 0.87659
22.373 9.0017 0.200975 0.87659
22.373 9.0017 0.200975 0.87659
22.373 9.0017 0.200975 0.87659
22.373 9.0017 0.200975 0.87659
22.373 9.0017 0.200975 0.87659
22.373 9.0017 0.200975 0.87659
22.4595 8.74247 0.197294 0.0216858
22.373 9.0017 0.200975 0.87659
22.373 9.0017 0.200975 0.87659
22.373 9.0017 0.200975 0.87659
22.373 9.0017 0.200975 0.87659
22.373 9.0017 0.200975 0.87659
22.373 9.0017 0.200975 0.87659
22.373 9.0017 0.200975 0.87659
22.373 9.0017 0.200975 0.87659
22.5795 8.85501 0.203075 0.0420356
22.373 9.0017 0.200975 0.87659
22.373 9.0017 0.200975 0.87659
22.373 9.0017 0.200975 0.87659
