106.325 18.7189 0.0643698 0.120871
106.411 18.6082 0.0588696 0.0678621
106.537 18.6385 0.0640939 0.178132
106.421 18.5169 0.0717552 0.0417261
106.325 18.7189 0.0643698 0.120871
106.349 18.7402 0.0705085 0.0332545
106.415 18.563 0.0718208 0.0438003
106.411 18.7436 0.067875 0.0803187
106.307 18.8182 0.065344 0.0322896
106.231 18.3409 0.0641022 0.0116408
106.537 18.6385 0.0640939 0.178132
106.354 18.2543 0.0665049 0.00812749
106.325 18.7189 0.0643698 0.120871
106.463 18.5436 0.0595606 0.0946281
106.537 18.6385 0.0640939 0.178132
106.496 18.815 0.0669126 0.0273242
106.411 18.7436 0.067875 0.0803187
106.607 18.8134 0.0616946 0.0184843
106.537 18.6385 0.0640939 0.178132
106.421 18.5169 0.0717552 0.0417261
106.354 18.2543 0.0665049 0.00812749
106.307 18.8182 0.065344 0.0322896
106.349 18.7402 0.0705085 0.0332545
106.415 18.563 0.0718208 0.0438003
106.4 18.7268 0.0589488 0.0403848
106.424 18.3092 0.0586053 0.00336167
106.607 18.8134 0.0616946 0.0184843
106.474 18.7156 0.0722535 0.00951509
106.683 18.4672 0.0658009 0.0149861
106.496 18.815 0.0669126 0.0273242
106.421 18.5169 0.0717552 0.0417261
106.4 18.7268 0.0589488 0.0403848
106.325 18.7189 0.0643698 0.120871
106.463 18.5436 0.0595606 0.0946281
106.537 18.6385 0.0640939 0.178132
106.415 18.563 0.0718208 0.0438003
106.325 18.7189 0.0643698 0.120871
106.411 18.6082 0.0588696 0.0678621
106.683 18.4672 0.0658009 0.0149861
106.537 18.6385 0.0640939 0.178132
106.39 18.8317 0.065984 0.0343223
106.421 18.5169 0.0717552 0.0417261
106.4 18.7268 0.0589488 0.0403848
106.377 18.4239 0.059532 0.0266992
106.411 18.6082 0.0588696 0.0678621
106.411 18.6082 0.0588696 0.0678621
106.537 18.6385 0.0640939 0.178132
106.415 18.563 0.0718208 0.0438003
106.4 18.7268 0.0589488 0.0403848
106.607 18.8134 0.0616946 0.0184843
106.683 18.4672 0.0658009 0.0149861
106.537 18.6385 0.0640939 0.178132
106.421 18.5169 0.0717552 0.0417261
106.411 18.7436 0.067875 0.0803187
106.325 18.7189 0.0643698 0.120871
106.411 18.6082 0.0588696 0.0678621
106.349 18.7402 0.0705085 0.0332545
106.415 18.563 0.0718208 0.0438003
106.325 18.7189 0.0643698 0.120871
106.411 18.6082 0.0588696 0.0678621
106.272 18.3835 0.067169 0.0466488
106.411 18.7436 0.067875 0.0803187
106.325 18.7189 0.0643698 0.120871
106.463 18.5436 0.0595606 0.0946281
106.537 18.6385 0.0640939 0.178132
106.4 18.7268 0.0589488 0.0403848
106.325 18.7189 0.0643698 0.120871
106.377 18.4239 0.059532 0.0266992
106.231 18.3409 0.0641022 0.0116408
106.463 18.5436 0.0595606 0.0946281
106.537 18.6385 0.0640939 0.178132
106.4 18.7268 0.0589488 0.0403848
106.325 18.7189 0.0643698 0.120871
106.325 18.7189 0.0643698 0.120871
106.463 18.5436 0.0595606 0.0946281
106.537 18.6385 0.0640939 0.178132
106.421 18.5169 0.0717552 0.0417261
106.307 18.8182 0.065344 0.0322896
106.377 18.4239 0.059532 0.0266992
106.411 18.6082 0.0588696 0.0678621
106.537 18.6385 0.0640939 0.178132
106.411 18.7436 0.067875 0.0803187
106.325 18.7189 0.0643698 0.120871
106.411 18.6082 0.0588696 0.0678621
106.537 18.6385 0.0640939 0.178132
106.496 18.815 0.0669126 0.0273242
106.421 18.5169 0.0717552 0.0417261
106.411 18.7436 0.067875 0.0803187
106.377 18.4239 0.059532 0.0266992
106.463 18.5436 0.0595606 0.0946281
106.537 18.6385 0.0640939 0.178132
106.537 18.6385 0.0640939 0.178132
106.272 18.3835 0.067169 0.0466488
106.411 18.7436 0.067875 0.0803187
106.424 18.3092 0.0586053 0.00336167
106.325 18.7189 0.0643698 0.120871
106.463 18.5436 0.0595606 0.0946281
106.537 18.6385 0.0640939 0.178132
106.496 18.815 0.0669126 0.0273242
106.411 18.7436 0.067875 0.0803187
