86.8682 -31.4847 3.57679 0.210348
87.0134 -31.5143 3.56689 0.460659
87.0065 -31.7899 3.56292 0.0408524
86.8682 -31.4847 3.57679 0.210348
87.038 -31.8598 3.57003 0.21389
87.0134 -31.5143 3.56689 0.460659
87.038 -31.8598 3.57003 0.21389
87.0134 -31.5143 3.56689 0.460659
87.0134 -31.5143 3.56689 0.460659
87.0134 -31.5143 3.56689 0.460659
87.0134 -31.5143 3.56689 0.460659
87.0134 -31.5143 3.56689 0.460659
86.8682 -31.4847 3.57679 0.210348
87.038 -31.8598 3.57003 0.21389
87.0134 -31.5143 3.56689 0.460659
86.8682 -31.4847 3.57679 0.210348
87.038 -31.8598 3.57003 0.21389
87.134 -31.75 3.5611 0.0309121
87.0134 -31.5143 3.56689 0.460659
87.0134 -31.5143 3.56689 0.460659
87.038 -31.8598 3.57003 0.21389
87.038 -31.8598 3.57003 0.21389
87.0134 -31.5143 3.56689 0.460659
87.0134 -31.5143 3.56689 0.460659
87.038 -31.8598 3.57003 0.21389
87.038 -31.8598 3.57003 0.21389
87.0134 -31.5143 3.56689 0.460659
87.038 -31.8598 3.57003 0.21389
87.0134 -31.5143 3.56689 0.460659
87.0134 -31.5143 3.56689 0.460659
86.8682 -31.4847 3.57679 0.210348
86.8682 -31.4847 3.57679 0.210348
87.0134 -31.5143 3.56689 0.460659
87.0134 -31.5143 3.56689 0.460659
87.0134 -31.5143 3.56689 0.460659
87.0134 -31.5143 3.56689 0.460659
87.038 -31.8598 3.57003 0.21389
86.8682 -31.4847 3.57679 0.210348
87.0134 -31.5143 3.56689 0.460659
86.8682 -31.4847 3.57679 0.210348
87.0134 -31.5143 3.56689 0.460659
87.134 -31.75 3.5611 0.0309121
87.038 -31.8598 3.57003 0.21389
87.0134 -31.5143 3.56689 0.460659
87.038 -31.8598 3.57003 0.21389
87.0134 -31.5143 3.56689 0.460659
87.134 -31.75 3.5611 0.0309121
87.0134 -31.5143 3.56689 0.460659
87.098 -31.8052 3.57727 0.0290915
87.0134 -31.5143 3.56689 0.460659
87.038 -31.8598 3.57003 0.21389
87.0134 -31.5143 3.56689 0.460659
87.038 -31.8598 3.57003 0.21389
87.038 -31.8598 3.57003 0.21389
87.038 -31.8598 3.57003 0.21389
87.038 -31.8598 3.57003 0.21389
87.0134 -31.5143 3.56689 0.460659
87.0134 -31.5143 3.56689 0.460659
87.0065 -31.7899 3.56292 0.0408524
86.8682 -31.4847 3.57679 0.210348
87.0134 -31.5143 3.56689 0.460659
86.8682 -31.4847 3.57679 0.210348
87.038 -31.8598 3.57003 0.21389
87.038 -31.8598 3.57003 0.21389
87.2287 -31.3802 3.57145 0.000186254
87.038 -31.8598 3.57003 0.21389
87.038 -31.8598 3.57003 0.21389
87.038 -31.8598 3.57003 0.21389
87.0065 -31.7899 3.56292 0.0408524
87.0134 -31.5143 3.56689 0.460659
87.038 -31.8598 3.57003 0.21389
87.038 -31.8598 3.57003 0.21389
87.0134 -31.5143 3.56689 0.460659
86.782 -31.4844 3.56823 0.0061095
87.0134 -31.5143 3.56689 0.460659
87.0134 -31.5143 3.56689 0.460659
87.0134 -31.5143 3.56689 0.460659
86.8682 -31.4847 3.57679 0.210348
87.0134 -31.5143 3.56689 0.460659
87.038 -31.8598 3.57003 0.21389
87.0134 -31.5143 3.56689 0.460659
87.0134 -31.5143 3.56689 0.460659
87.0134 -31.5143 3.56689 0.460659
87.0134 -31.5143 3.56689 0.460659
87.038 -31.8598 3.57003 0.21389
87.0134 -31.5143 3.56689 0.460659
87.0134 -31.5143 3.56689 0.460659
86.8682 -31.4847 3.57679 0.210348
86.8682 -31.4847 3.57679 0.210348
87.0134 -31.5143 3.56689 0.460659
87.0134 -31.5143 3.56689 0.460659
87.0134 -31.5143 3.56689 0.460659
87.0134 -31.5143 3.56689 0.460659
87.0134 -31.5143 3.56689 0.460659
87.0134 -31.5143 3.56689 0.460659
87.4756 -31.8527 3.57452 0.00108549
87.038 -31.8598 3.57003 0.21389
87.0134 -31.5143 3.56689 0.460659
87.0065 -31.7899 3.56292 0.0408524
87.0134 -31.5143 3.56689 0.460659
