13.0282 4.10764 0.298786 0.113469
13.0282 4.10764 0.298786 0.113469
13.0917 3.7902 0.300623 0.0207553
12.9501 4.01231 0.2984 0.136144
13.0282 4.10764 0.298786 0.113469
13.177 4.02165 0.292507 0.109403
13.0365 4.04217 0.301494 0.0949587
13.0677 3.93513 0.298562 0.229705
13.0677 3.93513 0.298562 0.229705
12.9501 4.01231 0.2984 0.136144
13.177 4.02165 0.292507 0.109403
13.0677 3.93513 0.298562 0.229705
13.0677 3.93513 0.298562 0.229705
13.268 3.96589 0.29553 0.0561001
13.0135 3.9393 0.295236 0.107221
12.9143 4.14777 0.299599 0.0203718
13.0282 4.10764 0.298786 0.113469
13.0677 3.93513 0.298562 0.229705
13.0677 3.93513 0.298562 0.229705
13.1363 4.08031 0.291075 0.0465187
13.177 4.02165 0.292507 0.109403
12.9501 4.01231 0.2984 0.136144
13.268 3.96589 0.29553 0.0561001
13.177 4.02165 0.292507 0.109403
13.0677 3.93513 0.298562 0.229705
12.9501 4.01231 0.2984 0.136144
13.0135 3.9393 0.295236 0.107221
13.177 4.02165 0.292507 0.109403
13.0677 3.93513 0.298562 0.229705
13.0677 3.93513 0.298562 0.229705
12.9501 4.01231 0.2984 0.136144
12.9349 4.12234 0.301374 0.0274617
13.0365 4.04217 0.301494 0.0949587
13.0677 3.93513 0.298562 0.229705
13.0677 3.93513 0.298562 0.229705
12.9501 4.01231 0.2984 0.136144
13.0135 3.9393 0.295236 0.107221
13.0282 4.10764 0.298786 0.113469
13.177 4.02165 0.292507 0.109403
13.0677 3.93513 0.298562 0.229705
13.268 3.96589 0.29553 0.0561001
13.177 4.02165 0.292507 0.109403
13.0917 3.7902 0.300623 0.0207553
13.0677 3.93513 0.298562 0.229705
13.0677 3.93513 0.298562 0.229705
13.0135 3.9393 0.295236 0.107221
13.177 4.02165 0.292507 0.109403
13.0917 3.7902 0.300623 0.0207553
12.9501 4.01231 0.2984 0.136144
13.0282 4.10764 0.298786 0.113469
13.0282 4.10764 0.298786 0.113469
13.0917 3.7902 0.300623 0.0207553
13.0677 3.93513 0.298562 0.229705
13.0677 3.93513 0.298562 0.229705
12.9501 4.01231 0.2984 0.136144
13.1024 4.0617 0.30249 0.0262979
13.29 3.81978 0.296509 0.00502777
13.0365 4.04217 0.301494 0.0949587
13.0677 3.93513 0.298562 0.229705
13.268 3.96589 0.29553 0.0561001
13.0282 4.10764 0.298786 0.113469
13.177 4.02165 0.292507 0.109403
13.0365 4.04217 0.301494 0.0949587
13.0677 3.93513 0.298562 0.229705
12.9501 4.01231 0.2984 0.136144
13.0135 3.9393 0.295236 0.107221
13.177 4.02165 0.292507 0.109403
13.0677 3.93513 0.298562 0.229705
13.268 3.96589 0.29553 0.0561001
13.177 4.02165 0.292507 0.109403
13.0677 3.93513 0.298562 0.229705
12.9501 4.01231 0.2984 0.136144
12.9501 4.01231 0.2984 0.136144
13.268 3.96589 0.29553 0.0561001
13.177 4.02165 0.292507 0.109403
13.0677 3.93513 0.298562 0.229705
13.268 3.96589 0.29553 0.0561001
13.1363 4.08031 0.291075 0.0465187
13.0282 4.10764 0.298786 0.113469
13.177 4.02165 0.292507 0.109403
13.0365 4.04217 0.301494 0.0949587
13.0677 3.93513 0.298562 0.229705
13.0135 3.9393 0.295236 0.107221
13.177 4.02165 0.292507 0.109403
13.0365 4.04217 0.301494 0.0949587
13.0677 3.93513 0.298562 0.229705
13.268 3.96589 0.29553 0.0561001
13.0282 4.10764 0.298786 0.113469
13.0365 4.04217 0.301494 0.0949587
13.0365 4.04217 0.301494 0.0949587
13.0677 3.93513 0.298562 0.229705
12.9501 4.01231 0.2984 0.136144
12.9501 4.01231 0.2984 0.136144
13.0135 3.9393 0.295236 0.107221
13.0282 4.10764 0.298786 0.113469
13.0677 3.93513 0.298562 0.229705
12.9501 4.01231 0.2984 0.136144
13.177 4.02165 0.292507 0.109403
13.177 4.02165 0.292507 0.109403
13.0365 4.04217 0.301494 0.0949587
