157.865 22.4417 0.0790438 0.385219
157.865 22.4417 0.0790438 0.385219
157.865 22.4417 0.0790438 0.385219
157.787 22.6337 0.0765708 0.0534742
157.728 22.308 0.0821406 0.117615
157.728 22.308 0.0821406 0.117615
157.74 22.5943 0.0755718 0.0600717
157.865 22.4417 0.0790438 0.385219
157.865 22.4417 0.0790438 0.385219
157.78 22.5363 0.0699231 0.0112926
157.865 22.4417 0.0790438 0.385219
157.728 22.308 0.0821406 0.117615
157.865 22.4417 0.0790438 0.385219
157.865 22.4417 0.0790438 0.385219
157.728 22.308 0.0821406 0.117615
157.865 22.4417 0.0790438 0.385219
157.865 22.4417 0.0790438 0.385219
157.728 22.308 0.0821406 0.117615
157.707 22.525 0.0781891 0.115455
157.707 22.525 0.0781891 0.115455
157.865 22.4417 0.0790438 0.385219
157.556 22.4556 0.0818187 0.010429
157.865 22.4417 0.0790438 0.385219
157.777 22.5261 0.0745327 0.140288
157.707 22.525 0.0781891 0.115455
157.78 22.5363 0.0699231 0.0112926
157.865 22.4417 0.0790438 0.385219
157.74 22.5943 0.0755718 0.0600717
157.728 22.308 0.0821406 0.117615
157.728 22.308 0.0821406 0.117615
157.728 22.308 0.0821406 0.117615
157.865 22.4417 0.0790438 0.385219
157.787 22.6337 0.0765708 0.0534742
157.707 22.525 0.0781891 0.115455
157.865 22.4417 0.0790438 0.385219
157.728 22.308 0.0821406 0.117615
157.707 22.525 0.0781891 0.115455
157.74 22.5943 0.0755718 0.0600717
157.865 22.4417 0.0790438 0.385219
157.777 22.5261 0.0745327 0.140288
157.865 22.4417 0.0790438 0.385219
157.777 22.5261 0.0745327 0.140288
157.728 22.308 0.0821406 0.117615
157.865 22.4417 0.0790438 0.385219
157.865 22.4417 0.0790438 0.385219
157.78 22.5363 0.0699231 0.0112926
157.865 22.4417 0.0790438 0.385219
157.777 22.5261 0.0745327 0.140288
157.865 22.4417 0.0790438 0.385219
157.728 22.308 0.0821406 0.117615
157.707 22.525 0.0781891 0.115455
158.02 22.556 0.0683719 0.00689263
157.865 22.4417 0.0790438 0.385219
157.865 22.4417 0.0790438 0.385219
157.787 22.6337 0.0765708 0.0534742
157.728 22.308 0.0821406 0.117615
157.707 22.525 0.0781891 0.115455
157.865 22.4417 0.0790438 0.385219
157.728 22.308 0.0821406 0.117615
157.865 22.4417 0.0790438 0.385219
157.728 22.308 0.0821406 0.117615
157.865 22.4417 0.0790438 0.385219
157.777 22.5261 0.0745327 0.140288
157.865 22.4417 0.0790438 0.385219
157.777 22.5261 0.0745327 0.140288
157.865 22.4417 0.0790438 0.385219
157.74 22.5943 0.0755718 0.0600717
157.728 22.308 0.0821406 0.117615
157.92 22.5519 0.0828213 0.0178239
157.66 22.668 0.0713272 0.000882998
157.865 22.4417 0.0790438 0.385219
157.92 22.5519 0.0828213 0.0178239
157.78 22.5363 0.0699231 0.0112926
157.865 22.4417 0.0790438 0.385219
157.865 22.4417 0.0790438 0.385219
157.66 22.3294 0.0686201 0.00010613
157.865 22.4417 0.0790438 0.385219
157.841 22.7456 0.0781872 0.00351168
157.865 22.4417 0.0790438 0.385219
157.787 22.6337 0.0765708 0.0534742
157.707 22.525 0.0781891 0.115455
157.865 22.4417 0.0790438 0.385219
157.777 22.5261 0.0745327 0.140288
157.707 22.525 0.0781891 0.115455
157.707 22.525 0.0781891 0.115455
157.865 22.4417 0.0790438 0.385219
157.777 22.5261 0.0745327 0.140288
157.865 22.4417 0.0790438 0.385219
157.779 22.6545 0.0795516 0.0210245
157.865 22.4417 0.0790438 0.385219
157.748 22.7065 0.0704351 0.00132629
157.865 22.4417 0.0790438 0.385219
157.779 22.6545 0.0795516 0.0210245
157.841 22.7456 0.0781872 0.00351168
157.865 22.4417 0.0790438 0.385219
157.787 22.6337 0.0765708 0.0534742
157.707 22.525 0.0781891 0.115455
157.707 22.525 0.0781891 0.115455
157.777 22.5261 0.0745327 0.140288
157.865 22.4417 0.0790438 0.385219
