251.386 28.9194 0.0472449 0.159204
251.566 28.9029 0.0473058 0.237363
251.566 28.9029 0.0473058 0.237363
251.638 28.9989 0.0502373 0.0704668
251.471 28.8028 0.0500965 0.0437927
251.386 28.9194 0.0472449 0.159204
251.386 28.9194 0.0472449 0.159204
251.495 28.9044 0.0424868 0.103356
251.566 28.9029 0.0473058 0.237363
251.519 28.8931 0.0487383 0.211367
251.495 28.9044 0.0424868 0.103356
251.281 29.0939 0.0518916 0.012837
251.427 29.1773 0.0531438 0.00653672
251.275 29.0653 0.0466858 0.030454
251.386 28.9194 0.0472449 0.159204
251.495 28.9044 0.0424868 0.103356
251.566 28.9029 0.0473058 0.237363
251.566 28.9029 0.0473058 0.237363
251.519 28.8931 0.0487383 0.211367
251.519 28.8931 0.0487383 0.211367
251.275 29.0653 0.0466858 0.030454
251.386 28.9194 0.0472449 0.159204
251.566 28.9029 0.0473058 0.237363
251.281 29.0939 0.0518916 0.012837
251.471 28.8028 0.0500965 0.0437927
251.495 28.9044 0.0424868 0.103356
251.495 28.9044 0.0424868 0.103356
251.638 28.9989 0.0502373 0.0704668
251.519 28.8931 0.0487383 0.211367
251.275 29.0653 0.0466858 0.030454
251.441 29.2395 0.0391053 0.0122281
251.566 28.9029 0.0473058 0.237363
251.281 29.0939 0.0518916 0.012837
251.519 28.8931 0.0487383 0.211367
251.386 28.9194 0.0472449 0.159204
251.566 28.9029 0.0473058 0.237363
251.519 28.8931 0.0487383 0.211367
251.495 28.9044 0.0424868 0.103356
251.566 28.9029 0.0473058 0.237363
251.566 28.9029 0.0473058 0.237363
251.519 28.8931 0.0487383 0.211367
251.519 28.8931 0.0487383 0.211367
251.275 29.0653 0.0466858 0.030454
251.386 28.9194 0.0472449 0.159204
251.441 29.2395 0.0391053 0.0122281
251.566 28.9029 0.0473058 0.237363
251.471 28.8028 0.0500965 0.0437927
251.495 28.9044 0.0424868 0.103356
251.38 29.2056 0.043384 0.0386028
251.566 28.9029 0.0473058 0.237363
251.638 28.9989 0.0502373 0.0704668
251.638 28.9989 0.0502373 0.0704668
251.225 28.885 0.0525942 0.00438623
251.495 28.9044 0.0424868 0.103356
251.566 28.9029 0.0473058 0.237363
251.638 28.9989 0.0502373 0.0704668
251.275 29.0653 0.0466858 0.030454
251.495 28.9044 0.0424868 0.103356
251.322 29.2035 0.0432092 0.011991
251.638 28.9989 0.0502373 0.0704668
251.519 28.8931 0.0487383 0.211367
251.495 28.9044 0.0424868 0.103356
251.495 28.9044 0.0424868 0.103356
251.566 28.9029 0.0473058 0.237363
251.322 29.2035 0.0432092 0.011991
251.519 28.8931 0.0487383 0.211367
251.386 28.9194 0.0472449 0.159204
251.566 28.9029 0.0473058 0.237363
251.566 28.9029 0.0473058 0.237363
251.519 28.8931 0.0487383 0.211367
251.297 28.8702 0.0428621 0.00289292
251.566 28.9029 0.0473058 0.237363
251.566 28.9029 0.0473058 0.237363
251.566 28.9029 0.0473058 0.237363
251.519 28.8931 0.0487383 0.211367
251.519 28.8931 0.0487383 0.211367
251.495 28.9044 0.0424868 0.103356
251.495 28.9044 0.0424868 0.103356
251.38 29.2056 0.043384 0.0386028
251.566 28.9029 0.0473058 0.237363
251.553 28.8614 0.0543731 0.00870698
251.519 28.8931 0.0487383 0.211367
251.386 28.9194 0.0472449 0.159204
251.566 28.9029 0.0473058 0.237363
251.566 28.9029 0.0473058 0.237363
251.519 28.8931 0.0487383 0.211367
251.386 28.9194 0.0472449 0.159204
251.566 28.9029 0.0473058 0.237363
251.427 29.1773 0.0531438 0.00653672
251.386 28.9194 0.0472449 0.159204
251.386 28.9194 0.0472449 0.159204
251.495 28.9044 0.0424868 0.103356
251.519 28.8931 0.0487383 0.211367
251.386 28.9194 0.0472449 0.159204
251.495 28.9044 0.0424868 0.103356
251.566 28.9029 0.0473058 0.237363
251.553 28.8614 0.0543731 0.00870698
251.519 28.8931 0.0487383 0.211367
251.386 28.9194 0.0472449 0.159204
251.495 28.9044 0.0424868 0.103356
