-38.3315 -71.9952 1.97412 0.0243403
-38.0532 -71.8823 1.98328 0.0914536
-38.1096 -72.0178 1.97858 0.165965
-38.3363 -71.8651 1.98173 0.0166531
-38.0641 -72.1722 1.99038 0.0708393
-38.1291 -72.1732 1.9808 0.185564
-38.2101 -72.3648 1.98806 0.0138118
-38.1096 -72.0178 1.97858 0.165965
-38.0638 -72.2352 1.98959 0.0860879
-38.5247 -72.1069 1.98808 6.78278e-05
-38.3268 -72.1582 1.98257 0.0484325
-38.3268 -72.1582 1.98257 0.0484325
-38.3363 -71.8651 1.98173 0.0166531
-37.843 -72.1804 1.98097 0.027621
-38.0641 -72.1722 1.99038 0.0708393
-38.0638 -72.2352 1.98959 0.0860879
-38.1291 -72.1732 1.9808 0.185564
-38.2627 -72.2049 1.98589 0.0485566
-38.1096 -72.0178 1.97858 0.165965
-38.1291 -72.1732 1.9808 0.185564
-38.1973 -72.062 1.98554 0.121982
-38.2101 -72.3648 1.98806 0.0138118
-38.1096 -72.0178 1.97858 0.165965
-37.843 -72.1804 1.98097 0.027621
-38.1291 -72.1732 1.9808 0.185564
-38.2627 -72.2049 1.98589 0.0485566
-38.2627 -72.2049 1.98589 0.0485566
-38.3268 -72.1582 1.98257 0.0484325
-38.1096 -72.0178 1.97858 0.165965
-37.922 -72.4175 1.98486 0.0147236
-38.0638 -72.2352 1.98959 0.0860879
-38.1291 -72.1732 1.9808 0.185564
-38.1973 -72.062 1.98554 0.121982
-38.2627 -72.2049 1.98589 0.0485566
-38.3315 -71.9952 1.97412 0.0243403
-38.1096 -72.0178 1.97858 0.165965
-38.1291 -72.1732 1.9808 0.185564
-38.1751 -71.768 1.97159 0.00306571
-38.0532 -71.8823 1.98328 0.0914536
-38.1096 -72.0178 1.97858 0.165965
-38.0641 -72.1722 1.99038 0.0708393
-38.0638 -72.2352 1.98959 0.0860879
-38.1291 -72.1732 1.9808 0.185564
-37.9203 -72.0649 1.99353 0.0144445
-38.1096 -72.0178 1.97858 0.165965
-37.843 -72.1804 1.98097 0.027621
-38.1291 -72.1732 1.9808 0.185564
-38.3315 -71.9952 1.97412 0.0243403
-38.0532 -71.8823 1.98328 0.0914536
-38.1096 -72.0178 1.97858 0.165965
-37.9805 -72.0299 1.9747 0.0111566
-38.0641 -72.1722 1.99038 0.0708393
-38.1291 -72.1732 1.9808 0.185564
-38.2627 -72.2049 1.98589 0.0485566
-38.1096 -72.0178 1.97858 0.165965
-38.0641 -72.1722 1.99038 0.0708393
-38.0638 -72.2352 1.98959 0.0860879
-38.1291 -72.1732 1.9808 0.185564
-38.1291 -72.1732 1.9808 0.185564
-38.3268 -72.1582 1.98257 0.0484325
-38.1096 -72.0178 1.97858 0.165965
-38.1096 -72.0178 1.97858 0.165965
-38.3363 -71.8651 1.98173 0.0166531
-38.0638 -72.2352 1.98959 0.0860879
-38.1291 -72.1732 1.9808 0.185564
-38.1291 -72.1732 1.9808 0.185564
-38.2627 -72.2049 1.98589 0.0485566
-38.1096 -72.0178 1.97858 0.165965
-38.1096 -72.0178 1.97858 0.165965
-38.0638 -72.2352 1.98959 0.0860879
-38.1291 -72.1732 1.9808 0.185564
-38.1973 -72.062 1.98554 0.121982
-38.3268 -72.1582 1.98257 0.0484325
-38.1096 -72.0178 1.97858 0.165965
-38.1096 -72.0178 1.97858 0.165965
-37.9805 -72.0299 1.9747 0.0111566
-38.0641 -72.1722 1.99038 0.0708393
-38.1291 -72.1732 1.9808 0.185564
-38.1973 -72.062 1.98554 0.121982
-38.2101 -72.3648 1.98806 0.0138118
-38.3268 -72.1582 1.98257 0.0484325
-38.0532 -71.8823 1.98328 0.0914536
-38.0532 -71.8823 1.98328 0.0914536
-38.3363 -71.8651 1.98173 0.0166531
-38.0641 -72.1722 1.99038 0.0708393
-38.1641 -72.404 1.98972 0.00868623
-38.1973 -72.062 1.98554 0.121982
-38.1096 -72.0178 1.97858 0.165965
-38.0638 -72.2352 1.98959 0.0860879
-38.1973 -72.062 1.98554 0.121982
-38.0532 -71.8823 1.98328 0.0914536
-38.1096 -72.0178 1.97858 0.165965
-38.0638 -72.2352 1.98959 0.0860879
-38.0638 -72.2352 1.98959 0.0860879
-38.1291 -72.1732 1.9808 0.185564
-38.1973 -72.062 1.98554 0.121982
-38.1096 -72.0178 1.97858 0.165965
-38.1096 -72.0178 1.97858 0.165965
-37.843 -72.1804 1.98097 0.027621
-38.1291 -72.1732 1.9808 0.185564
