64.9227 -46.8323 3.85814 0.235313
64.9227 -46.8323 3.85814 0.235313
65.1281 -46.8089 3.85171 0.0551237
64.9211 -47.044 3.84919 0.0156491
64.9193 -46.9573 3.85276 0.114993
64.9036 -46.829 3.8633 0.0217314
64.9227 -46.8323 3.85814 0.235313
65.0361 -46.8673 3.86132 0.145986
65.1972 -46.694 3.86944 0.000891782
65.0486 -46.6984 3.85686 0.215323
64.9227 -46.8323 3.85814 0.235313
64.9227 -46.8323 3.85814 0.235313
65.0361 -46.8673 3.86132 0.145986
65.0486 -46.6984 3.85686 0.215323
64.9227 -46.8323 3.85814 0.235313
65.1281 -46.8089 3.85171 0.0551237
65.2768 -46.7719 3.85504 0.0100897
65.2318 -46.8213 3.86564 0.00559078
65.0486 -46.6984 3.85686 0.215323
65.0486 -46.6984 3.85686 0.215323
64.9227 -46.8323 3.85814 0.235313
65.0361 -46.8673 3.86132 0.145986
65.0361 -46.8673 3.86132 0.145986
65.0361 -46.8673 3.86132 0.145986
65.0486 -46.6984 3.85686 0.215323
64.9227 -46.8323 3.85814 0.235313
65.0361 -46.8673 3.86132 0.145986
64.9193 -46.9573 3.85276 0.114993
65.1281 -46.8089 3.85171 0.0551237
65.0486 -46.6984 3.85686 0.215323
64.9193 -46.9573 3.85276 0.114993
65.2768 -46.7719 3.85504 0.0100897
65.0361 -46.8673 3.86132 0.145986
65.0486 -46.6984 3.85686 0.215323
65.0486 -46.6984 3.85686 0.215323
64.9036 -46.829 3.8633 0.0217314
65.1281 -46.8089 3.85171 0.0551237
65.1708 -47.0548 3.85432 0.011255
65.0283 -46.6848 3.85239 0.0394071
64.9193 -46.9573 3.85276 0.114993
64.9193 -46.9573 3.85276 0.114993
65.1708 -47.0548 3.85432 0.011255
65.0486 -46.6984 3.85686 0.215323
64.9476 -46.7467 3.85009 0.0275993
65.1281 -46.8089 3.85171 0.0551237
65.0361 -46.8673 3.86132 0.145986
65.0283 -46.6848 3.85239 0.0394071
65.0486 -46.6984 3.85686 0.215323
64.9476 -46.7467 3.85009 0.0275993
64.9227 -46.8323 3.85814 0.235313
65.0512 -46.6493 3.85317 0.0271745
65.1708 -47.0548 3.85432 0.011255
65.1287 -46.7563 3.86647 0.0135387
64.9193 -46.9573 3.85276 0.114993
65.0512 -46.6493 3.85317 0.0271745
65.1252 -47.076 3.86081 0.00242715
65.0486 -46.6984 3.85686 0.215323
64.9227 -46.8323 3.85814 0.235313
65.2768 -46.7719 3.85504 0.0100897
65.0361 -46.8673 3.86132 0.145986
65.0486 -46.6984 3.85686 0.215323
64.9476 -46.7467 3.85009 0.0275993
64.9227 -46.8323 3.85814 0.235313
65.2768 -46.7719 3.85504 0.0100897
64.9211 -47.044 3.84919 0.0156491
65.0486 -46.6984 3.85686 0.215323
64.9227 -46.8323 3.85814 0.235313
65.1281 -46.8089 3.85171 0.0551237
64.7447 -46.9714 3.85446 0.0050657
64.7447 -46.9714 3.85446 0.0050657
65.0486 -46.6984 3.85686 0.215323
65.0486 -46.6984 3.85686 0.215323
65.0486 -46.6984 3.85686 0.215323
64.9193 -46.9573 3.85276 0.114993
65.1281 -46.8089 3.85171 0.0551237
65.0486 -46.6984 3.85686 0.215323
64.9193 -46.9573 3.85276 0.114993
64.9227 -46.8323 3.85814 0.235313
64.9227 -46.8323 3.85814 0.235313
65.0512 -46.6493 3.85317 0.0271745
65.0361 -46.8673 3.86132 0.145986
65.0486 -46.6984 3.85686 0.215323
65.0486 -46.6984 3.85686 0.215323
64.9227 -46.8323 3.85814 0.235313
65.0361 -46.8673 3.86132 0.145986
64.9476 -46.7467 3.85009 0.0275993
64.9227 -46.8323 3.85814 0.235313
65.0361 -46.8673 3.86132 0.145986
65.0486 -46.6984 3.85686 0.215323
64.9193 -46.9573 3.85276 0.114993
64.9227 -46.8323 3.85814 0.235313
64.9227 -46.8323 3.85814 0.235313
64.9227 -46.8323 3.85814 0.235313
65.0361 -46.8673 3.86132 0.145986
65.0361 -46.8673 3.86132 0.145986
64.9193 -46.9573 3.85276 0.114993
65.1708 -47.0548 3.85432 0.011255
65.0486 -46.6984 3.85686 0.215323
65.0486 -46.6984 3.85686 0.215323
64.9193 -46.9573 3.85276 0.114993
