-28.4891 -85.1003 2.43894 0.194601
-28.2698 -85.0022 2.43902 0.198233
-28.4764 -84.9656 2.43013 0.191798
-28.2902 -84.8228 2.44131 0.0394248
-28.4891 -85.1003 2.43894 0.194601
-28.2698 -85.0022 2.43902 0.198233
-28.4675 -84.6688 2.43138 0.0886729
-28.4764 -84.9656 2.43013 0.191798
-28.4764 -84.9656 2.43013 0.191798
-28.2902 -84.8228 2.44131 0.0394248
-28.2698 -85.0022 2.43902 0.198233
-28.4675 -84.6688 2.43138 0.0886729
-28.4764 -84.9656 2.43013 0.191798
-28.4186 -85.231 2.43292 0.0228567
-28.4891 -85.1003 2.43894 0.194601
-28.4891 -85.1003 2.43894 0.194601
-28.2628 -84.9064 2.42826 0.0413691
-28.2698 -85.0022 2.43902 0.198233
-28.2698 -85.0022 2.43902 0.198233
-28.4764 -84.9656 2.43013 0.191798
-28.1292 -84.927 2.43616 0.0432605
-28.4891 -85.1003 2.43894 0.194601
-28.2698 -85.0022 2.43902 0.198233
-28.4764 -84.9656 2.43013 0.191798
-28.4186 -85.231 2.43292 0.0228567
-28.4891 -85.1003 2.43894 0.194601
-28.2698 -85.0022 2.43902 0.198233
-28.4764 -84.9656 2.43013 0.191798
-28.4764 -84.9656 2.43013 0.191798
-28.4891 -85.1003 2.43894 0.194601
-28.4891 -85.1003 2.43894 0.194601
-28.4675 -84.6688 2.43138 0.0886729
-28.4764 -84.9656 2.43013 0.191798
-28.1519 -84.8977 2.43557 0.0566434
-28.4891 -85.1003 2.43894 0.194601
-28.2698 -85.0022 2.43902 0.198233
-28.4764 -84.9656 2.43013 0.191798
-28.1198 -84.5329 2.43614 0.000252389
-28.4891 -85.1003 2.43894 0.194601
-28.2628 -84.9064 2.42826 0.0413691
-28.2698 -85.0022 2.43902 0.198233
-28.4675 -84.6688 2.43138 0.0886729
-28.1569 -85.1774 2.43588 0.0167693
-28.2628 -84.9064 2.42826 0.0413691
-28.2698 -85.0022 2.43902 0.198233
-28.2698 -85.0022 2.43902 0.198233
-28.4764 -84.9656 2.43013 0.191798
-28.4764 -84.9656 2.43013 0.191798
-28.1292 -84.927 2.43616 0.0432605
-28.2628 -84.9064 2.42826 0.0413691
-28.4675 -84.6688 2.43138 0.0886729
-28.1519 -84.8977 2.43557 0.0566434
-28.8475 -84.9434 2.43315 0.00374934
-28.2902 -84.8228 2.44131 0.0394248
-28.4891 -85.1003 2.43894 0.194601
-28.4891 -85.1003 2.43894 0.194601
-28.2698 -85.0022 2.43902 0.198233
-28.2698 -85.0022 2.43902 0.198233
-28.2698 -85.0022 2.43902 0.198233
-28.4186 -85.231 2.43292 0.0228567
-28.4891 -85.1003 2.43894 0.194601
-28.2698 -85.0022 2.43902 0.198233
-28.4764 -84.9656 2.43013 0.191798
-28.1292 -84.927 2.43616 0.0432605
-28.6787 -85.1806 2.43641 0.0171468
-28.4891 -85.1003 2.43894 0.194601
-28.4891 -85.1003 2.43894 0.194601
-28.4891 -85.1003 2.43894 0.194601
-28.2698 -85.0022 2.43902 0.198233
-28.4764 -84.9656 2.43013 0.191798
-28.6787 -85.1806 2.43641 0.0171468
-28.2698 -85.0022 2.43902 0.198233
-28.2698 -85.0022 2.43902 0.198233
-28.4675 -84.6688 2.43138 0.0886729
-28.4186 -85.231 2.43292 0.0228567
-28.1519 -84.8977 2.43557 0.0566434
-28.1292 -84.927 2.43616 0.0432605
-28.6575 -84.6697 2.43054 0.027812
-28.2698 -85.0022 2.43902 0.198233
-28.1519 -84.8977 2.43557 0.0566434
-28.4891 -85.1003 2.43894 0.194601
-28.2628 -84.9064 2.42826 0.0413691
-28.2628 -84.9064 2.42826 0.0413691
-28.2698 -85.0022 2.43902 0.198233
-28.4764 -84.9656 2.43013 0.191798
-28.4186 -85.231 2.43292 0.0228567
-28.4891 -85.1003 2.43894 0.194601
-28.4675 -84.6688 2.43138 0.0886729
-28.4764 -84.9656 2.43013 0.191798
-28.1458 -84.6859 2.43738 0.005562
-28.4891 -85.1003 2.43894 0.194601
-28.2698 -85.0022 2.43902 0.198233
-28.4764 -84.9656 2.43013 0.191798
-28.3875 -85.2422 2.44747 0.00750274
-28.4186 -85.231 2.43292 0.0228567
-28.0865 -85.2357 2.4396 0.00482953
-28.6575 -84.6697 2.43054 0.027812
-28.2698 -85.0022 2.43902 0.198233
-28.2698 -85.0022 2.43902 0.198233
-28.2698 -85.0022 2.43902 0.198233
