237.085 27.696 0.073093 0.0692967
236.717 27.8236 0.0742411 0.0398713
236.717 27.8236 0.0742411 0.0398713
236.828 27.6003 0.0779599 0.375365
236.735 27.7495 0.0764614 0.157891
236.828 27.6003 0.0779599 0.375365
237.085 27.696 0.073093 0.0692967
236.795 27.4722 0.0788234 0.0683796
236.828 27.6003 0.0779599 0.375365
236.717 27.8236 0.0742411 0.0398713
236.746 27.521 0.0823204 0.0261701
236.828 27.6003 0.0779599 0.375365
236.745 27.752 0.078771 0.117199
236.735 27.7495 0.0764614 0.157891
236.828 27.6003 0.0779599 0.375365
236.735 27.7495 0.0764614 0.157891
236.745 27.752 0.078771 0.117199
236.745 27.752 0.078771 0.117199
236.828 27.6003 0.0779599 0.375365
237.085 27.696 0.073093 0.0692967
236.795 27.4722 0.0788234 0.0683796
236.735 27.7495 0.0764614 0.157891
236.746 27.521 0.0823204 0.0261701
236.828 27.6003 0.0779599 0.375365
236.735 27.7495 0.0764614 0.157891
236.828 27.6003 0.0779599 0.375365
236.719 27.4913 0.0781422 0.0498957
236.745 27.752 0.078771 0.117199
236.759 27.929 0.0737183 0.0086647
236.991 27.872 0.0720697 0.0394554
236.828 27.6003 0.0779599 0.375365
236.828 27.6003 0.0779599 0.375365
237.085 27.696 0.073093 0.0692967
236.735 27.7495 0.0764614 0.157891
236.828 27.6003 0.0779599 0.375365
236.717 27.8236 0.0742411 0.0398713
236.828 27.6003 0.0779599 0.375365
236.828 27.6003 0.0779599 0.375365
236.795 27.4722 0.0788234 0.0683796
236.828 27.6003 0.0779599 0.375365
236.735 27.7495 0.0764614 0.157891
236.745 27.752 0.078771 0.117199
236.831 27.5034 0.0710568 0.0149716
236.719 27.4913 0.0781422 0.0498957
236.745 27.752 0.078771 0.117199
236.745 27.752 0.078771 0.117199
236.991 27.872 0.0720697 0.0394554
236.745 27.752 0.078771 0.117199
237.085 27.696 0.073093 0.0692967
236.828 27.6003 0.0779599 0.375365
236.795 27.4722 0.0788234 0.0683796
236.828 27.6003 0.0779599 0.375365
236.828 27.6003 0.0779599 0.375365
236.735 27.7495 0.0764614 0.157891
236.828 27.6003 0.0779599 0.375365
236.719 27.4913 0.0781422 0.0498957
236.828 27.6003 0.0779599 0.375365
236.795 27.4722 0.0788234 0.0683796
236.991 27.872 0.0720697 0.0394554
236.719 27.4913 0.0781422 0.0498957
236.828 27.6003 0.0779599 0.375365
236.745 27.752 0.078771 0.117199
236.795 27.4722 0.0788234 0.0683796
236.828 27.6003 0.0779599 0.375365
236.745 27.752 0.078771 0.117199
236.828 27.6003 0.0779599 0.375365
236.719 27.4913 0.0781422 0.0498957
236.831 27.5034 0.0710568 0.0149716
236.719 27.4913 0.0781422 0.0498957
236.828 27.6003 0.0779599 0.375365
236.828 27.6003 0.0779599 0.375365
236.759 27.929 0.0737183 0.0086647
236.828 27.6003 0.0779599 0.375365
236.828 27.6003 0.0779599 0.375365
236.735 27.7495 0.0764614 0.157891
236.735 27.7495 0.0764614 0.157891
236.991 27.872 0.0720697 0.0394554
236.828 27.6003 0.0779599 0.375365
236.735 27.7495 0.0764614 0.157891
236.745 27.752 0.078771 0.117199
236.991 27.872 0.0720697 0.0394554
236.746 27.521 0.0823204 0.0261701
237.085 27.696 0.073093 0.0692967
236.828 27.6003 0.0779599 0.375365
236.735 27.7495 0.0764614 0.157891
236.828 27.6003 0.0779599 0.375365
236.828 27.6003 0.0779599 0.375365
237.085 27.696 0.073093 0.0692967
236.717 27.8236 0.0742411 0.0398713
236.828 27.6003 0.0779599 0.375365
236.745 27.752 0.078771 0.117199
236.735 27.7495 0.0764614 0.157891
236.828 27.6003 0.0779599 0.375365
236.795 27.4722 0.0788234 0.0683796
236.828 27.6003 0.0779599 0.375365
237.085 27.696 0.073093 0.0692967
236.828 27.6003 0.0779599 0.375365
236.719 27.4913 0.0781422 0.0498957
236.719 27.4913 0.0781422 0.0498957
236.745 27.752 0.078771 0.117199
