196.898 -9.41675 3.12296 0.0248919
197.311 -9.2798 3.12937 0.199139
197.311 -9.2798 3.12937 0.199139
197.031 -9.40057 3.12272 0.0647834
197.031 -9.40057 3.12272 0.0647834
197.117 -9.39925 3.12679 0.159265
196.934 -9.34722 3.12246 0.0422125
197.25 -8.98122 3.13117 0.0347287
197.311 -9.2798 3.12937 0.199139
197.311 -9.2798 3.12937 0.199139
197.308 -9.13991 3.12941 0.133248
197.361 -9.10899 3.14101 0.0137487
197.354 -9.41412 3.13194 0.0477855
197.212 -9.26849 3.13648 0.0448836
197.311 -9.2798 3.12937 0.199139
197.308 -9.13991 3.12941 0.133248
197.117 -9.39925 3.12679 0.159265
197.279 -9.20235 3.12452 0.0217133
197.031 -9.40057 3.12272 0.0647834
197.117 -9.39925 3.12679 0.159265
197.226 -9.09915 3.12616 0.0349515
197.311 -9.2798 3.12937 0.199139
197.308 -9.13991 3.12941 0.133248
197.212 -9.26849 3.13648 0.0448836
197.311 -9.2798 3.12937 0.199139
197.031 -9.40057 3.12272 0.0647834
197.308 -9.13991 3.12941 0.133248
197.308 -9.13991 3.12941 0.133248
197.117 -9.39925 3.12679 0.159265
197.053 -9.47082 3.12401 0.0518319
197.308 -9.13991 3.12941 0.133248
197.308 -9.13991 3.12941 0.133248
197.155 -9.13953 3.12393 0.025312
197.354 -9.41412 3.13194 0.0477855
197.25 -8.98122 3.13117 0.0347287
197.311 -9.2798 3.12937 0.199139
197.308 -9.13991 3.12941 0.133248
197.117 -9.39925 3.12679 0.159265
197.226 -9.09915 3.12616 0.0349515
197.226 -9.09915 3.12616 0.0349515
197.391 -9.2358 3.12766 0.0325518
197.311 -9.2798 3.12937 0.199139
197.117 -9.39925 3.12679 0.159265
197.117 -9.39925 3.12679 0.159265
197.117 -9.39925 3.12679 0.159265
197.548 -9.23578 3.14305 0.00117318
197.031 -9.40057 3.12272 0.0647834
197.117 -9.39925 3.12679 0.159265
196.898 -9.41675 3.12296 0.0248919
197.311 -9.2798 3.12937 0.199139
197.291 -9.21006 3.12207 0.00221439
197.117 -9.39925 3.12679 0.159265
196.898 -9.41675 3.12296 0.0248919
197.053 -9.47082 3.12401 0.0518319
197.311 -9.2798 3.12937 0.199139
197.117 -9.39925 3.12679 0.159265
197.117 -9.39925 3.12679 0.159265
196.898 -9.41675 3.12296 0.0248919
197.311 -9.2798 3.12937 0.199139
197.031 -9.40057 3.12272 0.0647834
197.308 -9.13991 3.12941 0.133248
197.354 -9.41412 3.13194 0.0477855
197.177 -9.0611 3.12474 0.0102476
197.053 -9.47082 3.12401 0.0518319
197.311 -9.2798 3.12937 0.199139
197.311 -9.2798 3.12937 0.199139
197.308 -9.13991 3.12941 0.133248
197.361 -9.10899 3.14101 0.0137487
197.279 -9.20235 3.12452 0.0217133
197.311 -9.2798 3.12937 0.199139
197.311 -9.2798 3.12937 0.199139
197.311 -9.2798 3.12937 0.199139
197.308 -9.13991 3.12941 0.133248
197.308 -9.13991 3.12941 0.133248
197.117 -9.39925 3.12679 0.159265
197.177 -9.0611 3.12474 0.0102476
197.391 -9.2358 3.12766 0.0325518
197.031 -9.40057 3.12272 0.0647834
197.308 -9.13991 3.12941 0.133248
197.155 -9.13953 3.12393 0.025312
197.354 -9.41412 3.13194 0.0477855
197.354 -9.41412 3.13194 0.0477855
197.311 -9.2798 3.12937 0.199139
197.311 -9.2798 3.12937 0.199139
197.308 -9.13991 3.12941 0.133248
197.308 -9.13991 3.12941 0.133248
197.117 -9.39925 3.12679 0.159265
197.361 -9.10899 3.14101 0.0137487
197.279 -9.20235 3.12452 0.0217133
197.053 -9.47082 3.12401 0.0518319
197.311 -9.2798 3.12937 0.199139
197.117 -9.39925 3.12679 0.159265
197.117 -9.39925 3.12679 0.159265
197.361 -9.10899 3.14101 0.0137487
196.934 -9.07297 3.12713 0.00991536
197.391 -9.2358 3.12766 0.0325518
197.311 -9.2798 3.12937 0.199139
197.308 -9.13991 3.12941 0.133248
197.308 -9.13991 3.12941 0.133248
197.117 -9.39925 3.12679 0.159265
