1.72483 -95.8322 3.22221 0.0667076
1.62713 -95.8447 3.21317 0.0200343
1.90311 -95.7343 3.22222 0.0609748
1.83048 -95.7084 3.22275 0.0615543
1.83048 -95.7084 3.22275 0.0615543
1.73337 -95.7676 3.22202 0.0641441
1.81877 -96.0494 3.22418 0.0218422
1.8247 -95.9603 3.22365 0.0504185
1.8247 -95.9603 3.22365 0.0504185
1.8571 -95.9364 3.22228 0.0641293
1.78956 -95.796 3.22536 0.0594187
2.07943 -95.9989 3.22037 0.00894977
1.86499 -96.068 3.21544 0.0145179
1.86499 -96.068 3.21544 0.0145179
1.72483 -95.8322 3.22221 0.0667076
1.90311 -95.7343 3.22222 0.0609748
1.90311 -95.7343 3.22222 0.0609748
1.83048 -95.7084 3.22275 0.0615543
1.79333 -95.5492 3.21872 0.00884441
1.93831 -95.8674 3.22869 0.0315778
1.81877 -96.0494 3.22418 0.0218422
1.8247 -95.9603 3.22365 0.0504185
1.46769 -96.0674 3.20902 0.00175753
1.8571 -95.9364 3.22228 0.0641293
1.78956 -95.796 3.22536 0.0594187
1.73561 -95.9044 3.22737 0.0213592
1.73561 -95.9044 3.22737 0.0213592
1.76457 -95.845 3.21973 0.0774893
1.49396 -95.9508 3.22739 0.000789967
1.72483 -95.8322 3.22221 0.0667076
1.85089 -95.7971 3.23065 0.0190312
1.83048 -95.7084 3.22275 0.0615543
1.83048 -95.7084 3.22275 0.0615543
1.83048 -95.7084 3.22275 0.0615543
1.73337 -95.7676 3.22202 0.0641441
1.73337 -95.7676 3.22202 0.0641441
1.93831 -95.8674 3.22869 0.0315778
1.8247 -95.9603 3.22365 0.0504185
1.90835 -95.6681 3.22708 0.0377419
1.78956 -95.796 3.22536 0.0594187
1.73561 -95.9044 3.22737 0.0213592
1.76457 -95.845 3.21973 0.0774893
1.76457 -95.845 3.21973 0.0774893
1.64941 -96.0287 3.22318 0.0140806
2.10564 -95.9055 3.23045 0.00808977
1.83048 -95.7084 3.22275 0.0615543
1.93831 -95.8674 3.22869 0.0315778
1.81877 -96.0494 3.22418 0.0218422
1.8247 -95.9603 3.22365 0.0504185
1.8571 -95.9364 3.22228 0.0641293
1.78956 -95.796 3.22536 0.0594187
1.76457 -95.845 3.21973 0.0774893
1.72483 -95.8322 3.22221 0.0667076
1.90311 -95.7343 3.22222 0.0609748
1.90311 -95.7343 3.22222 0.0609748
1.73337 -95.7676 3.22202 0.0641441
1.9531 -95.8621 3.22199 0.0575919
1.8571 -95.9364 3.22228 0.0641293
1.8571 -95.9364 3.22228 0.0641293
1.8571 -95.9364 3.22228 0.0641293
1.8571 -95.9364 3.22228 0.0641293
1.90029 -96.0996 3.22385 0.0125137
1.76457 -95.845 3.21973 0.0774893
1.86838 -95.7068 3.22732 0.0431378
1.86838 -95.7068 3.22732 0.0431378
1.72483 -95.8322 3.22221 0.0667076
2.10564 -95.9055 3.23045 0.00808977
1.83048 -95.7084 3.22275 0.0615543
1.83048 -95.7084 3.22275 0.0615543
1.88449 -96.1321 3.2153 0.0067488
1.9531 -95.8621 3.22199 0.0575919
1.9531 -95.8621 3.22199 0.0575919
1.80418 -96.0742 3.21721 0.0227787
1.90835 -95.6681 3.22708 0.0377419
1.78956 -95.796 3.22536 0.0594187
1.65533 -95.8363 3.22523 0.0251647
1.65533 -95.8363 3.22523 0.0251647
1.76457 -95.845 3.21973 0.0774893
1.86838 -95.7068 3.22732 0.0431378
1.62713 -95.8447 3.21317 0.0200343
1.85089 -95.7971 3.23065 0.0190312
1.90311 -95.7343 3.22222 0.0609748
1.83048 -95.7084 3.22275 0.0615543
1.73337 -95.7676 3.22202 0.0641441
1.93831 -95.8674 3.22869 0.0315778
1.81877 -96.0494 3.22418 0.0218422
1.8247 -95.9603 3.22365 0.0504185
1.90835 -95.6681 3.22708 0.0377419
1.8571 -95.9364 3.22228 0.0641293
1.90029 -96.0996 3.22385 0.0125137
1.76457 -95.845 3.21973 0.0774893
1.76457 -95.845 3.21973 0.0774893
1.72483 -95.8322 3.22221 0.0667076
1.72483 -95.8322 3.22221 0.0667076
1.85089 -95.7971 3.23065 0.0190312
1.90311 -95.7343 3.22222 0.0609748
1.83048 -95.7084 3.22275 0.0615543
1.93831 -95.8674 3.22869 0.0315778
1.93831 -95.8674 3.22869 0.0315778
1.8247 -95.9603 3.22365 0.0504185
