157.207 21.8257 0.0780377 0.0737052
157.207 21.8257 0.0780377 0.0737052
157.143 21.7658 0.0781572 0.172812
157.118 21.732 0.081105 0.185646
157.032 21.6802 0.0755013 0.0589476
156.987 21.6746 0.0793845 0.125437
157.013 21.7189 0.0789603 0.145001
157.143 21.7658 0.0781572 0.172812
157.118 21.732 0.081105 0.185646
157.032 21.6802 0.0755013 0.0589476
157.013 21.7189 0.0789603 0.145001
157.268 21.5981 0.0801372 0.061373
157.118 21.732 0.081105 0.185646
156.987 21.6746 0.0793845 0.125437
156.987 21.6746 0.0793845 0.125437
156.987 21.6746 0.0793845 0.125437
157.143 21.7658 0.0781572 0.172812
157.29 21.7147 0.0728285 0.0159256
157.118 21.732 0.081105 0.185646
156.987 21.6746 0.0793845 0.125437
157.207 21.8257 0.0780377 0.0737052
157.143 21.7658 0.0781572 0.172812
157.143 21.7658 0.0781572 0.172812
157.118 21.732 0.081105 0.185646
157.013 21.7189 0.0789603 0.145001
157.143 21.7658 0.0781572 0.172812
157.118 21.732 0.081105 0.185646
157.032 21.6802 0.0755013 0.0589476
157.218 21.7182 0.0836315 0.0389851
157.218 21.7182 0.0836315 0.0389851
157.013 21.7189 0.0789603 0.145001
157.143 21.7658 0.0781572 0.172812
157.118 21.732 0.081105 0.185646
157.118 21.732 0.081105 0.185646
157.032 21.6802 0.0755013 0.0589476
157.013 21.7189 0.0789603 0.145001
157.143 21.7658 0.0781572 0.172812
157.143 21.7658 0.0781572 0.172812
157.118 21.732 0.081105 0.185646
156.987 21.6746 0.0793845 0.125437
157.013 21.7189 0.0789603 0.145001
157.013 21.7189 0.0789603 0.145001
157.207 21.8257 0.0780377 0.0737052
157.009 21.8338 0.0859243 0.00547618
157.118 21.732 0.081105 0.185646
157.118 21.732 0.081105 0.185646
156.987 21.6746 0.0793845 0.125437
157.159 21.883 0.0727878 0.0121293
157.013 21.7189 0.0789603 0.145001
157.013 21.7189 0.0789603 0.145001
157.143 21.7658 0.0781572 0.172812
156.839 21.7755 0.0786123 0.00507315
157.118 21.732 0.081105 0.185646
157.218 21.7182 0.0836315 0.0389851
156.987 21.6746 0.0793845 0.125437
157.013 21.7189 0.0789603 0.145001
157.143 21.7658 0.0781572 0.172812
157.143 21.7658 0.0781572 0.172812
157.118 21.732 0.081105 0.185646
157.118 21.732 0.081105 0.185646
156.987 21.6746 0.0793845 0.125437
157.207 21.8257 0.0780377 0.0737052
157.29 21.7147 0.0728285 0.0159256
157.032 21.6802 0.0755013 0.0589476
157.013 21.7189 0.0789603 0.145001
157.143 21.7658 0.0781572 0.172812
157.143 21.7658 0.0781572 0.172812
157.29 21.7147 0.0728285 0.0159256
157.284 21.7751 0.0816752 0.0222058
157.118 21.732 0.081105 0.185646
156.987 21.6746 0.0793845 0.125437
157.207 21.8257 0.0780377 0.0737052
157.143 21.7658 0.0781572 0.172812
157.29 21.7147 0.0728285 0.0159256
157.118 21.732 0.081105 0.185646
157.118 21.732 0.081105 0.185646
157.218 21.7182 0.0836315 0.0389851
157.207 21.8257 0.0780377 0.0737052
157.143 21.7658 0.0781572 0.172812
157.118 21.732 0.081105 0.185646
157.118 21.732 0.081105 0.185646
157.118 21.732 0.081105 0.185646
156.987 21.6746 0.0793845 0.125437
157.013 21.7189 0.0789603 0.145001
157.143 21.7658 0.0781572 0.172812
157.118 21.732 0.081105 0.185646
156.987 21.6746 0.0793845 0.125437
157.013 21.7189 0.0789603 0.145001
157.268 21.5981 0.0801372 0.061373
156.839 21.7755 0.0786123 0.00507315
156.987 21.6746 0.0793845 0.125437
156.987 21.6746 0.0793845 0.125437
157.143 21.7658 0.0781572 0.172812
157.268 21.5981 0.0801372 0.061373
157.118 21.732 0.081105 0.185646
157.118 21.732 0.081105 0.185646
156.987 21.6746 0.0793845 0.125437
157.207 21.8257 0.0780377 0.0737052
157.143 21.7658 0.0781572 0.172812
157.268 21.5981 0.0801372 0.061373
