51.1105 13.4841 0.154876 0.239369
51.3258 13.2875 0.152684 0.0770756
51.1333 13.3599 0.157111 0.332382
51.1105 13.4841 0.154876 0.239369
51.3258 13.2875 0.152684 0.0770756
51.1105 13.4841 0.154876 0.239369
51.1105 13.4841 0.154876 0.239369
51.2549 13.3384 0.156111 0.242889
51.1874 13.53 0.148234 0.00248189
51.1105 13.4841 0.154876 0.239369
51.2549 13.3384 0.156111 0.242889
51.1333 13.3599 0.157111 0.332382
51.1333 13.3599 0.157111 0.332382
51.1333 13.3599 0.157111 0.332382
51.1105 13.4841 0.154876 0.239369
51.4808 13.5119 0.156615 0.0140667
51.1105 13.4841 0.154876 0.239369
51.1333 13.3599 0.157111 0.332382
51.2549 13.3384 0.156111 0.242889
51.1333 13.3599 0.157111 0.332382
51.1105 13.4841 0.154876 0.239369
51.1333 13.3599 0.157111 0.332382
51.1105 13.4841 0.154876 0.239369
51.2549 13.3384 0.156111 0.242889
51.2549 13.3384 0.156111 0.242889
51.1333 13.3599 0.157111 0.332382
51.1333 13.3599 0.157111 0.332382
51.2549 13.3384 0.156111 0.242889
51.1105 13.4841 0.154876 0.239369
51.1105 13.4841 0.154876 0.239369
51.2549 13.3384 0.156111 0.242889
51.1333 13.3599 0.157111 0.332382
51.1105 13.4841 0.154876 0.239369
51.1333 13.3599 0.157111 0.332382
51.1333 13.3599 0.157111 0.332382
51.1105 13.4841 0.154876 0.239369
51.2549 13.3384 0.156111 0.242889
51.1333 13.3599 0.157111 0.332382
51.1105 13.4841 0.154876 0.239369
51.1333 13.3599 0.157111 0.332382
51.1105 13.4841 0.154876 0.239369
51.1105 13.4841 0.154876 0.239369
51.2549 13.3384 0.156111 0.242889
51.3258 13.2875 0.152684 0.0770756
51.1333 13.3599 0.157111 0.332382
51.1333 13.3599 0.157111 0.332382
51.1105 13.4841 0.154876 0.239369
51.1105 13.4841 0.154876 0.239369
51.1333 13.3599 0.157111 0.332382
51.1333 13.3599 0.157111 0.332382
51.2549 13.3384 0.156111 0.242889
51.3258 13.2875 0.152684 0.0770756
51.1105 13.4841 0.154876 0.239369
51.2549 13.3384 0.156111 0.242889
51.1333 13.3599 0.157111 0.332382
51.1333 13.3599 0.157111 0.332382
51.1105 13.4841 0.154876 0.239369
51.2549 13.3384 0.156111 0.242889
51.2549 13.3384 0.156111 0.242889
51.1333 13.3599 0.157111 0.332382
51.1333 13.3599 0.157111 0.332382
51.1333 13.3599 0.157111 0.332382
51.2549 13.3384 0.156111 0.242889
51.2549 13.3384 0.156111 0.242889
51.2549 13.3384 0.156111 0.242889
51.2077 13.3285 0.147761 0.00713777
51.1105 13.4841 0.154876 0.239369
51.2578 13.7216 0.156692 0.0294238
51.3258 13.2875 0.152684 0.0770756
51.2089 13.3793 0.147962 0.00818917
51.2549 13.3384 0.156111 0.242889
51.2549 13.3384 0.156111 0.242889
51.1333 13.3599 0.157111 0.332382
51.1333 13.3599 0.157111 0.332382
51.1105 13.4841 0.154876 0.239369
51.1105 13.4841 0.154876 0.239369
51.2549 13.3384 0.156111 0.242889
51.2549 13.3384 0.156111 0.242889
51.1333 13.3599 0.157111 0.332382
51.1333 13.3599 0.157111 0.332382
51.1105 13.4841 0.154876 0.239369
51.1333 13.3599 0.157111 0.332382
51.3057 13.4844 0.147592 0.00416604
51.2549 13.3384 0.156111 0.242889
51.1333 13.3599 0.157111 0.332382
51.2578 13.7216 0.156692 0.0294238
51.1333 13.3599 0.157111 0.332382
51.1333 13.3599 0.157111 0.332382
51.2549 13.3384 0.156111 0.242889
51.2549 13.3384 0.156111 0.242889
51.2549 13.3384 0.156111 0.242889
51.2549 13.3384 0.156111 0.242889
51.1333 13.3599 0.157111 0.332382
51.1333 13.3599 0.157111 0.332382
51.1333 13.3599 0.157111 0.332382
51.3258 13.2875 0.152684 0.0770756
51.1333 13.3599 0.157111 0.332382
51.1105 13.4841 0.154876 0.239369
51.1333 13.3599 0.157111 0.332382
51.1105 13.4841 0.154876 0.239369
