150.594 -15.011 3.32772 0.169941
150.82 -14.8394 3.33926 0.0116072
150.666 -14.8334 3.3303 0.0610948
150.835 -15.2721 3.33697 0.0255139
150.525 -15.0102 3.32289 0.0762254
150.533 -15.0075 3.32635 0.117578
150.601 -15.0399 3.32309 0.0894099
150.877 -14.7604 3.32911 0.0118003
150.988 -15.0778 3.33245 0.0707971
150.988 -15.0778 3.33245 0.0707971
150.991 -15.3132 3.34207 0.00264417
150.601 -15.0399 3.32309 0.0894099
150.594 -15.011 3.32772 0.169941
150.594 -15.011 3.32772 0.169941
150.666 -14.8334 3.3303 0.0610948
150.969 -14.9787 3.33641 0.0831528
150.988 -15.0778 3.33245 0.0707971
150.537 -14.8247 3.32494 0.0301244
150.525 -15.0102 3.32289 0.0762254
150.533 -15.0075 3.32635 0.117578
150.935 -15.016 3.33969 0.0462364
150.594 -15.011 3.32772 0.169941
150.64 -14.7636 3.32472 0.0149035
150.666 -14.8334 3.3303 0.0610948
150.525 -15.0102 3.32289 0.0762254
150.478 -15.0655 3.33146 0.0254313
150.594 -15.011 3.32772 0.169941
151.16 -14.9691 3.34103 0.00878735
150.811 -14.9613 3.34174 0.00743454
150.867 -15.2374 3.33839 0.0256961
150.797 -15.3104 3.32985 0.0315383
150.533 -15.0075 3.32635 0.117578
150.935 -15.016 3.33969 0.0462364
150.594 -15.011 3.32772 0.169941
150.835 -15.2721 3.33697 0.0255139
150.525 -15.0102 3.32289 0.0762254
150.935 -15.016 3.33969 0.0462364
150.601 -15.0399 3.32309 0.0894099
150.594 -15.011 3.32772 0.169941
150.594 -15.011 3.32772 0.169941
150.422 -15.0512 3.3295 0.0203916
150.797 -15.3104 3.32985 0.0315383
150.988 -15.0778 3.33245 0.0707971
150.525 -15.0102 3.32289 0.0762254
150.601 -15.0399 3.32309 0.0894099
150.738 -14.7629 3.33718 0.00581804
150.969 -14.9787 3.33641 0.0831528
150.525 -15.0102 3.32289 0.0762254
150.525 -15.0102 3.32289 0.0762254
150.601 -15.0399 3.32309 0.0894099
150.877 -14.7604 3.32911 0.0118003
150.462 -14.7558 3.33119 0.00205759
150.525 -15.0102 3.32289 0.0762254
150.533 -15.0075 3.32635 0.117578
150.478 -15.0655 3.33146 0.0254313
150.594 -15.011 3.32772 0.169941
150.594 -15.011 3.32772 0.169941
150.594 -15.011 3.32772 0.169941
150.666 -14.8334 3.3303 0.0610948
150.969 -14.9787 3.33641 0.0831528
150.537 -14.8247 3.32494 0.0301244
150.525 -15.0102 3.32289 0.0762254
150.601 -15.0399 3.32309 0.0894099
150.594 -15.011 3.32772 0.169941
150.594 -15.011 3.32772 0.169941
150.666 -14.8334 3.3303 0.0610948
150.969 -14.9787 3.33641 0.0831528
150.969 -14.9787 3.33641 0.0831528
150.969 -14.9787 3.33641 0.0831528
150.797 -15.3104 3.32985 0.0315383
150.797 -15.3104 3.32985 0.0315383
151.136 -14.906 3.33834 0.0104229
150.935 -15.016 3.33969 0.0462364
150.594 -15.011 3.32772 0.169941
151.116 -14.9397 3.33755 0.0172071
150.969 -14.9787 3.33641 0.0831528
151.136 -14.906 3.33834 0.0104229
150.601 -15.0399 3.32309 0.0894099
150.422 -15.0512 3.3295 0.0203916
151.039 -15.3717 3.33482 0.0029402
150.988 -15.0778 3.33245 0.0707971
150.533 -15.0075 3.32635 0.117578
150.817 -15.1538 3.34187 0.0065337
150.594 -15.011 3.32772 0.169941
150.594 -15.011 3.32772 0.169941
151.116 -14.9397 3.33755 0.0172071
151.16 -14.9691 3.34103 0.00878735
150.666 -14.8334 3.3303 0.0610948
150.811 -14.9613 3.34174 0.00743454
150.525 -15.0102 3.32289 0.0762254
150.533 -15.0075 3.32635 0.117578
150.594 -15.011 3.32772 0.169941
150.594 -15.011 3.32772 0.169941
150.666 -14.8334 3.3303 0.0610948
150.666 -14.8334 3.3303 0.0610948
150.525 -15.0102 3.32289 0.0762254
150.525 -15.0102 3.32289 0.0762254
150.533 -15.0075 3.32635 0.117578
150.594 -15.011 3.32772 0.169941
151.039 -15.3717 3.33482 0.0029402
