139.909 20.9719 0.0599321 0.182398
139.725 20.9786 0.0591121 0.0239881
139.993 21.093 0.0534319 0.153768
139.975 21.0691 0.0579276 0.395322
139.993 21.093 0.0534319 0.153768
139.993 21.093 0.0534319 0.153768
139.975 21.0691 0.0579276 0.395322
139.865 20.9725 0.057133 0.0957353
140.082 21.1264 0.0627474 0.0645556
139.993 21.093 0.0534319 0.153768
139.993 21.093 0.0534319 0.153768
139.975 21.0691 0.0579276 0.395322
140.082 21.1264 0.0627474 0.0645556
139.909 20.9719 0.0599321 0.182398
139.975 21.0691 0.0579276 0.395322
139.975 21.0691 0.0579276 0.395322
139.651 20.9642 0.0635843 0.00641625
139.975 21.0691 0.0579276 0.395322
139.975 21.0691 0.0579276 0.395322
139.975 21.0691 0.0579276 0.395322
139.909 20.9719 0.0599321 0.182398
139.909 20.9719 0.0599321 0.182398
139.975 21.0691 0.0579276 0.395322
139.865 20.9725 0.057133 0.0957353
139.975 21.0691 0.0579276 0.395322
139.909 20.9719 0.0599321 0.182398
139.993 21.093 0.0534319 0.153768
139.865 20.9725 0.057133 0.0957353
139.909 20.9719 0.0599321 0.182398
139.865 20.9725 0.057133 0.0957353
140.082 21.1264 0.0627474 0.0645556
139.975 21.0691 0.0579276 0.395322
139.993 21.093 0.0534319 0.153768
139.975 21.0691 0.0579276 0.395322
139.993 21.093 0.0534319 0.153768
139.975 21.0691 0.0579276 0.395322
139.975 21.0691 0.0579276 0.395322
139.909 20.9719 0.0599321 0.182398
139.975 21.0691 0.0579276 0.395322
139.63 21.0259 0.0594468 0.00480836
139.975 21.0691 0.0579276 0.395322
140.082 21.1264 0.0627474 0.0645556
139.909 20.9719 0.0599321 0.182398
139.975 21.0691 0.0579276 0.395322
139.909 20.9719 0.0599321 0.182398
139.993 21.093 0.0534319 0.153768
139.801 21.1117 0.0664467 0.0217467
139.975 21.0691 0.0579276 0.395322
139.993 21.093 0.0534319 0.153768
139.993 21.093 0.0534319 0.153768
139.975 21.0691 0.0579276 0.395322
139.993 21.093 0.0534319 0.153768
139.975 21.0691 0.0579276 0.395322
139.801 21.1117 0.0664467 0.0217467
140.082 21.1264 0.0627474 0.0645556
139.909 20.9719 0.0599321 0.182398
139.975 21.0691 0.0579276 0.395322
139.909 20.9719 0.0599321 0.182398
139.865 20.9725 0.057133 0.0957353
140.024 20.8417 0.060228 0.0214915
139.975 21.0691 0.0579276 0.395322
139.975 21.0691 0.0579276 0.395322
139.975 21.0691 0.0579276 0.395322
139.975 21.0691 0.0579276 0.395322
139.985 20.8264 0.068579 0.000612923
139.909 20.9719 0.0599321 0.182398
139.909 20.9719 0.0599321 0.182398
139.975 21.0691 0.0579276 0.395322
139.975 21.0691 0.0579276 0.395322
139.975 21.0691 0.0579276 0.395322
139.993 21.093 0.0534319 0.153768
139.975 21.0691 0.0579276 0.395322
139.975 21.0691 0.0579276 0.395322
139.975 21.0691 0.0579276 0.395322
139.993 21.093 0.0534319 0.153768
139.909 20.9719 0.0599321 0.182398
139.909 20.9719 0.0599321 0.182398
139.975 21.0691 0.0579276 0.395322
139.801 21.1117 0.0664467 0.0217467
139.975 21.0691 0.0579276 0.395322
139.909 20.9719 0.0599321 0.182398
139.975 21.0691 0.0579276 0.395322
139.909 20.9719 0.0599321 0.182398
139.975 21.0691 0.0579276 0.395322
139.975 21.0691 0.0579276 0.395322
139.909 20.9719 0.0599321 0.182398
139.975 21.0691 0.0579276 0.395322
139.975 21.0691 0.0579276 0.395322
139.778 20.9074 0.0650236 0.0164178
139.909 20.9719 0.0599321 0.182398
139.801 21.1117 0.0664467 0.0217467
139.975 21.0691 0.0579276 0.395322
139.993 21.093 0.0534319 0.153768
139.975 21.0691 0.0579276 0.395322
139.909 20.9719 0.0599321 0.182398
139.993 21.093 0.0534319 0.153768
139.909 20.9719 0.0599321 0.182398
139.975 21.0691 0.0579276 0.395322
139.975 21.0691 0.0579276 0.395322
139.993 21.093 0.0534319 0.153768
