-39.216 -53.8842 1.60328 0.0615554
-39.3931 -54.079 1.60918 0.107532
-39.3206 -54.155 1.61423 0.0135278
-39.2875 -54.0058 1.6003 0.118234
-39.6784 -53.7901 1.59863 0.000464341
-39.1218 -53.871 1.60109 0.0140997
-39.216 -53.8842 1.60328 0.0615554
-39.3931 -54.079 1.60918 0.107532
-39.2875 -54.0058 1.6003 0.118234
-39.2875 -54.0058 1.6003 0.118234
-39.3486 -54.3183 1.60362 0.0276973
-39.2585 -54.1607 1.60834 0.160453
-39.4123 -54.1715 1.60344 0.133317
-39.216 -53.8842 1.60328 0.0615554
-39.3157 -54.4682 1.60832 0.00258964
-39.299 -53.8625 1.60896 0.018726
-39.2875 -54.0058 1.6003 0.118234
-39.6203 -53.976 1.60492 0.010568
-39.2585 -54.1607 1.60834 0.160453
-39.4123 -54.1715 1.60344 0.133317
-39.1631 -54.3025 1.60955 0.0249947
-39.3931 -54.079 1.60918 0.107532
-39.3931 -54.079 1.60918 0.107532
-39.2875 -54.0058 1.6003 0.118234
-39.2585 -54.1607 1.60834 0.160453
-39.0431 -54.0437 1.60115 0.00873187
-39.216 -53.8842 1.60328 0.0615554
-39.1601 -54.156 1.60309 0.0654972
-39.3802 -54.337 1.6077 0.0291278
-39.2585 -54.1607 1.60834 0.160453
-39.1631 -54.3025 1.60955 0.0249947
-39.1601 -54.156 1.60309 0.0654972
-39.2875 -54.0058 1.6003 0.118234
-39.4583 -53.7522 1.60186 0.00785157
-39.2585 -54.1607 1.60834 0.160453
-39.2585 -54.1607 1.60834 0.160453
-39.5993 -53.9773 1.60055 0.015425
-39.3931 -54.079 1.60918 0.107532
-39.2248 -54.2733 1.60176 0.0206351
-39.2585 -54.1607 1.60834 0.160453
-39.2585 -54.1607 1.60834 0.160453
-39.216 -53.8842 1.60328 0.0615554
-39.3931 -54.079 1.60918 0.107532
-39.3931 -54.079 1.60918 0.107532
-39.3802 -54.337 1.6077 0.0291278
-39.2248 -54.2733 1.60176 0.0206351
-39.2585 -54.1607 1.60834 0.160453
-39.2585 -54.1607 1.60834 0.160453
-39.4123 -54.1715 1.60344 0.133317
-39.3931 -54.079 1.60918 0.107532
-39.3931 -54.079 1.60918 0.107532
-39.299 -53.8625 1.60896 0.018726
-39.2875 -54.0058 1.6003 0.118234
-39.2875 -54.0058 1.6003 0.118234
-39.3486 -54.3183 1.60362 0.0276973
-39.2585 -54.1607 1.60834 0.160453
-39.2585 -54.1607 1.60834 0.160453
-39.5095 -54.3023 1.61376 0.00176721
-39.1601 -54.156 1.60309 0.0654972
-39.2875 -54.0058 1.6003 0.118234
-39.2875 -54.0058 1.6003 0.118234
-39.2759 -53.9405 1.61038 0.0296552
-39.2585 -54.1607 1.60834 0.160453
-39.216 -53.8842 1.60328 0.0615554
-39.1601 -54.156 1.60309 0.0654972
-39.2875 -54.0058 1.6003 0.118234
-39.3767 -53.7605 1.59945 0.0114142
-39.2759 -53.9405 1.61038 0.0296552
-39.2585 -54.1607 1.60834 0.160453
-39.2585 -54.1607 1.60834 0.160453
-39.4123 -54.1715 1.60344 0.133317
-39.3931 -54.079 1.60918 0.107532
-39.3931 -54.079 1.60918 0.107532
-39.299 -53.8625 1.60896 0.018726
-39.2875 -54.0058 1.6003 0.118234
-39.3978 -54.1494 1.61113 0.0513887
-39.2585 -54.1607 1.60834 0.160453
-39.1218 -53.871 1.60109 0.0140997
-39.1631 -54.3025 1.60955 0.0249947
-39.5993 -53.9773 1.60055 0.015425
-39.3931 -54.079 1.60918 0.107532
-39.299 -53.8625 1.60896 0.018726
-39.4583 -53.7522 1.60186 0.00785157
-39.2759 -53.9405 1.61038 0.0296552
-39.1218 -53.871 1.60109 0.0140997
-39.216 -53.8842 1.60328 0.0615554
-39.3206 -54.155 1.61423 0.0135278
-39.2265 -53.6886 1.59687 0.000843924
-39.2759 -53.9405 1.61038 0.0296552
-39.4123 -54.1715 1.60344 0.133317
-39.1601 -54.156 1.60309 0.0654972
-39.1601 -54.156 1.60309 0.0654972
-39.2875 -54.0058 1.6003 0.118234
-39.2492 -54.3348 1.60685 0.0311166
-39.0431 -54.0437 1.60115 0.00873187
-39.3931 -54.079 1.60918 0.107532
-39.3486 -54.3183 1.60362 0.0276973
-39.3978 -54.1494 1.61113 0.0513887
-39.2759 -53.9405 1.61038 0.0296552
-39.2492 -54.3348 1.60685 0.0311166
