-27.6398 -85.4446 2.45282 0.739205
-28.1557 -85.4024 2.44475 0.0129206
-27.6398 -85.4446 2.45282 0.739205
-27.6398 -85.4446 2.45282 0.739205
-28.1557 -85.4024 2.44475 0.0129206
-27.6398 -85.4446 2.45282 0.739205
-28.071 -85.4651 2.45338 0.0189248
-27.6398 -85.4446 2.45282 0.739205
-27.6398 -85.4446 2.45282 0.739205
-27.6398 -85.4446 2.45282 0.739205
-27.6398 -85.4446 2.45282 0.739205
-27.8088 -85.5558 2.46174 0.0105769
-27.6398 -85.4446 2.45282 0.739205
-27.6398 -85.4446 2.45282 0.739205
-27.6398 -85.4446 2.45282 0.739205
-27.6398 -85.4446 2.45282 0.739205
-27.6398 -85.4446 2.45282 0.739205
-27.6398 -85.4446 2.45282 0.739205
-27.6398 -85.4446 2.45282 0.739205
-27.7608 -85.6012 2.46073 0.0394594
-27.7228 -85.9016 2.45719 0.0300322
-27.6398 -85.4446 2.45282 0.739205
-27.6398 -85.4446 2.45282 0.739205
-27.6398 -85.4446 2.45282 0.739205
-27.6398 -85.4446 2.45282 0.739205
-28.0986 -85.4102 2.44676 0.042228
-27.7228 -85.9016 2.45719 0.0300322
-27.6398 -85.4446 2.45282 0.739205
-27.6398 -85.4446 2.45282 0.739205
-27.6398 -85.4446 2.45282 0.739205
-27.6398 -85.4446 2.45282 0.739205
-27.6398 -85.4446 2.45282 0.739205
-27.6398 -85.4446 2.45282 0.739205
-27.6398 -85.4446 2.45282 0.739205
-27.6398 -85.4446 2.45282 0.739205
-28.1557 -85.4024 2.44475 0.0129206
-27.6398 -85.4446 2.45282 0.739205
-28.0986 -85.4102 2.44676 0.042228
-27.6398 -85.4446 2.45282 0.739205
-27.6398 -85.4446 2.45282 0.739205
-27.8088 -85.5558 2.46174 0.0105769
-27.6398 -85.4446 2.45282 0.739205
-27.6398 -85.4446 2.45282 0.739205
-27.6398 -85.4446 2.45282 0.739205
-27.7608 -85.6012 2.46073 0.0394594
-27.6398 -85.4446 2.45282 0.739205
-27.6398 -85.4446 2.45282 0.739205
-27.6398 -85.4446 2.45282 0.739205
-27.6398 -85.4446 2.45282 0.739205
-27.6398 -85.4446 2.45282 0.739205
-27.7228 -85.9016 2.45719 0.0300322
-27.6398 -85.4446 2.45282 0.739205
-27.6398 -85.4446 2.45282 0.739205
-27.8641 -85.8007 2.46204 0.00483669
-27.6398 -85.4446 2.45282 0.739205
-28.071 -85.4651 2.45338 0.0189248
-27.6398 -85.4446 2.45282 0.739205
-27.6398 -85.4446 2.45282 0.739205
-27.6398 -85.4446 2.45282 0.739205
-27.9393 -85.7633 2.45369 0.0634832
-28.071 -85.4651 2.45338 0.0189248
-27.6398 -85.4446 2.45282 0.739205
-27.6398 -85.4446 2.45282 0.739205
-28.0193 -85.7798 2.45699 0.00621638
-27.7228 -85.9016 2.45719 0.0300322
-27.6398 -85.4446 2.45282 0.739205
-27.7608 -85.6012 2.46073 0.0394594
-27.6398 -85.4446 2.45282 0.739205
-27.6398 -85.4446 2.45282 0.739205
-27.6398 -85.4446 2.45282 0.739205
-27.6398 -85.4446 2.45282 0.739205
-27.6398 -85.4446 2.45282 0.739205
-27.6398 -85.4446 2.45282 0.739205
-27.6398 -85.4446 2.45282 0.739205
-27.6398 -85.4446 2.45282 0.739205
-27.8641 -85.8007 2.46204 0.00483669
-27.6398 -85.4446 2.45282 0.739205
-27.6398 -85.4446 2.45282 0.739205
-28.0986 -85.4102 2.44676 0.042228
-27.7608 -85.6012 2.46073 0.0394594
-27.7228 -85.9016 2.45719 0.0300322
-27.6398 -85.4446 2.45282 0.739205
-27.6398 -85.4446 2.45282 0.739205
-27.6398 -85.4446 2.45282 0.739205
-27.6398 -85.4446 2.45282 0.739205
-27.6398 -85.4446 2.45282 0.739205
-27.6398 -85.4446 2.45282 0.739205
-27.6398 -85.4446 2.45282 0.739205
-27.6398 -85.4446 2.45282 0.739205
-27.6398 -85.4446 2.45282 0.739205
-27.6398 -85.4446 2.45282 0.739205
-27.6398 -85.4446 2.45282 0.739205
-27.6398 -85.4446 2.45282 0.739205
-27.6398 -85.4446 2.45282 0.739205
-27.7608 -85.6012 2.46073 0.0394594
-27.6398 -85.4446 2.45282 0.739205
-27.6398 -85.4446 2.45282 0.739205
-27.9393 -85.7633 2.45369 0.0634832
-27.8088 -85.5558 2.46174 0.0105769
-27.6398 -85.4446 2.45282 0.739205
