-39.1335 -65.5432 1.81367 0.120496
-39.1335 -65.5432 1.81367 0.120496
-39.226 -65.6602 1.81429 0.0975058
-38.9661 -65.3429 1.80941 0.00915092
-39.5302 -65.6593 1.80574 0.00308331
-39.2147 -65.6298 1.80515 0.0257851
-39.2778 -65.5806 1.8163 0.0537228
-39.1713 -65.5937 1.80521 0.0301979
-39.1335 -65.5432 1.81367 0.120496
-39.226 -65.6602 1.81429 0.0975058
-38.9346 -65.6932 1.80985 0.00752633
-39.2366 -65.5053 1.81124 0.136131
-39.3273 -65.3718 1.81129 0.0400564
-39.3719 -65.6001 1.8137 0.0459903
-39.2246 -65.5804 1.81557 0.0870034
-39.2246 -65.5804 1.81557 0.0870034
-39.1335 -65.5432 1.81367 0.120496
-39.0142 -65.3041 1.81342 0.00806983
-39.3077 -65.7514 1.8142 0.0351102
-39.2366 -65.5053 1.81124 0.136131
-39.2985 -65.5021 1.80225 0.0161294
-39.2526 -65.6964 1.80547 0.0153665
-39.1335 -65.5432 1.81367 0.120496
-39.1335 -65.5432 1.81367 0.120496
-39.226 -65.6602 1.81429 0.0975058
-39.226 -65.6602 1.81429 0.0975058
-39.0994 -65.4814 1.80629 0.0417296
-39.5511 -65.6769 1.81105 0.00315431
-39.3719 -65.6001 1.8137 0.0459903
-39.1335 -65.5432 1.81367 0.120496
-38.9661 -65.3429 1.80941 0.00915092
-39.2366 -65.5053 1.81124 0.136131
-39.2147 -65.6298 1.80515 0.0257851
-39.2246 -65.5804 1.81557 0.0870034
-39.2246 -65.5804 1.81557 0.0870034
-39.169 -65.8977 1.81494 0.00872399
-39.2753 -65.4715 1.81325 0.081089
-39.2753 -65.4715 1.81325 0.081089
-39.2366 -65.5053 1.81124 0.136131
-39.2366 -65.5053 1.81124 0.136131
-39.2147 -65.6298 1.80515 0.0257851
-39.3719 -65.6001 1.8137 0.0459903
-39.3719 -65.6001 1.8137 0.0459903
-39.1335 -65.5432 1.81367 0.120496
-39.2753 -65.4715 1.81325 0.081089
-39.2867 -65.8091 1.81044 0.015668
-39.2366 -65.5053 1.81124 0.136131
-39.2778 -65.5806 1.8163 0.0537228
-39.3719 -65.6001 1.8137 0.0459903
-39.226 -65.6602 1.81429 0.0975058
-39.226 -65.6602 1.81429 0.0975058
-39.2867 -65.8091 1.81044 0.015668
-39.2366 -65.5053 1.81124 0.136131
-39.2366 -65.5053 1.81124 0.136131
-39.2405 -65.5303 1.802 0.0116725
-39.3719 -65.6001 1.8137 0.0459903
-39.3719 -65.6001 1.8137 0.0459903
-39.1713 -65.5937 1.80521 0.0301979
-39.226 -65.6602 1.81429 0.0975058
-39.2753 -65.4715 1.81325 0.081089
-39.2366 -65.5053 1.81124 0.136131
-39.2985 -65.5021 1.80225 0.0161294
-39.3719 -65.6001 1.8137 0.0459903
-39.1335 -65.5432 1.81367 0.120496
-39.2753 -65.4715 1.81325 0.081089
-39.2366 -65.5053 1.81124 0.136131
-39.2778 -65.5806 1.8163 0.0537228
-39.2246 -65.5804 1.81557 0.0870034
-39.226 -65.6602 1.81429 0.0975058
-39.2753 -65.4715 1.81325 0.081089
-39.2366 -65.5053 1.81124 0.136131
-39.2526 -65.6964 1.80547 0.0153665
-39.3719 -65.6001 1.8137 0.0459903
-39.1335 -65.5432 1.81367 0.120496
-39.2753 -65.4715 1.81325 0.081089
-39.2753 -65.4715 1.81325 0.081089
-39.2366 -65.5053 1.81124 0.136131
-39.2778 -65.5806 1.8163 0.0537228
-39.2526 -65.6964 1.80547 0.0153665
-39.2246 -65.5804 1.81557 0.0870034
-39.226 -65.6602 1.81429 0.0975058
-39.3077 -65.7514 1.8142 0.0351102
-39.3273 -65.3718 1.81129 0.0400564
-39.2246 -65.5804 1.81557 0.0870034
-39.2246 -65.5804 1.81557 0.0870034
-39.2246 -65.5804 1.81557 0.0870034
-39.226 -65.6602 1.81429 0.0975058
-39.3077 -65.7514 1.8142 0.0351102
-39.3273 -65.3718 1.81129 0.0400564
-39.2778 -65.5806 1.8163 0.0537228
-39.2246 -65.5804 1.81557 0.0870034
-39.1335 -65.5432 1.81367 0.120496
-39.3077 -65.7514 1.8142 0.0351102
-39.0994 -65.4814 1.80629 0.0417296
-39.2366 -65.5053 1.81124 0.136131
-39.2366 -65.5053 1.81124 0.136131
-39.2778 -65.5806 1.8163 0.0537228
-39.0899 -65.5597 1.80447 0.0146242
-39.1335 -65.5432 1.81367 0.120496
-39.1335 -65.5432 1.81367 0.120496
