177.916 -10.6763 3.21777 0.204267
177.927 -10.4933 3.2113 0.119208
177.934 -10.7561 3.21577 0.138181
177.75 -10.6307 3.21141 0.195777
177.791 -10.4149 3.21486 0.0550116
177.916 -10.6763 3.21777 0.204267
177.934 -10.7561 3.21577 0.138181
177.934 -10.7561 3.21577 0.138181
177.75 -10.6307 3.21141 0.195777
177.75 -10.6307 3.21141 0.195777
177.75 -10.6307 3.21141 0.195777
177.745 -10.4631 3.21282 0.0895635
177.916 -10.6763 3.21777 0.204267
177.537 -10.6151 3.2124 0.0037519
177.75 -10.6307 3.21141 0.195777
177.945 -10.3266 3.21623 0.0142632
177.927 -10.4933 3.2113 0.119208
177.851 -10.6223 3.20801 0.0550194
177.791 -10.4149 3.21486 0.0550116
177.934 -10.7561 3.21577 0.138181
177.75 -10.6307 3.21141 0.195777
177.745 -10.4631 3.21282 0.0895635
177.719 -10.6401 3.21783 0.0197727
177.916 -10.6763 3.21777 0.204267
177.927 -10.4933 3.2113 0.119208
178.074 -10.5849 3.22221 0.0373121
177.719 -10.6401 3.21783 0.0197727
177.916 -10.6763 3.21777 0.204267
177.697 -10.6024 3.20687 0.0322594
178.074 -10.5849 3.22221 0.0373121
177.75 -10.6307 3.21141 0.195777
177.719 -10.6401 3.21783 0.0197727
177.791 -10.4149 3.21486 0.0550116
177.927 -10.4933 3.2113 0.119208
177.851 -10.6223 3.20801 0.0550194
177.851 -10.6223 3.20801 0.0550194
177.75 -10.6307 3.21141 0.195777
177.75 -10.6307 3.21141 0.195777
177.745 -10.4631 3.21282 0.0895635
177.916 -10.6763 3.21777 0.204267
177.927 -10.4933 3.2113 0.119208
177.934 -10.7561 3.21577 0.138181
177.75 -10.6307 3.21141 0.195777
177.916 -10.6763 3.21777 0.204267
177.934 -10.7561 3.21577 0.138181
177.75 -10.6307 3.21141 0.195777
177.745 -10.4631 3.21282 0.0895635
177.916 -10.6763 3.21777 0.204267
177.927 -10.4933 3.2113 0.119208
177.934 -10.7561 3.21577 0.138181
177.75 -10.6307 3.21141 0.195777
177.75 -10.6307 3.21141 0.195777
177.945 -10.3266 3.21623 0.0142632
177.916 -10.6763 3.21777 0.204267
177.916 -10.6763 3.21777 0.204267
177.927 -10.4933 3.2113 0.119208
177.75 -10.6307 3.21141 0.195777
177.745 -10.4631 3.21282 0.0895635
177.927 -10.4933 3.2113 0.119208
177.927 -10.4933 3.2113 0.119208
177.934 -10.7561 3.21577 0.138181
178.074 -10.5849 3.22221 0.0373121
177.745 -10.4631 3.21282 0.0895635
177.719 -10.6401 3.21783 0.0197727
177.927 -10.4933 3.2113 0.119208
177.934 -10.7561 3.21577 0.138181
177.745 -10.4631 3.21282 0.0895635
177.739 -10.4476 3.20606 0.00788942
178.074 -10.5849 3.22221 0.0373121
177.75 -10.6307 3.21141 0.195777
177.524 -10.5341 3.21232 0.00217895
177.638 -10.4157 3.20554 0.00234854
177.934 -10.7561 3.21577 0.138181
177.851 -10.6223 3.20801 0.0550194
177.75 -10.6307 3.21141 0.195777
177.75 -10.6307 3.21141 0.195777
177.791 -10.4149 3.21486 0.0550116
177.927 -10.4933 3.2113 0.119208
178.074 -10.5849 3.22221 0.0373121
177.851 -10.6223 3.20801 0.0550194
177.745 -10.4631 3.21282 0.0895635
177.916 -10.6763 3.21777 0.204267
177.927 -10.4933 3.2113 0.119208
178.074 -10.5849 3.22221 0.0373121
177.75 -10.6307 3.21141 0.195777
177.745 -10.4631 3.21282 0.0895635
177.927 -10.4933 3.2113 0.119208
177.75 -10.6307 3.21141 0.195777
177.745 -10.4631 3.21282 0.0895635
177.791 -10.4149 3.21486 0.0550116
177.656 -10.4644 3.2055 0.00516871
178.074 -10.5849 3.22221 0.0373121
177.851 -10.6223 3.20801 0.0550194
177.75 -10.6307 3.21141 0.195777
177.719 -10.6401 3.21783 0.0197727
177.916 -10.6763 3.21777 0.204267
177.916 -10.6763 3.21777 0.204267
178.074 -10.5849 3.22221 0.0373121
177.745 -10.4631 3.21282 0.0895635
177.745 -10.4631 3.21282 0.0895635
