66.5778 -45.1459 3.82524 0.048731
66.4711 -45.1272 3.82797 0.122405
66.4442 -45.2153 3.82552 0.0317339
66.4985 -45.0109 3.83181 0.207668
66.4985 -45.0109 3.83181 0.207668
66.4985 -45.0109 3.83181 0.207668
66.5178 -45.0903 3.83193 0.252743
66.4442 -45.2153 3.82552 0.0317339
66.4358 -45.0946 3.83016 0.128998
66.4711 -45.1272 3.82797 0.122405
66.5178 -45.0903 3.83193 0.252743
66.6262 -44.9704 3.84106 0.0122309
66.4358 -45.0946 3.83016 0.128998
66.4711 -45.1272 3.82797 0.122405
66.4711 -45.1272 3.82797 0.122405
66.3867 -45.1475 3.8331 0.0337786
66.4358 -45.0946 3.83016 0.128998
66.4711 -45.1272 3.82797 0.122405
66.5178 -45.0903 3.83193 0.252743
66.5178 -45.0903 3.83193 0.252743
66.8699 -45.1023 3.83686 0.00110733
66.4985 -45.0109 3.83181 0.207668
66.4711 -45.1272 3.82797 0.122405
66.7036 -45.1365 3.83755 0.0158821
66.4797 -45.4372 3.82567 0.000646804
66.4985 -45.0109 3.83181 0.207668
66.4711 -45.1272 3.82797 0.122405
66.4631 -45.0949 3.82331 0.0119209
66.4985 -45.0109 3.83181 0.207668
66.5178 -45.0903 3.83193 0.252743
66.4985 -45.0109 3.83181 0.207668
66.5178 -45.0903 3.83193 0.252743
66.3867 -45.1475 3.8331 0.0337786
66.4358 -45.0946 3.83016 0.128998
66.4985 -45.0109 3.83181 0.207668
66.4985 -45.0109 3.83181 0.207668
66.4985 -45.0109 3.83181 0.207668
66.5178 -45.0903 3.83193 0.252743
66.4358 -45.0946 3.83016 0.128998
66.4711 -45.1272 3.82797 0.122405
66.5178 -45.0903 3.83193 0.252743
66.5178 -45.0903 3.83193 0.252743
66.4358 -45.0946 3.83016 0.128998
66.4985 -45.0109 3.83181 0.207668
66.5178 -45.0903 3.83193 0.252743
66.4985 -45.0109 3.83181 0.207668
66.5178 -45.0903 3.83193 0.252743
66.4985 -45.0109 3.83181 0.207668
66.4985 -45.0109 3.83181 0.207668
66.4985 -45.0109 3.83181 0.207668
66.4711 -45.1272 3.82797 0.122405
66.4711 -45.1272 3.82797 0.122405
66.4442 -45.2153 3.82552 0.0317339
66.4985 -45.0109 3.83181 0.207668
66.5178 -45.0903 3.83193 0.252743
66.5178 -45.0903 3.83193 0.252743
66.4358 -45.0946 3.83016 0.128998
66.4985 -45.0109 3.83181 0.207668
66.4711 -45.1272 3.82797 0.122405
66.4711 -45.1272 3.82797 0.122405
66.4631 -45.0949 3.82331 0.0119209
66.4358 -45.0946 3.83016 0.128998
66.4711 -45.1272 3.82797 0.122405
66.4962 -44.9949 3.83777 0.0540066
66.4358 -45.0946 3.83016 0.128998
66.4985 -45.0109 3.83181 0.207668
66.5778 -45.1459 3.82524 0.048731
66.5178 -45.0903 3.83193 0.252743
66.672 -45.0852 3.82243 0.00203419
66.4711 -45.1272 3.82797 0.122405
66.4711 -45.1272 3.82797 0.122405
66.5178 -45.0903 3.83193 0.252743
66.3867 -45.1475 3.8331 0.0337786
66.4985 -45.0109 3.83181 0.207668
66.5178 -45.0903 3.83193 0.252743
66.5178 -45.0903 3.83193 0.252743
66.4631 -45.0949 3.82331 0.0119209
66.4985 -45.0109 3.83181 0.207668
66.5178 -45.0903 3.83193 0.252743
66.6741 -45.2983 3.83092 0.0111716
66.4962 -44.9949 3.83777 0.0540066
66.4985 -45.0109 3.83181 0.207668
66.4711 -45.1272 3.82797 0.122405
66.4962 -44.9949 3.83777 0.0540066
66.5778 -45.1459 3.82524 0.048731
66.5178 -45.0903 3.83193 0.252743
66.672 -45.0852 3.82243 0.00203419
66.4711 -45.1272 3.82797 0.122405
66.5178 -45.0903 3.83193 0.252743
66.5178 -45.0903 3.83193 0.252743
66.4985 -45.0109 3.83181 0.207668
66.4985 -45.0109 3.83181 0.207668
66.5178 -45.0903 3.83193 0.252743
66.5178 -45.0903 3.83193 0.252743
66.4442 -45.2153 3.82552 0.0317339
66.4358 -45.0946 3.83016 0.128998
66.4711 -45.1272 3.82797 0.122405
66.3867 -45.1475 3.8331 0.0337786
66.4985 -45.0109 3.83181 0.207668
66.5178 -45.0903 3.83193 0.252743
