72.5795 -40.5066 3.78745 0.269093
72.4589 -40.6283 3.78135 0.211426
72.6739 -40.6525 3.78493 0.0266405
72.5795 -40.5066 3.78745 0.269093
72.5889 -40.4964 3.78797 0.22689
72.6964 -40.463 3.79008 0.025981
72.4589 -40.6283 3.78135 0.211426
72.487 -40.2825 3.79401 0.0325855
72.5795 -40.5066 3.78745 0.269093
72.6964 -40.463 3.79008 0.025981
72.6739 -40.6525 3.78493 0.0266405
72.5795 -40.5066 3.78745 0.269093
72.5889 -40.4964 3.78797 0.22689
72.3074 -40.4109 3.78609 0.0840464
72.5057 -40.5362 3.79096 0.0377212
72.5795 -40.5066 3.78745 0.269093
72.5889 -40.4964 3.78797 0.22689
72.4589 -40.6283 3.78135 0.211426
72.5795 -40.5066 3.78745 0.269093
72.3074 -40.4109 3.78609 0.0840464
72.4589 -40.6283 3.78135 0.211426
72.5795 -40.5066 3.78745 0.269093
72.5889 -40.4964 3.78797 0.22689
72.3074 -40.4109 3.78609 0.0840464
72.5795 -40.5066 3.78745 0.269093
72.5795 -40.5066 3.78745 0.269093
72.5795 -40.5066 3.78745 0.269093
72.4589 -40.6283 3.78135 0.211426
72.4589 -40.6283 3.78135 0.211426
72.5795 -40.5066 3.78745 0.269093
72.4589 -40.6283 3.78135 0.211426
72.2555 -40.4625 3.78743 0.0226427
72.487 -40.2825 3.79401 0.0325855
72.5795 -40.5066 3.78745 0.269093
72.5795 -40.5066 3.78745 0.269093
72.5889 -40.4964 3.78797 0.22689
72.6964 -40.463 3.79008 0.025981
72.4589 -40.6283 3.78135 0.211426
72.4589 -40.6283 3.78135 0.211426
72.5795 -40.5066 3.78745 0.269093
72.6964 -40.463 3.79008 0.025981
72.1825 -40.4609 3.7847 0.00362514
72.487 -40.2825 3.79401 0.0325855
72.5795 -40.5066 3.78745 0.269093
72.5795 -40.5066 3.78745 0.269093
72.4589 -40.6283 3.78135 0.211426
72.5795 -40.5066 3.78745 0.269093
72.5889 -40.4964 3.78797 0.22689
72.4589 -40.6283 3.78135 0.211426
72.5057 -40.5362 3.79096 0.0377212
72.5795 -40.5066 3.78745 0.269093
72.5889 -40.4964 3.78797 0.22689
72.4589 -40.6283 3.78135 0.211426
72.5057 -40.5362 3.79096 0.0377212
72.5795 -40.5066 3.78745 0.269093
72.5795 -40.5066 3.78745 0.269093
72.5889 -40.4964 3.78797 0.22689
72.4589 -40.6283 3.78135 0.211426
72.4589 -40.6283 3.78135 0.211426
72.5795 -40.5066 3.78745 0.269093
72.5889 -40.4964 3.78797 0.22689
72.3074 -40.4109 3.78609 0.0840464
72.5795 -40.5066 3.78745 0.269093
72.5795 -40.5066 3.78745 0.269093
72.3074 -40.4109 3.78609 0.0840464
72.487 -40.2825 3.79401 0.0325855
72.5889 -40.4964 3.78797 0.22689
72.5889 -40.4964 3.78797 0.22689
72.4589 -40.6283 3.78135 0.211426
72.5795 -40.5066 3.78745 0.269093
72.3074 -40.4109 3.78609 0.0840464
72.5795 -40.5066 3.78745 0.269093
72.5889 -40.4964 3.78797 0.22689
72.4589 -40.6283 3.78135 0.211426
72.5795 -40.5066 3.78745 0.269093
72.5889 -40.4964 3.78797 0.22689
72.3074 -40.4109 3.78609 0.0840464
72.4589 -40.6283 3.78135 0.211426
72.4589 -40.6283 3.78135 0.211426
72.5795 -40.5066 3.78745 0.269093
72.5889 -40.4964 3.78797 0.22689
72.2555 -40.4625 3.78743 0.0226427
72.6739 -40.6525 3.78493 0.0266405
72.5889 -40.4964 3.78797 0.22689
72.6658 -40.8727 3.77885 0.000503872
72.741 -40.6716 3.78295 0.00766644
72.5889 -40.4964 3.78797 0.22689
72.2555 -40.4625 3.78743 0.0226427
72.487 -40.2825 3.79401 0.0325855
72.5795 -40.5066 3.78745 0.269093
72.5795 -40.5066 3.78745 0.269093
72.4589 -40.6283 3.78135 0.211426
72.487 -40.2825 3.79401 0.0325855
72.5795 -40.5066 3.78745 0.269093
72.5795 -40.5066 3.78745 0.269093
72.4589 -40.6283 3.78135 0.211426
72.5795 -40.5066 3.78745 0.269093
72.5889 -40.4964 3.78797 0.22689
72.4589 -40.6283 3.78135 0.211426
72.5795 -40.5066 3.78745 0.269093
