88.651 18.172 0.0757534 0.0289043
88.649 18.4637 0.0782425 0.383624
88.649 18.4637 0.0782425 0.383624
88.8279 18.4352 0.0754603 0.223712
88.651 18.172 0.0757534 0.0289043
88.649 18.4637 0.0782425 0.383624
88.8279 18.4352 0.0754603 0.223712
88.5485 18.5553 0.0714608 0.203368
88.8279 18.4352 0.0754603 0.223712
88.5485 18.5553 0.0714608 0.203368
88.649 18.4637 0.0782425 0.383624
88.649 18.4637 0.0782425 0.383624
88.649 18.4637 0.0782425 0.383624
88.8544 18.2547 0.0752327 0.0443113
88.649 18.4637 0.0782425 0.383624
88.649 18.4637 0.0782425 0.383624
88.649 18.4637 0.0782425 0.383624
88.649 18.4637 0.0782425 0.383624
88.8279 18.4352 0.0754603 0.223712
88.8885 18.3553 0.0791739 0.0692763
88.649 18.4637 0.0782425 0.383624
88.649 18.4637 0.0782425 0.383624
88.649 18.4637 0.0782425 0.383624
88.8279 18.4352 0.0754603 0.223712
88.8544 18.2547 0.0752327 0.0443113
88.8279 18.4352 0.0754603 0.223712
88.649 18.4637 0.0782425 0.383624
88.8279 18.4352 0.0754603 0.223712
88.8279 18.4352 0.0754603 0.223712
88.5485 18.5553 0.0714608 0.203368
88.8279 18.4352 0.0754603 0.223712
88.5485 18.5553 0.0714608 0.203368
88.8279 18.4352 0.0754603 0.223712
88.649 18.4637 0.0782425 0.383624
88.8279 18.4352 0.0754603 0.223712
88.8279 18.4352 0.0754603 0.223712
88.649 18.4637 0.0782425 0.383624
88.5485 18.5553 0.0714608 0.203368
88.649 18.4637 0.0782425 0.383624
88.8279 18.4352 0.0754603 0.223712
88.5485 18.5553 0.0714608 0.203368
88.8279 18.4352 0.0754603 0.223712
88.649 18.4637 0.0782425 0.383624
88.8802 18.2372 0.0829441 0.0143906
88.649 18.4637 0.0782425 0.383624
88.8885 18.3553 0.0791739 0.0692763
88.5485 18.5553 0.0714608 0.203368
88.649 18.4637 0.0782425 0.383624
88.649 18.4637 0.0782425 0.383624
88.8279 18.4352 0.0754603 0.223712
88.5485 18.5553 0.0714608 0.203368
88.649 18.4637 0.0782425 0.383624
88.651 18.172 0.0757534 0.0289043
88.649 18.4637 0.0782425 0.383624
88.8279 18.4352 0.0754603 0.223712
88.649 18.4637 0.0782425 0.383624
88.8279 18.4352 0.0754603 0.223712
88.649 18.4637 0.0782425 0.383624
88.8544 18.2547 0.0752327 0.0443113
88.5485 18.5553 0.0714608 0.203368
88.649 18.4637 0.0782425 0.383624
88.8544 18.2547 0.0752327 0.0443113
88.649 18.4637 0.0782425 0.383624
88.649 18.4637 0.0782425 0.383624
88.5485 18.5553 0.0714608 0.203368
88.649 18.4637 0.0782425 0.383624
88.649 18.4637 0.0782425 0.383624
88.5485 18.5553 0.0714608 0.203368
88.8279 18.4352 0.0754603 0.223712
88.649 18.4637 0.0782425 0.383624
88.8279 18.4352 0.0754603 0.223712
88.8885 18.3553 0.0791739 0.0692763
88.649 18.4637 0.0782425 0.383624
88.5485 18.5553 0.0714608 0.203368
88.5485 18.5553 0.0714608 0.203368
88.8279 18.4352 0.0754603 0.223712
88.649 18.4637 0.0782425 0.383624
88.649 18.4637 0.0782425 0.383624
88.8279 18.4352 0.0754603 0.223712
88.649 18.4637 0.0782425 0.383624
88.649 18.4637 0.0782425 0.383624
88.651 18.172 0.0757534 0.0289043
88.651 18.172 0.0757534 0.0289043
88.5485 18.5553 0.0714608 0.203368
88.8885 18.3553 0.0791739 0.0692763
88.649 18.4637 0.0782425 0.383624
88.8279 18.4352 0.0754603 0.223712
88.8885 18.3553 0.0791739 0.0692763
88.8544 18.2547 0.0752327 0.0443113
88.8279 18.4352 0.0754603 0.223712
88.649 18.4637 0.0782425 0.383624
88.8279 18.4352 0.0754603 0.223712
88.8544 18.2547 0.0752327 0.0443113
88.8279 18.4352 0.0754603 0.223712
88.6156 18.1912 0.0903671 0.00513164
88.649 18.4637 0.0782425 0.383624
88.8544 18.2547 0.0752327 0.0443113
88.649 18.4637 0.0782425 0.383624
88.649 18.4637 0.0782425 0.383624
88.649 18.4637 0.0782425 0.383624
