-33.883 -24.8965 1.16362 0.0857928
-33.7761 -24.8653 1.1653 0.197923
-33.8367 -25.2727 1.17732 0.0216439
-33.7437 -24.9559 1.16603 0.239014
-33.9827 -24.8022 1.17264 0.0206824
-33.7761 -24.8653 1.1653 0.197923
-33.7437 -24.9559 1.16603 0.239014
-33.7219 -24.8149 1.17489 0.0120188
-33.883 -24.8965 1.16362 0.0857928
-33.7761 -24.8653 1.1653 0.197923
-33.8015 -25.3151 1.17191 0.010488
-33.7437 -24.9559 1.16603 0.239014
-33.7437 -24.9559 1.16603 0.239014
-33.8182 -25.1344 1.17717 0.0756447
-33.7761 -24.8653 1.1653 0.197923
-33.7761 -24.8653 1.1653 0.197923
-33.8972 -24.783 1.16112 0.0168984
-33.9955 -25.2204 1.17698 0.0214935
-33.7437 -24.9559 1.16603 0.239014
-34.0091 -25.2465 1.17093 0.00965656
-33.7437 -24.9559 1.16603 0.239014
-33.7437 -24.9559 1.16603 0.239014
-33.8564 -24.9626 1.17747 0.0403821
-33.7761 -24.8653 1.1653 0.197923
-33.7761 -24.8653 1.1653 0.197923
-33.9063 -24.8524 1.16241 0.0384008
-33.6632 -24.8883 1.17436 0.0255834
-33.8182 -25.1344 1.17717 0.0756447
-34.0091 -25.2465 1.17093 0.00965656
-33.7437 -24.9559 1.16603 0.239014
-33.8182 -25.1344 1.17717 0.0756447
-33.7761 -24.8653 1.1653 0.197923
-33.7437 -24.9559 1.16603 0.239014
-33.7437 -24.9559 1.16603 0.239014
-33.8182 -25.1344 1.17717 0.0756447
-33.8182 -25.1344 1.17717 0.0756447
-33.883 -24.8965 1.16362 0.0857928
-33.7437 -24.9559 1.16603 0.239014
-33.9737 -24.974 1.16625 0.0765292
-33.7761 -24.8653 1.1653 0.197923
-33.6677 -25.2622 1.17587 0.00941499
-33.9737 -24.974 1.16625 0.0765292
-33.7761 -24.8653 1.1653 0.197923
-33.7437 -24.9559 1.16603 0.239014
-33.7437 -24.9559 1.16603 0.239014
-33.7219 -24.8149 1.17489 0.0120188
-33.883 -24.8965 1.16362 0.0857928
-33.7437 -24.9559 1.16603 0.239014
-33.996 -24.9203 1.16391 0.0237193
-33.9737 -24.974 1.16625 0.0765292
-33.7761 -24.8653 1.1653 0.197923
-33.7437 -24.9559 1.16603 0.239014
-33.883 -24.8965 1.16362 0.0857928
-33.9955 -25.2204 1.17698 0.0214935
-33.8182 -25.1344 1.17717 0.0756447
-33.8182 -25.1344 1.17717 0.0756447
-34.0091 -25.2465 1.17093 0.00965656
-33.8972 -24.783 1.16112 0.0168984
-33.9955 -25.2204 1.17698 0.0214935
-33.7437 -24.9559 1.16603 0.239014
-33.9737 -24.974 1.16625 0.0765292
-33.7761 -24.8653 1.1653 0.197923
-33.7761 -24.8653 1.1653 0.197923
-33.7674 -25.2654 1.17759 0.0164123
-33.7437 -24.9559 1.16603 0.239014
-33.9737 -24.974 1.16625 0.0765292
-33.7761 -24.8653 1.1653 0.197923
-33.7761 -24.8653 1.1653 0.197923
-33.7437 -24.9559 1.16603 0.239014
-33.883 -24.8965 1.16362 0.0857928
-33.7761 -24.8653 1.1653 0.197923
-33.7437 -24.9559 1.16603 0.239014
-33.8564 -24.9626 1.17747 0.0403821
-33.883 -24.8965 1.16362 0.0857928
-33.7786 -25.3162 1.16545 0.000565838
-33.9827 -24.8022 1.17264 0.0206824
-33.883 -24.8965 1.16362 0.0857928
-33.8012 -25.1571 1.16202 0.00287942
-33.7761 -24.8653 1.1653 0.197923
-33.7761 -24.8653 1.1653 0.197923
-33.7761 -24.8653 1.1653 0.197923
-33.8367 -25.2727 1.17732 0.0216439
-33.8182 -25.1344 1.17717 0.0756447
-33.8182 -25.1344 1.17717 0.0756447
-33.7761 -24.8653 1.1653 0.197923
-33.7761 -24.8653 1.1653 0.197923
-33.7437 -24.9559 1.16603 0.239014
-33.7437 -24.9559 1.16603 0.239014
-33.7437 -24.9559 1.16603 0.239014
-33.9737 -24.974 1.16625 0.0765292
-33.7761 -24.8653 1.1653 0.197923
-33.7437 -24.9559 1.16603 0.239014
-33.7437 -24.9559 1.16603 0.239014
-33.996 -24.9203 1.16391 0.0237193
-33.9827 -24.8022 1.17264 0.0206824
-33.8182 -25.1344 1.17717 0.0756447
-33.7761 -24.8653 1.1653 0.197923
-33.9063 -24.8524 1.16241 0.0384008
-33.7437 -24.9559 1.16603 0.239014
-33.8564 -24.9626 1.17747 0.0403821
