272.098 23.3459 5.64107 0.0175491
271.968 23.3501 5.64987 0.159982
271.968 23.3026 5.64712 0.119875
271.968 23.3026 5.64712 0.119875
271.948 23.5185 5.65327 0.142797
272.045 23.4849 5.65141 0.0609475
271.968 23.3501 5.64987 0.159982
271.968 23.3026 5.64712 0.119875
271.948 23.5185 5.65327 0.142797
272.045 23.4849 5.65141 0.0609475
271.861 23.3324 5.6545 0.113205
271.968 23.3501 5.64987 0.159982
272.073 23.3371 5.64714 0.0418614
272.001 23.5316 5.65448 0.0516049
271.676 23.4298 5.65477 0.0830113
271.948 23.5185 5.65327 0.142797
271.954 23.2555 5.64503 0.0676564
271.862 23.6376 5.65786 0.0276261
271.968 23.3501 5.64987 0.159982
271.968 23.3026 5.64712 0.119875
271.948 23.5185 5.65327 0.142797
271.954 23.2555 5.64503 0.0676564
271.954 23.2555 5.64503 0.0676564
272.045 23.4849 5.65141 0.0609475
271.968 23.3501 5.64987 0.159982
271.968 23.3501 5.64987 0.159982
271.968 23.3501 5.64987 0.159982
271.968 23.3026 5.64712 0.119875
271.676 23.4298 5.65477 0.0830113
271.954 23.2555 5.64503 0.0676564
271.861 23.3324 5.6545 0.113205
271.968 23.3501 5.64987 0.159982
271.968 23.3501 5.64987 0.159982
272.073 23.3371 5.64714 0.0418614
271.676 23.4298 5.65477 0.0830113
271.676 23.4298 5.65477 0.0830113
272.045 23.4849 5.65141 0.0609475
271.904 23.3439 5.66122 0.00548584
271.968 23.3501 5.64987 0.159982
272.099 23.455 5.64942 0.0301976
271.954 23.2555 5.64503 0.0676564
271.954 23.2555 5.64503 0.0676564
271.904 23.3439 5.66122 0.00548584
272.001 23.5316 5.65448 0.0516049
271.864 23.6535 5.66037 0.00897293
271.948 23.5185 5.65327 0.142797
271.948 23.5185 5.65327 0.142797
271.948 23.5185 5.65327 0.142797
272.098 23.3459 5.64107 0.0175491
271.968 23.3501 5.64987 0.159982
271.968 23.3026 5.64712 0.119875
271.968 23.3026 5.64712 0.119875
271.676 23.4298 5.65477 0.0830113
271.954 23.2555 5.64503 0.0676564
271.861 23.3324 5.6545 0.113205
271.861 23.3324 5.6545 0.113205
271.862 23.6376 5.65786 0.0276261
272.073 23.3371 5.64714 0.0418614
272.099 23.455 5.64942 0.0301976
271.706 23.6021 5.65966 0.020237
271.954 23.2555 5.64503 0.0676564
271.861 23.3324 5.6545 0.113205
271.968 23.3501 5.64987 0.159982
271.968 23.3501 5.64987 0.159982
272.001 23.5316 5.65448 0.0516049
271.676 23.4298 5.65477 0.0830113
271.954 23.2555 5.64503 0.0676564
272.066 23.6646 5.64575 0.00459975
271.968 23.3501 5.64987 0.159982
272.001 23.5316 5.65448 0.0516049
272.001 23.5316 5.65448 0.0516049
271.968 23.3026 5.64712 0.119875
271.676 23.4298 5.65477 0.0830113
271.948 23.5185 5.65327 0.142797
272.045 23.4849 5.65141 0.0609475
271.861 23.3324 5.6545 0.113205
271.968 23.3501 5.64987 0.159982
271.968 23.3026 5.64712 0.119875
271.948 23.5185 5.65327 0.142797
271.948 23.5185 5.65327 0.142797
272.045 23.4849 5.65141 0.0609475
272.098 23.3459 5.64107 0.0175491
271.968 23.3501 5.64987 0.159982
271.968 23.3026 5.64712 0.119875
271.676 23.4298 5.65477 0.0830113
271.948 23.5185 5.65327 0.142797
271.948 23.5185 5.65327 0.142797
271.948 23.5185 5.65327 0.142797
271.861 23.3324 5.6545 0.113205
271.968 23.3501 5.64987 0.159982
271.968 23.3501 5.64987 0.159982
271.968 23.3026 5.64712 0.119875
271.968 23.3026 5.64712 0.119875
271.948 23.5185 5.65327 0.142797
271.861 23.3324 5.6545 0.113205
271.968 23.3501 5.64987 0.159982
271.968 23.3026 5.64712 0.119875
271.968 23.3026 5.64712 0.119875
271.968 23.3026 5.64712 0.119875
271.676 23.4298 5.65477 0.0830113
