231.563 28.0136 0.0776395 0.192383
231.711 27.9366 0.0846089 0.0701362
231.923 27.6914 0.0760169 0.000714655
231.682 27.8232 0.0764442 0.147718
231.804 27.885 0.079813 0.24017
231.911 27.8231 0.0772848 0.0207323
231.911 27.8231 0.0772848 0.0207323
231.681 27.9371 0.0743416 0.122848
231.682 27.8232 0.0764442 0.147718
231.804 27.885 0.079813 0.24017
231.804 27.885 0.079813 0.24017
231.681 27.9371 0.0743416 0.122848
231.563 28.0136 0.0776395 0.192383
231.804 27.885 0.079813 0.24017
231.804 27.885 0.079813 0.24017
231.681 27.9371 0.0743416 0.122848
231.682 27.8232 0.0764442 0.147718
231.682 27.8232 0.0764442 0.147718
231.804 27.885 0.079813 0.24017
231.782 28.0735 0.0791971 0.123038
231.682 27.8232 0.0764442 0.147718
231.711 27.9366 0.0846089 0.0701362
231.681 27.9371 0.0743416 0.122848
231.563 28.0136 0.0776395 0.192383
231.804 27.885 0.079813 0.24017
231.782 28.0735 0.0791971 0.123038
231.681 27.9371 0.0743416 0.122848
231.563 28.0136 0.0776395 0.192383
231.782 28.0735 0.0791971 0.123038
231.654 27.7001 0.0852025 0.0297743
231.563 28.0136 0.0776395 0.192383
231.782 28.0735 0.0791971 0.123038
231.682 27.8232 0.0764442 0.147718
231.804 27.885 0.079813 0.24017
231.804 27.885 0.079813 0.24017
231.934 28.1032 0.0757628 0.0100323
231.563 28.0136 0.0776395 0.192383
231.782 28.0735 0.0791971 0.123038
231.682 27.8232 0.0764442 0.147718
231.563 28.0136 0.0776395 0.192383
231.563 28.0136 0.0776395 0.192383
231.804 27.885 0.079813 0.24017
231.804 27.885 0.079813 0.24017
231.804 27.885 0.079813 0.24017
231.864 27.9926 0.0836484 0.00742655
231.681 27.9371 0.0743416 0.122848
231.563 28.0136 0.0776395 0.192383
231.804 27.885 0.079813 0.24017
231.782 28.0735 0.0791971 0.123038
231.681 27.9371 0.0743416 0.122848
231.682 27.8232 0.0764442 0.147718
231.563 28.0136 0.0776395 0.192383
231.563 28.0136 0.0776395 0.192383
231.804 27.885 0.079813 0.24017
231.804 27.885 0.079813 0.24017
231.681 27.9371 0.0743416 0.122848
231.563 28.0136 0.0776395 0.192383
231.804 27.885 0.079813 0.24017
231.804 27.885 0.079813 0.24017
231.681 27.9371 0.0743416 0.122848
231.682 27.8232 0.0764442 0.147718
231.804 27.885 0.079813 0.24017
231.782 28.0735 0.0791971 0.123038
231.563 28.0136 0.0776395 0.192383
231.563 28.0136 0.0776395 0.192383
231.804 27.885 0.079813 0.24017
231.681 27.9371 0.0743416 0.122848
231.681 27.9371 0.0743416 0.122848
231.654 27.7001 0.0852025 0.0297743
231.804 27.885 0.079813 0.24017
231.711 27.9366 0.0846089 0.0701362
231.682 27.8232 0.0764442 0.147718
231.804 27.885 0.079813 0.24017
231.782 28.0735 0.0791971 0.123038
231.682 27.8232 0.0764442 0.147718
231.804 27.885 0.079813 0.24017
231.804 27.885 0.079813 0.24017
231.782 28.0735 0.0791971 0.123038
231.563 28.0136 0.0776395 0.192383
231.804 27.885 0.079813 0.24017
231.804 27.885 0.079813 0.24017
231.782 28.0735 0.0791971 0.123038
231.682 27.8232 0.0764442 0.147718
231.563 28.0136 0.0776395 0.192383
231.804 27.885 0.079813 0.24017
231.711 27.9366 0.0846089 0.0701362
231.682 27.8232 0.0764442 0.147718
231.804 27.885 0.079813 0.24017
231.782 28.0735 0.0791971 0.123038
231.681 27.9371 0.0743416 0.122848
231.563 28.0136 0.0776395 0.192383
231.804 27.885 0.079813 0.24017
231.782 28.0735 0.0791971 0.123038
231.682 27.8232 0.0764442 0.147718
231.563 28.0136 0.0776395 0.192383
231.782 28.0735 0.0791971 0.123038
231.682 27.8232 0.0764442 0.147718
231.563 28.0136 0.0776395 0.192383
231.804 27.885 0.079813 0.24017
231.711 27.9366 0.0846089 0.0701362
