-14.5886 -92.8023 2.79409 0.122153
-14.5886 -92.8023 2.79409 0.122153
-14.4141 -92.5458 2.7937 0.0424072
-14.61 -92.7901 2.79269 0.126597
-14.5448 -92.722 2.79486 0.15893
-14.3742 -92.8461 2.79828 0.0329091
-14.527 -92.8424 2.78979 0.0447819
-14.3883 -92.6535 2.79266 0.0487536
-14.61 -92.7901 2.79269 0.126597
-14.61 -92.7901 2.79269 0.126597
-14.5448 -92.722 2.79486 0.15893
-14.3742 -92.8461 2.79828 0.0329091
-14.5214 -92.9234 2.79538 0.0371941
-14.5886 -92.8023 2.79409 0.122153
-14.4141 -92.5458 2.7937 0.0424072
-14.61 -92.7901 2.79269 0.126597
-14.61 -92.7901 2.79269 0.126597
-14.5448 -92.722 2.79486 0.15893
-14.5372 -92.7618 2.79903 0.074377
-14.4141 -92.5458 2.7937 0.0424072
-14.5664 -92.8244 2.79745 0.0748887
-14.5448 -92.722 2.79486 0.15893
-14.3742 -92.8461 2.79828 0.0329091
-14.3742 -92.8461 2.79828 0.0329091
-14.5372 -92.7618 2.79903 0.074377
-14.5886 -92.8023 2.79409 0.122153
-14.7661 -92.8241 2.79428 0.0368582
-14.5664 -92.8244 2.79745 0.0748887
-14.2995 -92.7095 2.80388 0.00819589
-14.61 -92.7901 2.79269 0.126597
-14.5448 -92.722 2.79486 0.15893
-14.5448 -92.722 2.79486 0.15893
-14.3742 -92.8461 2.79828 0.0329091
-14.5886 -92.8023 2.79409 0.122153
-14.3883 -92.6535 2.79266 0.0487536
-14.61 -92.7901 2.79269 0.126597
-14.61 -92.7901 2.79269 0.126597
-14.5448 -92.722 2.79486 0.15893
-14.5448 -92.722 2.79486 0.15893
-14.5214 -92.9234 2.79538 0.0371941
-14.527 -92.8424 2.78979 0.0447819
-14.9859 -92.592 2.77794 0.000135971
-14.4141 -92.5458 2.7937 0.0424072
-14.3883 -92.6535 2.79266 0.0487536
-14.61 -92.7901 2.79269 0.126597
-14.5448 -92.722 2.79486 0.15893
-14.5372 -92.7618 2.79903 0.074377
-14.5886 -92.8023 2.79409 0.122153
-14.5664 -92.8244 2.79745 0.0748887
-14.5448 -92.722 2.79486 0.15893
-14.7567 -92.7218 2.8022 0.00247831
-14.5372 -92.7618 2.79903 0.074377
-14.3703 -92.3934 2.79474 0.00444231
-14.5886 -92.8023 2.79409 0.122153
-14.5886 -92.8023 2.79409 0.122153
-14.6427 -92.5054 2.796 0.0404545
-14.7661 -92.8241 2.79428 0.0368582
-14.61 -92.7901 2.79269 0.126597
-14.5448 -92.722 2.79486 0.15893
-14.3391 -93.0186 2.80138 0.00164681
-14.5372 -92.7618 2.79903 0.074377
-14.5886 -92.8023 2.79409 0.122153
-14.5664 -92.8244 2.79745 0.0748887
-14.5448 -92.722 2.79486 0.15893
-14.8518 -92.8551 2.78615 0.00885813
-14.527 -92.8424 2.78979 0.0447819
-14.3883 -92.6535 2.79266 0.0487536
-14.5448 -92.722 2.79486 0.15893
-14.5448 -92.722 2.79486 0.15893
-14.3671 -92.5171 2.79635 0.0242187
-14.6213 -92.8486 2.80041 0.0188774
-14.527 -92.8424 2.78979 0.0447819
-14.5886 -92.8023 2.79409 0.122153
-14.4141 -92.5458 2.7937 0.0424072
-14.5664 -92.8244 2.79745 0.0748887
-14.5448 -92.722 2.79486 0.15893
-14.5372 -92.7618 2.79903 0.074377
-14.527 -92.8424 2.78979 0.0447819
-14.4141 -92.5458 2.7937 0.0424072
-14.61 -92.7901 2.79269 0.126597
-14.3742 -92.8461 2.79828 0.0329091
-14.527 -92.8424 2.78979 0.0447819
-14.5886 -92.8023 2.79409 0.122153
-14.5886 -92.8023 2.79409 0.122153
-14.4141 -92.5458 2.7937 0.0424072
-14.5664 -92.8244 2.79745 0.0748887
-14.5664 -92.8244 2.79745 0.0748887
-14.61 -92.7901 2.79269 0.126597
-14.3742 -92.8461 2.79828 0.0329091
-14.5372 -92.7618 2.79903 0.074377
-14.527 -92.8424 2.78979 0.0447819
-14.5886 -92.8023 2.79409 0.122153
-14.5886 -92.8023 2.79409 0.122153
-14.3883 -92.6535 2.79266 0.0487536
-14.7661 -92.8241 2.79428 0.0368582
-14.5664 -92.8244 2.79745 0.0748887
-14.5302 -92.4336 2.8003 0.00721726
-14.4656 -92.8333 2.79174 0.0513696
-14.527 -92.8424 2.78979 0.0447819
-14.6427 -92.5054 2.796 0.0404545
