237.603 -15.8811 2.90434 0.337565
237.884 -15.7009 2.89921 0.000114765
237.603 -15.6074 2.90749 0.00377947
237.868 -15.9724 2.90879 0.0430729
237.751 -15.8345 2.90563 0.15415
237.603 -15.8811 2.90434 0.337565
237.766 -15.9814 2.90397 0.0852993
237.611 -16.0396 2.90073 0.0595426
237.49 -16.051 2.90239 0.0870368
237.603 -15.8811 2.90434 0.337565
237.511 -15.6779 2.90613 0.0166941
237.577 -16.0952 2.90348 0.0629132
237.751 -15.8345 2.90563 0.15415
237.611 -16.0396 2.90073 0.0595426
237.751 -15.8345 2.90563 0.15415
237.766 -15.9814 2.90397 0.0852993
237.49 -16.051 2.90239 0.0870368
237.577 -16.0952 2.90348 0.0629132
237.766 -15.9814 2.90397 0.0852993
237.766 -15.9814 2.90397 0.0852993
237.603 -15.6074 2.90749 0.00377947
237.603 -15.8811 2.90434 0.337565
237.49 -16.051 2.90239 0.0870368
237.751 -15.8345 2.90563 0.15415
237.603 -15.8811 2.90434 0.337565
237.751 -15.8345 2.90563 0.15415
237.751 -15.8345 2.90563 0.15415
237.766 -15.9814 2.90397 0.0852993
237.599 -16.1228 2.90802 0.018103
237.611 -16.0396 2.90073 0.0595426
237.577 -16.0952 2.90348 0.0629132
237.603 -15.8811 2.90434 0.337565
237.511 -15.6779 2.90613 0.0166941
237.603 -15.8811 2.90434 0.337565
237.577 -16.0952 2.90348 0.0629132
237.603 -15.8811 2.90434 0.337565
237.766 -15.9814 2.90397 0.0852993
237.751 -15.8345 2.90563 0.15415
237.603 -15.8811 2.90434 0.337565
237.766 -15.9814 2.90397 0.0852993
237.603 -15.6074 2.90749 0.00377947
237.603 -15.8811 2.90434 0.337565
237.603 -15.8811 2.90434 0.337565
237.611 -16.0396 2.90073 0.0595426
237.751 -15.8345 2.90563 0.15415
237.766 -15.9814 2.90397 0.0852993
237.577 -16.0952 2.90348 0.0629132
237.603 -15.8811 2.90434 0.337565
237.842 -15.6985 2.90837 0.0106936
237.603 -15.8811 2.90434 0.337565
237.884 -15.7009 2.89921 0.000114765
237.751 -15.8345 2.90563 0.15415
237.191 -15.6222 2.89251 0.000425476
237.49 -16.051 2.90239 0.0870368
237.603 -15.8811 2.90434 0.337565
237.49 -16.051 2.90239 0.0870368
237.751 -15.8345 2.90563 0.15415
237.603 -15.8811 2.90434 0.337565
237.603 -15.8811 2.90434 0.337565
237.766 -15.9814 2.90397 0.0852993
237.751 -15.8345 2.90563 0.15415
237.751 -15.8345 2.90563 0.15415
237.603 -15.8811 2.90434 0.337565
237.611 -16.0396 2.90073 0.0595426
237.611 -16.0396 2.90073 0.0595426
237.49 -16.051 2.90239 0.0870368
237.603 -15.8811 2.90434 0.337565
237.766 -15.9814 2.90397 0.0852993
237.577 -16.0952 2.90348 0.0629132
237.751 -15.8345 2.90563 0.15415
237.751 -15.8345 2.90563 0.15415
237.511 -15.6779 2.90613 0.0166941
237.577 -16.0952 2.90348 0.0629132
237.891 -16.1224 2.9088 0.00727715
237.751 -15.8345 2.90563 0.15415
237.603 -15.8811 2.90434 0.337565
237.766 -15.9814 2.90397 0.0852993
237.454 -15.6523 2.89737 0.01889
237.611 -16.0396 2.90073 0.0595426
237.603 -15.8811 2.90434 0.337565
237.603 -15.8811 2.90434 0.337565
237.622 -16.139 2.90339 0.0268572
237.868 -15.9724 2.90879 0.0430729
237.751 -15.8345 2.90563 0.15415
237.891 -16.1224 2.9088 0.00727715
237.868 -15.9724 2.90879 0.0430729
237.603 -15.8811 2.90434 0.337565
237.842 -15.6985 2.90837 0.0106936
237.751 -15.8345 2.90563 0.15415
237.766 -15.9814 2.90397 0.0852993
237.628 -15.6366 2.90664 0.0131441
237.782 -16.2247 2.90835 0.00268445
237.603 -15.8811 2.90434 0.337565
237.511 -15.6779 2.90613 0.0166941
237.622 -16.139 2.90339 0.0268572
237.577 -16.0952 2.90348 0.0629132
237.603 -15.8811 2.90434 0.337565
237.454 -15.6523 2.89737 0.01889
237.751 -15.8345 2.90563 0.15415
237.603 -15.8811 2.90434 0.337565
