153.63 -13.3943 3.31606 0.189886
153.677 -13.3896 3.31627 0.158829
153.4 -13.5652 3.31403 0.0718004
153.515 -13.3159 3.3114 0.0472293
153.607 -13.6946 3.31888 0.0815251
153.63 -13.3943 3.31606 0.189886
153.677 -13.3896 3.31627 0.158829
153.542 -13.4603 3.31767 0.178742
153.542 -13.4603 3.31767 0.178742
153.63 -13.3943 3.31606 0.189886
153.466 -13.5755 3.31569 0.12427
153.4 -13.5652 3.31403 0.0718004
153.46 -13.4903 3.31103 0.100798
153.607 -13.6946 3.31888 0.0815251
153.466 -13.5755 3.31569 0.12427
153.46 -13.4903 3.31103 0.100798
153.607 -13.6946 3.31888 0.0815251
153.63 -13.3943 3.31606 0.189886
153.63 -13.3943 3.31606 0.189886
153.63 -13.3943 3.31606 0.189886
153.4 -13.5652 3.31403 0.0718004
153.542 -13.4603 3.31767 0.178742
153.63 -13.3943 3.31606 0.189886
153.677 -13.3896 3.31627 0.158829
153.542 -13.4603 3.31767 0.178742
153.542 -13.4603 3.31767 0.178742
153.515 -13.3159 3.3114 0.0472293
153.63 -13.3943 3.31606 0.189886
153.63 -13.3943 3.31606 0.189886
153.466 -13.5755 3.31569 0.12427
153.677 -13.3896 3.31627 0.158829
153.46 -13.4903 3.31103 0.100798
153.542 -13.4603 3.31767 0.178742
153.607 -13.6946 3.31888 0.0815251
153.466 -13.5755 3.31569 0.12427
153.677 -13.3896 3.31627 0.158829
153.677 -13.3896 3.31627 0.158829
153.542 -13.4603 3.31767 0.178742
153.542 -13.4603 3.31767 0.178742
153.607 -13.6946 3.31888 0.0815251
153.63 -13.3943 3.31606 0.189886
153.63 -13.3943 3.31606 0.189886
153.677 -13.3896 3.31627 0.158829
153.46 -13.4903 3.31103 0.100798
153.46 -13.4903 3.31103 0.100798
153.476 -13.7262 3.30982 0.00410472
153.466 -13.5755 3.31569 0.12427
153.677 -13.3896 3.31627 0.158829
153.4 -13.5652 3.31403 0.0718004
153.515 -13.3159 3.3114 0.0472293
153.63 -13.3943 3.31606 0.189886
153.677 -13.3896 3.31627 0.158829
153.4 -13.5652 3.31403 0.0718004
153.542 -13.4603 3.31767 0.178742
153.63 -13.3943 3.31606 0.189886
153.63 -13.3943 3.31606 0.189886
153.677 -13.3896 3.31627 0.158829
153.542 -13.4603 3.31767 0.178742
153.542 -13.4603 3.31767 0.178742
153.607 -13.6946 3.31888 0.0815251
153.677 -13.3896 3.31627 0.158829
153.4 -13.5652 3.31403 0.0718004
153.542 -13.4603 3.31767 0.178742
153.607 -13.6946 3.31888 0.0815251
153.466 -13.5755 3.31569 0.12427
153.677 -13.3896 3.31627 0.158829
153.4 -13.5652 3.31403 0.0718004
153.4 -13.5652 3.31403 0.0718004
153.542 -13.4603 3.31767 0.178742
153.542 -13.4603 3.31767 0.178742
153.63 -13.3943 3.31606 0.189886
153.466 -13.5755 3.31569 0.12427
153.542 -13.4603 3.31767 0.178742
153.542 -13.4603 3.31767 0.178742
153.607 -13.6946 3.31888 0.0815251
153.466 -13.5755 3.31569 0.12427
153.677 -13.3896 3.31627 0.158829
153.46 -13.4903 3.31103 0.100798
153.542 -13.4603 3.31767 0.178742
153.542 -13.4603 3.31767 0.178742
153.63 -13.3943 3.31606 0.189886
153.4 -13.5652 3.31403 0.0718004
153.607 -13.6946 3.31888 0.0815251
153.63 -13.3943 3.31606 0.189886
153.63 -13.3943 3.31606 0.189886
153.677 -13.3896 3.31627 0.158829
153.273 -13.5957 3.3081 0.00464218
153.515 -13.3159 3.3114 0.0472293
153.466 -13.5755 3.31569 0.12427
153.466 -13.5755 3.31569 0.12427
153.677 -13.3896 3.31627 0.158829
153.46 -13.4903 3.31103 0.100798
153.63 -13.3943 3.31606 0.189886
153.63 -13.3943 3.31606 0.189886
153.466 -13.5755 3.31569 0.12427
153.677 -13.3896 3.31627 0.158829
153.542 -13.4603 3.31767 0.178742
153.63 -13.3943 3.31606 0.189886
153.63 -13.3943 3.31606 0.189886
153.63 -13.3943 3.31606 0.189886
