83.8778 16.6359 0.0937019 0.0119304
83.8656 16.2228 0.0910349 0.165077
83.8656 16.2228 0.0910349 0.165077
83.8656 16.2228 0.0910349 0.165077
83.8099 16.2089 0.0894372 0.0794492
84.097 16.3065 0.0935122 0.131472
83.8986 16.1539 0.0988968 0.0714431
84.0979 16.038 0.0919783 0.0185165
84.0568 16.2444 0.0947302 0.159883
83.8099 16.2089 0.0894372 0.0794492
84.097 16.3065 0.0935122 0.131472
84.1925 16.2452 0.0861281 0.00935878
83.9055 16.0548 0.0956504 0.0452672
83.8986 16.1539 0.0988968 0.0714431
83.8656 16.2228 0.0910349 0.165077
84.0568 16.2444 0.0947302 0.159883
84.0568 16.2444 0.0947302 0.159883
84.097 16.3065 0.0935122 0.131472
83.8986 16.1539 0.0988968 0.0714431
84.0979 16.038 0.0919783 0.0185165
84.0568 16.2444 0.0947302 0.159883
84.2477 16.433 0.0915793 0.00978235
84.1925 16.2452 0.0861281 0.00935878
83.9055 16.0548 0.0956504 0.0452672
84.1181 16.1452 0.0882268 0.0270188
84.0979 16.038 0.0919783 0.0185165
84.0568 16.2444 0.0947302 0.159883
83.8099 16.2089 0.0894372 0.0794492
84.097 16.3065 0.0935122 0.131472
83.8986 16.1539 0.0988968 0.0714431
83.8851 16.52 0.0858835 0.00828145
83.8099 16.2089 0.0894372 0.0794492
83.8099 16.2089 0.0894372 0.0794492
84.097 16.3065 0.0935122 0.131472
84.1555 16.1322 0.100894 0.00537675
83.9055 16.0548 0.0956504 0.0452672
83.8656 16.2228 0.0910349 0.165077
84.0979 16.038 0.0919783 0.0185165
83.8851 16.52 0.0858835 0.00828145
84.0568 16.2444 0.0947302 0.159883
84.0461 16.4614 0.0978664 0.0637151
84.117 16.4612 0.0896813 0.0325536
83.9055 16.0548 0.0956504 0.0452672
83.8656 16.2228 0.0910349 0.165077
84.0568 16.2444 0.0947302 0.159883
83.8099 16.2089 0.0894372 0.0794492
84.097 16.3065 0.0935122 0.131472
83.9055 16.0548 0.0956504 0.0452672
83.8656 16.2228 0.0910349 0.165077
83.8099 16.2089 0.0894372 0.0794492
84.2113 16.3089 0.0934645 0.0317851
84.117 16.4612 0.0896813 0.0325536
83.8656 16.2228 0.0910349 0.165077
84.2477 16.433 0.0915793 0.00978235
83.7097 16.1349 0.0862037 0.00528932
83.9194 16.1277 0.0864437 0.0271758
83.8656 16.2228 0.0910349 0.165077
83.8851 16.52 0.0858835 0.00828145
83.8099 16.2089 0.0894372 0.0794492
83.966 16.0138 0.0922632 0.0266166
84.0115 16.4431 0.0839786 0.00727099
84.1181 16.1452 0.0882268 0.0270188
84.0568 16.2444 0.0947302 0.159883
83.8099 16.2089 0.0894372 0.0794492
84.097 16.3065 0.0935122 0.131472
83.9293 16.4463 0.0832223 0.00469153
83.9055 16.0548 0.0956504 0.0452672
83.8656 16.2228 0.0910349 0.165077
83.8656 16.2228 0.0910349 0.165077
84.0568 16.2444 0.0947302 0.159883
84.0568 16.2444 0.0947302 0.159883
84.0568 16.2444 0.0947302 0.159883
84.097 16.3065 0.0935122 0.131472
84.035 15.9621 0.0983602 0.00377795
83.8656 16.2228 0.0910349 0.165077
83.8099 16.2089 0.0894372 0.0794492
83.8099 16.2089 0.0894372 0.0794492
83.8099 16.2089 0.0894372 0.0794492
84.0461 16.4614 0.0978664 0.0637151
84.097 16.3065 0.0935122 0.131472
84.097 16.3065 0.0935122 0.131472
84.097 16.3065 0.0935122 0.131472
83.9055 16.0548 0.0956504 0.0452672
83.8656 16.2228 0.0910349 0.165077
83.8656 16.2228 0.0910349 0.165077
84.0568 16.2444 0.0947302 0.159883
83.8099 16.2089 0.0894372 0.0794492
83.8099 16.2089 0.0894372 0.0794492
84.0115 16.4431 0.0839786 0.00727099
83.8986 16.1539 0.0988968 0.0714431
83.8656 16.2228 0.0910349 0.165077
84.0568 16.2444 0.0947302 0.159883
84.0568 16.2444 0.0947302 0.159883
84.097 16.3065 0.0935122 0.131472
83.8986 16.1539 0.0988968 0.0714431
83.8656 16.2228 0.0910349 0.165077
83.8851 16.52 0.0858835 0.00828145
83.8099 16.2089 0.0894372 0.0794492
84.0115 16.4431 0.0839786 0.00727099
83.8656 16.2228 0.0910349 0.165077
