41.5031 -70.298 3.93728 0.00447779
41.3298 -70.4752 3.93766 0.119128
41.3298 -70.4752 3.93766 0.119128
41.3298 -70.4752 3.93766 0.119128
41.3298 -70.4752 3.93766 0.119128
41.4783 -70.5999 3.93728 0.102148
41.5563 -70.4619 3.9374 0.0323999
41.4605 -70.5328 3.94145 0.134263
41.4605 -70.5328 3.94145 0.134263
41.3873 -70.7331 3.94032 0.024035
41.3974 -70.6637 3.94324 0.0269662
41.4392 -70.7185 3.94168 0.026061
41.3298 -70.4752 3.93766 0.119128
41.4783 -70.5999 3.93728 0.102148
41.4783 -70.5999 3.93728 0.102148
41.4605 -70.5328 3.94145 0.134263
41.4605 -70.5328 3.94145 0.134263
41.521 -70.6722 3.93912 0.0460883
41.521 -70.6722 3.93912 0.0460883
41.5518 -70.484 3.94072 0.0700725
41.5518 -70.484 3.94072 0.0700725
41.3534 -70.6558 3.9335 0.0392007
41.3298 -70.4752 3.93766 0.119128
41.5563 -70.4619 3.9374 0.0323999
41.4605 -70.5328 3.94145 0.134263
41.4312 -70.4821 3.93348 0.0355624
41.5518 -70.484 3.94072 0.0700725
41.3982 -70.7899 3.93498 0.00547421
41.4106 -70.4627 3.93943 0.13321
41.3298 -70.4752 3.93766 0.119128
41.5563 -70.4619 3.9374 0.0323999
41.3873 -70.7331 3.94032 0.024035
41.3873 -70.7331 3.94032 0.024035
41.5687 -70.5533 3.93895 0.0554091
41.3534 -70.6558 3.9335 0.0392007
41.3298 -70.4752 3.93766 0.119128
41.4783 -70.5999 3.93728 0.102148
41.5563 -70.4619 3.9374 0.0323999
41.521 -70.6722 3.93912 0.0460883
41.3873 -70.7331 3.94032 0.024035
41.3534 -70.6558 3.9335 0.0392007
41.4106 -70.4627 3.93943 0.13321
41.3298 -70.4752 3.93766 0.119128
41.3298 -70.4752 3.93766 0.119128
41.4783 -70.5999 3.93728 0.102148
41.4605 -70.5328 3.94145 0.134263
41.3873 -70.7331 3.94032 0.024035
41.3091 -70.709 3.93543 0.0304311
41.3534 -70.6558 3.9335 0.0392007
41.3298 -70.4752 3.93766 0.119128
41.4605 -70.5328 3.94145 0.134263
41.521 -70.6722 3.93912 0.0460883
41.5518 -70.484 3.94072 0.0700725
41.3091 -70.709 3.93543 0.0304311
41.3091 -70.709 3.93543 0.0304311
41.5687 -70.5533 3.93895 0.0554091
41.3298 -70.4752 3.93766 0.119128
41.3298 -70.4752 3.93766 0.119128
41.4783 -70.5999 3.93728 0.102148
41.521 -70.6722 3.93912 0.0460883
41.5518 -70.484 3.94072 0.0700725
41.5518 -70.484 3.94072 0.0700725
41.1555 -70.7535 3.93251 0.00153012
41.5687 -70.5533 3.93895 0.0554091
41.0913 -70.6245 3.93115 0.00207008
41.4106 -70.4627 3.93943 0.13321
41.4783 -70.5999 3.93728 0.102148
41.4783 -70.5999 3.93728 0.102148
41.4783 -70.5999 3.93728 0.102148
41.4605 -70.5328 3.94145 0.134263
41.5518 -70.484 3.94072 0.0700725
41.3974 -70.6637 3.94324 0.0269662
41.321 -70.7343 3.93022 0.00229399
41.3712 -70.5743 3.94598 0.00718341
41.4106 -70.4627 3.93943 0.13321
41.3298 -70.4752 3.93766 0.119128
41.3298 -70.4752 3.93766 0.119128
41.4783 -70.5999 3.93728 0.102148
41.5563 -70.4619 3.9374 0.0323999
41.4605 -70.5328 3.94145 0.134263
41.4605 -70.5328 3.94145 0.134263
41.2474 -70.4077 3.93766 0.025117
41.3091 -70.709 3.93543 0.0304311
41.3534 -70.6558 3.9335 0.0392007
41.3298 -70.4752 3.93766 0.119128
41.4605 -70.5328 3.94145 0.134263
41.521 -70.6722 3.93912 0.0460883
41.2474 -70.4077 3.93766 0.025117
41.5518 -70.484 3.94072 0.0700725
41.2274 -70.6361 3.93764 0.0304231
41.5687 -70.5533 3.93895 0.0554091
41.5687 -70.5533 3.93895 0.0554091
41.3534 -70.6558 3.9335 0.0392007
41.4392 -70.7185 3.94168 0.026061
41.4106 -70.4627 3.93943 0.13321
41.3298 -70.4752 3.93766 0.119128
41.3298 -70.4752 3.93766 0.119128
41.5563 -70.4619 3.9374 0.0323999
41.4312 -70.4821 3.93348 0.0355624
41.5518 -70.484 3.94072 0.0700725
