44.424 -66.1454 3.9306 0.230546
44.3287 -66.2228 3.93071 0.244904
44.0073 -66.0227 3.92788 0.00161936
44.1103 -65.9278 3.93117 0.0024583
44.424 -66.1454 3.9306 0.230546
44.1663 -66.066 3.92693 0.0802689
44.2997 -66.0314 3.92699 0.131819
44.424 -66.1454 3.9306 0.230546
44.4109 -66.1849 3.93426 0.118363
44.1761 -66.0715 3.9243 0.0530818
44.1761 -66.0715 3.9243 0.0530818
44.2997 -66.0314 3.92699 0.131819
44.424 -66.1454 3.9306 0.230546
44.3287 -66.2228 3.93071 0.244904
44.0901 -66.1482 3.92941 0.0245368
44.1663 -66.066 3.92693 0.0802689
44.3287 -66.2228 3.93071 0.244904
44.0901 -66.1482 3.92941 0.0245368
44.1663 -66.066 3.92693 0.0802689
44.3287 -66.2228 3.93071 0.244904
44.4159 -66.0985 3.9366 0.0495336
44.424 -66.1454 3.9306 0.230546
44.4109 -66.1849 3.93426 0.118363
44.1761 -66.0715 3.9243 0.0530818
44.3287 -66.2228 3.93071 0.244904
44.2997 -66.0314 3.92699 0.131819
44.4109 -66.1849 3.93426 0.118363
44.1663 -66.066 3.92693 0.0802689
44.3287 -66.2228 3.93071 0.244904
44.2997 -66.0314 3.92699 0.131819
44.424 -66.1454 3.9306 0.230546
44.1663 -66.066 3.92693 0.0802689
44.2997 -66.0314 3.92699 0.131819
44.2997 -66.0314 3.92699 0.131819
44.424 -66.1454 3.9306 0.230546
44.4109 -66.1849 3.93426 0.118363
44.3287 -66.2228 3.93071 0.244904
44.3287 -66.2228 3.93071 0.244904
44.2997 -66.0314 3.92699 0.131819
44.4159 -66.0985 3.9366 0.0495336
44.0901 -66.1482 3.92941 0.0245368
44.424 -66.1454 3.9306 0.230546
44.4109 -66.1849 3.93426 0.118363
44.3287 -66.2228 3.93071 0.244904
44.3287 -66.2228 3.93071 0.244904
44.3287 -66.2228 3.93071 0.244904
44.2997 -66.0314 3.92699 0.131819
44.424 -66.1454 3.9306 0.230546
44.3287 -66.2228 3.93071 0.244904
44.2997 -66.0314 3.92699 0.131819
44.424 -66.1454 3.9306 0.230546
44.1663 -66.066 3.92693 0.0802689
44.3287 -66.2228 3.93071 0.244904
44.4159 -66.0985 3.9366 0.0495336
44.4109 -66.1849 3.93426 0.118363
44.3287 -66.2228 3.93071 0.244904
44.4159 -66.0985 3.9366 0.0495336
44.424 -66.1454 3.9306 0.230546
44.4109 -66.1849 3.93426 0.118363
44.3287 -66.2228 3.93071 0.244904
44.3287 -66.2228 3.93071 0.244904
44.2997 -66.0314 3.92699 0.131819
44.424 -66.1454 3.9306 0.230546
44.1663 -66.066 3.92693 0.0802689
44.2997 -66.0314 3.92699 0.131819
44.4109 -66.1849 3.93426 0.118363
44.3287 -66.2228 3.93071 0.244904
44.4159 -66.0985 3.9366 0.0495336
44.1761 -66.0715 3.9243 0.0530818
44.3287 -66.2228 3.93071 0.244904
44.2997 -66.0314 3.92699 0.131819
44.0901 -66.1482 3.92941 0.0245368
44.424 -66.1454 3.9306 0.230546
44.1663 -66.066 3.92693 0.0802689
44.2997 -66.0314 3.92699 0.131819
44.424 -66.1454 3.9306 0.230546
44.424 -66.1454 3.9306 0.230546
44.3287 -66.2228 3.93071 0.244904
44.3287 -66.2228 3.93071 0.244904
44.2997 -66.0314 3.92699 0.131819
44.424 -66.1454 3.9306 0.230546
44.1663 -66.066 3.92693 0.0802689
44.3287 -66.2228 3.93071 0.244904
44.424 -66.1454 3.9306 0.230546
44.4109 -66.1849 3.93426 0.118363
44.1761 -66.0715 3.9243 0.0530818
44.3287 -66.2228 3.93071 0.244904
44.424 -66.1454 3.9306 0.230546
44.1663 -66.066 3.92693 0.0802689
44.6169 -66.178 3.93785 0.0022624
44.424 -66.1454 3.9306 0.230546
44.4109 -66.1849 3.93426 0.118363
44.3287 -66.2228 3.93071 0.244904
44.3287 -66.2228 3.93071 0.244904
44.424 -66.1454 3.9306 0.230546
44.424 -66.1454 3.9306 0.230546
44.424 -66.1454 3.9306 0.230546
44.1663 -66.066 3.92693 0.0802689
44.2997 -66.0314 3.92699 0.131819
44.2997 -66.0314 3.92699 0.131819
