261.486 28.0689 6.02833 0.0610218
261.168 28.2062 6.02303 0.00413504
261.538 28.1502 6.02364 0.1712
261.209 28.089 6.02274 0.0100925
261.333 28.0128 6.02664 0.0513042
261.248 27.9714 6.02505 0.00968117
261.489 28.2526 6.02142 0.177039
261.321 28.1965 6.02115 0.0722818
261.241 28.035 6.02379 0.0157209
261.579 28.0459 6.02731 0.0284114
261.489 28.2526 6.02142 0.177039
261.489 28.2526 6.02142 0.177039
261.321 28.1965 6.02115 0.0722818
261.579 28.0459 6.02731 0.0284114
261.371 28.2885 6.02504 0.0566173
261.447 28.1578 6.01574 0.0872892
261.489 28.2526 6.02142 0.177039
261.361 28.1526 6.02963 0.0542097
261.361 28.1526 6.02963 0.0542097
261.538 28.1502 6.02364 0.1712
261.538 28.1502 6.02364 0.1712
261.371 28.2885 6.02504 0.0566173
261.566 28.3743 6.0206 0.0293217
261.489 28.2526 6.02142 0.177039
261.302 28.2166 6.03082 0.017578
261.168 28.2062 6.02303 0.00413504
261.579 28.0459 6.02731 0.0284114
261.566 28.3743 6.0206 0.0293217
261.447 28.1578 6.01574 0.0872892
261.711 28.0469 6.01559 0.0163279
261.486 28.0689 6.02833 0.0610218
261.538 28.1502 6.02364 0.1712
261.371 28.2885 6.02504 0.0566173
261.447 28.1578 6.01574 0.0872892
261.489 28.2526 6.02142 0.177039
261.711 28.0469 6.01559 0.0163279
261.711 28.0469 6.01559 0.0163279
261.711 28.0469 6.01559 0.0163279
261.486 28.0689 6.02833 0.0610218
261.538 28.1502 6.02364 0.1712
261.417 27.9297 6.02208 0.0214062
261.333 28.0128 6.02664 0.0513042
261.333 28.0128 6.02664 0.0513042
261.489 28.2526 6.02142 0.177039
261.489 28.2526 6.02142 0.177039
261.241 28.035 6.02379 0.0157209
261.538 28.1502 6.02364 0.1712
261.538 28.1502 6.02364 0.1712
261.371 28.2885 6.02504 0.0566173
261.613 28.168 6.02545 0.0444624
261.447 28.1578 6.01574 0.0872892
261.447 28.1578 6.01574 0.0872892
261.489 28.2526 6.02142 0.177039
261.302 28.2166 6.03082 0.017578
261.486 28.0689 6.02833 0.0610218
261.321 28.1965 6.02115 0.0722818
261.538 28.1502 6.02364 0.1712
261.538 28.1502 6.02364 0.1712
261.371 28.2885 6.02504 0.0566173
261.489 28.2526 6.02142 0.177039
261.489 28.2526 6.02142 0.177039
261.651 28.1753 6.02791 0.00705701
261.361 28.1526 6.02963 0.0542097
261.413 28.0908 6.01325 0.0126547
261.447 28.1578 6.01574 0.0872892
261.711 28.0469 6.01559 0.0163279
261.361 28.1526 6.02963 0.0542097
261.538 28.1502 6.02364 0.1712
261.613 28.168 6.02545 0.0444624
261.333 28.0128 6.02664 0.0513042
261.489 28.2526 6.02142 0.177039
261.321 28.1965 6.02115 0.0722818
261.371 28.2885 6.02504 0.0566173
261.248 27.9714 6.02505 0.00968117
261.489 28.2526 6.02142 0.177039
261.489 28.2526 6.02142 0.177039
261.486 28.0689 6.02833 0.0610218
261.472 28.4365 6.0136 0.005084
261.538 28.1502 6.02364 0.1712
261.758 28.0299 6.0222 0.00346898
261.333 28.0128 6.02664 0.0513042
261.489 28.2526 6.02142 0.177039
261.489 28.2526 6.02142 0.177039
261.199 28.2975 6.02239 0.00360882
261.321 28.1965 6.02115 0.0722818
261.538 28.1502 6.02364 0.1712
261.333 28.0128 6.02664 0.0513042
261.489 28.2526 6.02142 0.177039
261.203 28.1892 6.02674 0.0131723
261.7 28.4223 6.01488 0.00514155
261.579 28.0459 6.02731 0.0284114
261.489 28.2526 6.02142 0.177039
261.361 28.1526 6.02963 0.0542097
261.538 28.1502 6.02364 0.1712
261.447 28.1578 6.01574 0.0872892
261.489 28.2526 6.02142 0.177039
261.489 28.2526 6.02142 0.177039
261.312 27.8464 6.02952 0.00191039
261.203 28.1892 6.02674 0.0131723
261.321 28.1965 6.02115 0.0722818
