213.763 -11.6777 3.00687 0.0489122
213.653 -11.7339 3.00437 0.13864
213.117 -11.7452 2.99441 0.0267505
213.195 -11.5565 2.99739 0.147168
213.702 -11.6885 3.00666 0.0905514
213.167 -11.5137 2.99375 0.0567337
213.257 -11.7592 3.00334 0.0310301
213.653 -11.7339 3.00437 0.13864
213.722 -11.4804 3.00458 0.0756033
213.313 -11.8588 2.99977 0.0490797
213.195 -11.5565 2.99739 0.147168
213.458 -11.7201 3.00667 0.0799261
213.652 -11.4766 3.00754 0.0779989
213.702 -11.6885 3.00666 0.0905514
213.167 -11.5137 2.99375 0.0567337
213.184 -11.7197 3.00422 0.00625206
213.655 -11.6758 2.99471 0.00431697
213.195 -11.5565 2.99739 0.147168
213.652 -11.4766 3.00754 0.0779989
213.257 -11.7592 3.00334 0.0310301
213.537 -11.7056 2.994 0.0190449
213.653 -11.7339 3.00437 0.13864
213.653 -11.7339 3.00437 0.13864
213.117 -11.7452 2.99441 0.0267505
213.195 -11.5565 2.99739 0.147168
213.742 -11.5062 2.99927 0.014005
213.702 -11.6885 3.00666 0.0905514
213.653 -11.7339 3.00437 0.13864
213.166 -11.7576 2.99522 0.0476609
213.458 -11.7201 3.00667 0.0799261
213.652 -11.4766 3.00754 0.0779989
213.702 -11.6885 3.00666 0.0905514
213.653 -11.7339 3.00437 0.13864
213.722 -11.4804 3.00458 0.0756033
213.166 -11.7576 2.99522 0.0476609
213.458 -11.7201 3.00667 0.0799261
213.702 -11.6885 3.00666 0.0905514
213.763 -11.6777 3.00687 0.0489122
213.653 -11.7339 3.00437 0.13864
213.313 -11.8588 2.99977 0.0490797
213.195 -11.5565 2.99739 0.147168
213.371 -11.4454 2.99309 0.0327567
213.458 -11.7201 3.00667 0.0799261
213.458 -11.7201 3.00667 0.0799261
213.702 -11.6885 3.00666 0.0905514
213.702 -11.6885 3.00666 0.0905514
213.653 -11.7339 3.00437 0.13864
213.722 -11.4804 3.00458 0.0756033
213.117 -11.7452 2.99441 0.0267505
213.166 -11.7576 2.99522 0.0476609
213.195 -11.5565 2.99739 0.147168
213.371 -11.4454 2.99309 0.0327567
213.702 -11.6885 3.00666 0.0905514
213.653 -11.7339 3.00437 0.13864
213.653 -11.7339 3.00437 0.13864
213.653 -11.7339 3.00437 0.13864
213.653 -11.7339 3.00437 0.13864
213.722 -11.4804 3.00458 0.0756033
213.195 -11.5565 2.99739 0.147168
213.371 -11.4454 2.99309 0.0327567
213.742 -11.5062 2.99927 0.014005
213.702 -11.6885 3.00666 0.0905514
213.56 -11.5252 2.99473 0.0250941
213.257 -11.7592 3.00334 0.0310301
213.722 -11.4804 3.00458 0.0756033
213.313 -11.8588 2.99977 0.0490797
213.195 -11.5565 2.99739 0.147168
213.458 -11.7201 3.00667 0.0799261
213.702 -11.6885 3.00666 0.0905514
213.653 -11.7339 3.00437 0.13864
213.722 -11.4804 3.00458 0.0756033
213.117 -11.7452 2.99441 0.0267505
213.117 -11.7452 2.99441 0.0267505
213.195 -11.5565 2.99739 0.147168
213.458 -11.7201 3.00667 0.0799261
213.458 -11.7201 3.00667 0.0799261
213.702 -11.6885 3.00666 0.0905514
213.702 -11.6885 3.00666 0.0905514
213.653 -11.7339 3.00437 0.13864
213.653 -11.7339 3.00437 0.13864
213.166 -11.7576 2.99522 0.0476609
213.195 -11.5565 2.99739 0.147168
213.195 -11.5565 2.99739 0.147168
213.652 -11.4766 3.00754 0.0779989
213.56 -11.5252 2.99473 0.0250941
213.763 -11.6777 3.00687 0.0489122
213.722 -11.4804 3.00458 0.0756033
213.195 -11.5565 2.99739 0.147168
213.742 -11.5062 2.99927 0.014005
213.458 -11.7201 3.00667 0.0799261
213.763 -11.6777 3.00687 0.0489122
213.722 -11.4804 3.00458 0.0756033
213.117 -11.7452 2.99441 0.0267505
213.195 -11.5565 2.99739 0.147168
213.458 -11.7201 3.00667 0.0799261
213.702 -11.6885 3.00666 0.0905514
213.257 -11.7592 3.00334 0.0310301
213.722 -11.4804 3.00458 0.0756033
213.195 -11.5565 2.99739 0.147168
213.195 -11.5565 2.99739 0.147168
