90.0592 -30.4507 3.50873 0.160088
90.3124 -30.4237 3.50978 0.21636
90.014 -30.3286 3.50686 0.0366072
90.0207 -30.2694 3.51167 0.0777709
90.3124 -30.4237 3.50978 0.21636
89.9985 -30.2594 3.5156 0.0192746
90.2991 -30.2636 3.51791 0.0291374
90.3124 -30.4237 3.50978 0.21636
90.2486 -30.3639 3.51496 0.195038
90.0207 -30.2694 3.51167 0.0777709
90.0207 -30.2694 3.51167 0.0777709
90.0592 -30.4507 3.50873 0.160088
90.3124 -30.4237 3.50978 0.21636
90.014 -30.3286 3.50686 0.0366072
90.0592 -30.4507 3.50873 0.160088
90.1748 -30.7156 3.50664 0.0067178
90.2486 -30.3639 3.51496 0.195038
90.0207 -30.2694 3.51167 0.0777709
90.0592 -30.4507 3.50873 0.160088
90.3124 -30.4237 3.50978 0.21636
90.0202 -30.6446 3.5118 0.0081
90.0592 -30.4507 3.50873 0.160088
90.0592 -30.4507 3.50873 0.160088
90.3124 -30.4237 3.50978 0.21636
89.9324 -30.634 3.50379 0.000950639
90.0279 -30.3676 3.50809 0.0917285
90.0207 -30.2694 3.51167 0.0777709
90.2991 -30.2636 3.51791 0.0291374
90.3124 -30.4237 3.50978 0.21636
90.2486 -30.3639 3.51496 0.195038
89.9985 -30.2594 3.5156 0.0192746
90.2991 -30.2636 3.51791 0.0291374
90.1542 -30.1275 3.51152 0.0321311
90.0592 -30.4507 3.50873 0.160088
90.3124 -30.4237 3.50978 0.21636
89.9647 -30.4199 3.50781 0.0378098
90.0592 -30.4507 3.50873 0.160088
90.0592 -30.4507 3.50873 0.160088
90.0737 -30.364 3.52016 0.0016799
90.2753 -30.3188 3.50349 0.00435344
90.0592 -30.4507 3.50873 0.160088
90.2486 -30.3639 3.51496 0.195038
90.0207 -30.2694 3.51167 0.0777709
90.0592 -30.4507 3.50873 0.160088
90.3124 -30.4237 3.50978 0.21636
90.2486 -30.3639 3.51496 0.195038
89.9985 -30.2594 3.5156 0.0192746
90.0207 -30.2694 3.51167 0.0777709
90.0592 -30.4507 3.50873 0.160088
90.2486 -30.3639 3.51496 0.195038
90.0279 -30.3676 3.50809 0.0917285
90.038 -30.2619 3.50787 0.0395871
90.0592 -30.4507 3.50873 0.160088
90.2486 -30.3639 3.51496 0.195038
90.0207 -30.2694 3.51167 0.0777709
90.0592 -30.4507 3.50873 0.160088
90.0592 -30.4507 3.50873 0.160088
90.3124 -30.4237 3.50978 0.21636
90.2486 -30.3639 3.51496 0.195038
90.0279 -30.3676 3.50809 0.0917285
90.1542 -30.1275 3.51152 0.0321311
90.0592 -30.4507 3.50873 0.160088
89.838 -30.3322 3.51313 0.00180934
90.014 -30.3286 3.50686 0.0366072
90.014 -30.3286 3.50686 0.0366072
90.0592 -30.4507 3.50873 0.160088
90.3124 -30.4237 3.50978 0.21636
90.3124 -30.4237 3.50978 0.21636
90.2486 -30.3639 3.51496 0.195038
89.9647 -30.4199 3.50781 0.0378098
90.0592 -30.4507 3.50873 0.160088
90.3124 -30.4237 3.50978 0.21636
90.2486 -30.3639 3.51496 0.195038
90.014 -30.3286 3.50686 0.0366072
90.014 -30.3286 3.50686 0.0366072
90.0592 -30.4507 3.50873 0.160088
90.0592 -30.4507 3.50873 0.160088
90.0592 -30.4507 3.50873 0.160088
90.3124 -30.4237 3.50978 0.21636
90.0279 -30.3676 3.50809 0.0917285
90.0279 -30.3676 3.50809 0.0917285
90.0207 -30.2694 3.51167 0.0777709
90.3124 -30.4237 3.50978 0.21636
89.9985 -30.2594 3.5156 0.0192746
90.0592 -30.4507 3.50873 0.160088
90.0592 -30.4507 3.50873 0.160088
90.0592 -30.4507 3.50873 0.160088
90.3124 -30.4237 3.50978 0.21636
90.2486 -30.3639 3.51496 0.195038
90.014 -30.3286 3.50686 0.0366072
90.0279 -30.3676 3.50809 0.0917285
90.0592 -30.4507 3.50873 0.160088
90.3124 -30.4237 3.50978 0.21636
90.2486 -30.3639 3.51496 0.195038
90.2486 -30.3639 3.51496 0.195038
90.014 -30.3286 3.50686 0.0366072
90.1787 -30.4175 3.51884 0.0104344
90.0592 -30.4507 3.50873 0.160088
90.2486 -30.3639 3.51496 0.195038
90.0279 -30.3676 3.50809 0.0917285
