-30.9297 -82.6389 2.32676 0.0847943
-30.7932 -82.536 2.31861 0.088374
-30.9284 -82.5566 2.328 0.0289155
-31.472 -82.5745 2.31366 0.000704112
-31.0773 -82.7503 2.33362 0.00171146
-31.0088 -82.7545 2.32767 0.0661994
-30.979 -82.5664 2.31514 0.191642
-30.9604 -82.2126 2.31051 0.0172348
-31.3083 -82.4577 2.31744 0.0341494
-30.9398 -82.6637 2.32607 0.117892
-31.0088 -82.7545 2.32767 0.0661994
-30.8933 -82.8414 2.324 0.0547674
-30.8933 -82.8414 2.324 0.0547674
-30.9407 -82.2554 2.3196 0.0229863
-30.9398 -82.6637 2.32607 0.117892
-31.0088 -82.7545 2.32767 0.0661994
-30.979 -82.5664 2.31514 0.191642
-31.2948 -82.4876 2.31691 0.0455551
-31.2948 -82.4876 2.31691 0.0455551
-30.9398 -82.6637 2.32607 0.117892
-31.0844 -82.8397 2.3282 0.0284489
-30.7932 -82.536 2.31861 0.088374
-31.0088 -82.7545 2.32767 0.0661994
-31.2948 -82.4876 2.31691 0.0455551
-31.2948 -82.4876 2.31691 0.0455551
-30.9297 -82.6389 2.32676 0.0847943
-30.7932 -82.536 2.31861 0.088374
-30.8933 -82.8414 2.324 0.0547674
-31.2948 -82.4876 2.31691 0.0455551
-31.3083 -82.4577 2.31744 0.0341494
-30.9398 -82.6637 2.32607 0.117892
-31.1319 -82.9046 2.32749 0.0140007
-30.979 -82.5664 2.31514 0.191642
-30.9353 -82.4623 2.32686 0.02041
-30.9398 -82.6637 2.32607 0.117892
-30.7932 -82.536 2.31861 0.088374
-31.0088 -82.7545 2.32767 0.0661994
-30.979 -82.5664 2.31514 0.191642
-31.3083 -82.4577 2.31744 0.0341494
-30.9398 -82.6637 2.32607 0.117892
-31.0844 -82.8397 2.3282 0.0284489
-31.0088 -82.7545 2.32767 0.0661994
-30.979 -82.5664 2.31514 0.191642
-30.9333 -82.8519 2.32892 0.0258688
-30.9407 -82.2554 2.3196 0.0229863
-30.8726 -82.733 2.31667 0.0420038
-30.7932 -82.536 2.31861 0.088374
-31.1425 -82.9885 2.32747 0.0041547
-30.8726 -82.733 2.31667 0.0420038
-30.9398 -82.6637 2.32607 0.117892
-30.7932 -82.536 2.31861 0.088374
-31.0088 -82.7545 2.32767 0.0661994
-31.0567 -82.7812 2.33428 0.00126337
-30.8726 -82.733 2.31667 0.0420038
-31.0088 -82.7545 2.32767 0.0661994
-30.979 -82.5664 2.31514 0.191642
-30.7762 -82.6714 2.32164 0.0642418
-30.8726 -82.733 2.31667 0.0420038
-30.9398 -82.6637 2.32607 0.117892
-30.979 -82.5664 2.31514 0.191642
-30.7762 -82.6714 2.32164 0.0642418
-30.9407 -82.2554 2.3196 0.0229863
-30.9398 -82.6637 2.32607 0.117892
-30.7932 -82.536 2.31861 0.088374
-30.979 -82.5664 2.31514 0.191642
-31.2948 -82.4876 2.31691 0.0455551
-30.9297 -82.6389 2.32676 0.0847943
-30.9398 -82.6637 2.32607 0.117892
-30.7932 -82.536 2.31861 0.088374
-30.8933 -82.8414 2.324 0.0547674
-30.9407 -82.2554 2.3196 0.0229863
-30.9297 -82.6389 2.32676 0.0847943
-30.9398 -82.6637 2.32607 0.117892
-30.979 -82.5664 2.31514 0.191642
-30.8933 -82.8414 2.324 0.0547674
-30.7762 -82.6714 2.32164 0.0642418
-30.9297 -82.6389 2.32676 0.0847943
-30.9398 -82.6637 2.32607 0.117892
-31.0088 -82.7545 2.32767 0.0661994
-30.979 -82.5664 2.31514 0.191642
-31.2948 -82.4876 2.31691 0.0455551
-30.8726 -82.733 2.31667 0.0420038
-30.9398 -82.6637 2.32607 0.117892
-30.9398 -82.6637 2.32607 0.117892
-30.979 -82.5664 2.31514 0.191642
-30.979 -82.5664 2.31514 0.191642
-30.7762 -82.6714 2.32164 0.0642418
-30.7762 -82.6714 2.32164 0.0642418
-30.9333 -82.8519 2.32892 0.0258688
-31.3083 -82.4577 2.31744 0.0341494
-30.9398 -82.6637 2.32607 0.117892
-30.979 -82.5664 2.31514 0.191642
-31.2948 -82.4876 2.31691 0.0455551
-30.7762 -82.6714 2.32164 0.0642418
-30.9297 -82.6389 2.32676 0.0847943
-30.9398 -82.6637 2.32607 0.117892
-30.7932 -82.536 2.31861 0.088374
-30.979 -82.5664 2.31514 0.191642
-30.979 -82.5664 2.31514 0.191642
-30.9333 -82.8519 2.32892 0.0258688
