8.30339 6.00841 0.275248 0.00187791
8.09105 6.12023 0.273264 0.118475
8.1455 6.3178 0.270967 0.324166
8.19848 6.38855 0.277732 0.0239289
8.36594 6.2421 0.271264 0.0867238
8.1455 6.3178 0.270967 0.324166
8.1455 6.3178 0.270967 0.324166
8.09105 6.12023 0.273264 0.118475
8.35238 6.34106 0.26715 0.103709
8.1455 6.3178 0.270967 0.324166
8.35238 6.34106 0.26715 0.103709
8.1455 6.3178 0.270967 0.324166
8.41523 6.38595 0.266899 0.0311949
8.1455 6.3178 0.270967 0.324166
8.16962 6.19551 0.2667 0.0790842
8.1455 6.3178 0.270967 0.324166
8.1455 6.3178 0.270967 0.324166
8.36594 6.2421 0.271264 0.0867238
8.36594 6.2421 0.271264 0.0867238
8.18752 6.03342 0.276424 0.00938818
8.1455 6.3178 0.270967 0.324166
8.09105 6.12023 0.273264 0.118475
8.1455 6.3178 0.270967 0.324166
8.16962 6.19551 0.2667 0.0790842
8.19848 6.38855 0.277732 0.0239289
8.34611 6.40228 0.271676 0.0426264
7.98211 6.33087 0.280754 0.0186303
8.51856 6.12308 0.265951 0.00321199
8.1455 6.3178 0.270967 0.324166
8.1455 6.3178 0.270967 0.324166
8.35238 6.34106 0.26715 0.103709
8.20546 6.12696 0.262968 0.00410691
8.36594 6.2421 0.271264 0.0867238
8.16962 6.19551 0.2667 0.0790842
8.1455 6.3178 0.270967 0.324166
8.41523 6.38595 0.266899 0.0311949
8.19848 6.38855 0.277732 0.0239289
8.1455 6.3178 0.270967 0.324166
8.1455 6.3178 0.270967 0.324166
8.09105 6.12023 0.273264 0.118475
8.1455 6.3178 0.270967 0.324166
8.16962 6.19551 0.2667 0.0790842
8.09105 6.12023 0.273264 0.118475
8.19848 6.38855 0.277732 0.0239289
8.19848 6.38855 0.277732 0.0239289
8.1455 6.3178 0.270967 0.324166
8.09105 6.12023 0.273264 0.118475
8.1455 6.3178 0.270967 0.324166
8.35238 6.34106 0.26715 0.103709
8.1455 6.3178 0.270967 0.324166
8.06832 6.35575 0.268213 0.0381768
8.1455 6.3178 0.270967 0.324166
8.35238 6.34106 0.26715 0.103709
8.1455 6.3178 0.270967 0.324166
8.16962 6.19551 0.2667 0.0790842
8.09105 6.12023 0.273264 0.118475
8.43301 6.36696 0.270017 0.0198624
8.16962 6.19551 0.2667 0.0790842
8.35238 6.34106 0.26715 0.103709
8.36594 6.2421 0.271264 0.0867238
8.1455 6.3178 0.270967 0.324166
8.09105 6.12023 0.273264 0.118475
8.41523 6.38595 0.266899 0.0311949
8.19848 6.38855 0.277732 0.0239289
8.1455 6.3178 0.270967 0.324166
8.09105 6.12023 0.273264 0.118475
8.1455 6.3178 0.270967 0.324166
7.97597 6.16173 0.280643 0.0152947
8.43301 6.36696 0.270017 0.0198624
8.16962 6.19551 0.2667 0.0790842
8.18752 6.03342 0.276424 0.00938818
8.09105 6.12023 0.273264 0.118475
8.1455 6.3178 0.270967 0.324166
8.36594 6.2421 0.271264 0.0867238
8.09105 6.12023 0.273264 0.118475
8.1455 6.3178 0.270967 0.324166
8.1455 6.3178 0.270967 0.324166
8.06832 6.35575 0.268213 0.0381768
8.1455 6.3178 0.270967 0.324166
8.06832 6.35575 0.268213 0.0381768
8.1455 6.3178 0.270967 0.324166
8.43301 6.36696 0.270017 0.0198624
8.1455 6.3178 0.270967 0.324166
8.09105 6.12023 0.273264 0.118475
8.35238 6.34106 0.26715 0.103709
8.1455 6.3178 0.270967 0.324166
8.41523 6.38595 0.266899 0.0311949
7.94874 6.19479 0.270885 0.015519
8.36594 6.2421 0.271264 0.0867238
8.09105 6.12023 0.273264 0.118475
8.1455 6.3178 0.270967 0.324166
8.16962 6.19551 0.2667 0.0790842
8.35238 6.34106 0.26715 0.103709
8.1455 6.3178 0.270967 0.324166
8.35238 6.34106 0.26715 0.103709
8.1455 6.3178 0.270967 0.324166
8.41523 6.38595 0.266899 0.0311949
8.12031 6.16013 0.266685 0.0304885
8.16962 6.19551 0.2667 0.0790842
8.41523 6.38595 0.266899 0.0311949
