74.2053 -39.0734 3.77192 0.378704
74.0941 -39.132 3.76545 0.178263
74.3625 -38.9078 3.76867 0.17094
74.2053 -39.0734 3.77192 0.378704
74.4126 -39.2208 3.77356 0.00186636
74.2053 -39.0734 3.77192 0.378704
74.2053 -39.0734 3.77192 0.378704
74.0941 -39.132 3.76545 0.178263
74.0941 -39.132 3.76545 0.178263
74.2053 -39.0734 3.77192 0.378704
74.0941 -39.132 3.76545 0.178263
74.2053 -39.0734 3.77192 0.378704
74.3601 -38.8925 3.77493 0.0910024
74.2053 -39.0734 3.77192 0.378704
74.2053 -39.0734 3.77192 0.378704
74.0941 -39.132 3.76545 0.178263
74.2053 -39.0734 3.77192 0.378704
74.1139 -39.1462 3.76106 0.0333086
74.0941 -39.132 3.76545 0.178263
74.2053 -39.0734 3.77192 0.378704
74.3625 -38.9078 3.76867 0.17094
74.2053 -39.0734 3.77192 0.378704
74.2053 -39.0734 3.77192 0.378704
74.2053 -39.0734 3.77192 0.378704
74.2053 -39.0734 3.77192 0.378704
74.0941 -39.132 3.76545 0.178263
74.0697 -39.2658 3.76052 0.0108448
74.3625 -38.9078 3.76867 0.17094
74.2986 -39.0364 3.77571 0.0499041
74.2053 -39.0734 3.77192 0.378704
74.0941 -39.132 3.76545 0.178263
74.3625 -38.9078 3.76867 0.17094
74.2053 -39.0734 3.77192 0.378704
74.4449 -39.204 3.77007 0.0177233
74.2053 -39.0734 3.77192 0.378704
74.2986 -39.0364 3.77571 0.0499041
74.2053 -39.0734 3.77192 0.378704
74.0941 -39.132 3.76545 0.178263
74.2053 -39.0734 3.77192 0.378704
74.2986 -39.0364 3.77571 0.0499041
74.0941 -39.132 3.76545 0.178263
74.2053 -39.0734 3.77192 0.378704
74.1139 -39.1462 3.76106 0.0333086
74.3625 -38.9078 3.76867 0.17094
74.1139 -39.1462 3.76106 0.0333086
74.3625 -38.9078 3.76867 0.17094
74.0941 -39.132 3.76545 0.178263
74.2053 -39.0734 3.77192 0.378704
74.2053 -39.0734 3.77192 0.378704
74.2053 -39.0734 3.77192 0.378704
74.1139 -39.1462 3.76106 0.0333086
74.2053 -39.0734 3.77192 0.378704
74.2053 -39.0734 3.77192 0.378704
74.5688 -39.2457 3.76809 0.000721184
74.2053 -39.0734 3.77192 0.378704
74.0941 -39.132 3.76545 0.178263
74.2053 -39.0734 3.77192 0.378704
74.2986 -39.0364 3.77571 0.0499041
74.2986 -39.0364 3.77571 0.0499041
74.2053 -39.0734 3.77192 0.378704
74.2053 -39.0734 3.77192 0.378704
74.3625 -38.9078 3.76867 0.17094
74.0697 -39.2658 3.76052 0.0108448
74.0941 -39.132 3.76545 0.178263
74.2053 -39.0734 3.77192 0.378704
74.2053 -39.0734 3.77192 0.378704
74.3625 -38.9078 3.76867 0.17094
74.2053 -39.0734 3.77192 0.378704
74.3625 -38.9078 3.76867 0.17094
74.2053 -39.0734 3.77192 0.378704
74.3601 -38.8925 3.77493 0.0910024
74.3625 -38.9078 3.76867 0.17094
74.3795 -39.4589 3.76383 0.000962986
74.2053 -39.0734 3.77192 0.378704
74.3601 -38.8925 3.77493 0.0910024
74.0941 -39.132 3.76545 0.178263
74.2053 -39.0734 3.77192 0.378704
74.2986 -39.0364 3.77571 0.0499041
74.0941 -39.132 3.76545 0.178263
74.2053 -39.0734 3.77192 0.378704
74.2986 -39.0364 3.77571 0.0499041
74.3625 -38.9078 3.76867 0.17094
74.3601 -38.8925 3.77493 0.0910024
74.2053 -39.0734 3.77192 0.378704
74.3601 -38.8925 3.77493 0.0910024
74.0941 -39.132 3.76545 0.178263
74.2053 -39.0734 3.77192 0.378704
74.0941 -39.132 3.76545 0.178263
74.2053 -39.0734 3.77192 0.378704
74.1688 -39.3402 3.75966 0.0142402
74.4582 -39.1762 3.75965 0.00494427
74.1688 -39.3402 3.75966 0.0142402
74.0697 -39.2658 3.76052 0.0108448
74.3601 -38.8925 3.77493 0.0910024
74.2053 -39.0734 3.77192 0.378704
74.3601 -38.8925 3.77493 0.0910024
74.0941 -39.132 3.76545 0.178263
74.3625 -38.9078 3.76867 0.17094
74.2053 -39.0734 3.77192 0.378704
74.0941 -39.132 3.76545 0.178263
