6.86934 -94.5937 3.38451 0.101383
6.87172 -94.7428 3.38825 0.131959
7.01541 -94.7776 3.37817 0.0425241
6.4903 -94.8387 3.37226 0.00274822
6.7215 -94.963 3.38044 0.0582346
7.24117 -94.5765 3.39952 0.0028681
7.02276 -94.8268 3.38405 0.12793
6.87172 -94.7428 3.38825 0.131959
6.87172 -94.7428 3.38825 0.131959
6.87172 -94.7428 3.38825 0.131959
7.02664 -94.5402 3.39565 0.0229839
7.19294 -94.9614 3.38134 0.00899781
7.0466 -94.5696 3.38324 0.0426669
6.7215 -94.963 3.38044 0.0582346
7.02276 -94.8268 3.38405 0.12793
6.87172 -94.7428 3.38825 0.131959
6.77541 -95.197 3.38151 0.00398938
6.94556 -94.5735 3.38033 0.0334886
6.99964 -94.6172 3.39173 0.0794937
6.65013 -94.8075 3.37984 0.0541288
7.02276 -94.8268 3.38405 0.12793
6.87172 -94.7428 3.38825 0.131959
6.87172 -94.7428 3.38825 0.131959
6.76757 -95.1687 3.37405 0.00596181
6.99964 -94.6172 3.39173 0.0794937
6.7215 -94.963 3.38044 0.0582346
6.89596 -95.0115 3.37774 0.0445834
6.89596 -95.0115 3.37774 0.0445834
6.89596 -95.0115 3.37774 0.0445834
6.87172 -94.7428 3.38825 0.131959
6.87172 -94.7428 3.38825 0.131959
6.71891 -94.9739 3.37575 0.0368862
7.21825 -94.9752 3.3771 0.00163496
6.97389 -94.5757 3.39304 0.0520215
6.89596 -95.0115 3.37774 0.0445834
6.86934 -94.5937 3.38451 0.101383
6.73923 -94.3543 3.38176 0.00149156
7.0466 -94.5696 3.38324 0.0426669
6.99964 -94.6172 3.39173 0.0794937
6.71188 -94.8934 3.37599 0.0470052
7.02276 -94.8268 3.38405 0.12793
6.87172 -94.7428 3.38825 0.131959
6.6751 -94.7359 3.38701 0.0384116
6.99964 -94.6172 3.39173 0.0794937
6.65013 -94.8075 3.37984 0.0541288
6.71188 -94.8934 3.37599 0.0470052
6.71188 -94.8934 3.37599 0.0470052
7.02276 -94.8268 3.38405 0.12793
6.86934 -94.5937 3.38451 0.101383
6.87172 -94.7428 3.38825 0.131959
6.87172 -94.7428 3.38825 0.131959
6.94556 -94.5735 3.38033 0.0334886
6.97389 -94.5757 3.39304 0.0520215
6.71188 -94.8934 3.37599 0.0470052
7.02276 -94.8268 3.38405 0.12793
6.86934 -94.5937 3.38451 0.101383
6.87172 -94.7428 3.38825 0.131959
6.94556 -94.5735 3.38033 0.0334886
6.99964 -94.6172 3.39173 0.0794937
6.99964 -94.6172 3.39173 0.0794937
6.97389 -94.5757 3.39304 0.0520215
6.89596 -95.0115 3.37774 0.0445834
7.02276 -94.8268 3.38405 0.12793
6.87172 -94.7428 3.38825 0.131959
6.97401 -94.9819 3.37195 0.00464956
6.68257 -94.7242 3.37405 0.0131721
6.71891 -94.9739 3.37575 0.0368862
7.0466 -94.5696 3.38324 0.0426669
6.65013 -94.8075 3.37984 0.0541288
7.02276 -94.8268 3.38405 0.12793
6.86934 -94.5937 3.38451 0.101383
6.87172 -94.7428 3.38825 0.131959
7.01541 -94.7776 3.37817 0.0425241
7.01541 -94.7776 3.37817 0.0425241
6.99964 -94.6172 3.39173 0.0794937
6.7215 -94.963 3.38044 0.0582346
6.65013 -94.8075 3.37984 0.0541288
6.65013 -94.8075 3.37984 0.0541288
6.71188 -94.8934 3.37599 0.0470052
7.02276 -94.8268 3.38405 0.12793
6.86934 -94.5937 3.38451 0.101383
6.86934 -94.5937 3.38451 0.101383
6.67827 -94.763 3.39309 0.00393798
6.94556 -94.5735 3.38033 0.0334886
6.99964 -94.6172 3.39173 0.0794937
6.65013 -94.8075 3.37984 0.0541288
6.71188 -94.8934 3.37599 0.0470052
6.89596 -95.0115 3.37774 0.0445834
7.02276 -94.8268 3.38405 0.12793
7.02276 -94.8268 3.38405 0.12793
6.86934 -94.5937 3.38451 0.101383
6.87172 -94.7428 3.38825 0.131959
6.6751 -94.7359 3.38701 0.0384116
6.71891 -94.9739 3.37575 0.0368862
6.97389 -94.5757 3.39304 0.0520215
6.7215 -94.963 3.38044 0.0582346
6.6441 -94.6189 3.37344 0.0028811
7.02276 -94.8268 3.38405 0.12793
7.02276 -94.8268 3.38405 0.12793
6.87172 -94.7428 3.38825 0.131959
