256.839 -18.3499 3.32261 0.107794
256.89 -18.5548 3.31822 0.0330599
257.031 -18.543 3.33211 0.0592741
256.745 -18.4698 3.32324 0.182465
256.745 -18.4698 3.32324 0.182465
256.839 -18.3499 3.32261 0.107794
257.061 -18.5138 3.32461 0.125707
256.606 -18.6147 3.31952 0.0430553
256.606 -18.6147 3.31952 0.0430553
256.779 -18.5329 3.31811 0.0926664
256.947 -18.5332 3.32151 0.13294
256.759 -18.6312 3.3195 0.0877164
257.061 -18.5138 3.32461 0.125707
256.809 -18.8044 3.32404 0.014317
257.031 -18.543 3.33211 0.0592741
256.745 -18.4698 3.32324 0.182465
256.839 -18.3499 3.32261 0.107794
256.606 -18.6147 3.31952 0.0430553
256.947 -18.5332 3.32151 0.13294
256.745 -18.4698 3.32324 0.182465
256.839 -18.3499 3.32261 0.107794
256.89 -18.5548 3.31822 0.0330599
256.779 -18.5329 3.31811 0.0926664
256.779 -18.5329 3.31811 0.0926664
257.031 -18.543 3.33211 0.0592741
256.759 -18.6312 3.3195 0.0877164
257.061 -18.5138 3.32461 0.125707
257.061 -18.5138 3.32461 0.125707
256.947 -18.5332 3.32151 0.13294
256.745 -18.4698 3.32324 0.182465
256.759 -18.6312 3.3195 0.0877164
256.759 -18.6312 3.3195 0.0877164
256.839 -18.3499 3.32261 0.107794
256.606 -18.6147 3.31952 0.0430553
256.779 -18.5329 3.31811 0.0926664
256.947 -18.5332 3.32151 0.13294
257.031 -18.543 3.33211 0.0592741
257.031 -18.543 3.33211 0.0592741
256.745 -18.4698 3.32324 0.182465
256.745 -18.4698 3.32324 0.182465
256.839 -18.3499 3.32261 0.107794
256.89 -18.5548 3.31822 0.0330599
256.947 -18.5332 3.32151 0.13294
256.745 -18.4698 3.32324 0.182465
256.839 -18.3499 3.32261 0.107794
256.779 -18.5329 3.31811 0.0926664
256.947 -18.5332 3.32151 0.13294
256.947 -18.5332 3.32151 0.13294
256.554 -18.5246 3.32012 0.0314677
256.759 -18.6312 3.3195 0.0877164
257.061 -18.5138 3.32461 0.125707
256.947 -18.5332 3.32151 0.13294
256.745 -18.4698 3.32324 0.182465
256.839 -18.3499 3.32261 0.107794
256.809 -18.8044 3.32404 0.014317
256.779 -18.5329 3.31811 0.0926664
256.745 -18.4698 3.32324 0.182465
256.839 -18.3499 3.32261 0.107794
256.839 -18.3499 3.32261 0.107794
256.606 -18.6147 3.31952 0.0430553
256.606 -18.6147 3.31952 0.0430553
256.947 -18.5332 3.32151 0.13294
256.745 -18.4698 3.32324 0.182465
256.805 -18.079 3.32348 0.000137726
256.606 -18.6147 3.31952 0.0430553
256.947 -18.5332 3.32151 0.13294
256.947 -18.5332 3.32151 0.13294
256.947 -18.5332 3.32151 0.13294
256.839 -18.3007 3.32707 0.0149379
256.759 -18.6312 3.3195 0.0877164
256.839 -18.3499 3.32261 0.107794
256.839 -18.3499 3.32261 0.107794
257.061 -18.5138 3.32461 0.125707
256.947 -18.5332 3.32151 0.13294
256.745 -18.4698 3.32324 0.182465
256.554 -18.5246 3.32012 0.0314677
257.061 -18.5138 3.32461 0.125707
256.606 -18.6147 3.31952 0.0430553
256.947 -18.5332 3.32151 0.13294
256.745 -18.4698 3.32324 0.182465
256.755 -18.4733 3.31587 0.0321138
256.89 -18.5548 3.31822 0.0330599
256.947 -18.5332 3.32151 0.13294
256.745 -18.4698 3.32324 0.182465
256.759 -18.6312 3.3195 0.0877164
256.536 -18.3962 3.32089 0.0115887
256.779 -18.5329 3.31811 0.0926664
256.954 -18.5622 3.33389 0.00681578
256.745 -18.4698 3.32324 0.182465
256.65 -18.431 3.326 0.00853881
256.839 -18.3499 3.32261 0.107794
256.779 -18.5329 3.31811 0.0926664
256.779 -18.5329 3.31811 0.0926664
256.947 -18.5332 3.32151 0.13294
256.947 -18.5332 3.32151 0.13294
256.554 -18.5246 3.32012 0.0314677
256.839 -18.3499 3.32261 0.107794
256.779 -18.5329 3.31811 0.0926664
256.745 -18.4698 3.32324 0.182465
256.745 -18.4698 3.32324 0.182465
