276.693 18.1066 5.32781 0.181906
276.693 18.1066 5.32781 0.181906
276.618 17.9309 5.33323 0.0208474
276.396 18.0891 5.32463 0.00312321
276.861 18.097 5.32334 0.0144727
276.693 18.1066 5.32781 0.181906
276.584 18.0562 5.33452 0.0783406
276.618 17.9309 5.33323 0.0208474
276.567 17.9906 5.33113 0.0587584
276.693 18.1066 5.32781 0.181906
276.636 18.2399 5.34119 0.0273763
276.565 18.1176 5.32127 0.0148611
276.565 18.1176 5.32127 0.0148611
276.618 17.9309 5.33323 0.0208474
276.567 17.9906 5.33113 0.0587584
276.812 18.0726 5.32676 0.0664444
276.666 18.1558 5.33566 0.143995
276.693 18.1066 5.32781 0.181906
276.446 18.1673 5.32703 0.013471
276.563 18.0685 5.33075 0.116692
276.659 18.0954 5.32153 0.0329073
276.666 18.1558 5.33566 0.143995
276.693 18.1066 5.32781 0.181906
276.693 18.1066 5.32781 0.181906
276.897 18.1329 5.33165 0.0215467
276.563 18.0685 5.33075 0.116692
276.743 18.023 5.33345 0.0714465
276.666 18.1558 5.33566 0.143995
276.446 18.1673 5.32703 0.013471
276.563 18.0685 5.33075 0.116692
276.743 18.023 5.33345 0.0714465
276.861 18.097 5.32334 0.0144727
276.861 18.097 5.32334 0.0144727
276.693 18.1066 5.32781 0.181906
276.565 18.1176 5.32127 0.0148611
276.563 18.0685 5.33075 0.116692
276.743 18.023 5.33345 0.0714465
276.567 17.9906 5.33113 0.0587584
276.693 18.1066 5.32781 0.181906
276.584 18.0562 5.33452 0.0783406
276.584 18.0562 5.33452 0.0783406
276.458 18.0287 5.33096 0.0198783
276.743 18.023 5.33345 0.0714465
276.666 18.1558 5.33566 0.143995
276.693 18.1066 5.32781 0.181906
276.693 18.1066 5.32781 0.181906
276.565 18.1176 5.32127 0.0148611
276.908 17.9373 5.3336 0.00171167
276.666 18.1558 5.33566 0.143995
276.666 18.1558 5.33566 0.143995
276.693 18.1066 5.32781 0.181906
276.584 18.0562 5.33452 0.0783406
276.7 18.4293 5.33299 0.00630568
276.563 18.0685 5.33075 0.116692
276.563 18.0685 5.33075 0.116692
276.567 17.9906 5.33113 0.0587584
276.666 18.1558 5.33566 0.143995
276.693 18.1066 5.32781 0.181906
276.565 18.1176 5.32127 0.0148611
276.789 18.1244 5.33924 0.019886
276.563 18.0685 5.33075 0.116692
276.743 18.023 5.33345 0.0714465
276.666 18.1558 5.33566 0.143995
276.666 18.1558 5.33566 0.143995
276.693 18.1066 5.32781 0.181906
276.693 18.1066 5.32781 0.181906
276.575 18.2748 5.32332 0.00562251
276.565 18.1176 5.32127 0.0148611
276.458 18.0287 5.33096 0.0198783
276.812 18.0726 5.32676 0.0664444
276.693 18.1066 5.32781 0.181906
276.636 18.2399 5.34119 0.0273763
276.584 18.0562 5.33452 0.0783406
276.458 18.0287 5.33096 0.0198783
276.861 18.097 5.32334 0.0144727
276.666 18.1558 5.33566 0.143995
276.693 18.1066 5.32781 0.181906
276.897 18.1329 5.33165 0.0215467
276.416 18.2406 5.34346 0.000806073
276.666 18.1558 5.33566 0.143995
276.636 18.2399 5.34119 0.0273763
276.563 18.0685 5.33075 0.116692
276.659 18.0954 5.32153 0.0329073
276.666 18.1558 5.33566 0.143995
276.559 18.088 5.32367 0.0409142
276.584 18.0562 5.33452 0.0783406
276.584 18.0562 5.33452 0.0783406
276.618 17.9309 5.33323 0.0208474
276.743 18.023 5.33345 0.0714465
276.693 18.1066 5.32781 0.181906
276.897 18.1329 5.33165 0.0215467
276.354 18.2594 5.3387 0.000936561
276.812 18.0726 5.32676 0.0664444
276.693 18.1066 5.32781 0.181906
276.636 18.2399 5.34119 0.0273763
276.446 18.1673 5.32703 0.013471
276.563 18.0685 5.33075 0.116692
276.743 18.023 5.33345 0.0714465
276.666 18.1558 5.33566 0.143995
276.666 18.1558 5.33566 0.143995
