-1.00633 2.82699 0.325281 0.0816871
-1.29395 2.57992 0.326858 0.138961
-1.30275 2.6675 0.334139 0.094653
-1.03096 2.6886 0.329098 0.0514417
-1.24533 2.85138 0.328634 0.401076
-1.03096 2.6886 0.329098 0.0514417
-1.30275 2.6675 0.334139 0.094653
-1.46506 2.67998 0.329945 0.0571124
-1.24533 2.85138 0.328634 0.401076
-1.29395 2.57992 0.326858 0.138961
-1.24533 2.85138 0.328634 0.401076
-1.12569 2.7739 0.319731 0.0565526
-1.00633 2.82699 0.325281 0.0816871
-1.24533 2.85138 0.328634 0.401076
-1.29395 2.57992 0.326858 0.138961
-1.12569 2.7739 0.319731 0.0565526
-1.00633 2.82699 0.325281 0.0816871
-1.30275 2.6675 0.334139 0.094653
-1.29395 2.57992 0.326858 0.138961
-1.00633 2.82699 0.325281 0.0816871
-1.00633 2.82699 0.325281 0.0816871
-1.24533 2.85138 0.328634 0.401076
-1.24533 2.85138 0.328634 0.401076
-1.24064 2.8188 0.335132 0.0152245
-1.24533 2.85138 0.328634 0.401076
-1.46506 2.67998 0.329945 0.0571124
-1.30275 2.6675 0.334139 0.094653
-1.49136 2.65904 0.325565 0.00367098
-1.47169 2.54879 0.333481 0.00904041
-1.24533 2.85138 0.328634 0.401076
-1.46506 2.67998 0.329945 0.0571124
-1.46506 2.67998 0.329945 0.0571124
-1.24533 2.85138 0.328634 0.401076
-1.00633 2.82699 0.325281 0.0816871
-1.33451 2.80756 0.32126 0.014249
-1.24533 2.85138 0.328634 0.401076
-1.24533 2.85138 0.328634 0.401076
-1.30275 2.6675 0.334139 0.094653
-1.4666 2.60593 0.328382 0.0178461
-1.29395 2.57992 0.326858 0.138961
-1.24533 2.85138 0.328634 0.401076
-1.24533 2.85138 0.328634 0.401076
-1.30275 2.6675 0.334139 0.094653
-1.29395 2.57992 0.326858 0.138961
-1.24533 2.85138 0.328634 0.401076
-1.00633 2.82699 0.325281 0.0816871
-1.24533 2.85138 0.328634 0.401076
-1.24533 2.85138 0.328634 0.401076
-1.24533 2.85138 0.328634 0.401076
-1.24533 2.85138 0.328634 0.401076
-1.24533 2.85138 0.328634 0.401076
-1.24064 2.8188 0.335132 0.0152245
-1.24533 2.85138 0.328634 0.401076
-1.03096 2.6886 0.329098 0.0514417
-1.24533 2.85138 0.328634 0.401076
-1.24533 2.85138 0.328634 0.401076
-1.00633 2.82699 0.325281 0.0816871
-1.24533 2.85138 0.328634 0.401076
-1.24533 2.85138 0.328634 0.401076
-1.24533 2.85138 0.328634 0.401076
-1.24533 2.85138 0.328634 0.401076
-1.46506 2.67998 0.329945 0.0571124
-1.30275 2.6675 0.334139 0.094653
-1.24533 2.85138 0.328634 0.401076
-1.4666 2.60593 0.328382 0.0178461
-1.24533 2.85138 0.328634 0.401076
-1.29395 2.57992 0.326858 0.138961
-1.20454 2.49232 0.32883 0.0285623
-1.24533 2.85138 0.328634 0.401076
-1.24533 2.85138 0.328634 0.401076
-1.12569 2.7739 0.319731 0.0565526
-1.24533 2.85138 0.328634 0.401076
-1.03096 2.6886 0.329098 0.0514417
-1.30275 2.6675 0.334139 0.094653
-1.46506 2.67998 0.329945 0.0571124
-1.24533 2.85138 0.328634 0.401076
-1.46506 2.67998 0.329945 0.0571124
-1.03096 2.6886 0.329098 0.0514417
-1.30275 2.6675 0.334139 0.094653
-1.24533 2.85138 0.328634 0.401076
-1.4666 2.60593 0.328382 0.0178461
-1.24533 2.85138 0.328634 0.401076
-1.46506 2.67998 0.329945 0.0571124
-1.24533 2.85138 0.328634 0.401076
-1.12569 2.7739 0.319731 0.0565526
-1.12569 2.7739 0.319731 0.0565526
-1.24064 2.8188 0.335132 0.0152245
-1.24533 2.85138 0.328634 0.401076
-1.03096 2.6886 0.329098 0.0514417
-1.03096 2.6886 0.329098 0.0514417
-1.30275 2.6675 0.334139 0.094653
-1.12569 2.7739 0.319731 0.0565526
-1.24533 2.85138 0.328634 0.401076
-1.29395 2.57992 0.326858 0.138961
-1.03096 2.6886 0.329098 0.0514417
-1.24533 2.85138 0.328634 0.401076
-1.24533 2.85138 0.328634 0.401076
-1.4666 2.60593 0.328382 0.0178461
-1.00633 2.82699 0.325281 0.0816871
-1.40117 3.01849 0.326475 0.00182574
