70.7929 -41.7599 3.80631 0.0256404
71.0408 -41.6366 3.7965 0.0109531
70.797 -41.7707 3.80485 0.0595282
70.8749 -41.8772 3.79692 0.145378
70.8499 -41.7921 3.80061 0.27158
70.8499 -41.7921 3.80061 0.27158
70.9326 -41.7158 3.79832 0.214086
70.8749 -41.8772 3.79692 0.145378
70.8749 -41.8772 3.79692 0.145378
70.797 -41.7707 3.80485 0.0595282
70.9326 -41.7158 3.79832 0.214086
70.9326 -41.7158 3.79832 0.214086
70.9144 -41.7685 3.80579 0.0252509
70.8749 -41.8772 3.79692 0.145378
70.797 -41.7707 3.80485 0.0595282
70.9326 -41.7158 3.79832 0.214086
70.8749 -41.8772 3.79692 0.145378
70.8499 -41.7921 3.80061 0.27158
70.9326 -41.7158 3.79832 0.214086
70.9326 -41.7158 3.79832 0.214086
70.9326 -41.7158 3.79832 0.214086
70.6073 -41.9615 3.79281 0.00319542
71.0039 -41.777 3.79481 0.0317672
70.8749 -41.8772 3.79692 0.145378
70.9207 -41.965 3.7964 0.0271042
70.8499 -41.7921 3.80061 0.27158
70.7985 -41.8099 3.79081 0.0186236
70.7931 -41.652 3.79371 0.0275808
70.8499 -41.7921 3.80061 0.27158
70.797 -41.7707 3.80485 0.0595282
71.0039 -41.777 3.79481 0.0317672
70.9207 -41.965 3.7964 0.0271042
70.8499 -41.7921 3.80061 0.27158
70.9326 -41.7158 3.79832 0.214086
70.8445 -41.7303 3.79361 0.0694312
70.8749 -41.8772 3.79692 0.145378
70.7985 -41.8099 3.79081 0.0186236
70.9326 -41.7158 3.79832 0.214086
70.7931 -41.652 3.79371 0.0275808
70.8499 -41.7921 3.80061 0.27158
70.8499 -41.7921 3.80061 0.27158
70.8499 -41.7921 3.80061 0.27158
70.9326 -41.7158 3.79832 0.214086
71.0039 -41.777 3.79481 0.0317672
70.9144 -41.7685 3.80579 0.0252509
70.8749 -41.8772 3.79692 0.145378
70.9379 -41.9545 3.79217 0.0129255
70.9326 -41.7158 3.79832 0.214086
70.9207 -41.965 3.7964 0.0271042
70.9326 -41.7158 3.79832 0.214086
70.9326 -41.7158 3.79832 0.214086
70.7929 -41.7599 3.80631 0.0256404
70.8499 -41.7921 3.80061 0.27158
71.0408 -41.6366 3.7965 0.0109531
70.8749 -41.8772 3.79692 0.145378
70.8499 -41.7921 3.80061 0.27158
70.8499 -41.7921 3.80061 0.27158
70.9326 -41.7158 3.79832 0.214086
70.8499 -41.7921 3.80061 0.27158
70.9326 -41.7158 3.79832 0.214086
70.9144 -41.7685 3.80579 0.0252509
70.8499 -41.7921 3.80061 0.27158
70.9326 -41.7158 3.79832 0.214086
70.8445 -41.7303 3.79361 0.0694312
70.8499 -41.7921 3.80061 0.27158
70.8499 -41.7921 3.80061 0.27158
71.0039 -41.777 3.79481 0.0317672
70.8499 -41.7921 3.80061 0.27158
70.797 -41.7707 3.80485 0.0595282
70.9326 -41.7158 3.79832 0.214086
70.8749 -41.8772 3.79692 0.145378
70.7985 -41.8099 3.79081 0.0186236
70.9326 -41.7158 3.79832 0.214086
70.8749 -41.8772 3.79692 0.145378
70.9207 -41.965 3.7964 0.0271042
70.797 -41.7707 3.80485 0.0595282
71.0039 -41.777 3.79481 0.0317672
70.8499 -41.7921 3.80061 0.27158
70.9326 -41.7158 3.79832 0.214086
70.9326 -41.7158 3.79832 0.214086
70.8445 -41.7303 3.79361 0.0694312
70.8499 -41.7921 3.80061 0.27158
70.9326 -41.7158 3.79832 0.214086
70.9326 -41.7158 3.79832 0.214086
70.9326 -41.7158 3.79832 0.214086
70.6073 -41.9615 3.79281 0.00319542
70.9144 -41.7685 3.80579 0.0252509
70.8749 -41.8772 3.79692 0.145378
70.9379 -41.9545 3.79217 0.0129255
70.8749 -41.8772 3.79692 0.145378
70.7929 -41.7599 3.80631 0.0256404
70.8499 -41.7921 3.80061 0.27158
70.9326 -41.7158 3.79832 0.214086
70.8499 -41.7921 3.80061 0.27158
70.8499 -41.7921 3.80061 0.27158
70.9326 -41.7158 3.79832 0.214086
71.0039 -41.777 3.79481 0.0317672
70.8169 -41.5215 3.7958 0.00798936
70.8499 -41.7921 3.80061 0.27158
70.9326 -41.7158 3.79832 0.214086
