6.89157 -95.3354 3.3761 0.125352
6.91469 -95.4826 3.37711 0.0483605
7.02186 -95.4852 3.36963 0.0584059
7.02186 -95.4852 3.36963 0.0584059
7.22408 -95.0277 3.38143 0.0805249
6.97786 -95.1734 3.37158 0.0834587
6.86851 -95.2659 3.37324 0.111662
6.89157 -95.3354 3.3761 0.125352
6.91469 -95.4826 3.37711 0.0483605
6.93195 -95.4509 3.37927 0.0448077
7.02186 -95.4852 3.36963 0.0584059
7.02186 -95.4852 3.36963 0.0584059
6.87149 -95.1828 3.37932 0.0792107
7.22408 -95.0277 3.38143 0.0805249
6.86851 -95.2659 3.37324 0.111662
6.89157 -95.3354 3.3761 0.125352
6.91469 -95.4826 3.37711 0.0483605
6.93195 -95.4509 3.37927 0.0448077
6.85083 -95.3789 3.37693 0.0673576
6.97786 -95.1734 3.37158 0.0834587
6.88343 -95.3515 3.37458 0.122296
6.88343 -95.3515 3.37458 0.122296
6.91469 -95.4826 3.37711 0.0483605
7.02186 -95.4852 3.36963 0.0584059
7.02186 -95.4852 3.36963 0.0584059
6.85625 -95.6044 3.36224 0.00323827
7.22408 -95.0277 3.38143 0.0805249
6.86851 -95.2659 3.37324 0.111662
6.86851 -95.2659 3.37324 0.111662
6.89157 -95.3354 3.3761 0.125352
6.89157 -95.3354 3.3761 0.125352
6.91469 -95.4826 3.37711 0.0483605
7.02186 -95.4852 3.36963 0.0584059
6.87149 -95.1828 3.37932 0.0792107
6.87149 -95.1828 3.37932 0.0792107
6.97786 -95.1734 3.37158 0.0834587
6.66759 -95.3051 3.3719 0.0129796
6.88343 -95.3515 3.37458 0.122296
6.88343 -95.3515 3.37458 0.122296
6.88343 -95.3515 3.37458 0.122296
6.89157 -95.3354 3.3761 0.125352
6.70171 -95.3421 3.37254 0.0207994
6.87149 -95.1828 3.37932 0.0792107
6.87149 -95.1828 3.37932 0.0792107
6.78311 -95.3686 3.37977 0.0160655
6.88343 -95.3515 3.37458 0.122296
6.88343 -95.3515 3.37458 0.122296
6.89157 -95.3354 3.3761 0.125352
6.99629 -95.2167 3.36821 0.0346939
7.02186 -95.4852 3.36963 0.0584059
6.85083 -95.3789 3.37693 0.0673576
6.97786 -95.1734 3.37158 0.0834587
6.78311 -95.3686 3.37977 0.0160655
6.86851 -95.2659 3.37324 0.111662
6.94412 -95.4701 3.36568 0.0230333
6.89157 -95.3354 3.3761 0.125352
6.70171 -95.3421 3.37254 0.0207994
6.85083 -95.3789 3.37693 0.0673576
6.87149 -95.1828 3.37932 0.0792107
6.87149 -95.1828 3.37932 0.0792107
6.97786 -95.1734 3.37158 0.0834587
6.88343 -95.3515 3.37458 0.122296
6.88343 -95.3515 3.37458 0.122296
6.88343 -95.3515 3.37458 0.122296
6.88343 -95.3515 3.37458 0.122296
6.88343 -95.3515 3.37458 0.122296
6.89157 -95.3354 3.3761 0.125352
6.89157 -95.3354 3.3761 0.125352
6.89157 -95.3354 3.3761 0.125352
7.02186 -95.4852 3.36963 0.0584059
6.85083 -95.3789 3.37693 0.0673576
6.87149 -95.1828 3.37932 0.0792107
6.66759 -95.3051 3.3719 0.0129796
6.86851 -95.2659 3.37324 0.111662
6.88343 -95.3515 3.37458 0.122296
6.88343 -95.3515 3.37458 0.122296
7.30124 -94.8851 3.38994 0.00737215
7.48735 -95.3409 3.37877 0.0051168
6.85083 -95.3789 3.37693 0.0673576
6.85083 -95.3789 3.37693 0.0673576
6.97786 -95.1734 3.37158 0.0834587
6.88343 -95.3515 3.37458 0.122296
6.89157 -95.3354 3.3761 0.125352
6.71401 -95.0702 3.37681 0.00798308
6.93195 -95.4509 3.37927 0.0448077
6.85083 -95.3789 3.37693 0.0673576
6.87149 -95.1828 3.37932 0.0792107
7.22408 -95.0277 3.38143 0.0805249
7.22408 -95.0277 3.38143 0.0805249
7.22408 -95.0277 3.38143 0.0805249
6.86851 -95.2659 3.37324 0.111662
6.89157 -95.3354 3.3761 0.125352
6.89157 -95.3354 3.3761 0.125352
6.89157 -95.3354 3.3761 0.125352
6.89157 -95.3354 3.3761 0.125352
6.93195 -95.4509 3.37927 0.0448077
6.85083 -95.3789 3.37693 0.0673576
7.22408 -95.0277 3.38143 0.0805249
6.86851 -95.2659 3.37324 0.111662
6.88343 -95.3515 3.37458 0.122296
