-39.1696 -55.5384 1.62951 0.106436
-39.3412 -55.6498 1.62558 0.227523
-39.3119 -55.5282 1.62918 0.126446
-39.3119 -55.5282 1.62918 0.126446
-39.1142 -55.6711 1.63018 0.0938741
-39.1696 -55.5384 1.62951 0.106436
-39.3412 -55.6498 1.62558 0.227523
-39.3412 -55.6498 1.62558 0.227523
-39.317 -55.6533 1.6307 0.133401
-39.1142 -55.6711 1.63018 0.0938741
-39.1696 -55.5384 1.62951 0.106436
-39.5139 -55.5955 1.62482 0.0460574
-39.3412 -55.6498 1.62558 0.227523
-39.3412 -55.6498 1.62558 0.227523
-39.3119 -55.5282 1.62918 0.126446
-39.1142 -55.6711 1.63018 0.0938741
-39.3412 -55.6498 1.62558 0.227523
-39.3412 -55.6498 1.62558 0.227523
-39.3412 -55.6498 1.62558 0.227523
-39.3226 -55.8771 1.62822 0.0330811
-39.0038 -55.5515 1.62496 0.016052
-39.3412 -55.6498 1.62558 0.227523
-39.3412 -55.6498 1.62558 0.227523
-39.3412 -55.6498 1.62558 0.227523
-39.3912 -55.3836 1.62708 0.0253185
-39.3912 -55.3836 1.62708 0.0253185
-39.1142 -55.6711 1.63018 0.0938741
-39.1696 -55.5384 1.62951 0.106436
-39.3412 -55.6498 1.62558 0.227523
-39.3412 -55.6498 1.62558 0.227523
-39.317 -55.6533 1.6307 0.133401
-39.1142 -55.6711 1.63018 0.0938741
-39.1717 -55.7188 1.62501 0.104157
-39.3119 -55.5282 1.62918 0.126446
-39.317 -55.6533 1.6307 0.133401
-39.5139 -55.5955 1.62482 0.0460574
-39.1717 -55.7188 1.62501 0.104157
-39.3119 -55.5282 1.62918 0.126446
-39.1142 -55.6711 1.63018 0.0938741
-39.1696 -55.5384 1.62951 0.106436
-39.3412 -55.6498 1.62558 0.227523
-39.0018 -55.9912 1.63243 0.000551547
-39.4993 -55.724 1.63401 0.00345751
-39.3119 -55.5282 1.62918 0.126446
-39.1142 -55.6711 1.63018 0.0938741
-39.6472 -55.5287 1.62757 0.00168019
-39.3119 -55.5282 1.62918 0.126446
-39.3119 -55.5282 1.62918 0.126446
-39.3119 -55.5282 1.62918 0.126446
-39.317 -55.6533 1.6307 0.133401
-39.1717 -55.7188 1.62501 0.104157
-39.3412 -55.6498 1.62558 0.227523
-39.3119 -55.5282 1.62918 0.126446
-39.0038 -55.5515 1.62496 0.016052
-39.3412 -55.6498 1.62558 0.227523
-39.3412 -55.6498 1.62558 0.227523
-39.1142 -55.6711 1.63018 0.0938741
-39.1696 -55.5384 1.62951 0.106436
-39.3119 -55.5282 1.62918 0.126446
-39.1142 -55.6711 1.63018 0.0938741
-39.0038 -55.5515 1.62496 0.016052
-39.5139 -55.5955 1.62482 0.0460574
-39.1717 -55.7188 1.62501 0.104157
-39.1717 -55.7188 1.62501 0.104157
-39.3119 -55.5282 1.62918 0.126446
-39.1696 -55.5384 1.62951 0.106436
-39.1717 -55.7188 1.62501 0.104157
-39.3412 -55.6498 1.62558 0.227523
-39.3119 -55.5282 1.62918 0.126446
-39.3912 -55.3836 1.62708 0.0253185
-39.1142 -55.6711 1.63018 0.0938741
-39.5139 -55.5955 1.62482 0.0460574
-39.3412 -55.6498 1.62558 0.227523
-39.0876 -55.6131 1.63604 0.00525917
-39.3119 -55.5282 1.62918 0.126446
-39.3912 -55.3836 1.62708 0.0253185
-39.1142 -55.6711 1.63018 0.0938741
-39.1696 -55.5384 1.62951 0.106436
-39.3412 -55.6498 1.62558 0.227523
-39.3412 -55.6498 1.62558 0.227523
-39.3119 -55.5282 1.62918 0.126446
-39.317 -55.6533 1.6307 0.133401
-39.317 -55.6533 1.6307 0.133401
-39.1142 -55.6711 1.63018 0.0938741
-39.1706 -55.553 1.61943 0.0219391
-39.3412 -55.6498 1.62558 0.227523
-39.3412 -55.6498 1.62558 0.227523
-39.3119 -55.5282 1.62918 0.126446
-39.1142 -55.6711 1.63018 0.0938741
-39.1717 -55.7188 1.62501 0.104157
-39.3119 -55.5282 1.62918 0.126446
-39.1142 -55.6711 1.63018 0.0938741
-39.507 -55.7493 1.62143 0.00988588
-39.3412 -55.6498 1.62558 0.227523
-39.317 -55.6533 1.6307 0.133401
-39.2642 -55.7752 1.61859 0.00382248
-39.1717 -55.7188 1.62501 0.104157
-39.3119 -55.5282 1.62918 0.126446
-39.1696 -55.5384 1.62951 0.106436
-39.3412 -55.6498 1.62558 0.227523
