200.677 -10.4568 3.08988 0.138557
200.677 -10.4568 3.08988 0.138557
200.451 -10.5496 3.08824 0.229421
200.778 -10.4347 3.09551 0.120285
200.677 -10.4568 3.08988 0.138557
200.451 -10.5496 3.08824 0.229421
200.33 -10.7379 3.084 0.0604899
200.578 -10.5791 3.09575 0.082965
200.677 -10.4568 3.08988 0.138557
200.451 -10.5496 3.08824 0.229421
200.451 -10.5496 3.08824 0.229421
200.778 -10.4347 3.09551 0.120285
200.487 -10.5372 3.08564 0.162773
200.487 -10.5372 3.08564 0.162773
200.487 -10.5372 3.08564 0.162773
200.677 -10.4568 3.08988 0.138557
200.498 -10.6856 3.09308 0.0567333
200.498 -10.6856 3.09308 0.0567333
200.135 -10.655 3.08365 0.00789345
200.451 -10.5496 3.08824 0.229421
200.33 -10.7379 3.084 0.0604899
200.578 -10.5791 3.09575 0.082965
200.677 -10.4568 3.08988 0.138557
200.808 -10.3655 3.10092 0.0270087
200.487 -10.5372 3.08564 0.162773
200.756 -10.7138 3.0954 0.0291067
200.919 -10.5469 3.09106 0.00744183
200.498 -10.6856 3.09308 0.0567333
200.778 -10.4347 3.09551 0.120285
200.675 -10.428 3.08235 0.0011888
200.451 -10.5496 3.08824 0.229421
200.808 -10.3655 3.10092 0.0270087
200.405 -10.4205 3.09481 0.0159056
200.487 -10.5372 3.08564 0.162773
200.451 -10.5496 3.08824 0.229421
200.498 -10.6856 3.09308 0.0567333
200.756 -10.7138 3.0954 0.0291067
200.677 -10.4568 3.08988 0.138557
200.451 -10.5496 3.08824 0.229421
200.451 -10.5496 3.08824 0.229421
200.451 -10.5496 3.08824 0.229421
200.498 -10.6856 3.09308 0.0567333
200.778 -10.4347 3.09551 0.120285
200.778 -10.4347 3.09551 0.120285
200.756 -10.7138 3.0954 0.0291067
200.33 -10.7379 3.084 0.0604899
200.33 -10.7379 3.084 0.0604899
200.578 -10.5791 3.09575 0.082965
200.756 -10.7138 3.0954 0.0291067
200.451 -10.5496 3.08824 0.229421
200.778 -10.4347 3.09551 0.120285
200.677 -10.4568 3.08988 0.138557
200.451 -10.5496 3.08824 0.229421
200.778 -10.4347 3.09551 0.120285
200.487 -10.5372 3.08564 0.162773
200.487 -10.5372 3.08564 0.162773
200.451 -10.5496 3.08824 0.229421
200.451 -10.5496 3.08824 0.229421
200.778 -10.4347 3.09551 0.120285
200.778 -10.4347 3.09551 0.120285
200.451 -10.5496 3.08824 0.229421
200.395 -10.3988 3.09667 0.00387989
200.778 -10.4347 3.09551 0.120285
200.451 -10.5496 3.08824 0.229421
200.451 -10.5496 3.08824 0.229421
200.778 -10.4347 3.09551 0.120285
200.677 -10.4568 3.08988 0.138557
200.677 -10.4568 3.08988 0.138557
200.808 -10.3655 3.10092 0.0270087
200.487 -10.5372 3.08564 0.162773
200.451 -10.5496 3.08824 0.229421
200.498 -10.6856 3.09308 0.0567333
200.487 -10.5372 3.08564 0.162773
200.677 -10.4568 3.08988 0.138557
200.451 -10.5496 3.08824 0.229421
200.33 -10.7379 3.084 0.0604899
200.778 -10.4347 3.09551 0.120285
200.677 -10.4568 3.08988 0.138557
200.33 -10.7379 3.084 0.0604899
200.778 -10.4347 3.09551 0.120285
200.487 -10.5372 3.08564 0.162773
200.677 -10.4568 3.08988 0.138557
200.33 -10.7379 3.084 0.0604899
200.808 -10.3655 3.10092 0.0270087
200.778 -10.4347 3.09551 0.120285
200.677 -10.4568 3.08988 0.138557
200.677 -10.4568 3.08988 0.138557
200.451 -10.5496 3.08824 0.229421
200.808 -10.3655 3.10092 0.0270087
200.778 -10.4347 3.09551 0.120285
200.487 -10.5372 3.08564 0.162773
200.16 -10.8128 3.08089 0.00570673
200.33 -10.7379 3.084 0.0604899
200.578 -10.5791 3.09575 0.082965
200.756 -10.7138 3.0954 0.0291067
200.451 -10.5496 3.08824 0.229421
200.498 -10.6856 3.09308 0.0567333
200.487 -10.5372 3.08564 0.162773
200.451 -10.5496 3.08824 0.229421
200.451 -10.5496 3.08824 0.229421
