160.538 22.4475 0.0752895 0.643549
160.538 22.4475 0.0752895 0.643549
160.538 22.4475 0.0752895 0.643549
160.538 22.4475 0.0752895 0.643549
160.538 22.4475 0.0752895 0.643549
160.236 22.3177 0.0768647 0.10737
160.538 22.4475 0.0752895 0.643549
160.538 22.4475 0.0752895 0.643549
160.538 22.4475 0.0752895 0.643549
160.236 22.3177 0.0768647 0.10737
160.538 22.4475 0.0752895 0.643549
160.538 22.4475 0.0752895 0.643549
160.538 22.4475 0.0752895 0.643549
160.538 22.4475 0.0752895 0.643549
160.598 22.1643 0.0782812 0.109942
160.538 22.4475 0.0752895 0.643549
160.538 22.4475 0.0752895 0.643549
160.194 22.4313 0.0734095 0.0180796
160.538 22.4475 0.0752895 0.643549
160.538 22.4475 0.0752895 0.643549
160.538 22.4475 0.0752895 0.643549
160.538 22.4475 0.0752895 0.643549
160.538 22.4475 0.0752895 0.643549
160.482 22.2758 0.083162 0.0247458
160.538 22.4475 0.0752895 0.643549
160.236 22.3177 0.0768647 0.10737
160.167 22.1653 0.0740178 0.0047212
160.538 22.4475 0.0752895 0.643549
160.538 22.4475 0.0752895 0.643549
160.482 22.2758 0.083162 0.0247458
160.538 22.4475 0.0752895 0.643549
160.538 22.4475 0.0752895 0.643549
160.538 22.4475 0.0752895 0.643549
160.538 22.4475 0.0752895 0.643549
160.538 22.4475 0.0752895 0.643549
160.538 22.4475 0.0752895 0.643549
160.538 22.4475 0.0752895 0.643549
160.236 22.3177 0.0768647 0.10737
160.538 22.4475 0.0752895 0.643549
160.538 22.4475 0.0752895 0.643549
160.598 22.1643 0.0782812 0.109942
160.538 22.4475 0.0752895 0.643549
160.538 22.4475 0.0752895 0.643549
160.538 22.4475 0.0752895 0.643549
160.538 22.4475 0.0752895 0.643549
160.194 22.4313 0.0734095 0.0180796
160.538 22.4475 0.0752895 0.643549
160.236 22.3177 0.0768647 0.10737
160.538 22.4475 0.0752895 0.643549
160.87 22.4016 0.0688944 0.00534235
160.236 22.3177 0.0768647 0.10737
160.511 22.2438 0.0833228 0.0162064
160.538 22.4475 0.0752895 0.643549
160.236 22.3177 0.0768647 0.10737
160.538 22.4475 0.0752895 0.643549
160.538 22.4475 0.0752895 0.643549
160.236 22.3177 0.0768647 0.10737
160.538 22.4475 0.0752895 0.643549
160.598 22.1643 0.0782812 0.109942
160.538 22.4475 0.0752895 0.643549
160.538 22.4475 0.0752895 0.643549
160.538 22.4475 0.0752895 0.643549
160.167 22.1653 0.0740178 0.0047212
160.538 22.4475 0.0752895 0.643549
160.236 22.3177 0.0768647 0.10737
160.236 22.3177 0.0768647 0.10737
160.538 22.4475 0.0752895 0.643549
160.538 22.4475 0.0752895 0.643549
160.167 22.1653 0.0740178 0.0047212
160.538 22.4475 0.0752895 0.643549
160.538 22.4475 0.0752895 0.643549
160.538 22.4475 0.0752895 0.643549
160.598 22.1643 0.0782812 0.109942
160.538 22.4475 0.0752895 0.643549
160.236 22.3177 0.0768647 0.10737
160.538 22.4475 0.0752895 0.643549
160.538 22.4475 0.0752895 0.643549
160.538 22.4475 0.0752895 0.643549
160.279 22.4518 0.0799267 0.0337809
160.538 22.4475 0.0752895 0.643549
160.538 22.4475 0.0752895 0.643549
160.236 22.3177 0.0768647 0.10737
160.279 22.4518 0.0799267 0.0337809
160.87 22.4016 0.0688944 0.00534235
160.598 22.1643 0.0782812 0.109942
160.538 22.4475 0.0752895 0.643549
160.538 22.4475 0.0752895 0.643549
160.538 22.4475 0.0752895 0.643549
160.236 22.3177 0.0768647 0.10737
160.482 22.2758 0.083162 0.0247458
160.538 22.4475 0.0752895 0.643549
160.511 22.2438 0.0833228 0.0162064
160.538 22.4475 0.0752895 0.643549
160.303 22.0965 0.0825159 0.00824768
160.538 22.4475 0.0752895 0.643549
160.538 22.4475 0.0752895 0.643549
160.538 22.4475 0.0752895 0.643549
160.538 22.4475 0.0752895 0.643549
160.538 22.4475 0.0752895 0.643549
160.538 22.4475 0.0752895 0.643549
