153.547 21.1951 0.0883261 0.303914
153.611 21.2486 0.0851603 0.209713
153.547 21.1951 0.0883261 0.303914
153.547 21.1951 0.0883261 0.303914
153.574 21.5046 0.0876493 0.00296032
153.611 21.2486 0.0851603 0.209713
153.293 21.1071 0.0814792 0.00915701
153.547 21.1951 0.0883261 0.303914
153.547 21.1951 0.0883261 0.303914
153.547 21.1951 0.0883261 0.303914
153.611 21.2486 0.0851603 0.209713
153.408 21.1671 0.0901688 0.283216
153.547 21.1951 0.0883261 0.303914
153.547 21.1951 0.0883261 0.303914
153.547 21.1951 0.0883261 0.303914
153.547 21.1951 0.0883261 0.303914
153.408 21.1671 0.0901688 0.283216
153.408 21.1671 0.0901688 0.283216
153.547 21.1951 0.0883261 0.303914
153.547 21.1951 0.0883261 0.303914
153.611 21.2486 0.0851603 0.209713
153.611 21.2486 0.0851603 0.209713
153.408 21.1671 0.0901688 0.283216
153.547 21.1951 0.0883261 0.303914
153.611 21.2486 0.0851603 0.209713
153.408 21.1671 0.0901688 0.283216
153.547 21.1951 0.0883261 0.303914
153.547 21.1951 0.0883261 0.303914
153.611 21.2486 0.0851603 0.209713
153.408 21.1671 0.0901688 0.283216
153.547 21.1951 0.0883261 0.303914
153.269 21.3854 0.0801789 0.00121607
153.611 21.2486 0.0851603 0.209713
153.408 21.1671 0.0901688 0.283216
153.547 21.1951 0.0883261 0.303914
153.611 21.2486 0.0851603 0.209713
153.408 21.1671 0.0901688 0.283216
153.547 21.1951 0.0883261 0.303914
153.547 21.1951 0.0883261 0.303914
153.657 21.2959 0.0843982 0.0987459
153.746 21.1158 0.0804468 0.0195
153.611 21.2486 0.0851603 0.209713
153.408 21.1671 0.0901688 0.283216
153.408 21.1671 0.0901688 0.283216
153.547 21.1951 0.0883261 0.303914
153.547 21.1951 0.0883261 0.303914
153.611 21.2486 0.0851603 0.209713
153.657 21.2959 0.0843982 0.0987459
153.547 21.1951 0.0883261 0.303914
153.611 21.2486 0.0851603 0.209713
153.408 21.1671 0.0901688 0.283216
153.611 21.2486 0.0851603 0.209713
153.293 21.1071 0.0814792 0.00915701
153.547 21.1951 0.0883261 0.303914
153.408 21.1671 0.0901688 0.283216
153.547 21.1951 0.0883261 0.303914
153.657 21.2959 0.0843982 0.0987459
153.547 21.1951 0.0883261 0.303914
153.657 21.2959 0.0843982 0.0987459
153.408 21.1671 0.0901688 0.283216
153.408 21.1671 0.0901688 0.283216
153.408 21.1671 0.0901688 0.283216
153.547 21.1951 0.0883261 0.303914
153.547 21.1951 0.0883261 0.303914
153.547 21.1951 0.0883261 0.303914
153.408 21.1671 0.0901688 0.283216
153.746 21.1158 0.0804468 0.0195
153.611 21.2486 0.0851603 0.209713
153.17 21.1883 0.0940166 0.00805014
153.393 21.0052 0.0810818 0.0105427
153.611 21.2486 0.0851603 0.209713
153.293 21.1071 0.0814792 0.00915701
153.611 21.2486 0.0851603 0.209713
153.293 21.1071 0.0814792 0.00915701
153.611 21.2486 0.0851603 0.209713
153.657 21.2959 0.0843982 0.0987459
153.408 21.1671 0.0901688 0.283216
153.408 21.1671 0.0901688 0.283216
153.547 21.1951 0.0883261 0.303914
153.547 21.1951 0.0883261 0.303914
153.611 21.2486 0.0851603 0.209713
153.17 21.1883 0.0940166 0.00805014
153.547 21.1951 0.0883261 0.303914
153.657 21.2959 0.0843982 0.0987459
153.547 21.1951 0.0883261 0.303914
153.547 21.1951 0.0883261 0.303914
153.611 21.2486 0.0851603 0.209713
153.408 21.1671 0.0901688 0.283216
153.408 21.1671 0.0901688 0.283216
153.547 21.1951 0.0883261 0.303914
153.611 21.2486 0.0851603 0.209713
153.408 21.1671 0.0901688 0.283216
153.547 21.1951 0.0883261 0.303914
153.611 21.2486 0.0851603 0.209713
153.408 21.1671 0.0901688 0.283216
153.547 21.1951 0.0883261 0.303914
153.408 21.1671 0.0901688 0.283216
153.408 21.1671 0.0901688 0.283216
153.547 21.1951 0.0883261 0.303914
153.408 21.1671 0.0901688 0.283216
