167.21 -11.0058 3.24415 0.195732
167.038 -10.6489 3.2424 0.0097381
167.092 -11.2296 3.24212 0.0128531
167.082 -10.9001 3.24017 0.116899
166.954 -10.7737 3.24266 0.078528
167.21 -11.0058 3.24415 0.195732
167.21 -11.0058 3.24415 0.195732
167.196 -11.1569 3.24978 0.135366
166.995 -11.2855 3.24217 0.00378423
167.046 -10.9643 3.25237 0.0560296
166.997 -11.1333 3.2396 0.0257666
167.21 -11.0058 3.24415 0.195732
166.794 -10.8827 3.24158 0.0308492
167.196 -11.1569 3.24978 0.135366
167.121 -11.059 3.25307 0.0812067
166.954 -10.7737 3.24266 0.078528
166.954 -10.7737 3.24266 0.078528
167.21 -11.0058 3.24415 0.195732
167.21 -11.0058 3.24415 0.195732
167.329 -10.8605 3.24912 0.0537284
167.121 -11.059 3.25307 0.0812067
166.81 -10.7667 3.23289 0.000645973
167.046 -10.9643 3.25237 0.0560296
167.21 -11.0058 3.24415 0.195732
167.327 -10.7618 3.25371 0.00330253
167.329 -10.8605 3.24912 0.0537284
167.121 -11.059 3.25307 0.0812067
166.954 -10.7737 3.24266 0.078528
166.997 -11.1333 3.2396 0.0257666
167.21 -11.0058 3.24415 0.195732
167.092 -11.2296 3.24212 0.0128531
167.121 -11.059 3.25307 0.0812067
167.082 -10.9001 3.24017 0.116899
166.954 -10.7737 3.24266 0.078528
167.21 -11.0058 3.24415 0.195732
167.038 -10.6489 3.2424 0.0097381
167.196 -11.1569 3.24978 0.135366
167.082 -10.9001 3.24017 0.116899
166.997 -11.1333 3.2396 0.0257666
167.21 -11.0058 3.24415 0.195732
167.092 -11.2296 3.24212 0.0128531
167.082 -10.9001 3.24017 0.116899
166.954 -10.7737 3.24266 0.078528
167.329 -10.8605 3.24912 0.0537284
167.196 -11.1569 3.24978 0.135366
166.852 -10.9235 3.24455 0.0747257
166.852 -10.9235 3.24455 0.0747257
166.842 -10.858 3.2482 0.00979974
167.21 -11.0058 3.24415 0.195732
167.196 -11.1569 3.24978 0.135366
167.121 -11.059 3.25307 0.0812067
167.121 -11.059 3.25307 0.0812067
167.082 -10.9001 3.24017 0.116899
167.21 -11.0058 3.24415 0.195732
167.329 -10.8605 3.24912 0.0537284
166.747 -11.1033 3.24613 0.00264927
167.082 -10.9001 3.24017 0.116899
166.954 -10.7737 3.24266 0.078528
167.21 -11.0058 3.24415 0.195732
167.038 -10.6489 3.2424 0.0097381
167.196 -11.1569 3.24978 0.135366
167.082 -10.9001 3.24017 0.116899
167.082 -10.9001 3.24017 0.116899
166.954 -10.7737 3.24266 0.078528
167.21 -11.0058 3.24415 0.195732
167.21 -11.0058 3.24415 0.195732
167.038 -10.6489 3.2424 0.0097381
166.852 -10.9235 3.24455 0.0747257
167.327 -11.1025 3.2549 0.027464
167.329 -10.8605 3.24912 0.0537284
167.013 -11.0346 3.25409 0.0117761
167.196 -11.1569 3.24978 0.135366
166.804 -11.0773 3.24645 0.0125305
167.082 -10.9001 3.24017 0.116899
167.21 -11.0058 3.24415 0.195732
167.21 -11.0058 3.24415 0.195732
167.329 -10.8605 3.24912 0.0537284
167.196 -11.1569 3.24978 0.135366
167.082 -10.9001 3.24017 0.116899
167.327 -11.1025 3.2549 0.027464
166.997 -11.1333 3.2396 0.0257666
167.21 -11.0058 3.24415 0.195732
167.196 -11.1569 3.24978 0.135366
167.121 -11.059 3.25307 0.0812067
166.885 -11.0868 3.25115 0.00703438
166.954 -10.7737 3.24266 0.078528
166.954 -10.7737 3.24266 0.078528
167.329 -10.8605 3.24912 0.0537284
167.196 -11.1569 3.24978 0.135366
167.121 -11.059 3.25307 0.0812067
166.852 -10.9235 3.24455 0.0747257
167.327 -11.1025 3.2549 0.027464
167.21 -11.0058 3.24415 0.195732
167.21 -11.0058 3.24415 0.195732
166.794 -10.8827 3.24158 0.0308492
167.196 -11.1569 3.24978 0.135366
167.121 -11.059 3.25307 0.0812067
166.852 -10.9235 3.24455 0.0747257
166.954 -10.7737 3.24266 0.078528
167.329 -10.8605 3.24912 0.0537284
