261.772 -17.015 3.57225 0.00470741
261.668 -16.899 3.56466 0.221614
261.749 -16.8453 3.56462 0.233516
261.976 -16.9309 3.57017 0.0174656
261.689 -16.8396 3.56783 0.229433
261.668 -16.899 3.56466 0.221614
261.668 -16.899 3.56466 0.221614
261.749 -16.8453 3.56462 0.233516
261.894 -16.7003 3.56982 0.0805838
261.689 -16.8396 3.56783 0.229433
261.668 -16.899 3.56466 0.221614
261.749 -16.8453 3.56462 0.233516
261.894 -16.7003 3.56982 0.0805838
261.668 -16.899 3.56466 0.221614
261.668 -16.899 3.56466 0.221614
261.668 -16.899 3.56466 0.221614
261.749 -16.8453 3.56462 0.233516
261.749 -16.8453 3.56462 0.233516
261.689 -16.8396 3.56783 0.229433
261.852 -16.8835 3.56362 0.0236122
261.648 -16.9584 3.57159 0.00408761
261.689 -16.8396 3.56783 0.229433
261.668 -16.899 3.56466 0.221614
261.749 -16.8453 3.56462 0.233516
261.894 -16.7003 3.56982 0.0805838
261.668 -16.899 3.56466 0.221614
261.668 -16.899 3.56466 0.221614
261.749 -16.8453 3.56462 0.233516
261.894 -16.7003 3.56982 0.0805838
261.689 -16.8396 3.56783 0.229433
261.668 -16.899 3.56466 0.221614
261.953 -16.8466 3.56885 0.0440997
261.749 -16.8453 3.56462 0.233516
261.749 -16.8453 3.56462 0.233516
261.689 -16.8396 3.56783 0.229433
261.668 -16.899 3.56466 0.221614
261.749 -16.8453 3.56462 0.233516
261.819 -16.5689 3.57199 0.00662898
261.894 -16.7003 3.56982 0.0805838
261.689 -16.8396 3.56783 0.229433
261.689 -16.8396 3.56783 0.229433
261.668 -16.899 3.56466 0.221614
261.553 -17.008 3.56188 0.0277825
261.976 -16.9309 3.57017 0.0174656
261.894 -16.7003 3.56982 0.0805838
261.668 -16.899 3.56466 0.221614
261.749 -16.8453 3.56462 0.233516
261.689 -16.8396 3.56783 0.229433
261.689 -16.8396 3.56783 0.229433
261.689 -16.8396 3.56783 0.229433
261.689 -16.8396 3.56783 0.229433
261.668 -16.899 3.56466 0.221614
261.668 -16.899 3.56466 0.221614
261.668 -16.899 3.56466 0.221614
261.749 -16.8453 3.56462 0.233516
261.894 -16.7003 3.56982 0.0805838
261.689 -16.8396 3.56783 0.229433
261.668 -16.899 3.56466 0.221614
261.749 -16.8453 3.56462 0.233516
261.749 -16.8453 3.56462 0.233516
261.616 -17.0135 3.5631 0.0300675
261.689 -16.8396 3.56783 0.229433
261.749 -16.8453 3.56462 0.233516
261.894 -16.7003 3.56982 0.0805838
261.689 -16.8396 3.56783 0.229433
261.668 -16.899 3.56466 0.221614
261.668 -16.899 3.56466 0.221614
261.941 -16.861 3.57073 0.0528475
261.689 -16.8396 3.56783 0.229433
261.689 -16.8396 3.56783 0.229433
261.668 -16.899 3.56466 0.221614
261.553 -17.008 3.56188 0.0277825
261.689 -16.8396 3.56783 0.229433
261.749 -16.8453 3.56462 0.233516
261.749 -16.8453 3.56462 0.233516
261.689 -16.8396 3.56783 0.229433
261.953 -16.8466 3.56885 0.0440997
261.749 -16.8453 3.56462 0.233516
261.749 -16.8453 3.56462 0.233516
262.146 -16.9288 3.5743 0.00116853
261.689 -16.8396 3.56783 0.229433
261.689 -16.8396 3.56783 0.229433
261.668 -16.899 3.56466 0.221614
261.819 -16.5689 3.57199 0.00662898
261.689 -16.8396 3.56783 0.229433
261.668 -16.899 3.56466 0.221614
261.749 -16.8453 3.56462 0.233516
261.689 -16.8396 3.56783 0.229433
261.689 -16.8396 3.56783 0.229433
261.749 -16.8453 3.56462 0.233516
261.553 -17.008 3.56188 0.0277825
261.689 -16.8396 3.56783 0.229433
261.953 -16.8466 3.56885 0.0440997
261.616 -17.0135 3.5631 0.0300675
261.668 -16.899 3.56466 0.221614
261.749 -16.8453 3.56462 0.233516
261.941 -16.861 3.57073 0.0528475
261.668 -16.899 3.56466 0.221614
261.668 -16.899 3.56466 0.221614
261.749 -16.8453 3.56462 0.233516
