3.64075 -94.0043 3.31108 0.162073
3.59091 -94.0042 3.3058 0.114455
3.66163 -94.1681 3.3042 0.0636517
3.69226 -93.8678 3.30661 0.0392237
3.67846 -93.8955 3.31318 0.102059
3.67119 -93.9829 3.32103 0.019026
3.64075 -94.0043 3.31108 0.162073
3.64075 -94.0043 3.31108 0.162073
3.59091 -94.0042 3.3058 0.114455
3.513 -94.1108 3.31044 0.12833
3.69226 -93.8678 3.30661 0.0392237
3.69121 -93.8214 3.32081 0.017103
3.64075 -94.0043 3.31108 0.162073
3.81201 -93.9912 3.30773 0.0395038
3.84261 -94.0709 3.31514 0.0408959
3.68244 -93.9735 3.3197 0.0327573
3.69121 -93.8214 3.32081 0.017103
3.64075 -94.0043 3.31108 0.162073
3.59091 -94.0042 3.3058 0.114455
3.513 -94.1108 3.31044 0.12833
3.67846 -93.8955 3.31318 0.102059
3.64075 -94.0043 3.31108 0.162073
3.81201 -93.9912 3.30773 0.0395038
3.513 -94.1108 3.31044 0.12833
3.86444 -94.3748 3.31068 0.00272781
3.64075 -94.0043 3.31108 0.162073
3.66163 -94.1681 3.3042 0.0636517
3.67846 -93.8955 3.31318 0.102059
3.67846 -93.8955 3.31318 0.102059
3.83036 -93.9304 3.31063 0.0424075
3.64075 -94.0043 3.31108 0.162073
3.59091 -94.0042 3.3058 0.114455
3.78114 -94.228 3.30474 0.0198857
3.67846 -93.8955 3.31318 0.102059
3.65356 -94.0533 3.32203 0.00863086
3.64075 -94.0043 3.31108 0.162073
3.37836 -94.3194 3.29815 0.00889432
3.66163 -94.1681 3.3042 0.0636517
3.513 -94.1108 3.31044 0.12833
3.67846 -93.8955 3.31318 0.102059
3.64075 -94.0043 3.31108 0.162073
3.54323 -94.048 3.31628 0.0554366
3.59091 -94.0042 3.3058 0.114455
3.59091 -94.0042 3.3058 0.114455
3.513 -94.1108 3.31044 0.12833
3.87101 -94.0618 3.3191 0.0155328
3.64075 -94.0043 3.31108 0.162073
3.64075 -94.0043 3.31108 0.162073
3.76725 -94.4602 3.30658 0.00193191
3.513 -94.1108 3.31044 0.12833
3.68244 -93.9735 3.3197 0.0327573
3.83036 -93.9304 3.31063 0.0424075
3.64075 -94.0043 3.31108 0.162073
3.84261 -94.0709 3.31514 0.0408959
3.513 -94.1108 3.31044 0.12833
3.69226 -93.8678 3.30661 0.0392237
3.96103 -94.162 3.3096 0.00594392
3.54323 -94.048 3.31628 0.0554366
3.66163 -94.1681 3.3042 0.0636517
3.513 -94.1108 3.31044 0.12833
3.67846 -93.8955 3.31318 0.102059
3.67846 -93.8955 3.31318 0.102059
3.83036 -93.9304 3.31063 0.0424075
3.54323 -94.048 3.31628 0.0554366
3.66163 -94.1681 3.3042 0.0636517
3.513 -94.1108 3.31044 0.12833
3.96103 -94.162 3.3096 0.00594392
3.64075 -94.0043 3.31108 0.162073
3.64075 -94.0043 3.31108 0.162073
3.54323 -94.048 3.31628 0.0554366
3.84261 -94.0709 3.31514 0.0408959
3.66163 -94.1681 3.3042 0.0636517
3.513 -94.1108 3.31044 0.12833
3.513 -94.1108 3.31044 0.12833
3.67846 -93.8955 3.31318 0.102059
3.72124 -94.3854 3.30485 0.00783264
3.64075 -94.0043 3.31108 0.162073
3.64075 -94.0043 3.31108 0.162073
3.59091 -94.0042 3.3058 0.114455
3.81201 -93.9912 3.30773 0.0395038
3.84261 -94.0709 3.31514 0.0408959
3.66163 -94.1681 3.3042 0.0636517
3.67846 -93.8955 3.31318 0.102059
3.87101 -94.0618 3.3191 0.0155328
3.64075 -94.0043 3.31108 0.162073
3.59091 -94.0042 3.3058 0.114455
3.513 -94.1108 3.31044 0.12833
3.67846 -93.8955 3.31318 0.102059
3.64075 -94.0043 3.31108 0.162073
3.54323 -94.048 3.31628 0.0554366
3.59091 -94.0042 3.3058 0.114455
3.84261 -94.0709 3.31514 0.0408959
3.68244 -93.9735 3.3197 0.0327573
3.8336 -94.2779 3.30629 0.00998339
3.64075 -94.0043 3.31108 0.162073
3.81201 -93.9912 3.30773 0.0395038
3.81201 -93.9912 3.30773 0.0395038
3.78114 -94.228 3.30474 0.0198857
3.513 -94.1108 3.31044 0.12833
3.68244 -93.9735 3.3197 0.0327573
