267.773 -13.5171 3.83168 0.0453287
268.068 -13.3227 3.83735 0.0931878
268.214 -13.3649 3.84802 0.0320627
267.995 -13.538 3.84083 0.0756028
267.995 -13.538 3.84083 0.0756028
268.071 -13.3053 3.8401 0.0778586
268.038 -13.3657 3.83342 0.0549552
268.171 -13.6095 3.84076 0.0634432
268.171 -13.6095 3.84076 0.0634432
267.802 -13.5168 3.83866 0.011699
267.773 -13.5171 3.83168 0.0453287
268.068 -13.3227 3.83735 0.0931878
268.068 -13.3227 3.83735 0.0931878
268.126 -13.2705 3.8385 0.0454753
268.126 -13.2705 3.8385 0.0454753
268.141 -13.429 3.83685 0.0826921
268.252 -13.5153 3.84237 0.111689
268.157 -13.5207 3.84562 0.0798
268.157 -13.5207 3.84562 0.0798
268.068 -13.3227 3.83735 0.0931878
267.995 -13.538 3.84083 0.0756028
267.995 -13.538 3.84083 0.0756028
268.071 -13.3053 3.8401 0.0778586
268.038 -13.3657 3.83342 0.0549552
268.171 -13.6095 3.84076 0.0634432
268.157 -13.5207 3.84562 0.0798
268.068 -13.3227 3.83735 0.0931878
268.028 -13.6002 3.84199 0.0437046
268.071 -13.3053 3.8401 0.0778586
268.038 -13.3657 3.83342 0.0549552
268.252 -13.5153 3.84237 0.111689
268.157 -13.5207 3.84562 0.0798
268.369 -13.4931 3.84579 0.077412
268.068 -13.3227 3.83735 0.0931878
268.126 -13.2705 3.8385 0.0454753
268.126 -13.2705 3.8385 0.0454753
268.071 -13.3053 3.8401 0.0778586
268.126 -13.3919 3.84668 0.0306869
268.252 -13.5153 3.84237 0.111689
267.802 -13.5168 3.83866 0.011699
268.406 -13.2412 3.84626 0.00692264
268.369 -13.4931 3.84579 0.077412
268.068 -13.3227 3.83735 0.0931878
268.068 -13.3227 3.83735 0.0931878
268.214 -13.3649 3.84802 0.0320627
267.838 -13.3024 3.82628 0.00979048
268.071 -13.3053 3.8401 0.0778586
268.038 -13.3657 3.83342 0.0549552
268.038 -13.3657 3.83342 0.0549552
268.126 -13.3919 3.84668 0.0306869
268.171 -13.6095 3.84076 0.0634432
268.369 -13.4931 3.84579 0.077412
267.773 -13.5171 3.83168 0.0453287
268.068 -13.3227 3.83735 0.0931878
268.028 -13.6002 3.84199 0.0437046
268.071 -13.3053 3.8401 0.0778586
268.141 -13.429 3.83685 0.0826921
268.252 -13.5153 3.84237 0.111689
268.157 -13.5207 3.84562 0.0798
268.157 -13.5207 3.84562 0.0798
268.406 -13.2412 3.84626 0.00692264
268.369 -13.4931 3.84579 0.077412
268.068 -13.3227 3.83735 0.0931878
267.995 -13.538 3.84083 0.0756028
268.141 -13.429 3.83685 0.0826921
268.171 -13.6095 3.84076 0.0634432
268.369 -13.4931 3.84579 0.077412
268.068 -13.3227 3.83735 0.0931878
268.068 -13.3227 3.83735 0.0931878
268.126 -13.2705 3.8385 0.0454753
268.071 -13.3053 3.8401 0.0778586
268.126 -13.3919 3.84668 0.0306869
268.252 -13.5153 3.84237 0.111689
268.171 -13.6095 3.84076 0.0634432
268.171 -13.6095 3.84076 0.0634432
268.157 -13.5207 3.84562 0.0798
268.369 -13.4931 3.84579 0.077412
268.369 -13.4931 3.84579 0.077412
268.369 -13.4931 3.84579 0.077412
267.773 -13.5171 3.83168 0.0453287
267.773 -13.5171 3.83168 0.0453287
268.028 -13.6002 3.84199 0.0437046
268.126 -13.2705 3.8385 0.0454753
268.141 -13.429 3.83685 0.0826921
268.126 -13.3919 3.84668 0.0306869
268.171 -13.6095 3.84076 0.0634432
268.171 -13.6095 3.84076 0.0634432
268.157 -13.5207 3.84562 0.0798
268.369 -13.4931 3.84579 0.077412
268.214 -13.3649 3.84802 0.0320627
268.126 -13.2705 3.8385 0.0454753
268.071 -13.3053 3.8401 0.0778586
268.141 -13.429 3.83685 0.0826921
268.038 -13.3657 3.83342 0.0549552
268.252 -13.5153 3.84237 0.111689
268.157 -13.5207 3.84562 0.0798
268.406 -13.2412 3.84626 0.00692264
268.369 -13.4931 3.84579 0.077412
268.068 -13.3227 3.83735 0.0931878
268.028 -13.6002 3.84199 0.0437046
