-4.63647 -95.2074 3.02958 0.0809202
-4.64691 -95.2033 3.01518 0.0573688
-4.67772 -95.2972 3.0251 0.148656
-4.7174 -95.1372 3.02661 0.100151
-4.86158 -95.2929 3.02439 0.0564809
-4.64477 -95.08 3.03009 0.0452916
-4.89021 -95.3065 3.01765 0.0615545
-4.29593 -95.1126 3.03361 0.00646614
-4.60407 -95.2207 3.01494 0.0422159
-4.78972 -95.6233 3.01779 0.00412247
-4.63647 -95.2074 3.02958 0.0809202
-4.64477 -95.08 3.03009 0.0452916
-4.67772 -95.2972 3.0251 0.148656
-4.92552 -95.0985 3.01609 0.0294129
-5.08623 -95.4347 3.00964 0.00112954
-4.63647 -95.2074 3.02958 0.0809202
-4.64477 -95.08 3.03009 0.0452916
-4.67772 -95.2972 3.0251 0.148656
-4.7174 -95.1372 3.02661 0.100151
-4.67717 -95.0763 3.02812 0.064262
-4.67717 -95.0763 3.02812 0.064262
-4.63647 -95.2074 3.02958 0.0809202
-4.94265 -95.1751 3.02921 0.00508894
-4.64691 -95.2033 3.01518 0.0573688
-4.64691 -95.2033 3.01518 0.0573688
-4.89021 -95.3065 3.01765 0.0615545
-4.67772 -95.2972 3.0251 0.148656
-4.7174 -95.1372 3.02661 0.100151
-4.7174 -95.1372 3.02661 0.100151
-4.38278 -95.416 3.02682 0.0196342
-4.67717 -95.0763 3.02812 0.064262
-4.86158 -95.2929 3.02439 0.0564809
-4.63647 -95.2074 3.02958 0.0809202
-4.64477 -95.08 3.03009 0.0452916
-4.67772 -95.2972 3.0251 0.148656
-4.67772 -95.2972 3.0251 0.148656
-4.78847 -95.3746 3.026 0.0519671
-4.7174 -95.1372 3.02661 0.100151
-4.7174 -95.1372 3.02661 0.100151
-4.7174 -95.1372 3.02661 0.100151
-4.63647 -95.2074 3.02958 0.0809202
-4.64477 -95.08 3.03009 0.0452916
-4.67772 -95.2972 3.0251 0.148656
-4.67772 -95.2972 3.0251 0.148656
-4.67772 -95.2972 3.0251 0.148656
-4.57082 -94.7882 3.02288 0.00219979
-4.8776 -95.0605 3.02515 0.0250635
-4.67717 -95.0763 3.02812 0.064262
-4.86158 -95.2929 3.02439 0.0564809
-4.58031 -95.4879 3.02819 0.0235629
-4.64691 -95.2033 3.01518 0.0573688
-4.67772 -95.2972 3.0251 0.148656
-4.60407 -95.2207 3.01494 0.0422159
-4.67717 -95.0763 3.02812 0.064262
-4.63647 -95.2074 3.02958 0.0809202
-4.63647 -95.2074 3.02958 0.0809202
-4.64563 -95.5879 3.02331 0.0105985
-4.62728 -95.3956 3.03299 0.0131007
-4.67772 -95.2972 3.0251 0.148656
-4.7174 -95.1372 3.02661 0.100151
-4.64151 -95.5405 3.03443 0.00124544
-4.67717 -95.0763 3.02812 0.064262
-4.64477 -95.08 3.03009 0.0452916
-4.89021 -95.3065 3.01765 0.0615545
-4.92552 -95.0985 3.01609 0.0294129
-4.78847 -95.3746 3.026 0.0519671
-4.7174 -95.1372 3.02661 0.100151
-4.67717 -95.0763 3.02812 0.064262
-4.67717 -95.0763 3.02812 0.064262
-4.86158 -95.2929 3.02439 0.0564809
-4.64477 -95.08 3.03009 0.0452916
-4.58031 -95.4879 3.02819 0.0235629
-4.67772 -95.2972 3.0251 0.148656
-4.67772 -95.2972 3.0251 0.148656
-4.78847 -95.3746 3.026 0.0519671
-5.09141 -95.3313 3.02034 0.00401948
-4.7174 -95.1372 3.02661 0.100151
-4.38278 -95.416 3.02682 0.0196342
-4.35641 -95.0812 3.02839 0.0212722
-4.86158 -95.2929 3.02439 0.0564809
-4.58031 -95.4879 3.02819 0.0235629
-4.64691 -95.2033 3.01518 0.0573688
-4.67772 -95.2972 3.0251 0.148656
-4.64151 -95.5405 3.03443 0.00124544
-4.79658 -95.4269 3.02736 0.0231391
-4.67717 -95.0763 3.02812 0.064262
-4.35641 -95.0812 3.02839 0.0212722
-4.86158 -95.2929 3.02439 0.0564809
-4.64477 -95.08 3.03009 0.0452916
-4.89021 -95.3065 3.01765 0.0615545
-4.67772 -95.2972 3.0251 0.148656
-4.67772 -95.2972 3.0251 0.148656
-4.73549 -95.4712 3.03067 0.00824198
-4.38278 -95.416 3.02682 0.0196342
-4.67717 -95.0763 3.02812 0.064262
-4.63647 -95.2074 3.02958 0.0809202
-4.63647 -95.2074 3.02958 0.0809202
-4.64563 -95.5879 3.02331 0.0105985
-4.64563 -95.5879 3.02331 0.0105985
-5.00785 -95.3159 3.02318 0.0103418
