183.385 23.929 0.0662616 0.126639
183.298 23.9858 0.0694032 0.0697484
183.451 23.9976 0.0607286 0.099848
183.306 24.1484 0.063613 0.0821733
183.402 24.1262 0.0657897 0.09023
183.269 24.0003 0.0602684 0.0420297
183.385 23.929 0.0662616 0.126639
183.471 24.2227 0.0631392 0.0234019
183.306 24.1484 0.063613 0.0821733
183.281 23.9207 0.0728808 0.00931376
183.276 24.1148 0.0646349 0.0951505
183.247 24.1037 0.0668922 0.0664821
183.385 23.929 0.0662616 0.126639
183.385 23.929 0.0662616 0.126639
183.204 24.0829 0.0666708 0.0521949
183.451 23.9976 0.0607286 0.099848
183.451 23.9976 0.0607286 0.099848
183.306 24.1484 0.063613 0.0821733
183.402 24.1262 0.0657897 0.09023
183.458 23.93 0.0594668 0.0381914
183.163 23.9965 0.0661358 0.0392971
183.385 23.929 0.0662616 0.126639
183.385 23.929 0.0662616 0.126639
183.298 23.9858 0.0694032 0.0697484
183.298 23.9858 0.0694032 0.0697484
183.204 24.0829 0.0666708 0.0521949
183.451 23.9976 0.0607286 0.099848
183.306 24.1484 0.063613 0.0821733
183.276 24.1148 0.0646349 0.0951505
183.402 24.1262 0.0657897 0.09023
183.247 24.1037 0.0668922 0.0664821
183.385 23.929 0.0662616 0.126639
183.385 23.929 0.0662616 0.126639
183.385 23.929 0.0662616 0.126639
183.451 23.9976 0.0607286 0.099848
183.451 23.9976 0.0607286 0.099848
183.235 23.8389 0.069522 0.0199507
183.402 24.1262 0.0657897 0.09023
183.385 23.929 0.0662616 0.126639
183.298 23.9858 0.0694032 0.0697484
183.511 23.8847 0.0596582 0.0166494
183.451 23.9976 0.0607286 0.099848
183.276 24.1148 0.0646349 0.0951505
183.402 24.1262 0.0657897 0.09023
183.247 24.1037 0.0668922 0.0664821
183.163 23.9965 0.0661358 0.0392971
183.385 23.929 0.0662616 0.126639
183.385 23.929 0.0662616 0.126639
183.188 24.1347 0.0659191 0.0280334
183.451 23.9976 0.0607286 0.099848
183.461 24.1523 0.069363 0.00809086
183.306 24.1484 0.063613 0.0821733
183.253 24.1539 0.0603867 0.0230883
183.402 24.1262 0.0657897 0.09023
183.402 24.1262 0.0657897 0.09023
183.163 23.9965 0.0661358 0.0392971
183.163 23.9965 0.0661358 0.0392971
183.385 23.929 0.0662616 0.126639
183.204 24.0829 0.0666708 0.0521949
183.451 23.9976 0.0607286 0.099848
183.306 24.1484 0.063613 0.0821733
183.253 24.1539 0.0603867 0.0230883
183.402 24.1262 0.0657897 0.09023
183.458 23.93 0.0594668 0.0381914
183.247 24.1037 0.0668922 0.0664821
183.385 23.929 0.0662616 0.126639
183.471 24.2227 0.0631392 0.0234019
183.451 23.9976 0.0607286 0.099848
183.306 24.1484 0.063613 0.0821733
183.276 24.1148 0.0646349 0.0951505
183.276 24.1148 0.0646349 0.0951505
183.402 24.1262 0.0657897 0.09023
183.402 24.1262 0.0657897 0.09023
183.247 24.1037 0.0668922 0.0664821
183.163 23.9965 0.0661358 0.0392971
183.163 23.9965 0.0661358 0.0392971
183.385 23.929 0.0662616 0.126639
183.188 24.1347 0.0659191 0.0280334
183.451 23.9976 0.0607286 0.099848
183.451 23.9976 0.0607286 0.099848
183.235 23.8389 0.069522 0.0199507
183.276 24.1148 0.0646349 0.0951505
183.276 24.1148 0.0646349 0.0951505
183.402 24.1262 0.0657897 0.09023
183.458 23.93 0.0594668 0.0381914
183.385 23.929 0.0662616 0.126639
183.511 23.8847 0.0596582 0.0166494
183.306 24.1484 0.063613 0.0821733
183.402 24.1262 0.0657897 0.09023
183.458 23.93 0.0594668 0.0381914
183.247 24.1037 0.0668922 0.0664821
183.298 23.9858 0.0694032 0.0697484
183.204 24.0829 0.0666708 0.0521949
183.306 24.1484 0.063613 0.0821733
183.276 24.1148 0.0646349 0.0951505
183.458 23.93 0.0594668 0.0381914
183.385 23.929 0.0662616 0.126639
183.385 23.929 0.0662616 0.126639
183.385 23.929 0.0662616 0.126639
183.204 24.0829 0.0666708 0.0521949
