278.593 -2.58574 4.40198 0.117327
278.467 -2.49473 4.39946 0.255067
278.635 -2.48972 4.40947 0.102577
278.424 -2.33346 4.39796 0.0686046
278.455 -2.6445 4.3958 0.0975417
278.455 -2.6445 4.3958 0.0975417
278.189 -2.61266 4.39777 0.0244098
278.455 -2.6445 4.3958 0.0975417
278.022 -2.60016 4.38465 0.0060456
278.48 -2.66158 4.39729 0.085959
278.467 -2.49473 4.39946 0.255067
278.467 -2.49473 4.39946 0.255067
278.424 -2.33346 4.39796 0.0686046
278.707 -2.41806 4.39965 0.0138535
278.593 -2.58574 4.40198 0.117327
278.593 -2.58574 4.40198 0.117327
278.467 -2.49473 4.39946 0.255067
278.467 -2.49473 4.39946 0.255067
278.635 -2.48972 4.40947 0.102577
278.635 -2.48972 4.40947 0.102577
278.424 -2.33346 4.39796 0.0686046
278.48 -2.66158 4.39729 0.085959
278.455 -2.6445 4.3958 0.0975417
278.635 -2.48972 4.40947 0.102577
278.209 -2.76021 4.38987 0.0144292
278.467 -2.49473 4.39946 0.255067
278.424 -2.33346 4.39796 0.0686046
278.593 -2.58574 4.40198 0.117327
278.593 -2.58574 4.40198 0.117327
278.593 -2.58574 4.40198 0.117327
278.467 -2.49473 4.39946 0.255067
278.349 -2.53424 4.39156 0.0994969
278.344 -2.74333 4.3892 0.0152527
278.824 -2.3996 4.41739 0.0102012
278.593 -2.58574 4.40198 0.117327
278.467 -2.49473 4.39946 0.255067
278.635 -2.48972 4.40947 0.102577
278.48 -2.66158 4.39729 0.085959
278.209 -2.76021 4.38987 0.0144292
278.467 -2.49473 4.39946 0.255067
278.424 -2.33346 4.39796 0.0686046
278.48 -2.66158 4.39729 0.085959
278.455 -2.6445 4.3958 0.0975417
278.467 -2.49473 4.39946 0.255067
278.635 -2.48972 4.40947 0.102577
278.593 -2.58574 4.40198 0.117327
278.349 -2.53424 4.39156 0.0994969
278.635 -2.48972 4.40947 0.102577
278.635 -2.48972 4.40947 0.102577
278.424 -2.33346 4.39796 0.0686046
278.455 -2.6445 4.3958 0.0975417
278.349 -2.53424 4.39156 0.0994969
278.593 -2.58574 4.40198 0.117327
278.455 -2.6445 4.3958 0.0975417
278.349 -2.53424 4.39156 0.0994969
278.707 -2.41806 4.39965 0.0138535
278.265 -2.68102 4.38522 0.0122194
278.593 -2.58574 4.40198 0.117327
278.349 -2.53424 4.39156 0.0994969
278.48 -2.66158 4.39729 0.085959
278.593 -2.58574 4.40198 0.117327
278.308 -2.73057 4.39238 0.0352742
278.424 -2.33346 4.39796 0.0686046
278.593 -2.58574 4.40198 0.117327
278.349 -2.53424 4.39156 0.0994969
278.635 -2.48972 4.40947 0.102577
278.424 -2.33346 4.39796 0.0686046
278.596 -2.44393 4.39509 0.0180759
278.467 -2.49473 4.39946 0.255067
278.189 -2.61266 4.39777 0.0244098
278.593 -2.58574 4.40198 0.117327
278.455 -2.6445 4.3958 0.0975417
278.349 -2.53424 4.39156 0.0994969
278.645 -2.27113 4.41713 0.00505197
278.467 -2.49473 4.39946 0.255067
278.424 -2.33346 4.39796 0.0686046
278.48 -2.66158 4.39729 0.085959
278.455 -2.6445 4.3958 0.0975417
278.349 -2.53424 4.39156 0.0994969
278.824 -2.3996 4.41739 0.0102012
278.455 -2.6445 4.3958 0.0975417
278.349 -2.53424 4.39156 0.0994969
278.424 -2.33346 4.39796 0.0686046
278.265 -2.68102 4.38522 0.0122194
278.593 -2.58574 4.40198 0.117327
278.349 -2.53424 4.39156 0.0994969
278.645 -2.27113 4.41713 0.00505197
278.48 -2.66158 4.39729 0.085959
278.467 -2.49473 4.39946 0.255067
278.349 -2.53424 4.39156 0.0994969
278.48 -2.66158 4.39729 0.085959
278.467 -2.49473 4.39946 0.255067
278.308 -2.73057 4.39238 0.0352742
278.209 -2.76021 4.38987 0.0144292
278.593 -2.58574 4.40198 0.117327
278.467 -2.49473 4.39946 0.255067
278.189 -2.61266 4.39777 0.0244098
278.635 -2.48972 4.40947 0.102577
278.593 -2.58574 4.40198 0.117327
278.467 -2.49473 4.39946 0.255067
