21.692 -86.7743 3.75228 0.262546
21.6655 -86.8804 3.75052 0.329075
21.692 -86.7743 3.75228 0.262546
21.6655 -86.8804 3.75052 0.329075
21.692 -86.7743 3.75228 0.262546
21.6655 -86.8804 3.75052 0.329075
21.796 -86.6923 3.7575 0.0149885
21.6655 -86.8804 3.75052 0.329075
21.6655 -86.8804 3.75052 0.329075
21.692 -86.7743 3.75228 0.262546
21.692 -86.7743 3.75228 0.262546
21.8063 -86.9376 3.75908 0.0328493
21.8063 -86.9376 3.75908 0.0328493
21.5177 -86.5612 3.75 0.0132201
21.692 -86.7743 3.75228 0.262546
21.8063 -86.9376 3.75908 0.0328493
21.4864 -86.8154 3.75282 0.0946852
21.8063 -86.9376 3.75908 0.0328493
21.7531 -86.7197 3.7496 0.0743294
21.692 -86.7743 3.75228 0.262546
21.6655 -86.8804 3.75052 0.329075
21.4561 -86.6931 3.75245 0.0263011
21.6655 -86.8804 3.75052 0.329075
21.6655 -86.8804 3.75052 0.329075
21.7531 -86.7197 3.7496 0.0743294
21.692 -86.7743 3.75228 0.262546
21.4864 -86.8154 3.75282 0.0946852
21.692 -86.7743 3.75228 0.262546
21.692 -86.7743 3.75228 0.262546
21.3565 -86.8516 3.74981 0.0386536
21.7531 -86.7197 3.7496 0.0743294
21.6655 -86.8804 3.75052 0.329075
21.6655 -86.8804 3.75052 0.329075
21.7531 -86.7197 3.7496 0.0743294
21.6655 -86.8804 3.75052 0.329075
21.692 -86.7743 3.75228 0.262546
21.6655 -86.8804 3.75052 0.329075
21.4864 -86.8154 3.75282 0.0946852
21.796 -86.6923 3.7575 0.0149885
21.8063 -86.9376 3.75908 0.0328493
21.3565 -86.8516 3.74981 0.0386536
21.6655 -86.8804 3.75052 0.329075
21.9367 -87.0532 3.75712 0.0109044
21.692 -86.7743 3.75228 0.262546
21.6655 -86.8804 3.75052 0.329075
21.6655 -86.8804 3.75052 0.329075
21.7257 -87.012 3.7494 0.0503224
21.6655 -86.8804 3.75052 0.329075
21.692 -86.7743 3.75228 0.262546
21.4864 -86.8154 3.75282 0.0946852
21.7531 -86.7197 3.7496 0.0743294
21.7594 -86.6758 3.75692 0.0166011
21.6655 -86.8804 3.75052 0.329075
21.6655 -86.8804 3.75052 0.329075
21.6655 -86.8804 3.75052 0.329075
21.8063 -86.9376 3.75908 0.0328493
21.6655 -86.8804 3.75052 0.329075
21.692 -86.7743 3.75228 0.262546
21.692 -86.7743 3.75228 0.262546
21.5177 -86.5612 3.75 0.0132201
21.692 -86.7743 3.75228 0.262546
21.4864 -86.8154 3.75282 0.0946852
21.692 -86.7743 3.75228 0.262546
21.7777 -87.1968 3.75329 0.00312764
21.7531 -86.7197 3.7496 0.0743294
21.7257 -87.012 3.7494 0.0503224
21.6655 -86.8804 3.75052 0.329075
21.692 -86.7743 3.75228 0.262546
21.692 -86.7743 3.75228 0.262546
21.4864 -86.8154 3.75282 0.0946852
21.692 -86.7743 3.75228 0.262546
21.3565 -86.8516 3.74981 0.0386536
21.6655 -86.8804 3.75052 0.329075
21.692 -86.7743 3.75228 0.262546
21.6655 -86.8804 3.75052 0.329075
21.6655 -86.8804 3.75052 0.329075
21.6655 -86.8804 3.75052 0.329075
21.692 -86.7743 3.75228 0.262546
21.4864 -86.8154 3.75282 0.0946852
21.692 -86.7743 3.75228 0.262546
21.6655 -86.8804 3.75052 0.329075
21.692 -86.7743 3.75228 0.262546
21.692 -86.7743 3.75228 0.262546
21.692 -86.7743 3.75228 0.262546
21.7257 -87.012 3.7494 0.0503224
21.6655 -86.8804 3.75052 0.329075
21.3565 -86.8516 3.74981 0.0386536
21.692 -86.7743 3.75228 0.262546
21.6655 -86.8804 3.75052 0.329075
21.4864 -86.8154 3.75282 0.0946852
21.692 -86.7743 3.75228 0.262546
21.692 -86.7743 3.75228 0.262546
21.4864 -86.8154 3.75282 0.0946852
21.7531 -86.7197 3.7496 0.0743294
21.692 -86.7743 3.75228 0.262546
21.6655 -86.8804 3.75052 0.329075
21.6655 -86.8804 3.75052 0.329075
21.4561 -86.6931 3.75245 0.0263011
21.692 -86.7743 3.75228 0.262546
21.6655 -86.8804 3.75052 0.329075
