-18.4016 -91.4509 2.77744 0.194718
-18.1364 -91.3695 2.77958 0.123113
-18.2971 -91.573 2.78423 0.107253
-18.4016 -91.4509 2.77744 0.194718
-18.1364 -91.3695 2.77958 0.123113
-18.1364 -91.3695 2.77958 0.123113
-18.0389 -91.3157 2.78567 0.0329939
-18.2338 -91.5837 2.78062 0.122953
-18.2338 -91.5837 2.78062 0.122953
-18.2971 -91.573 2.78423 0.107253
-18.0179 -91.5093 2.78342 0.0399643
-18.3223 -91.3772 2.78354 0.174737
-18.0389 -91.3157 2.78567 0.0329939
-18.2971 -91.573 2.78423 0.107253
-18.0179 -91.5093 2.78342 0.0399643
-18.3223 -91.3772 2.78354 0.174737
-18.1364 -91.3695 2.77958 0.123113
-18.2338 -91.5837 2.78062 0.122953
-18.2338 -91.5837 2.78062 0.122953
-18.2971 -91.573 2.78423 0.107253
-18.4016 -91.4509 2.77744 0.194718
-18.3223 -91.3772 2.78354 0.174737
-18.0982 -91.465 2.79228 0.0078614
-18.2338 -91.5837 2.78062 0.122953
-18.2971 -91.573 2.78423 0.107253
-18.2646 -91.6068 2.78627 0.054639
-18.4016 -91.4509 2.77744 0.194718
-18.5609 -91.6544 2.77951 0.00914768
-18.2338 -91.5837 2.78062 0.122953
-18.2971 -91.573 2.78423 0.107253
-18.3457 -91.1059 2.78451 0.00616086
-18.4016 -91.4509 2.77744 0.194718
-18.4016 -91.4509 2.77744 0.194718
-18.3223 -91.3772 2.78354 0.174737
-18.1364 -91.3695 2.77958 0.123113
-18.2338 -91.5837 2.78062 0.122953
-18.2338 -91.5837 2.78062 0.122953
-18.2338 -91.5837 2.78062 0.122953
-18.2971 -91.573 2.78423 0.107253
-18.4016 -91.4509 2.77744 0.194718
-18.3223 -91.3772 2.78354 0.174737
-18.2338 -91.5837 2.78062 0.122953
-18.2971 -91.573 2.78423 0.107253
-18.4203 -91.3234 2.78589 0.0292026
-18.4016 -91.4509 2.77744 0.194718
-18.3223 -91.3772 2.78354 0.174737
-18.2338 -91.5837 2.78062 0.122953
-18.0179 -91.5093 2.78342 0.0399643
-18.4016 -91.4509 2.77744 0.194718
-18.1364 -91.3695 2.77958 0.123113
-18.2971 -91.573 2.78423 0.107253
-18.2971 -91.573 2.78423 0.107253
-18.4016 -91.4509 2.77744 0.194718
-18.3223 -91.3772 2.78354 0.174737
-18.3223 -91.3772 2.78354 0.174737
-18.3223 -91.3772 2.78354 0.174737
-18.1364 -91.3695 2.77958 0.123113
-18.2971 -91.573 2.78423 0.107253
-18.4016 -91.4509 2.77744 0.194718
-18.3223 -91.3772 2.78354 0.174737
-18.1364 -91.3695 2.77958 0.123113
-18.2971 -91.573 2.78423 0.107253
-18.4016 -91.4509 2.77744 0.194718
-18.0389 -91.3157 2.78567 0.0329939
-18.2338 -91.5837 2.78062 0.122953
-18.4203 -91.3234 2.78589 0.0292026
-18.3223 -91.3772 2.78354 0.174737
-18.1364 -91.3695 2.77958 0.123113
-18.0389 -91.3157 2.78567 0.0329939
-18.6752 -91.2944 2.77519 0.00758641
-18.4016 -91.4509 2.77744 0.194718
-18.4016 -91.4509 2.77744 0.194718
-18.1364 -91.3695 2.77958 0.123113
-18.5935 -91.5866 2.77458 0.0108579
-18.2646 -91.6068 2.78627 0.054639
-18.4016 -91.4509 2.77744 0.194718
-18.4016 -91.4509 2.77744 0.194718
-18.3223 -91.3772 2.78354 0.174737
-18.1364 -91.3695 2.77958 0.123113
-18.559 -91.5043 2.78505 0.0076753
-18.0179 -91.5093 2.78342 0.0399643
-18.4016 -91.4509 2.77744 0.194718
-18.0389 -91.3157 2.78567 0.0329939
-18.2971 -91.573 2.78423 0.107253
-18.2646 -91.6068 2.78627 0.054639
-18.4016 -91.4509 2.77744 0.194718
-18.3223 -91.3772 2.78354 0.174737
-18.0982 -91.465 2.79228 0.0078614
-18.2338 -91.5837 2.78062 0.122953
-18.2338 -91.5837 2.78062 0.122953
-18.2971 -91.573 2.78423 0.107253
-17.9768 -91.5645 2.78559 0.0166677
-18.4016 -91.4509 2.77744 0.194718
-18.1364 -91.3695 2.77958 0.123113
-18.1364 -91.3695 2.77958 0.123113
-18.2971 -91.573 2.78423 0.107253
-18.4016 -91.4509 2.77744 0.194718
-18.4016 -91.4509 2.77744 0.194718
-18.3223 -91.3772 2.78354 0.174737
-18.3223 -91.3772 2.78354 0.174737
