-40.4733 -55.7981 1.65099 0.175268
-40.6807 -55.8805 1.65036 0.0230762
-40.5217 -55.6683 1.64424 0.153653
-40.5217 -55.6683 1.64424 0.153653
-40.4733 -55.7981 1.65099 0.175268
-40.4733 -55.7981 1.65099 0.175268
-40.3068 -55.6491 1.65389 0.0304223
-40.5217 -55.6683 1.64424 0.153653
-40.5217 -55.6683 1.64424 0.153653
-40.4733 -55.7981 1.65099 0.175268
-40.4756 -55.8638 1.64806 0.0992868
-40.3448 -55.4889 1.64673 0.0358259
-40.4588 -55.6516 1.64629 0.221016
-40.4733 -55.7981 1.65099 0.175268
-40.6652 -55.7926 1.64814 0.06802
-40.5217 -55.6683 1.64424 0.153653
-40.4733 -55.7981 1.65099 0.175268
-40.3068 -55.6491 1.65389 0.0304223
-40.6774 -55.8879 1.64906 0.0237747
-40.4588 -55.6516 1.64629 0.221016
-40.4588 -55.6516 1.64629 0.221016
-40.4588 -55.6516 1.64629 0.221016
-40.4733 -55.7981 1.65099 0.175268
-40.4733 -55.7981 1.65099 0.175268
-40.4733 -55.7981 1.65099 0.175268
-40.2409 -55.6459 1.64893 0.0338587
-40.6085 -55.4657 1.64375 0.0375864
-40.3068 -55.6491 1.65389 0.0304223
-40.4588 -55.6516 1.64629 0.221016
-40.4733 -55.7981 1.65099 0.175268
-40.4756 -55.8638 1.64806 0.0992868
-40.4327 -55.7433 1.63947 0.00575573
-40.6774 -55.8879 1.64906 0.0237747
-40.4588 -55.6516 1.64629 0.221016
-40.4588 -55.6516 1.64629 0.221016
-40.6652 -55.7926 1.64814 0.06802
-40.5217 -55.6683 1.64424 0.153653
-40.5217 -55.6683 1.64424 0.153653
-40.4588 -55.6516 1.64629 0.221016
-40.4733 -55.7981 1.65099 0.175268
-40.6608 -55.7671 1.64249 0.0243607
-40.5217 -55.6683 1.64424 0.153653
-40.4588 -55.6516 1.64629 0.221016
-40.4588 -55.6516 1.64629 0.221016
-40.4756 -55.8638 1.64806 0.0992868
-40.6774 -55.8879 1.64906 0.0237747
-40.5217 -55.6683 1.64424 0.153653
-40.4588 -55.6516 1.64629 0.221016
-40.4733 -55.7981 1.65099 0.175268
-40.4756 -55.8638 1.64806 0.0992868
-40.6807 -55.8805 1.65036 0.0230762
-40.4588 -55.6516 1.64629 0.221016
-40.4756 -55.8638 1.64806 0.0992868
-40.3068 -55.6491 1.65389 0.0304223
-40.4588 -55.6516 1.64629 0.221016
-40.4588 -55.6516 1.64629 0.221016
-40.4733 -55.7981 1.65099 0.175268
-40.4733 -55.7981 1.65099 0.175268
-40.672 -55.8226 1.64636 0.0416892
-40.4588 -55.6516 1.64629 0.221016
-40.4588 -55.6516 1.64629 0.221016
-40.4733 -55.7981 1.65099 0.175268
-40.2409 -55.6459 1.64893 0.0338587
-40.4756 -55.8638 1.64806 0.0992868
-40.672 -55.8226 1.64636 0.0416892
-40.3448 -55.4889 1.64673 0.0358259
-40.3448 -55.4889 1.64673 0.0358259
-40.4588 -55.6516 1.64629 0.221016
-40.6652 -55.7926 1.64814 0.06802
-40.5217 -55.6683 1.64424 0.153653
-40.3448 -55.4889 1.64673 0.0358259
-40.4588 -55.6516 1.64629 0.221016
-40.4733 -55.7981 1.65099 0.175268
-40.4733 -55.7981 1.65099 0.175268
-40.6652 -55.7926 1.64814 0.06802
-40.672 -55.8226 1.64636 0.0416892
-40.672 -55.8226 1.64636 0.0416892
-40.4588 -55.6516 1.64629 0.221016
-40.4733 -55.7981 1.65099 0.175268
-40.4756 -55.8638 1.64806 0.0992868
-40.3448 -55.4889 1.64673 0.0358259
-40.2409 -55.6459 1.64893 0.0338587
-40.6774 -55.8879 1.64906 0.0237747
-40.4588 -55.6516 1.64629 0.221016
-40.4733 -55.7981 1.65099 0.175268
-40.6652 -55.7926 1.64814 0.06802
-40.672 -55.8226 1.64636 0.0416892
-40.4588 -55.6516 1.64629 0.221016
-40.4733 -55.7981 1.65099 0.175268
-40.6652 -55.7926 1.64814 0.06802
-40.672 -55.8226 1.64636 0.0416892
-40.5217 -55.6683 1.64424 0.153653
-40.4733 -55.7981 1.65099 0.175268
-40.4733 -55.7981 1.65099 0.175268
-40.4733 -55.7981 1.65099 0.175268
-40.6652 -55.7926 1.64814 0.06802
-40.5217 -55.6683 1.64424 0.153653
-40.5217 -55.6683 1.64424 0.153653
-40.4588 -55.6516 1.64629 0.221016
-40.4733 -55.7981 1.65099 0.175268
