11.7328 -91.9265 3.54484 0.015717
11.977 -92.0479 3.52967 0.0135905
12.5637 -91.926 3.56495 0.0178221
12.0799 -92.0133 3.53613 0.0542012
12.0799 -92.0133 3.53613 0.0542012
12.1715 -91.9247 3.55924 0.0601407
12.3374 -91.5853 3.55217 0.0213889
11.9478 -92.0927 3.5405 0.091693
11.8872 -92.0647 3.54747 0.0505156
11.7328 -91.9265 3.54484 0.015717
12.2076 -92.1285 3.54124 0.0685486
12.2076 -92.1285 3.54124 0.0685486
12.4428 -91.6412 3.55792 0.0310894
12.1439 -92.2225 3.54972 0.0491433
11.7319 -91.7853 3.54666 0.00730073
12.0238 -92.1334 3.55332 0.0355527
11.9478 -92.0927 3.5405 0.091693
11.9853 -91.8128 3.53092 0.00597733
11.9958 -91.7351 3.54991 0.0534489
12.1472 -92.2748 3.53923 0.0271067
12.2947 -92.0004 3.54112 0.0491162
12.0799 -92.0133 3.53613 0.0542012
12.1715 -91.9247 3.55924 0.0601407
11.6388 -92.288 3.54104 0.00193386
11.9478 -92.0927 3.5405 0.091693
11.8872 -92.0647 3.54747 0.0505156
12.2076 -92.1285 3.54124 0.0685486
11.977 -92.0479 3.52967 0.0135905
12.4428 -91.6412 3.55792 0.0310894
12.2947 -92.0004 3.54112 0.0491162
12.1439 -92.2225 3.54972 0.0491433
12.1715 -91.9247 3.55924 0.0601407
11.9397 -91.7347 3.55315 0.0242458
11.9478 -92.0927 3.5405 0.091693
12.2661 -92.306 3.55343 0.012155
12.2076 -92.1285 3.54124 0.0685486
12.1472 -92.2748 3.53923 0.0271067
11.8764 -92.1636 3.55311 0.00740859
12.1439 -92.2225 3.54972 0.0491433
12.3932 -91.8137 3.56735 0.0180289
11.9397 -91.7347 3.55315 0.0242458
11.904 -91.957 3.55114 0.0418329
11.9958 -91.7351 3.54991 0.0534489
12.2076 -92.1285 3.54124 0.0685486
12.1472 -92.2748 3.53923 0.0271067
12.4428 -91.6412 3.55792 0.0310894
12.2947 -92.0004 3.54112 0.0491162
12.1439 -92.2225 3.54972 0.0491433
11.9762 -92.1348 3.5383 0.0730296
11.7276 -91.9638 3.53978 0.0221423
11.7276 -91.9638 3.53978 0.0221423
11.9062 -91.9176 3.55957 0.00449399
11.9478 -92.0927 3.5405 0.091693
11.8872 -92.0647 3.54747 0.0505156
11.7068 -91.8371 3.53468 0.00797931
12.2076 -92.1285 3.54124 0.0685486
12.1472 -92.2748 3.53923 0.0271067
12.2947 -92.0004 3.54112 0.0491162
12.2947 -92.0004 3.54112 0.0491162
12.0799 -92.0133 3.53613 0.0542012
12.0799 -92.0133 3.53613 0.0542012
11.9762 -92.1348 3.5383 0.0730296
12.1715 -91.9247 3.55924 0.0601407
12.3374 -91.5853 3.55217 0.0213889
11.9478 -92.0927 3.5405 0.091693
11.904 -91.957 3.55114 0.0418329
11.9853 -91.8128 3.53092 0.00597733
12.2661 -92.306 3.55343 0.012155
11.9958 -91.7351 3.54991 0.0534489
12.1472 -92.2748 3.53923 0.0271067
12.4428 -91.6412 3.55792 0.0310894
12.0799 -92.0133 3.53613 0.0542012
12.1439 -92.2225 3.54972 0.0491433
12.1439 -92.2225 3.54972 0.0491433
12.1439 -92.2225 3.54972 0.0491433
11.9762 -92.1348 3.5383 0.0730296
12.3374 -91.5853 3.55217 0.0213889
12.0238 -92.1334 3.55332 0.0355527
12.2015 -92.3993 3.53774 0.00450181
11.8872 -92.0647 3.54747 0.0505156
12.2076 -92.1285 3.54124 0.0685486
12.2076 -92.1285 3.54124 0.0685486
12.2076 -92.1285 3.54124 0.0685486
11.5682 -91.9811 3.54035 0.00274416
11.977 -92.0479 3.52967 0.0135905
12.0799 -92.0133 3.53613 0.0542012
12.0799 -92.0133 3.53613 0.0542012
11.9762 -92.1348 3.5383 0.0730296
12.1715 -91.9247 3.55924 0.0601407
11.7319 -91.7853 3.54666 0.00730073
11.9062 -91.9176 3.55957 0.00449399
11.9478 -92.0927 3.5405 0.091693
12.3894 -91.4703 3.55837 0.00619715
11.8872 -92.0647 3.54747 0.0505156
11.904 -92.0591 3.55394 0.0162171
12.1472 -92.2748 3.53923 0.0271067
12.5637 -91.926 3.56495 0.0178221
12.4428 -91.6412 3.55792 0.0310894
11.9762 -92.1348 3.5383 0.0730296
11.9762 -92.1348 3.5383 0.0730296
