116.567 18.9592 0.0478702 0.138338
116.412 19.2503 0.0467862 0.0369505
116.367 19.0706 0.0528784 0.142742
116.367 19.0706 0.0528784 0.142742
116.367 19.0706 0.0528784 0.142742
116.42 19.1407 0.0533932 0.111007
116.567 18.9592 0.0478702 0.138338
116.47 18.9158 0.0558491 0.0760101
116.367 19.0706 0.0528784 0.142742
116.554 18.8981 0.0562647 0.0384522
116.567 18.9592 0.0478702 0.138338
116.304 18.8268 0.0586005 0.0160421
116.365 18.7206 0.0496906 0.0104039
116.398 19.0399 0.0491815 0.169319
116.367 19.0706 0.0528784 0.142742
116.367 19.0706 0.0528784 0.142742
116.367 19.0706 0.0528784 0.142742
116.503 19.1497 0.0529833 0.101507
116.567 18.9592 0.0478702 0.138338
116.567 18.9592 0.0478702 0.138338
116.398 19.0399 0.0491815 0.169319
116.398 19.0399 0.0491815 0.169319
116.367 19.0706 0.0528784 0.142742
116.367 19.0706 0.0528784 0.142742
116.503 19.1497 0.0529833 0.101507
116.567 18.9592 0.0478702 0.138338
116.304 18.8268 0.0586005 0.0160421
116.398 19.0399 0.0491815 0.169319
116.367 19.0706 0.0528784 0.142742
116.171 18.9732 0.0510124 0.0178713
116.567 18.9592 0.0478702 0.138338
116.47 18.9158 0.0558491 0.0760101
116.398 19.0399 0.0491815 0.169319
116.42 19.1407 0.0533932 0.111007
116.554 18.8981 0.0562647 0.0384522
116.567 18.9592 0.0478702 0.138338
116.424 19.0846 0.0604613 0.0159796
116.398 19.0399 0.0491815 0.169319
116.367 19.0706 0.0528784 0.142742
116.367 19.0706 0.0528784 0.142742
116.42 19.1407 0.0533932 0.111007
116.567 18.9592 0.0478702 0.138338
116.567 18.9592 0.0478702 0.138338
116.265 19.1498 0.0567631 0.0274187
116.412 19.2503 0.0467862 0.0369505
116.398 19.0399 0.0491815 0.169319
116.42 19.1407 0.0533932 0.111007
116.42 19.1407 0.0533932 0.111007
116.503 19.1497 0.0529833 0.101507
116.567 18.9592 0.0478702 0.138338
116.47 18.9158 0.0558491 0.0760101
116.398 19.0399 0.0491815 0.169319
116.367 19.0706 0.0528784 0.142742
116.503 19.1497 0.0529833 0.101507
116.567 18.9592 0.0478702 0.138338
116.567 18.9592 0.0478702 0.138338
116.567 18.9592 0.0478702 0.138338
116.304 18.8268 0.0586005 0.0160421
116.398 19.0399 0.0491815 0.169319
116.367 19.0706 0.0528784 0.142742
116.503 19.1497 0.0529833 0.101507
116.567 18.9592 0.0478702 0.138338
116.424 19.0846 0.0604613 0.0159796
116.412 19.2503 0.0467862 0.0369505
116.47 18.9158 0.0558491 0.0760101
116.367 19.0706 0.0528784 0.142742
116.567 18.9592 0.0478702 0.138338
116.412 19.2503 0.0467862 0.0369505
116.47 18.9158 0.0558491 0.0760101
116.398 19.0399 0.0491815 0.169319
116.398 19.0399 0.0491815 0.169319
116.662 19.0566 0.0565114 0.0140893
116.503 19.1497 0.0529833 0.101507
116.304 18.8268 0.0586005 0.0160421
116.294 19.2085 0.0572327 0.0169943
116.412 19.2503 0.0467862 0.0369505
116.398 19.0399 0.0491815 0.169319
116.367 19.0706 0.0528784 0.142742
116.367 19.0706 0.0528784 0.142742
116.42 19.1407 0.0533932 0.111007
116.503 19.1497 0.0529833 0.101507
116.265 19.1498 0.0567631 0.0274187
116.412 19.2503 0.0467862 0.0369505
116.367 19.0706 0.0528784 0.142742
116.367 19.0706 0.0528784 0.142742
116.567 18.9592 0.0478702 0.138338
116.265 19.1498 0.0567631 0.0274187
116.47 18.9158 0.0558491 0.0760101
116.398 19.0399 0.0491815 0.169319
116.398 19.0399 0.0491815 0.169319
116.367 19.0706 0.0528784 0.142742
116.147 19.216 0.0502609 0.00432333
116.662 19.0566 0.0565114 0.0140893
116.424 19.0846 0.0604613 0.0159796
116.424 19.0846 0.0604613 0.0159796
116.398 19.0399 0.0491815 0.169319
116.398 19.0399 0.0491815 0.169319
116.42 19.1407 0.0533932 0.111007
116.567 18.9592 0.0478702 0.138338
116.188 19.104 0.0497944 0.0181124
