278.375 7.18657 4.7851 0.293839
278.375 7.18657 4.7851 0.293839
278.26 7.15817 4.78232 0.0972256
278.279 7.3871 4.77459 0.0305956
278.298 7.52736 4.79289 0.0109604
278.428 7.34886 4.77708 0.125688
278.26 7.15817 4.78232 0.0972256
278.375 7.18657 4.7851 0.293839
278.375 7.18657 4.7851 0.293839
278.26 7.15817 4.78232 0.0972256
278.375 7.18657 4.7851 0.293839
278.428 7.34886 4.77708 0.125688
278.26 7.15817 4.78232 0.0972256
278.375 7.18657 4.7851 0.293839
278.417 7.2245 4.77106 0.0390331
278.507 7.15786 4.77298 0.0347104
278.375 7.18657 4.7851 0.293839
278.299 7.05128 4.77118 0.0217998
278.507 7.15786 4.77298 0.0347104
278.375 7.18657 4.7851 0.293839
278.142 7.52181 4.78376 0.00133685
278.375 7.18657 4.7851 0.293839
278.299 7.05128 4.77118 0.0217998
278.279 7.32288 4.77788 0.115494
278.279 7.32288 4.77788 0.115494
278.375 7.18657 4.7851 0.293839
278.375 7.18657 4.7851 0.293839
278.26 7.15817 4.78232 0.0972256
278.26 7.15817 4.78232 0.0972256
278.375 7.18657 4.7851 0.293839
278.375 7.18657 4.7851 0.293839
278.375 7.18657 4.7851 0.293839
278.446 7.41394 4.77798 0.071323
278.375 7.18657 4.7851 0.293839
278.421 6.97637 4.772 0.00806352
278.279 7.32288 4.77788 0.115494
278.375 7.18657 4.7851 0.293839
278.375 7.18657 4.7851 0.293839
278.466 7.36135 4.77482 0.0446218
278.446 7.41394 4.77798 0.071323
278.375 7.18657 4.7851 0.293839
278.417 7.2245 4.77106 0.0390331
278.279 7.32288 4.77788 0.115494
278.279 7.32288 4.77788 0.115494
278.375 7.18657 4.7851 0.293839
278.26 7.15817 4.78232 0.0972256
278.375 7.18657 4.7851 0.293839
278.327 7.18388 4.76755 0.0142356
278.33 6.99433 4.77355 0.0167138
278.375 7.18657 4.7851 0.293839
278.26 7.15817 4.78232 0.0972256
278.375 7.18657 4.7851 0.293839
278.466 7.36135 4.77482 0.0446218
278.279 7.32288 4.77788 0.115494
278.279 7.32288 4.77788 0.115494
278.375 7.18657 4.7851 0.293839
278.375 7.18657 4.7851 0.293839
278.375 7.18657 4.7851 0.293839
278.428 7.34886 4.77708 0.125688
278.26 7.15817 4.78232 0.0972256
278.279 7.32288 4.77788 0.115494
278.428 7.34886 4.77708 0.125688
278.26 7.15817 4.78232 0.0972256
278.33 6.99433 4.77355 0.0167138
278.375 7.18657 4.7851 0.293839
278.26 7.15817 4.78232 0.0972256
278.215 7.37612 4.76513 0.000614948
278.446 7.41394 4.77798 0.071323
278.421 6.97637 4.772 0.00806352
278.279 7.32288 4.77788 0.115494
278.375 7.18657 4.7851 0.293839
278.417 7.2245 4.77106 0.0390331
278.279 7.32288 4.77788 0.115494
278.375 7.18657 4.7851 0.293839
278.327 7.18388 4.76755 0.0142356
278.507 7.15786 4.77298 0.0347104
278.279 7.32288 4.77788 0.115494
278.375 7.18657 4.7851 0.293839
278.428 7.34886 4.77708 0.125688
278.279 7.32288 4.77788 0.115494
278.375 7.18657 4.7851 0.293839
278.446 7.41394 4.77798 0.071323
278.466 7.36135 4.77482 0.0446218
278.466 7.36135 4.77482 0.0446218
278.279 7.32288 4.77788 0.115494
278.375 7.18657 4.7851 0.293839
278.299 7.05128 4.77118 0.0217998
278.375 7.18657 4.7851 0.293839
278.298 7.52736 4.79289 0.0109604
278.466 7.36135 4.77482 0.0446218
278.26 7.15817 4.78232 0.0972256
278.375 7.18657 4.7851 0.293839
278.298 7.52736 4.79289 0.0109604
278.26 7.15817 4.78232 0.0972256
278.375 7.18657 4.7851 0.293839
278.417 7.2245 4.77106 0.0390331
278.375 7.18657 4.7851 0.293839
278.428 7.34886 4.77708 0.125688
278.428 7.34886 4.77708 0.125688
278.279 7.32288 4.77788 0.115494
