6.0882 -94.9129 3.36559 0.0925994
5.83589 -94.6801 3.36002 0.0154745
6.12683 -94.7654 3.37508 0.0131548
6.12683 -94.7654 3.37508 0.0131548
5.78681 -94.6134 3.36407 0.00949525
5.97351 -94.6907 3.36324 0.0315975
5.80992 -95.2232 3.36336 0.0297357
5.80992 -95.2232 3.36336 0.0297357
5.78898 -94.7672 3.36395 0.0568324
5.90395 -95.1209 3.36328 0.0980393
5.98724 -95.123 3.36294 0.085144
5.90717 -94.8143 3.35532 0.0148725
5.73798 -95.0448 3.35978 0.0984407
6.0882 -94.9129 3.36559 0.0925994
6.10613 -95.0837 3.36567 0.0488107
6.09238 -95.1302 3.3604 0.0354257
5.87905 -94.9839 3.37019 0.0441654
6.08679 -95.0428 3.36008 0.0505585
6.08679 -95.0428 3.36008 0.0505585
5.90395 -95.1209 3.36328 0.0980393
5.98724 -95.123 3.36294 0.085144
6.02342 -94.5633 3.38018 0.000516177
5.90717 -94.8143 3.35532 0.0148725
5.73798 -95.0448 3.35978 0.0984407
6.26543 -94.7909 3.37513 0.00545371
6.12683 -94.7654 3.37508 0.0131548
6.09238 -95.1302 3.3604 0.0354257
6.0829 -94.9238 3.35471 0.00651028
5.78898 -94.7672 3.36395 0.0568324
5.78898 -94.7672 3.36395 0.0568324
5.89166 -95.0084 3.36928 0.0559496
5.89166 -95.0084 3.36928 0.0559496
5.89495 -94.753 3.36735 0.0681225
5.73798 -95.0448 3.35978 0.0984407
6.0882 -94.9129 3.36559 0.0925994
5.53047 -94.7009 3.36499 0.00139006
6.10613 -95.0837 3.36567 0.0488107
5.87905 -94.9839 3.37019 0.0441654
5.96419 -95.1893 3.37284 0.00236402
6.08679 -95.0428 3.36008 0.0505585
5.90395 -95.1209 3.36328 0.0980393
5.89166 -95.0084 3.36928 0.0559496
5.89166 -95.0084 3.36928 0.0559496
5.89495 -94.753 3.36735 0.0681225
6.30638 -94.9904 3.36643 0.00717863
5.90717 -94.8143 3.35532 0.0148725
5.73798 -95.0448 3.35978 0.0984407
5.73798 -95.0448 3.35978 0.0984407
6.10613 -95.0837 3.36567 0.0488107
6.09074 -95.0434 3.35423 0.00721199
5.97351 -94.6907 3.36324 0.0315975
5.89189 -94.8777 3.37309 0.0216372
6.08679 -95.0428 3.36008 0.0505585
5.78898 -94.7672 3.36395 0.0568324
5.89166 -95.0084 3.36928 0.0559496
5.89495 -94.753 3.36735 0.0681225
6.27058 -94.8703 3.36626 0.0127776
5.90717 -94.8143 3.35532 0.0148725
5.73798 -95.0448 3.35978 0.0984407
6.0882 -94.9129 3.36559 0.0925994
6.10613 -95.0837 3.36567 0.0488107
5.87905 -94.9839 3.37019 0.0441654
5.96419 -95.1893 3.37284 0.00236402
6.08679 -95.0428 3.36008 0.0505585
5.78898 -94.7672 3.36395 0.0568324
5.90395 -95.1209 3.36328 0.0980393
5.98724 -95.123 3.36294 0.085144
5.98724 -95.123 3.36294 0.085144
6.30638 -94.9904 3.36643 0.00717863
5.73798 -95.0448 3.35978 0.0984407
5.73798 -95.0448 3.35978 0.0984407
6.12683 -94.7654 3.37508 0.0131548
6.09238 -95.1302 3.3604 0.0354257
6.08679 -95.0428 3.36008 0.0505585
5.90395 -95.1209 3.36328 0.0980393
5.98724 -95.123 3.36294 0.085144
5.98724 -95.123 3.36294 0.085144
5.89495 -94.753 3.36735 0.0681225
5.73798 -95.0448 3.35978 0.0984407
6.22517 -94.7875 3.35936 0.00250971
6.09238 -95.1302 3.3604 0.0354257
5.80992 -95.2232 3.36336 0.0297357
5.78898 -94.7672 3.36395 0.0568324
5.90395 -95.1209 3.36328 0.0980393
5.89166 -95.0084 3.36928 0.0559496
5.98724 -95.123 3.36294 0.085144
5.98724 -95.123 3.36294 0.085144
5.9534 -94.8379 3.35426 0.00898931
5.90717 -94.8143 3.35532 0.0148725
6.0882 -94.9129 3.36559 0.0925994
6.10613 -95.0837 3.36567 0.0488107
6.10613 -95.0837 3.36567 0.0488107
6.10613 -95.0837 3.36567 0.0488107
6.09238 -95.1302 3.3604 0.0354257
5.89189 -94.8777 3.37309 0.0216372
5.90395 -95.1209 3.36328 0.0980393
5.90395 -95.1209 3.36328 0.0980393
5.9534 -94.8379 3.35426 0.00898931
5.73798 -95.0448 3.35978 0.0984407
5.53047 -94.7009 3.36499 0.00139006
