210.038 -10.4506 3.02904 0.182909
210.115 -10.6102 3.03446 0.105149
210.134 -10.5433 3.02383 0.0249343
210.226 -10.3911 3.03067 0.139791
210.308 -10.4852 3.03324 0.156725
210.038 -10.4506 3.02904 0.182909
209.997 -10.3933 3.02544 0.0612062
210.115 -10.6102 3.03446 0.105149
210.226 -10.3911 3.03067 0.139791
210.226 -10.3911 3.03067 0.139791
210.308 -10.4852 3.03324 0.156725
210.363 -10.5737 3.03312 0.0869
209.969 -10.1329 3.02367 0.000537359
210.226 -10.3911 3.03067 0.139791
210.226 -10.3911 3.03067 0.139791
210.226 -10.3911 3.03067 0.139791
210.46 -10.3804 3.03362 0.0138202
210.038 -10.4506 3.02904 0.182909
209.997 -10.3933 3.02544 0.0612062
210.264 -10.5866 3.0298 0.116544
210.308 -10.4852 3.03324 0.156725
210.308 -10.4852 3.03324 0.156725
210.038 -10.4506 3.02904 0.182909
210.038 -10.4506 3.02904 0.182909
210.115 -10.6102 3.03446 0.105149
210.226 -10.3911 3.03067 0.139791
210.308 -10.4852 3.03324 0.156725
210.038 -10.4506 3.02904 0.182909
209.997 -10.3933 3.02544 0.0612062
210.264 -10.5866 3.0298 0.116544
210.264 -10.5866 3.0298 0.116544
210.308 -10.4852 3.03324 0.156725
210.308 -10.4852 3.03324 0.156725
210.308 -10.4852 3.03324 0.156725
210.363 -10.5737 3.03312 0.0869
209.997 -10.3933 3.02544 0.0612062
210.226 -10.3911 3.03067 0.139791
210.308 -10.4852 3.03324 0.156725
210.038 -10.4506 3.02904 0.182909
210.363 -10.5737 3.03312 0.0869
210.363 -10.5737 3.03312 0.0869
210.264 -10.5866 3.0298 0.116544
210.351 -10.671 3.03333 0.0512182
210.308 -10.4852 3.03324 0.156725
210.038 -10.4506 3.02904 0.182909
209.997 -10.3933 3.02544 0.0612062
210.226 -10.3911 3.03067 0.139791
210.038 -10.4506 3.02904 0.182909
210.115 -10.6102 3.03446 0.105149
210.264 -10.5866 3.0298 0.116544
210.351 -10.671 3.03333 0.0512182
210.308 -10.4852 3.03324 0.156725
210.358 -10.8026 3.04074 0.00122103
209.997 -10.3933 3.02544 0.0612062
210.115 -10.6102 3.03446 0.105149
210.226 -10.3911 3.03067 0.139791
210.308 -10.4852 3.03324 0.156725
210.038 -10.4506 3.02904 0.182909
210.363 -10.5737 3.03312 0.0869
210.134 -10.5433 3.02383 0.0249343
210.226 -10.3911 3.03067 0.139791
210.308 -10.4852 3.03324 0.156725
210.038 -10.4506 3.02904 0.182909
209.997 -10.3933 3.02544 0.0612062
210.115 -10.6102 3.03446 0.105149
210.264 -10.5866 3.0298 0.116544
210.226 -10.3911 3.03067 0.139791
210.308 -10.4852 3.03324 0.156725
210.308 -10.4852 3.03324 0.156725
210.363 -10.5737 3.03312 0.0869
210.363 -10.5737 3.03312 0.0869
210.115 -10.6102 3.03446 0.105149
210.264 -10.5866 3.0298 0.116544
210.226 -10.3911 3.03067 0.139791
210.308 -10.4852 3.03324 0.156725
210.038 -10.4506 3.02904 0.182909
210.115 -10.6102 3.03446 0.105149
210.264 -10.5866 3.0298 0.116544
210.226 -10.3911 3.03067 0.139791
210.038 -10.4506 3.02904 0.182909
209.997 -10.3933 3.02544 0.0612062
210.226 -10.3911 3.03067 0.139791
210.226 -10.3911 3.03067 0.139791
210.308 -10.4852 3.03324 0.156725
210.308 -10.4852 3.03324 0.156725
210.038 -10.4506 3.02904 0.182909
210.303 -10.2633 3.03323 0.0195421
210.264 -10.5866 3.0298 0.116544
210.264 -10.5866 3.0298 0.116544
210.264 -10.5866 3.0298 0.116544
210.226 -10.3911 3.03067 0.139791
210.308 -10.4852 3.03324 0.156725
210.038 -10.4506 3.02904 0.182909
210.363 -10.5737 3.03312 0.0869
210.115 -10.6102 3.03446 0.105149
210.115 -10.6102 3.03446 0.105149
210.226 -10.3911 3.03067 0.139791
210.308 -10.4852 3.03324 0.156725
210.308 -10.4852 3.03324 0.156725
210.038 -10.4506 3.02904 0.182909
