33.472 11.059 0.166834 0.106772
33.615 10.9402 0.167763 0.338158
33.472 11.059 0.166834 0.106772
33.4613 11.0417 0.17315 0.19972
33.7202 10.8528 0.165316 0.104933
33.4613 11.0417 0.17315 0.19972
33.472 11.059 0.166834 0.106772
33.4613 11.0417 0.17315 0.19972
33.6745 11.0113 0.171299 0.0334366
33.615 10.9402 0.167763 0.338158
33.3271 10.771 0.169625 0.0411363
33.5775 10.9133 0.176387 0.00438019
33.4613 11.0417 0.17315 0.19972
33.6745 11.0113 0.171299 0.0334366
33.615 10.9402 0.167763 0.338158
33.472 11.059 0.166834 0.106772
33.5652 10.903 0.173819 0.0534728
33.472 11.059 0.166834 0.106772
33.615 10.9402 0.167763 0.338158
33.6745 11.0113 0.171299 0.0334366
33.615 10.9402 0.167763 0.338158
33.4613 11.0417 0.17315 0.19972
33.7202 10.8528 0.165316 0.104933
33.615 10.9402 0.167763 0.338158
33.4613 11.0417 0.17315 0.19972
33.472 11.059 0.166834 0.106772
33.4613 11.0417 0.17315 0.19972
33.472 11.059 0.166834 0.106772
33.615 10.9402 0.167763 0.338158
33.4613 11.0417 0.17315 0.19972
33.615 10.9402 0.167763 0.338158
33.4613 11.0417 0.17315 0.19972
33.6745 11.0113 0.171299 0.0334366
33.472 11.059 0.166834 0.106772
33.5652 10.903 0.173819 0.0534728
33.4613 11.0417 0.17315 0.19972
33.615 10.9402 0.167763 0.338158
33.615 10.9402 0.167763 0.338158
33.7202 10.8528 0.165316 0.104933
33.615 10.9402 0.167763 0.338158
33.4613 11.0417 0.17315 0.19972
33.4866 11.1847 0.171587 0.0249716
33.3197 10.7359 0.171839 0.0199606
33.3271 10.771 0.169625 0.0411363
33.615 10.9402 0.167763 0.338158
33.4613 11.0417 0.17315 0.19972
33.472 11.059 0.166834 0.106772
33.615 10.9402 0.167763 0.338158
33.3271 10.771 0.169625 0.0411363
33.7202 10.8528 0.165316 0.104933
33.615 10.9402 0.167763 0.338158
33.4613 11.0417 0.17315 0.19972
33.472 11.059 0.166834 0.106772
33.615 10.9402 0.167763 0.338158
33.615 10.9402 0.167763 0.338158
33.5652 10.903 0.173819 0.0534728
33.5652 10.903 0.173819 0.0534728
33.4613 11.0417 0.17315 0.19972
33.7202 10.8528 0.165316 0.104933
33.4613 11.0417 0.17315 0.19972
33.615 10.9402 0.167763 0.338158
33.4613 11.0417 0.17315 0.19972
33.4613 11.0417 0.17315 0.19972
33.7202 10.8528 0.165316 0.104933
33.4613 11.0417 0.17315 0.19972
33.4615 10.6534 0.168092 0.0134787
33.612 11.0112 0.174518 0.0143482
33.7202 10.8528 0.165316 0.104933
33.615 10.9402 0.167763 0.338158
33.5652 10.903 0.173819 0.0534728
33.7202 10.8528 0.165316 0.104933
33.4613 11.0417 0.17315 0.19972
33.4613 11.0417 0.17315 0.19972
33.7202 10.8528 0.165316 0.104933
33.5652 10.903 0.173819 0.0534728
33.4613 11.0417 0.17315 0.19972
33.7202 10.8528 0.165316 0.104933
33.4613 11.0417 0.17315 0.19972
33.472 11.059 0.166834 0.106772
33.615 10.9402 0.167763 0.338158
33.4613 11.0417 0.17315 0.19972
33.4866 11.1847 0.171587 0.0249716
33.615 10.9402 0.167763 0.338158
33.4615 10.6534 0.168092 0.0134787
33.615 10.9402 0.167763 0.338158
33.472 11.059 0.166834 0.106772
33.5652 10.903 0.173819 0.0534728
33.4613 11.0417 0.17315 0.19972
33.4866 11.1847 0.171587 0.0249716
33.4866 11.1847 0.171587 0.0249716
33.7202 10.8528 0.165316 0.104933
33.7202 10.8528 0.165316 0.104933
33.615 10.9402 0.167763 0.338158
33.5652 10.903 0.173819 0.0534728
33.472 11.059 0.166834 0.106772
33.615 10.9402 0.167763 0.338158
33.3271 10.771 0.169625 0.0411363
33.615 10.9402 0.167763 0.338158
33.615 10.9402 0.167763 0.338158
33.4613 11.0417 0.17315 0.19972
