-38.6893 -35.8758 1.345 0.0263483
-38.762 -35.5423 1.34229 0.226163
-38.8869 -35.6844 1.34596 0.131543
-38.6893 -35.8758 1.345 0.0263483
-38.8666 -35.662 1.34589 0.155679
-38.8666 -35.662 1.34589 0.155679
-38.8666 -35.662 1.34589 0.155679
-38.8869 -35.6844 1.34596 0.131543
-38.6265 -35.7016 1.34333 0.076099
-38.8371 -35.7232 1.33999 0.0757991
-38.762 -35.5423 1.34229 0.226163
-38.8869 -35.6844 1.34596 0.131543
-38.8371 -35.7232 1.33999 0.0757991
-38.762 -35.5423 1.34229 0.226163
-38.9831 -35.596 1.34112 0.0706883
-38.8666 -35.662 1.34589 0.155679
-38.7434 -35.6638 1.33907 0.0863344
-38.762 -35.5423 1.34229 0.226163
-38.8666 -35.662 1.34589 0.155679
-38.8666 -35.662 1.34589 0.155679
-38.8869 -35.6844 1.34596 0.131543
-38.7434 -35.6638 1.33907 0.0863344
-38.762 -35.5423 1.34229 0.226163
-38.8666 -35.662 1.34589 0.155679
-38.8869 -35.6844 1.34596 0.131543
-38.6893 -35.8758 1.345 0.0263483
-38.762 -35.5423 1.34229 0.226163
-38.762 -35.5423 1.34229 0.226163
-38.762 -35.5423 1.34229 0.226163
-38.8666 -35.662 1.34589 0.155679
-38.8371 -35.7232 1.33999 0.0757991
-38.6987 -35.437 1.34469 0.0323414
-38.762 -35.5423 1.34229 0.226163
-38.9831 -35.596 1.34112 0.0706883
-38.7434 -35.6638 1.33907 0.0863344
-38.6893 -35.8758 1.345 0.0263483
-38.762 -35.5423 1.34229 0.226163
-38.8582 -35.4127 1.33525 0.042932
-38.8869 -35.6844 1.34596 0.131543
-38.8371 -35.7232 1.33999 0.0757991
-38.762 -35.5423 1.34229 0.226163
-38.762 -35.5423 1.34229 0.226163
-38.8666 -35.662 1.34589 0.155679
-38.8666 -35.662 1.34589 0.155679
-38.8371 -35.7232 1.33999 0.0757991
-38.8582 -35.4127 1.33525 0.042932
-38.8666 -35.662 1.34589 0.155679
-38.8869 -35.6844 1.34596 0.131543
-38.8371 -35.7232 1.33999 0.0757991
-38.8582 -35.4127 1.33525 0.042932
-38.8666 -35.662 1.34589 0.155679
-38.7434 -35.6638 1.33907 0.0863344
-38.762 -35.5423 1.34229 0.226163
-38.8582 -35.4127 1.33525 0.042932
-38.8666 -35.662 1.34589 0.155679
-38.7434 -35.6638 1.33907 0.0863344
-38.8582 -35.4127 1.33525 0.042932
-38.8582 -35.4127 1.33525 0.042932
-38.8666 -35.662 1.34589 0.155679
-38.6265 -35.7016 1.34333 0.076099
-38.7434 -35.6638 1.33907 0.0863344
-38.762 -35.5423 1.34229 0.226163
-38.8666 -35.662 1.34589 0.155679
-38.6987 -35.437 1.34469 0.0323414
-38.6987 -35.437 1.34469 0.0323414
-38.5634 -35.5854 1.34776 0.0146237
-38.762 -35.5423 1.34229 0.226163
-38.9831 -35.596 1.34112 0.0706883
-38.6265 -35.7016 1.34333 0.076099
-38.6265 -35.7016 1.34333 0.076099
-38.762 -35.5423 1.34229 0.226163
-38.8666 -35.662 1.34589 0.155679
-38.8666 -35.662 1.34589 0.155679
-38.8869 -35.6844 1.34596 0.131543
-38.762 -35.5423 1.34229 0.226163
-38.8666 -35.662 1.34589 0.155679
-38.8666 -35.662 1.34589 0.155679
-38.8666 -35.662 1.34589 0.155679
-38.8869 -35.6844 1.34596 0.131543
-38.762 -35.5423 1.34229 0.226163
-38.762 -35.5423 1.34229 0.226163
-38.9831 -35.596 1.34112 0.0706883
-38.8869 -35.6844 1.34596 0.131543
-38.7434 -35.6638 1.33907 0.0863344
-38.8371 -35.7232 1.33999 0.0757991
-38.762 -35.5423 1.34229 0.226163
-38.762 -35.5423 1.34229 0.226163
-38.8582 -35.4127 1.33525 0.042932
-38.87 -35.2895 1.33627 0.014941
-38.8869 -35.6844 1.34596 0.131543
-38.8371 -35.7232 1.33999 0.0757991
-38.762 -35.5423 1.34229 0.226163
-38.9831 -35.596 1.34112 0.0706883
-38.9831 -35.596 1.34112 0.0706883
-38.8869 -35.6844 1.34596 0.131543
-38.7434 -35.6638 1.33907 0.0863344
-38.5634 -35.5854 1.34776 0.0146237
-38.762 -35.5423 1.34229 0.226163
-38.9831 -35.596 1.34112 0.0706883
-38.8666 -35.662 1.34589 0.155679
