-27.7911 -13.4788 0.910408 0.267693
-27.7911 -13.4788 0.910408 0.267693
-27.6804 -13.7331 0.908984 0.0179092
-27.8932 -13.4391 0.908817 0.135976
-27.8241 -13.41 0.912995 0.0342359
-27.7911 -13.4788 0.910408 0.267693
-27.6868 -13.4219 0.905887 0.181927
-27.8266 -13.3881 0.907459 0.177486
-27.7911 -13.4788 0.910408 0.267693
-27.7911 -13.4788 0.910408 0.267693
-27.7098 -13.474 0.904751 0.138294
-27.7911 -13.4788 0.910408 0.267693
-27.8373 -13.613 0.905574 0.035964
-27.7098 -13.474 0.904751 0.138294
-27.8266 -13.3881 0.907459 0.177486
-27.7911 -13.4788 0.910408 0.267693
-27.6868 -13.4219 0.905887 0.181927
-27.8266 -13.3881 0.907459 0.177486
-27.8266 -13.3881 0.907459 0.177486
-27.7911 -13.4788 0.910408 0.267693
-27.8932 -13.4391 0.908817 0.135976
-27.6868 -13.4219 0.905887 0.181927
-27.8266 -13.3881 0.907459 0.177486
-27.8932 -13.4391 0.908817 0.135976
-27.8266 -13.3881 0.907459 0.177486
-27.7911 -13.4788 0.910408 0.267693
-27.8932 -13.4391 0.908817 0.135976
-27.7101 -13.5201 0.900322 0.00285556
-27.8266 -13.3881 0.907459 0.177486
-27.7911 -13.4788 0.910408 0.267693
-27.6868 -13.4219 0.905887 0.181927
-27.7098 -13.474 0.904751 0.138294
-27.8266 -13.3881 0.907459 0.177486
-27.7911 -13.4788 0.910408 0.267693
-27.7911 -13.4788 0.910408 0.267693
-28.0924 -13.5423 0.911347 0.00236151
-27.8266 -13.3881 0.907459 0.177486
-27.8932 -13.4391 0.908817 0.135976
-27.8932 -13.4391 0.908817 0.135976
-27.6868 -13.4219 0.905887 0.181927
-27.7098 -13.474 0.904751 0.138294
-27.7911 -13.4788 0.910408 0.267693
-27.8932 -13.4391 0.908817 0.135976
-27.6868 -13.4219 0.905887 0.181927
-27.7911 -13.4788 0.910408 0.267693
-27.8932 -13.4391 0.908817 0.135976
-27.6868 -13.4219 0.905887 0.181927
-27.8266 -13.3881 0.907459 0.177486
-27.8932 -13.4391 0.908817 0.135976
-27.7098 -13.474 0.904751 0.138294
-27.7911 -13.4788 0.910408 0.267693
-27.6804 -13.7331 0.908984 0.0179092
-27.6868 -13.4219 0.905887 0.181927
-27.6868 -13.4219 0.905887 0.181927
-27.8266 -13.3881 0.907459 0.177486
-27.8266 -13.3881 0.907459 0.177486
-27.7911 -13.4788 0.910408 0.267693
-27.8932 -13.4391 0.908817 0.135976
-27.6868 -13.4219 0.905887 0.181927
-27.8266 -13.3881 0.907459 0.177486
-27.8373 -13.613 0.905574 0.035964
-27.6804 -13.7331 0.908984 0.0179092
-27.6868 -13.4219 0.905887 0.181927
-27.7911 -13.4788 0.910408 0.267693
-27.7911 -13.4788 0.910408 0.267693
-27.7911 -13.4788 0.910408 0.267693
-27.8932 -13.4391 0.908817 0.135976
-27.6868 -13.4219 0.905887 0.181927
-27.6868 -13.4219 0.905887 0.181927
-27.8266 -13.3881 0.907459 0.177486
-27.7911 -13.4788 0.910408 0.267693
-27.6868 -13.4219 0.905887 0.181927
-27.8266 -13.3881 0.907459 0.177486
-27.8266 -13.3881 0.907459 0.177486
-27.8266 -13.3881 0.907459 0.177486
-27.7911 -13.4788 0.910408 0.267693
-27.6868 -13.4219 0.905887 0.181927
-27.6868 -13.4219 0.905887 0.181927
-27.8266 -13.3881 0.907459 0.177486
-27.7911 -13.4788 0.910408 0.267693
-27.7098 -13.474 0.904751 0.138294
-27.8266 -13.3881 0.907459 0.177486
-27.7911 -13.4788 0.910408 0.267693
-27.6868 -13.4219 0.905887 0.181927
-27.8266 -13.3881 0.907459 0.177486
-27.8932 -13.4391 0.908817 0.135976
-27.8241 -13.41 0.912995 0.0342359
-27.7911 -13.4788 0.910408 0.267693
-27.6868 -13.4219 0.905887 0.181927
-27.8266 -13.3881 0.907459 0.177486
-27.8932 -13.4391 0.908817 0.135976
-27.8932 -13.4391 0.908817 0.135976
-27.6868 -13.4219 0.905887 0.181927
-27.8266 -13.3881 0.907459 0.177486
-27.7911 -13.4788 0.910408 0.267693
-27.8932 -13.4391 0.908817 0.135976
-27.7098 -13.474 0.904751 0.138294
-27.8266 -13.3881 0.907459 0.177486
-27.7911 -13.4788 0.910408 0.267693
-27.8932 -13.4391 0.908817 0.135976
