6.89176 -93.3755 3.41937 0.0891879
7.16901 -93.4462 3.4207 0.0582918
6.79737 -93.907 3.40913 0.00610274
7.09517 -93.5156 3.41875 0.0969168
7.09517 -93.5156 3.41875 0.0969168
7.20047 -93.4347 3.4131 0.0581664
6.94849 -93.6205 3.4066 0.09737
7.25986 -93.3977 3.41621 0.0373624
6.81272 -93.7278 3.40012 0.0118438
6.92603 -93.5798 3.41099 0.195854
7.07235 -93.5721 3.42305 0.0167064
6.94897 -93.4856 3.40544 0.0612588
6.89176 -93.3755 3.41937 0.0891879
7.25986 -93.3977 3.41621 0.0373624
7.09517 -93.5156 3.41875 0.0969168
7.20047 -93.4347 3.4131 0.0581664
7.20047 -93.4347 3.4131 0.0581664
7.25986 -93.3977 3.41621 0.0373624
7.16901 -93.4462 3.4207 0.0582918
6.92603 -93.5798 3.41099 0.195854
7.05626 -93.23 3.41556 0.0653481
6.94849 -93.6205 3.4066 0.09737
6.89176 -93.3755 3.41937 0.0891879
6.92603 -93.5798 3.41099 0.195854
6.92603 -93.5798 3.41099 0.195854
7.05626 -93.23 3.41556 0.0653481
6.65099 -93.8024 3.40528 0.00982632
7.23244 -93.2848 3.4115 0.0111429
6.92603 -93.5798 3.41099 0.195854
6.92603 -93.5798 3.41099 0.195854
7.09517 -93.5156 3.41875 0.0969168
6.94849 -93.6205 3.4066 0.09737
7.25986 -93.3977 3.41621 0.0373624
6.92603 -93.5798 3.41099 0.195854
7.09517 -93.5156 3.41875 0.0969168
7.09517 -93.5156 3.41875 0.0969168
6.94849 -93.6205 3.4066 0.09737
6.94849 -93.6205 3.4066 0.09737
7.25986 -93.3977 3.41621 0.0373624
6.92603 -93.5798 3.41099 0.195854
7.05626 -93.23 3.41556 0.0653481
6.94849 -93.6205 3.4066 0.09737
7.25986 -93.3977 3.41621 0.0373624
6.92603 -93.5798 3.41099 0.195854
6.75294 -93.8357 3.40633 0.0155102
7.21006 -93.3835 3.4069 0.00587494
6.89176 -93.3755 3.41937 0.0891879
7.16901 -93.4462 3.4207 0.0582918
7.09517 -93.5156 3.41875 0.0969168
7.20047 -93.4347 3.4131 0.0581664
6.89176 -93.3755 3.41937 0.0891879
6.89176 -93.3755 3.41937 0.0891879
6.92603 -93.5798 3.41099 0.195854
7.05626 -93.23 3.41556 0.0653481
6.94849 -93.6205 3.4066 0.09737
7.25986 -93.3977 3.41621 0.0373624
6.92603 -93.5798 3.41099 0.195854
7.09517 -93.5156 3.41875 0.0969168
6.94849 -93.6205 3.4066 0.09737
6.94849 -93.6205 3.4066 0.09737
6.89176 -93.3755 3.41937 0.0891879
6.89176 -93.3755 3.41937 0.0891879
6.92603 -93.5798 3.41099 0.195854
6.92603 -93.5798 3.41099 0.195854
7.09517 -93.5156 3.41875 0.0969168
6.8616 -93.4477 3.40593 0.0674234
6.94849 -93.6205 3.4066 0.09737
6.88842 -93.1786 3.41862 0.032431
6.79737 -93.907 3.40913 0.00610274
7.09517 -93.5156 3.41875 0.0969168
7.07235 -93.5721 3.42305 0.0167064
6.8616 -93.4477 3.40593 0.0674234
6.94849 -93.6205 3.4066 0.09737
6.94849 -93.6205 3.4066 0.09737
7.25986 -93.3977 3.41621 0.0373624
6.92603 -93.5798 3.41099 0.195854
7.05626 -93.23 3.41556 0.0653481
6.8616 -93.4477 3.40593 0.0674234
6.89176 -93.3755 3.41937 0.0891879
6.92603 -93.5798 3.41099 0.195854
7.05626 -93.23 3.41556 0.0653481
6.94849 -93.6205 3.4066 0.09737
6.94897 -93.4856 3.40544 0.0612588
6.61477 -93.7684 3.41501 0.00152462
6.92603 -93.5798 3.41099 0.195854
6.92603 -93.5798 3.41099 0.195854
7.28801 -93.507 3.41075 0.0120552
6.94849 -93.6205 3.4066 0.09737
6.89176 -93.3755 3.41937 0.0891879
7.25986 -93.3977 3.41621 0.0373624
6.79737 -93.907 3.40913 0.00610274
6.84892 -93.0733 3.40944 0.00164779
6.92603 -93.5798 3.41099 0.195854
6.75294 -93.8357 3.40633 0.0155102
6.94849 -93.6205 3.4066 0.09737
7.16901 -93.4462 3.4207 0.0582918
7.09517 -93.5156 3.41875 0.0969168
6.75294 -93.8357 3.40633 0.0155102
6.94897 -93.4856 3.40544 0.0612588
6.92603 -93.5798 3.41099 0.195854
