22.9329 -87.6633 3.77906 0.233483
23.0304 -87.7181 3.77974 0.156831
22.8725 -87.492 3.77851 0.116575
22.9329 -87.6633 3.77906 0.233483
23.0304 -87.7181 3.77974 0.156831
22.9655 -87.3752 3.77578 0.0521926
23.099 -87.3846 3.77529 0.014889
22.9329 -87.6633 3.77906 0.233483
23.0304 -87.7181 3.77974 0.156831
22.8725 -87.492 3.77851 0.116575
22.8441 -87.784 3.77201 0.0474604
22.9329 -87.6633 3.77906 0.233483
23.1629 -87.7509 3.78272 0.028452
22.9153 -87.48 3.78029 0.0551171
22.9386 -87.5261 3.7816 0.0452289
23.1462 -87.5898 3.77641 0.0596913
22.9329 -87.6633 3.77906 0.233483
23.0304 -87.7181 3.77974 0.156831
22.9153 -87.48 3.78029 0.0551171
23.1462 -87.5898 3.77641 0.0596913
23.0304 -87.7181 3.77974 0.156831
22.8725 -87.492 3.77851 0.116575
22.9329 -87.6633 3.77906 0.233483
23.0304 -87.7181 3.77974 0.156831
23.0304 -87.7181 3.77974 0.156831
22.8725 -87.492 3.77851 0.116575
22.8725 -87.492 3.77851 0.116575
22.9329 -87.6633 3.77906 0.233483
23.0304 -87.7181 3.77974 0.156831
23.033 -87.8291 3.78164 0.0259398
22.8441 -87.784 3.77201 0.0474604
22.9329 -87.6633 3.77906 0.233483
22.9153 -87.48 3.78029 0.0551171
22.8725 -87.492 3.77851 0.116575
22.9329 -87.6633 3.77906 0.233483
23.0304 -87.7181 3.77974 0.156831
23.0537 -87.3311 3.77825 0.0103224
22.9153 -87.48 3.78029 0.0551171
22.8725 -87.492 3.77851 0.116575
22.9329 -87.6633 3.77906 0.233483
23.0304 -87.7181 3.77974 0.156831
23.2855 -87.7833 3.78572 0.00209473
22.9329 -87.6633 3.77906 0.233483
23.0304 -87.7181 3.77974 0.156831
22.9386 -87.5261 3.7816 0.0452289
22.8725 -87.492 3.77851 0.116575
23.1462 -87.5898 3.77641 0.0596913
22.9329 -87.6633 3.77906 0.233483
23.0304 -87.7181 3.77974 0.156831
22.9386 -87.5261 3.7816 0.0452289
22.8725 -87.492 3.77851 0.116575
22.8725 -87.492 3.77851 0.116575
23.1462 -87.5898 3.77641 0.0596913
22.9329 -87.6633 3.77906 0.233483
23.0304 -87.7181 3.77974 0.156831
22.9153 -87.48 3.78029 0.0551171
22.9386 -87.5261 3.7816 0.0452289
22.9329 -87.6633 3.77906 0.233483
22.9655 -87.3752 3.77578 0.0521926
22.8725 -87.492 3.77851 0.116575
22.8725 -87.492 3.77851 0.116575
23.1462 -87.5898 3.77641 0.0596913
23.0304 -87.7181 3.77974 0.156831
22.9386 -87.5261 3.7816 0.0452289
22.8725 -87.492 3.77851 0.116575
23.0304 -87.7181 3.77974 0.156831
22.9386 -87.5261 3.7816 0.0452289
22.8725 -87.492 3.77851 0.116575
23.0304 -87.7181 3.77974 0.156831
23.033 -87.8291 3.78164 0.0259398
22.9655 -87.3752 3.77578 0.0521926
23.2216 -87.7296 3.7772 0.0104694
22.8725 -87.492 3.77851 0.116575
22.8725 -87.492 3.77851 0.116575
22.9329 -87.6633 3.77906 0.233483
23.0304 -87.7181 3.77974 0.156831
22.923 -87.8545 3.78094 0.014365
22.843 -87.8135 3.77244 0.0342095
22.9329 -87.6633 3.77906 0.233483
23.0304 -87.7181 3.77974 0.156831
22.8725 -87.492 3.77851 0.116575
23.0132 -87.4957 3.78317 0.0170952
22.667 -87.6615 3.76564 0.00479271
22.9329 -87.6633 3.77906 0.233483
22.9153 -87.48 3.78029 0.0551171
22.9329 -87.6633 3.77906 0.233483
22.923 -87.8545 3.78094 0.014365
22.8725 -87.492 3.77851 0.116575
23.1462 -87.5898 3.77641 0.0596913
22.9329 -87.6633 3.77906 0.233483
22.9329 -87.6633 3.77906 0.233483
23.2024 -87.677 3.7841 0.0178946
22.9655 -87.3752 3.77578 0.0521926
22.843 -87.8135 3.77244 0.0342095
23.0132 -87.4957 3.78317 0.0170952
23.0304 -87.7181 3.77974 0.156831
22.9153 -87.48 3.78029 0.0551171
23.0132 -87.4957 3.78317 0.0170952
23.0304 -87.7181 3.77974 0.156831
22.9153 -87.48 3.78029 0.0551171
