184.292 24.3233 0.0766349 0.128464
184.215 24.1576 0.0749248 0.0803414
184.335 24.2311 0.0751548 0.206345
184.35 24.3346 0.0685954 0.304195
184.579 24.3179 0.0653782 0.0267817
184.436 24.1986 0.0640838 0.0178948
184.335 24.2311 0.0751548 0.206345
184.467 24.5224 0.0709906 0.0324127
184.35 24.3346 0.0685954 0.304195
184.565 24.2074 0.0671773 0.0276516
184.292 24.3233 0.0766349 0.128464
184.335 24.2311 0.0751548 0.206345
184.35 24.3346 0.0685954 0.304195
184.565 24.2074 0.0671773 0.0276516
184.292 24.3233 0.0766349 0.128464
184.436 24.1986 0.0640838 0.0178948
184.421 24.5176 0.0704607 0.0543579
184.579 24.3179 0.0653782 0.0267817
184.335 24.2311 0.0751548 0.206345
184.335 24.2311 0.0751548 0.206345
184.335 24.2311 0.0751548 0.206345
184.467 24.5224 0.0709906 0.0324127
184.35 24.3346 0.0685954 0.304195
184.35 24.3346 0.0685954 0.304195
184.579 24.3179 0.0653782 0.0267817
184.335 24.2311 0.0751548 0.206345
184.35 24.3346 0.0685954 0.304195
184.292 24.3233 0.0766349 0.128464
184.292 24.3233 0.0766349 0.128464
184.335 24.2311 0.0751548 0.206345
184.335 24.2311 0.0751548 0.206345
184.35 24.3346 0.0685954 0.304195
184.207 24.5252 0.0675674 0.0102048
184.35 24.3346 0.0685954 0.304195
184.577 24.2917 0.0745212 0.014172
184.335 24.2311 0.0751548 0.206345
184.35 24.3346 0.0685954 0.304195
184.35 24.3346 0.0685954 0.304195
184.215 24.1576 0.0749248 0.0803414
184.335 24.2311 0.0751548 0.206345
184.292 24.3233 0.0766349 0.128464
184.421 24.5176 0.0704607 0.0543579
184.35 24.3346 0.0685954 0.304195
184.35 24.3346 0.0685954 0.304195
184.421 24.5176 0.0704607 0.0543579
184.335 24.2311 0.0751548 0.206345
184.292 24.3233 0.0766349 0.128464
184.516 24.2317 0.0650641 0.0301969
184.335 24.2311 0.0751548 0.206345
184.292 24.3233 0.0766349 0.128464
184.421 24.5176 0.0704607 0.0543579
184.335 24.2311 0.0751548 0.206345
184.35 24.3346 0.0685954 0.304195
184.292 24.3233 0.0766349 0.128464
184.292 24.3233 0.0766349 0.128464
184.335 24.2311 0.0751548 0.206345
184.579 24.3179 0.0653782 0.0267817
184.335 24.2311 0.0751548 0.206345
184.35 24.3346 0.0685954 0.304195
184.181 24.507 0.0721652 0.0216034
184.292 24.3233 0.0766349 0.128464
184.335 24.2311 0.0751548 0.206345
184.292 24.3233 0.0766349 0.128464
184.436 24.1986 0.0640838 0.0178948
184.335 24.2311 0.0751548 0.206345
184.35 24.3346 0.0685954 0.304195
184.516 24.2317 0.0650641 0.0301969
184.335 24.2311 0.0751548 0.206345
184.35 24.3346 0.0685954 0.304195
184.35 24.3346 0.0685954 0.304195
184.565 24.2074 0.0671773 0.0276516
184.215 24.1576 0.0749248 0.0803414
184.421 24.5176 0.0704607 0.0543579
184.35 24.3346 0.0685954 0.304195
184.181 24.507 0.0721652 0.0216034
184.292 24.3233 0.0766349 0.128464
184.335 24.2311 0.0751548 0.206345
184.292 24.3233 0.0766349 0.128464
184.215 24.1576 0.0749248 0.0803414
184.35 24.3346 0.0685954 0.304195
184.215 24.1576 0.0749248 0.0803414
184.215 24.1576 0.0749248 0.0803414
184.335 24.2311 0.0751548 0.206345
184.35 24.3346 0.0685954 0.304195
184.436 24.1986 0.0640838 0.0178948
184.35 24.3346 0.0685954 0.304195
184.579 24.3179 0.0653782 0.0267817
184.292 24.3233 0.0766349 0.128464
184.436 24.1986 0.0640838 0.0178948
184.516 24.2317 0.0650641 0.0301969
184.335 24.2311 0.0751548 0.206345
184.565 24.2074 0.0671773 0.0276516
184.516 24.2317 0.0650641 0.0301969
184.533 24.2066 0.0634739 0.00806202
184.35 24.3346 0.0685954 0.304195
184.516 24.2317 0.0650641 0.0301969
184.35 24.3346 0.0685954 0.304195
184.35 24.3346 0.0685954 0.304195
184.292 24.3233 0.0766349 0.128464
184.215 24.1576 0.0749248 0.0803414
