267.664 25.2989 5.71488 0.151014
267.853 25.3418 5.72212 0.143317
267.675 25.1971 5.72906 0.0278364
267.752 25.2079 5.72601 0.0999383
267.752 25.2079 5.72601 0.0999383
267.694 25.4185 5.71145 0.0262256
267.797 25.3631 5.72519 0.0689966
267.999 25.2399 5.71329 0.101747
267.664 25.2989 5.71488 0.151014
267.853 25.3418 5.72212 0.143317
267.752 25.2079 5.72601 0.0999383
267.936 25.0518 5.7095 0.0240281
267.664 25.2989 5.71488 0.151014
267.853 25.3418 5.72212 0.143317
267.853 25.3418 5.72212 0.143317
267.752 25.2079 5.72601 0.0999383
267.797 25.3631 5.72519 0.0689966
267.797 25.3631 5.72519 0.0689966
267.664 25.2989 5.71488 0.151014
267.58 25.3413 5.72705 0.0244007
267.853 25.3418 5.72212 0.143317
267.631 25.1762 5.72084 0.143491
267.752 25.2079 5.72601 0.0999383
267.933 25.1934 5.72635 0.0113173
267.999 25.2399 5.71329 0.101747
267.664 25.2989 5.71488 0.151014
267.664 25.2989 5.71488 0.151014
267.631 25.1762 5.72084 0.143491
267.752 25.2079 5.72601 0.0999383
267.671 25.0925 5.71475 0.0649741
267.999 25.2399 5.71329 0.101747
267.853 25.3418 5.72212 0.143317
267.853 25.3418 5.72212 0.143317
267.675 25.1971 5.72906 0.0278364
267.752 25.2079 5.72601 0.0999383
267.797 25.3631 5.72519 0.0689966
268.025 25.2749 5.72164 0.0145359
267.999 25.2399 5.71329 0.101747
267.853 25.3418 5.72212 0.143317
267.853 25.3418 5.72212 0.143317
267.752 25.2079 5.72601 0.0999383
267.671 25.0925 5.71475 0.0649741
267.999 25.2399 5.71329 0.101747
267.853 25.3418 5.72212 0.143317
267.853 25.3418 5.72212 0.143317
267.752 25.2079 5.72601 0.0999383
267.933 25.1934 5.72635 0.0113173
267.664 25.2989 5.71488 0.151014
267.631 25.1762 5.72084 0.143491
267.631 25.1762 5.72084 0.143491
267.749 25.0614 5.72431 0.0390251
267.749 25.0614 5.72431 0.0390251
267.999 25.2399 5.71329 0.101747
267.664 25.2989 5.71488 0.151014
267.853 25.3418 5.72212 0.143317
267.853 25.3418 5.72212 0.143317
267.675 25.1971 5.72906 0.0278364
267.749 25.0614 5.72431 0.0390251
267.797 25.3631 5.72519 0.0689966
267.664 25.2989 5.71488 0.151014
267.58 25.3413 5.72705 0.0244007
267.631 25.1762 5.72084 0.143491
267.631 25.1762 5.72084 0.143491
267.675 25.1971 5.72906 0.0278364
267.671 25.0925 5.71475 0.0649741
267.999 25.2399 5.71329 0.101747
267.664 25.2989 5.71488 0.151014
267.664 25.2989 5.71488 0.151014
267.853 25.3418 5.72212 0.143317
267.853 25.3418 5.72212 0.143317
267.752 25.2079 5.72601 0.0999383
267.752 25.2079 5.72601 0.0999383
267.797 25.3631 5.72519 0.0689966
267.797 25.3631 5.72519 0.0689966
267.999 25.2399 5.71329 0.101747
267.664 25.2989 5.71488 0.151014
267.853 25.3418 5.72212 0.143317
267.631 25.1762 5.72084 0.143491
267.694 25.4185 5.71145 0.0262256
267.999 25.2399 5.71329 0.101747
267.999 25.2399 5.71329 0.101747
267.58 25.3413 5.72705 0.0244007
267.853 25.3418 5.72212 0.143317
267.853 25.3418 5.72212 0.143317
267.853 25.3418 5.72212 0.143317
267.752 25.2079 5.72601 0.0999383
267.752 25.2079 5.72601 0.0999383
267.749 25.0614 5.72431 0.0390251
267.797 25.3631 5.72519 0.0689966
267.936 25.0518 5.7095 0.0240281
267.664 25.2989 5.71488 0.151014
267.631 25.1762 5.72084 0.143491
267.749 25.0614 5.72431 0.0390251
267.797 25.3631 5.72519 0.0689966
267.999 25.2399 5.71329 0.101747
267.999 25.2399 5.71329 0.101747
267.664 25.2989 5.71488 0.151014
267.853 25.3418 5.72212 0.143317
267.853 25.3418 5.72212 0.143317
267.631 25.1762 5.72084 0.143491
