220.499 -12.4918 2.9393 0.189911
220.499 -12.4918 2.9393 0.189911
220.649 -12.7002 2.94085 0.221559
220.83 -12.4343 2.94469 0.10212
220.597 -12.7421 2.94868 0.012692
220.499 -12.4918 2.9393 0.189911
220.649 -12.7002 2.94085 0.221559
220.649 -12.7002 2.94085 0.221559
220.649 -12.7002 2.94085 0.221559
220.446 -12.6232 2.94058 0.153616
220.446 -12.6232 2.94058 0.153616
220.689 -12.7403 2.94707 0.0721135
220.499 -12.4918 2.9393 0.189911
220.649 -12.7002 2.94085 0.221559
220.619 -12.5422 2.93818 0.158199
220.689 -12.7403 2.94707 0.0721135
220.499 -12.4918 2.9393 0.189911
220.83 -12.4343 2.94469 0.10212
220.446 -12.6232 2.94058 0.153616
220.499 -12.4918 2.9393 0.189911
220.499 -12.4918 2.9393 0.189911
220.649 -12.7002 2.94085 0.221559
220.619 -12.5422 2.93818 0.158199
220.619 -12.5422 2.93818 0.158199
220.446 -12.6232 2.94058 0.153616
220.499 -12.4918 2.9393 0.189911
220.784 -12.3809 2.93817 0.00649851
220.649 -12.7002 2.94085 0.221559
220.619 -12.5422 2.93818 0.158199
220.446 -12.6232 2.94058 0.153616
220.321 -12.4087 2.94184 0.0056849
220.619 -12.5422 2.93818 0.158199
220.619 -12.5422 2.93818 0.158199
220.499 -12.4918 2.9393 0.189911
220.499 -12.4918 2.9393 0.189911
220.649 -12.7002 2.94085 0.221559
220.83 -12.4343 2.94469 0.10212
220.446 -12.6232 2.94058 0.153616
220.499 -12.4918 2.9393 0.189911
220.499 -12.4918 2.9393 0.189911
220.649 -12.7002 2.94085 0.221559
220.619 -12.5422 2.93818 0.158199
220.689 -12.7403 2.94707 0.0721135
220.499 -12.4918 2.9393 0.189911
220.649 -12.7002 2.94085 0.221559
220.619 -12.5422 2.93818 0.158199
220.446 -12.6232 2.94058 0.153616
220.689 -12.7403 2.94707 0.0721135
220.499 -12.4918 2.9393 0.189911
220.321 -12.4087 2.94184 0.0056849
220.649 -12.7002 2.94085 0.221559
220.83 -12.4343 2.94469 0.10212
220.446 -12.6232 2.94058 0.153616
220.499 -12.4918 2.9393 0.189911
220.619 -12.5422 2.93818 0.158199
220.446 -12.6232 2.94058 0.153616
220.689 -12.7403 2.94707 0.0721135
220.689 -12.7403 2.94707 0.0721135
220.499 -12.4918 2.9393 0.189911
220.619 -12.5422 2.93818 0.158199
220.689 -12.7403 2.94707 0.0721135
220.649 -12.7002 2.94085 0.221559
220.83 -12.4343 2.94469 0.10212
220.619 -12.5422 2.93818 0.158199
220.619 -12.5422 2.93818 0.158199
220.499 -12.4918 2.9393 0.189911
220.499 -12.4918 2.9393 0.189911
220.649 -12.7002 2.94085 0.221559
220.649 -12.7002 2.94085 0.221559
220.83 -12.4343 2.94469 0.10212
220.619 -12.5422 2.93818 0.158199
220.806 -12.7484 2.93965 0.014154
220.499 -12.4918 2.9393 0.189911
220.499 -12.4918 2.9393 0.189911
220.649 -12.7002 2.94085 0.221559
220.446 -12.6232 2.94058 0.153616
220.689 -12.7403 2.94707 0.0721135
220.649 -12.7002 2.94085 0.221559
220.619 -12.5422 2.93818 0.158199
220.446 -12.6232 2.94058 0.153616
220.446 -12.6232 2.94058 0.153616
220.499 -12.4918 2.9393 0.189911
220.649 -12.7002 2.94085 0.221559
220.83 -12.4343 2.94469 0.10212
220.446 -12.6232 2.94058 0.153616
220.597 -12.7421 2.94868 0.012692
220.499 -12.4918 2.9393 0.189911
220.83 -12.4343 2.94469 0.10212
220.446 -12.6232 2.94058 0.153616
220.649 -12.7002 2.94085 0.221559
220.649 -12.7002 2.94085 0.221559
220.446 -12.6232 2.94058 0.153616
220.499 -12.4918 2.9393 0.189911
220.649 -12.7002 2.94085 0.221559
220.649 -12.7002 2.94085 0.221559
220.83 -12.4343 2.94469 0.10212
220.619 -12.5422 2.93818 0.158199
220.77 -12.8472 2.94731 0.00955099
220.649 -12.7002 2.94085 0.221559
220.83 -12.4343 2.94469 0.10212
