222.246 26.5318 0.0746534 0.0242532
222.048 26.8832 0.0741041 0.0803167
222.095 26.6284 0.0726681 0.211872
221.871 26.6062 0.0751362 0.0390763
222.247 26.7826 0.0663201 0.0152311
222.175 26.788 0.0754682 0.117135
222.175 26.788 0.0754682 0.117135
222.074 26.7361 0.0768469 0.176961
222.323 26.6932 0.0677189 0.015756
222.247 26.7826 0.0663201 0.0152311
222.095 26.6284 0.0726681 0.211872
222.175 26.788 0.0754682 0.117135
222.175 26.788 0.0754682 0.117135
222.246 26.5318 0.0746534 0.0242532
222.323 26.6932 0.0677189 0.015756
222.095 26.6284 0.0726681 0.211872
222.175 26.788 0.0754682 0.117135
222.074 26.7361 0.0768469 0.176961
222.074 26.7361 0.0768469 0.176961
222.095 26.6284 0.0726681 0.211872
222.095 26.6284 0.0726681 0.211872
222.095 26.6284 0.0726681 0.211872
222.095 26.6284 0.0726681 0.211872
222.074 26.7361 0.0768469 0.176961
222.087 26.8356 0.0776946 0.0736624
222.175 26.788 0.0754682 0.117135
222.074 26.7361 0.0768469 0.176961
222.43 26.6163 0.0627441 0.000138843
222.095 26.6284 0.0726681 0.211872
222.095 26.6284 0.0726681 0.211872
222.246 26.5318 0.0746534 0.0242532
222.087 26.8356 0.0776946 0.0736624
221.995 26.5484 0.0713234 0.0567339
222.095 26.6284 0.0726681 0.211872
222.304 26.9351 0.0738338 0.0050077
221.886 26.5773 0.0793802 0.0164715
222.087 26.8356 0.0776946 0.0736624
222.095 26.6284 0.0726681 0.211872
222.254 26.5726 0.075099 0.0320627
222.074 26.7361 0.0768469 0.176961
222.247 26.7826 0.0663201 0.0152311
221.995 26.5484 0.0713234 0.0567339
222.095 26.6284 0.0726681 0.211872
221.92 26.8085 0.0766449 0.0677828
222.074 26.7361 0.0768469 0.176961
222.087 26.8356 0.0776946 0.0736624
222.095 26.6284 0.0726681 0.211872
222.246 26.5318 0.0746534 0.0242532
222.074 26.7361 0.0768469 0.176961
222.048 26.8832 0.0741041 0.0803167
222.253 26.5003 0.0775054 0.00508147
222.095 26.6284 0.0726681 0.211872
222.175 26.788 0.0754682 0.117135
222.254 26.5726 0.075099 0.0320627
222.074 26.7361 0.0768469 0.176961
222.323 26.6932 0.0677189 0.015756
222.095 26.6284 0.0726681 0.211872
222.175 26.788 0.0754682 0.117135
222.254 26.5726 0.075099 0.0320627
222.304 26.9351 0.0738338 0.0050077
222.074 26.7361 0.0768469 0.176961
221.814 26.5767 0.0717823 0.00589023
221.995 26.5484 0.0713234 0.0567339
222.254 26.5726 0.075099 0.0320627
222.074 26.7361 0.0768469 0.176961
222.087 26.8356 0.0776946 0.0736624
222.175 26.788 0.0754682 0.117135
222.254 26.5726 0.075099 0.0320627
222.074 26.7361 0.0768469 0.176961
222.048 26.8832 0.0741041 0.0803167
221.995 26.5484 0.0713234 0.0567339
221.995 26.5484 0.0713234 0.0567339
222.095 26.6284 0.0726681 0.211872
222.074 26.7361 0.0768469 0.176961
222.074 26.7361 0.0768469 0.176961
222.048 26.8832 0.0741041 0.0803167
222.095 26.6284 0.0726681 0.211872
221.92 26.8085 0.0766449 0.0677828
222.074 26.7361 0.0768469 0.176961
222.074 26.7361 0.0768469 0.176961
221.995 26.5484 0.0713234 0.0567339
222.095 26.6284 0.0726681 0.211872
222.095 26.6284 0.0726681 0.211872
222.175 26.788 0.0754682 0.117135
222.246 26.5318 0.0746534 0.0242532
221.814 26.5767 0.0717823 0.00589023
222.039 26.6105 0.0825215 0.00702239
222.039 26.6105 0.0825215 0.00702239
222.349 26.9554 0.0748215 0.00115329
222.074 26.7361 0.0768469 0.176961
222.095 26.6284 0.0726681 0.211872
222.175 26.788 0.0754682 0.117135
221.92 26.8085 0.0766449 0.0677828
222.074 26.7361 0.0768469 0.176961
222.048 26.8832 0.0741041 0.0803167
222.095 26.6284 0.0726681 0.211872
222.074 26.7361 0.0768469 0.176961
222.048 26.8832 0.0741041 0.0803167
222.095 26.6284 0.0726681 0.211872
222.175 26.788 0.0754682 0.117135
