139.288 20.179 0.0769506 0.183013
139.396 20.198 0.0768463 0.115794
139.501 20.1898 0.0750519 0.0381556
139.133 20.1859 0.0791012 0.0748942
139.288 20.179 0.0769506 0.183013
139.475 20.3275 0.0706686 0.0133383
139.354 20.2349 0.075703 0.133851
139.133 20.1859 0.0791012 0.0748942
139.305 20.3048 0.0743816 0.0781289
139.288 20.179 0.0769506 0.183013
139.312 20.3044 0.0786432 0.0637234
139.501 20.1898 0.0750519 0.0381556
139.606 20.3339 0.0702714 0.00180316
139.288 20.179 0.0769506 0.183013
139.396 20.198 0.0768463 0.115794
139.519 20.1672 0.0777104 0.020736
139.501 20.1898 0.0750519 0.0381556
139.009 20.2258 0.0804537 0.00881153
139.133 20.1859 0.0791012 0.0748942
139.288 20.179 0.0769506 0.183013
139.475 20.3275 0.0706686 0.0133383
139.228 19.9975 0.0837664 0.0230281
139.219 20.2601 0.0795967 0.0804156
139.288 20.179 0.0769506 0.183013
139.396 20.198 0.0768463 0.115794
139.354 20.2349 0.075703 0.133851
139.354 20.2349 0.075703 0.133851
139.219 20.2601 0.0795967 0.0804156
139.288 20.179 0.0769506 0.183013
139.288 20.179 0.0769506 0.183013
139.288 20.179 0.0769506 0.183013
139.312 20.3044 0.0786432 0.0637234
139.396 20.198 0.0768463 0.115794
139.354 20.2349 0.075703 0.133851
139.133 20.1859 0.0791012 0.0748942
139.305 20.3048 0.0743816 0.0781289
139.305 20.3048 0.0743816 0.0781289
139.288 20.179 0.0769506 0.183013
139.288 20.179 0.0769506 0.183013
139.312 20.3044 0.0786432 0.0637234
139.334 20.0029 0.0769794 0.0625982
139.519 20.1672 0.0777104 0.020736
139.354 20.2349 0.075703 0.133851
139.354 20.2349 0.075703 0.133851
139.219 20.2601 0.0795967 0.0804156
139.288 20.179 0.0769506 0.183013
139.312 20.3044 0.0786432 0.0637234
139.396 20.198 0.0768463 0.115794
139.354 20.2349 0.075703 0.133851
139.009 20.2258 0.0804537 0.00881153
139.305 20.3048 0.0743816 0.0781289
139.288 20.179 0.0769506 0.183013
139.334 20.0029 0.0769794 0.0625982
139.229 20.3066 0.0728255 0.036503
139.229 20.3066 0.0728255 0.036503
139.354 20.2349 0.075703 0.133851
139.354 20.2349 0.075703 0.133851
139.133 20.1859 0.0791012 0.0748942
139.288 20.179 0.0769506 0.183013
139.288 20.179 0.0769506 0.183013
139.396 20.198 0.0768463 0.115794
139.354 20.2349 0.075703 0.133851
139.305 20.3048 0.0743816 0.0781289
139.288 20.179 0.0769506 0.183013
139.334 20.0029 0.0769794 0.0625982
139.396 20.198 0.0768463 0.115794
139.396 20.198 0.0768463 0.115794
139.354 20.2349 0.075703 0.133851
139.133 20.1859 0.0791012 0.0748942
139.305 20.3048 0.0743816 0.0781289
139.288 20.179 0.0769506 0.183013
139.334 20.0029 0.0769794 0.0625982
139.475 20.3275 0.0706686 0.0133383
139.501 20.1898 0.0750519 0.0381556
139.009 20.2258 0.0804537 0.00881153
139.288 20.179 0.0769506 0.183013
139.288 20.179 0.0769506 0.183013
139.334 20.0029 0.0769794 0.0625982
139.396 20.198 0.0768463 0.115794
139.354 20.2349 0.075703 0.133851
139.495 20.3577 0.074395 0.0130002
139.305 20.3048 0.0743816 0.0781289
139.305 20.3048 0.0743816 0.0781289
139.288 20.179 0.0769506 0.183013
139.475 20.3275 0.0706686 0.0133383
139.501 20.1898 0.0750519 0.0381556
139.219 20.2601 0.0795967 0.0804156
139.305 20.3048 0.0743816 0.0781289
139.334 20.0029 0.0769794 0.0625982
139.228 19.9975 0.0837664 0.0230281
139.501 20.1898 0.0750519 0.0381556
139.501 20.1898 0.0750519 0.0381556
139.354 20.2349 0.075703 0.133851
139.354 20.2349 0.075703 0.133851
139.133 20.1859 0.0791012 0.0748942
139.037 19.9227 0.0754331 0.00077305
139.288 20.179 0.0769506 0.183013
139.334 20.0029 0.0769794 0.0625982
139.387 20.4066 0.0654335 0.000403344
139.133 20.1859 0.0791012 0.0748942
