258.967 28.4004 6.21973 0.32178
258.967 28.4004 6.21973 0.32178
259.237 28.6581 6.20448 0.0141051
258.967 28.4004 6.21973 0.32178
258.967 28.4004 6.21973 0.32178
258.967 28.4004 6.21973 0.32178
259.153 28.1171 6.2073 0.107984
258.967 28.4004 6.21973 0.32178
259.093 28.3862 6.20113 0.1406
259.153 28.1171 6.2073 0.107984
259.192 28.6619 6.20314 0.0151669
258.967 28.4004 6.21973 0.32178
259.153 28.1171 6.2073 0.107984
259.124 28.2094 6.22443 0.0190442
258.967 28.4004 6.21973 0.32178
259.267 28.2962 6.19752 0.0111835
258.868 28.505 6.21571 0.0959291
258.967 28.4004 6.21973 0.32178
259.093 28.3862 6.20113 0.1406
259.236 28.3416 6.21894 0.0379399
258.967 28.4004 6.21973 0.32178
259.093 28.3862 6.20113 0.1406
259.089 28.5872 6.21532 0.0321605
258.967 28.4004 6.21973 0.32178
259.236 28.3416 6.21894 0.0379399
259.153 28.1171 6.2073 0.107984
259.104 28.545 6.2001 0.0404874
258.967 28.4004 6.21973 0.32178
259.376 28.3195 6.20886 0.04768
258.868 28.505 6.21571 0.0959291
259.376 28.3195 6.20886 0.04768
258.868 28.505 6.21571 0.0959291
258.967 28.4004 6.21973 0.32178
258.967 28.4004 6.21973 0.32178
259.104 28.545 6.2001 0.0404874
259.078 28.6633 6.21206 0.0114758
258.868 28.505 6.21571 0.0959291
259.093 28.3862 6.20113 0.1406
259.093 28.3862 6.20113 0.1406
259.376 28.3195 6.20886 0.04768
258.967 28.4004 6.21973 0.32178
259.101 28.6118 6.20086 0.0204369
258.967 28.4004 6.21973 0.32178
259.153 28.1171 6.2073 0.107984
258.967 28.4004 6.21973 0.32178
258.967 28.4004 6.21973 0.32178
259.382 28.1778 6.2032 0.00610256
259.34 28.6413 6.19896 0.00332556
259.153 28.1171 6.2073 0.107984
259.392 28.2941 6.21465 0.0054167
259.093 28.3862 6.20113 0.1406
259.154 28.4829 6.19641 0.0105019
258.967 28.4004 6.21973 0.32178
258.967 28.4004 6.21973 0.32178
259.093 28.3862 6.20113 0.1406
259.376 28.3195 6.20886 0.04768
259.192 28.6619 6.20314 0.0151669
259.093 28.3862 6.20113 0.1406
259.089 28.5872 6.21532 0.0321605
258.967 28.4004 6.21973 0.32178
259.153 28.1171 6.2073 0.107984
258.967 28.4004 6.21973 0.32178
259.376 28.3195 6.20886 0.04768
258.967 28.4004 6.21973 0.32178
259.093 28.3862 6.20113 0.1406
259.089 28.5872 6.21532 0.0321605
258.967 28.4004 6.21973 0.32178
258.967 28.4004 6.21973 0.32178
259.153 28.1171 6.2073 0.107984
258.967 28.4004 6.21973 0.32178
259.382 28.1778 6.2032 0.00610256
259.153 28.1171 6.2073 0.107984
258.868 28.505 6.21571 0.0959291
258.967 28.4004 6.21973 0.32178
259.089 28.5872 6.21532 0.0321605
258.967 28.4004 6.21973 0.32178
258.967 28.4004 6.21973 0.32178
258.967 28.4004 6.21973 0.32178
259.34 28.6413 6.19896 0.00332556
259.376 28.3195 6.20886 0.04768
258.967 28.4004 6.21973 0.32178
259.093 28.3862 6.20113 0.1406
258.868 28.505 6.21571 0.0959291
259.376 28.3195 6.20886 0.04768
258.868 28.505 6.21571 0.0959291
258.967 28.4004 6.21973 0.32178
258.967 28.4004 6.21973 0.32178
259.153 28.1171 6.2073 0.107984
259.089 28.5872 6.21532 0.0321605
259.093 28.3862 6.20113 0.1406
259.153 28.1171 6.2073 0.107984
258.967 28.4004 6.21973 0.32178
258.967 28.4004 6.21973 0.32178
259.104 28.545 6.2001 0.0404874
258.868 28.505 6.21571 0.0959291
259.093 28.3862 6.20113 0.1406
259.192 28.6619 6.20314 0.0151669
258.868 28.505 6.21571 0.0959291
259.236 28.3416 6.21894 0.0379399
259.153 28.1171 6.2073 0.107984
