196.543 -9.63784 3.15067 0.0653278
196.543 -9.63784 3.15067 0.0653278
196.421 -9.71457 3.13787 0.0708302
196.332 -9.95593 3.14424 0.00707043
196.427 -9.6758 3.1443 0.203682
196.666 -9.75017 3.1458 0.179555
196.666 -9.75017 3.1458 0.179555
196.666 -9.75017 3.1458 0.179555
196.411 -9.82018 3.14379 0.134583
196.421 -9.71457 3.13787 0.0708302
196.629 -9.81548 3.14388 0.139585
196.427 -9.6758 3.1443 0.203682
196.666 -9.75017 3.1458 0.179555
196.666 -9.75017 3.1458 0.179555
196.355 -9.58053 3.14614 0.0321545
196.427 -9.6758 3.1443 0.203682
196.427 -9.6758 3.1443 0.203682
196.427 -9.6758 3.1443 0.203682
196.543 -9.63784 3.15067 0.0653278
196.355 -9.58053 3.14614 0.0321545
196.714 -9.94512 3.14246 0.00744927
196.543 -9.63784 3.15067 0.0653278
196.666 -9.75017 3.1458 0.179555
196.666 -9.75017 3.1458 0.179555
196.411 -9.82018 3.14379 0.134583
196.421 -9.71457 3.13787 0.0708302
196.363 -9.90747 3.1461 0.00920598
196.427 -9.6758 3.1443 0.203682
196.427 -9.6758 3.1443 0.203682
196.666 -9.75017 3.1458 0.179555
196.666 -9.75017 3.1458 0.179555
196.421 -9.71457 3.13787 0.0708302
196.629 -9.81548 3.14388 0.139585
196.543 -9.63784 3.15067 0.0653278
196.543 -9.63784 3.15067 0.0653278
196.411 -9.82018 3.14379 0.134583
196.629 -9.81548 3.14388 0.139585
196.427 -9.6758 3.1443 0.203682
196.427 -9.6758 3.1443 0.203682
196.543 -9.63784 3.15067 0.0653278
196.543 -9.63784 3.15067 0.0653278
196.666 -9.75017 3.1458 0.179555
196.411 -9.82018 3.14379 0.134583
196.411 -9.82018 3.14379 0.134583
196.421 -9.71457 3.13787 0.0708302
196.427 -9.6758 3.1443 0.203682
196.543 -9.63784 3.15067 0.0653278
196.666 -9.75017 3.1458 0.179555
196.629 -9.81548 3.14388 0.139585
196.427 -9.6758 3.1443 0.203682
196.332 -9.74203 3.13231 0.00251042
196.421 -9.71457 3.13787 0.0708302
196.629 -9.81548 3.14388 0.139585
196.427 -9.6758 3.1443 0.203682
196.666 -9.75017 3.1458 0.179555
196.349 -9.58646 3.13898 0.0267223
196.427 -9.6758 3.1443 0.203682
196.666 -9.75017 3.1458 0.179555
196.411 -9.82018 3.14379 0.134583
196.714 -9.94512 3.14246 0.00744927
196.427 -9.6758 3.1443 0.203682
196.371 -9.5703 3.13838 0.017333
196.411 -9.82018 3.14379 0.134583
196.204 -9.67783 3.13914 0.0157821
196.629 -9.81548 3.14388 0.139585
196.427 -9.6758 3.1443 0.203682
196.666 -9.75017 3.1458 0.179555
196.618 -9.79856 3.13641 0.00395747
196.629 -9.81548 3.14388 0.139585
196.629 -9.81548 3.14388 0.139585
196.543 -9.63784 3.15067 0.0653278
196.666 -9.75017 3.1458 0.179555
196.411 -9.82018 3.14379 0.134583
196.349 -9.58646 3.13898 0.0267223
196.629 -9.81548 3.14388 0.139585
196.543 -9.63784 3.15067 0.0653278
196.421 -9.71457 3.13787 0.0708302
196.629 -9.81548 3.14388 0.139585
196.811 -9.51903 3.14227 0.00073215
196.427 -9.6758 3.1443 0.203682
196.427 -9.6758 3.1443 0.203682
196.666 -9.75017 3.1458 0.179555
196.629 -10.0365 3.14205 0.00388262
196.349 -9.58646 3.13898 0.0267223
196.677 -9.53239 3.15517 0.0106054
196.629 -9.81548 3.14388 0.139585
196.427 -9.6758 3.1443 0.203682
196.666 -9.75017 3.1458 0.179555
196.618 -9.79856 3.13641 0.00395747
196.349 -9.58646 3.13898 0.0267223
196.298 -9.99557 3.1403 0.010132
196.332 -9.95593 3.14424 0.00707043
196.427 -9.6758 3.1443 0.203682
196.666 -9.75017 3.1458 0.179555
196.411 -9.82018 3.14379 0.134583
196.355 -9.58053 3.14614 0.0321545
196.854 -9.50042 3.15371 0.0131628
196.629 -9.81548 3.14388 0.139585
196.427 -9.6758 3.1443 0.203682
196.543 -9.63784 3.15067 0.0653278
