27.381 7.94396 0.238783 0.0414803
27.2067 8.12469 0.237997 0.0404797
27.4487 7.78239 0.227313 0.0780551
27.5426 7.99643 0.22852 0.288002
27.2613 7.89884 0.231427 0.283491
27.335 7.94079 0.227688 0.142327
27.381 7.94396 0.238783 0.0414803
27.2613 7.89884 0.231427 0.283491
27.2613 7.89884 0.231427 0.283491
27.2613 7.89884 0.231427 0.283491
27.5593 8.11726 0.228599 0.0540146
27.4487 7.78239 0.227313 0.0780551
27.335 7.94079 0.227688 0.142327
27.335 7.94079 0.227688 0.142327
27.3027 7.92637 0.240211 0.0290475
27.2613 7.89884 0.231427 0.283491
27.335 7.94079 0.227688 0.142327
27.5426 7.99643 0.22852 0.288002
27.2613 7.89884 0.231427 0.283491
27.5426 7.99643 0.22852 0.288002
27.5426 7.99643 0.22852 0.288002
27.5426 7.99643 0.22852 0.288002
27.2613 7.89884 0.231427 0.283491
27.4487 7.78239 0.227313 0.0780551
27.5426 7.99643 0.22852 0.288002
27.3027 7.92637 0.240211 0.0290475
27.565 8.02874 0.22282 0.0140358
27.5426 7.99643 0.22852 0.288002
27.2613 7.89884 0.231427 0.283491
27.335 7.94079 0.227688 0.142327
27.5426 7.99643 0.22852 0.288002
27.3027 7.92637 0.240211 0.0290475
27.565 8.02874 0.22282 0.0140358
27.5426 7.99643 0.22852 0.288002
27.2613 7.89884 0.231427 0.283491
27.335 7.94079 0.227688 0.142327
27.4365 7.85251 0.222533 0.00442991
27.4487 7.78239 0.227313 0.0780551
27.381 7.94396 0.238783 0.0414803
27.2613 7.89884 0.231427 0.283491
27.335 7.94079 0.227688 0.142327
27.5426 7.99643 0.22852 0.288002
27.3027 7.92637 0.240211 0.0290475
27.2613 7.89884 0.231427 0.283491
27.335 7.94079 0.227688 0.142327
27.5426 7.99643 0.22852 0.288002
27.5593 8.11726 0.228599 0.0540146
27.335 7.94079 0.227688 0.142327
27.381 7.94396 0.238783 0.0414803
27.5426 7.99643 0.22852 0.288002
27.5426 7.99643 0.22852 0.288002
27.2613 7.89884 0.231427 0.283491
27.2613 7.89884 0.231427 0.283491
27.5593 8.11726 0.228599 0.0540146
27.5426 7.99643 0.22852 0.288002
27.5593 8.11726 0.228599 0.0540146
27.5426 7.99643 0.22852 0.288002
27.5426 7.99643 0.22852 0.288002
27.4487 7.78239 0.227313 0.0780551
27.5426 7.99643 0.22852 0.288002
27.2613 7.89884 0.231427 0.283491
27.5426 7.99643 0.22852 0.288002
27.5426 7.99643 0.22852 0.288002
27.5426 7.99643 0.22852 0.288002
27.2613 7.89884 0.231427 0.283491
27.5426 7.99643 0.22852 0.288002
27.5426 7.99643 0.22852 0.288002
27.6392 7.81925 0.221761 0.00436881
27.5426 7.99643 0.22852 0.288002
27.2613 7.89884 0.231427 0.283491
27.2613 7.89884 0.231427 0.283491
27.381 7.94396 0.238783 0.0414803
27.2613 7.89884 0.231427 0.283491
27.2613 7.89884 0.231427 0.283491
27.5426 7.99643 0.22852 0.288002
27.2613 7.89884 0.231427 0.283491
27.335 7.94079 0.227688 0.142327
27.5426 7.99643 0.22852 0.288002
27.5426 7.99643 0.22852 0.288002
27.3027 7.92637 0.240211 0.0290475
27.4487 7.78239 0.227313 0.0780551
27.335 7.94079 0.227688 0.142327
27.5426 7.99643 0.22852 0.288002
27.2613 7.89884 0.231427 0.283491
27.2613 7.89884 0.231427 0.283491
27.5593 8.11726 0.228599 0.0540146
27.5426 7.99643 0.22852 0.288002
27.2613 7.89884 0.231427 0.283491
27.335 7.94079 0.227688 0.142327
27.381 7.94396 0.238783 0.0414803
27.5426 7.99643 0.22852 0.288002
27.3027 7.92637 0.240211 0.0290475
27.4487 7.78239 0.227313 0.0780551
27.5426 7.99643 0.22852 0.288002
27.3027 7.92637 0.240211 0.0290475
27.2613 7.89884 0.231427 0.283491
27.1088 7.88984 0.242839 0.00359373
27.5426 7.99643 0.22852 0.288002
27.2613 7.89884 0.231427 0.283491
27.2613 7.89884 0.231427 0.283491
