89.8721 16.4107 0.0773659 0.0871668
90.025 16.4118 0.0742433 0.0681123
89.7222 16.3408 0.0693089 0.0452966
89.9154 16.289 0.0703508 0.119706
89.6679 16.1944 0.0756211 0.0478607
89.7959 16.3183 0.0733018 0.117773
89.7959 16.3183 0.0733018 0.117773
89.7959 16.3183 0.0733018 0.117773
90.0246 16.4891 0.0807101 0.0161955
89.5808 16.1667 0.0707762 0.00937403
89.8721 16.4107 0.0773659 0.0871668
89.9154 16.289 0.0703508 0.119706
89.7959 16.3183 0.0733018 0.117773
89.6785 16.3399 0.0813372 0.0322755
89.9395 16.0512 0.0865262 0.00985909
89.804 16.2788 0.0868691 0.0191027
89.8721 16.4107 0.0773659 0.0871668
90.025 16.4118 0.0742433 0.0681123
89.6679 16.1944 0.0756211 0.0478607
89.8032 16.3062 0.0872546 0.0154706
89.7746 16.4287 0.076959 0.0613076
89.6573 16.1831 0.0820225 0.0265868
89.7544 16.4247 0.0815634 0.0311342
89.8721 16.4107 0.0773659 0.0871668
90.025 16.4118 0.0742433 0.0681123
89.9154 16.289 0.0703508 0.119706
89.7959 16.3183 0.0733018 0.117773
89.6785 16.3399 0.0813372 0.0322755
89.6785 16.3399 0.0813372 0.0322755
89.8807 16.4483 0.0862174 0.0090762
89.8013 16.4797 0.0838105 0.0131854
89.6743 16.3094 0.0819605 0.0310962
90.025 16.4118 0.0742433 0.0681123
89.9154 16.289 0.0703508 0.119706
89.8873 16.4737 0.0824121 0.0217868
89.7746 16.4287 0.076959 0.0613076
89.6573 16.1831 0.0820225 0.0265868
89.8527 16.5578 0.0832936 0.00627217
89.8013 16.4797 0.0838105 0.0131854
89.9058 16.5543 0.0780856 0.0190576
89.9154 16.289 0.0703508 0.119706
89.6679 16.1944 0.0756211 0.0478607
89.7959 16.3183 0.0733018 0.117773
89.8807 16.4483 0.0862174 0.0090762
89.9879 16.5382 0.0795614 0.0143275
89.8013 16.4797 0.0838105 0.0131854
89.8721 16.4107 0.0773659 0.0871668
89.9058 16.5543 0.0780856 0.0190576
89.9154 16.289 0.0703508 0.119706
89.6779 15.9615 0.0731825 0.00610032
89.7959 16.3183 0.0733018 0.117773
89.7746 16.4287 0.076959 0.0613076
90.2216 16.1653 0.0825669 0.00359771
89.8721 16.4107 0.0773659 0.0871668
90.025 16.4118 0.0742433 0.0681123
89.9154 16.289 0.0703508 0.119706
89.6679 16.1944 0.0756211 0.0478607
89.8873 16.4737 0.0824121 0.0217868
89.7959 16.3183 0.0733018 0.117773
89.7746 16.4287 0.076959 0.0613076
90.2216 16.1653 0.0825669 0.00359771
89.6868 16.334 0.0692462 0.0330587
89.8721 16.4107 0.0773659 0.0871668
90.025 16.4118 0.0742433 0.0681123
90.025 16.4118 0.0742433 0.0681123
89.9154 16.289 0.0703508 0.119706
89.9597 15.8943 0.074578 0.00625848
89.8032 16.3062 0.0872546 0.0154706
89.7959 16.3183 0.0733018 0.117773
89.9894 16.5306 0.0791747 0.0167879
89.8721 16.4107 0.0773659 0.0871668
89.8721 16.4107 0.0773659 0.0871668
89.9154 16.289 0.0703508 0.119706
89.6679 16.1944 0.0756211 0.0478607
89.7746 16.4287 0.076959 0.0613076
89.7746 16.4287 0.076959 0.0613076
89.6573 16.1831 0.0820225 0.0265868
90.0246 16.4891 0.0807101 0.0161955
89.5034 16.2671 0.0815935 0.00427852
89.8721 16.4107 0.0773659 0.0871668
89.6743 16.3094 0.0819605 0.0310962
89.9154 16.289 0.0703508 0.119706
89.6679 16.1944 0.0756211 0.0478607
89.7959 16.3183 0.0733018 0.117773
89.7746 16.4287 0.076959 0.0613076
89.9894 16.5306 0.0791747 0.0167879
89.6868 16.334 0.0692462 0.0330587
89.6743 16.3094 0.0819605 0.0310962
90.025 16.4118 0.0742433 0.0681123
89.9154 16.289 0.0703508 0.119706
89.8032 16.3062 0.0872546 0.0154706
89.7959 16.3183 0.0733018 0.117773
89.6573 16.1831 0.0820225 0.0265868
90.0183 16.0281 0.0688417 0.0165864
89.7468 16.4706 0.0772076 0.0364403
89.8721 16.4107 0.0773659 0.0871668
90.025 16.4118 0.0742433 0.0681123
89.9154 16.289 0.0703508 0.119706
89.8873 16.4737 0.0824121 0.0217868
89.7959 16.3183 0.0733018 0.117773
