-15.0872 -2.51896 0.563532 0.126632
-14.958 -2.60688 0.559749 0.298954
-14.9482 -2.59945 0.55637 0.215155
-14.8826 -2.58175 0.560013 0.134686
-14.958 -2.60688 0.559749 0.298954
-15.0323 -2.93209 0.56219 0.00847004
-15.0872 -2.51896 0.563532 0.126632
-14.8826 -2.58175 0.560013 0.134686
-14.811 -2.68046 0.554501 0.0252146
-15.0872 -2.51896 0.563532 0.126632
-14.958 -2.60688 0.559749 0.298954
-15.0872 -2.51896 0.563532 0.126632
-14.958 -2.60688 0.559749 0.298954
-14.9482 -2.59945 0.55637 0.215155
-15.0577 -2.45512 0.563884 0.0429115
-14.958 -2.60688 0.559749 0.298954
-14.958 -2.60688 0.559749 0.298954
-14.958 -2.60688 0.559749 0.298954
-14.9482 -2.59945 0.55637 0.215155
-15.0577 -2.45512 0.563884 0.0429115
-14.958 -2.60688 0.559749 0.298954
-15.009 -2.70187 0.553537 0.0333107
-14.9395 -2.4873 0.549216 0.0118441
-14.9482 -2.59945 0.55637 0.215155
-14.9482 -2.59945 0.55637 0.215155
-15.0872 -2.51896 0.563532 0.126632
-14.958 -2.60688 0.559749 0.298954
-15.0872 -2.51896 0.563532 0.126632
-14.958 -2.60688 0.559749 0.298954
-14.8826 -2.58175 0.560013 0.134686
-14.958 -2.60688 0.559749 0.298954
-15.0323 -2.93209 0.56219 0.00847004
-15.0872 -2.51896 0.563532 0.126632
-15.0872 -2.51896 0.563532 0.126632
-14.8385 -2.42743 0.562003 0.00633858
-15.0872 -2.51896 0.563532 0.126632
-14.958 -2.60688 0.559749 0.298954
-15.0872 -2.51896 0.563532 0.126632
-14.8383 -2.65123 0.566133 0.00842604
-15.009 -2.70187 0.553537 0.0333107
-14.9482 -2.59945 0.55637 0.215155
-14.958 -2.60688 0.559749 0.298954
-14.9482 -2.59945 0.55637 0.215155
-15.0872 -2.51896 0.563532 0.126632
-14.958 -2.60688 0.559749 0.298954
-14.9482 -2.59945 0.55637 0.215155
-14.958 -2.60688 0.559749 0.298954
-14.9482 -2.59945 0.55637 0.215155
-15.0323 -2.93209 0.56219 0.00847004
-14.8826 -2.58175 0.560013 0.134686
-14.958 -2.60688 0.559749 0.298954
-14.9482 -2.59945 0.55637 0.215155
-14.8826 -2.58175 0.560013 0.134686
-14.8507 -2.64458 0.56578 0.0132304
-14.8507 -2.64458 0.56578 0.0132304
-15.0577 -2.45512 0.563884 0.0429115
-14.958 -2.60688 0.559749 0.298954
-14.811 -2.68046 0.554501 0.0252146
-14.9482 -2.59945 0.55637 0.215155
-14.958 -2.60688 0.559749 0.298954
-14.958 -2.60688 0.559749 0.298954
-14.9482 -2.59945 0.55637 0.215155
-14.9482 -2.59945 0.55637 0.215155
-14.8826 -2.58175 0.560013 0.134686
-14.958 -2.60688 0.559749 0.298954
-14.9482 -2.59945 0.55637 0.215155
-14.9482 -2.59945 0.55637 0.215155
-14.958 -2.60688 0.559749 0.298954
-15.0872 -2.51896 0.563532 0.126632
-14.8826 -2.58175 0.560013 0.134686
-14.9743 -2.46106 0.564884 0.019388
-14.8826 -2.58175 0.560013 0.134686
-15.0577 -2.45512 0.563884 0.0429115
-14.9482 -2.59945 0.55637 0.215155
-14.8826 -2.58175 0.560013 0.134686
-14.958 -2.60688 0.559749 0.298954
-14.9482 -2.59945 0.55637 0.215155
-15.0577 -2.45512 0.563884 0.0429115
-14.8507 -2.64458 0.56578 0.0132304
-14.8826 -2.58175 0.560013 0.134686
-14.9395 -2.4873 0.549216 0.0118441
-15.0872 -2.51896 0.563532 0.126632
-15.0577 -2.45512 0.563884 0.0429115
-14.958 -2.60688 0.559749 0.298954
-14.958 -2.60688 0.559749 0.298954
-14.9482 -2.59945 0.55637 0.215155
-14.9482 -2.59945 0.55637 0.215155
-14.9482 -2.59945 0.55637 0.215155
-15.0577 -2.45512 0.563884 0.0429115
-15.229 -2.88668 0.568422 0.011205
-14.9482 -2.59945 0.55637 0.215155
-15.0872 -2.51896 0.563532 0.126632
-14.8826 -2.58175 0.560013 0.134686
-14.958 -2.60688 0.559749 0.298954
-14.9482 -2.59945 0.55637 0.215155
-14.958 -2.60688 0.559749 0.298954
-15.0872 -2.51896 0.563532 0.126632
-14.8826 -2.58175 0.560013 0.134686
-14.958 -2.60688 0.559749 0.298954
-15.0872 -2.51896 0.563532 0.126632
