65.9392 -46.4165 3.85156 0.0190846
65.8409 -46.1656 3.8485 0.465957
65.8858 -46.2364 3.85253 0.158734
65.8815 -46.0144 3.85354 0.0227978
65.8409 -46.1656 3.8485 0.465957
65.8409 -46.1656 3.8485 0.465957
65.8409 -46.1656 3.8485 0.465957
65.9392 -46.4165 3.85156 0.0190846
65.9205 -46.4917 3.84371 0.0378107
65.8409 -46.1656 3.8485 0.465957
65.8858 -46.2364 3.85253 0.158734
65.8409 -46.1656 3.8485 0.465957
66.0052 -46.217 3.85018 0.0774068
65.8858 -46.2364 3.85253 0.158734
66.0052 -46.217 3.85018 0.0774068
65.8409 -46.1656 3.8485 0.465957
65.8409 -46.1656 3.8485 0.465957
65.8409 -46.1656 3.8485 0.465957
65.8858 -46.2364 3.85253 0.158734
65.8409 -46.1656 3.8485 0.465957
65.8409 -46.1656 3.8485 0.465957
66.1571 -46.3722 3.8476 0.000694462
65.8858 -46.2364 3.85253 0.158734
65.8409 -46.1656 3.8485 0.465957
65.8409 -46.1656 3.8485 0.465957
65.8858 -46.2364 3.85253 0.158734
65.8409 -46.1656 3.8485 0.465957
65.8409 -46.1656 3.8485 0.465957
65.8858 -46.2364 3.85253 0.158734
65.8409 -46.1656 3.8485 0.465957
65.8858 -46.2364 3.85253 0.158734
65.8777 -46.5 3.84128 0.0385635
65.8409 -46.1656 3.8485 0.465957
65.7849 -46.1216 3.85458 0.0488586
66.0052 -46.217 3.85018 0.0774068
65.8409 -46.1656 3.8485 0.465957
65.6996 -46.4224 3.85161 0.0152223
65.9205 -46.4917 3.84371 0.0378107
65.8409 -46.1656 3.8485 0.465957
65.8858 -46.2364 3.85253 0.158734
65.9205 -46.4917 3.84371 0.0378107
65.8409 -46.1656 3.8485 0.465957
65.8409 -46.1656 3.8485 0.465957
66.0052 -46.217 3.85018 0.0774068
65.8409 -46.1656 3.8485 0.465957
65.8777 -46.5 3.84128 0.0385635
65.8409 -46.1656 3.8485 0.465957
65.8409 -46.1656 3.8485 0.465957
65.8409 -46.1656 3.8485 0.465957
65.8409 -46.1656 3.8485 0.465957
65.6996 -46.4224 3.85161 0.0152223
65.8409 -46.1656 3.8485 0.465957
66.0052 -46.217 3.85018 0.0774068
65.8777 -46.5 3.84128 0.0385635
65.8409 -46.1656 3.8485 0.465957
65.8409 -46.1656 3.8485 0.465957
65.8409 -46.1656 3.8485 0.465957
65.8409 -46.1656 3.8485 0.465957
65.9205 -46.4917 3.84371 0.0378107
65.8858 -46.2364 3.85253 0.158734
65.9108 -46.4504 3.84958 0.0336822
65.8858 -46.2364 3.85253 0.158734
65.8858 -46.2364 3.85253 0.158734
65.8409 -46.1656 3.8485 0.465957
66.1415 -46.1861 3.84863 0.00205313
65.8409 -46.1656 3.8485 0.465957
65.8409 -46.1656 3.8485 0.465957
66.0052 -46.217 3.85018 0.0774068
65.9205 -46.4917 3.84371 0.0378107
65.8858 -46.2364 3.85253 0.158734
65.8409 -46.1656 3.8485 0.465957
65.7849 -46.1216 3.85458 0.0488586
65.8409 -46.1656 3.8485 0.465957
65.8409 -46.1656 3.8485 0.465957
65.8409 -46.1656 3.8485 0.465957
65.8409 -46.1656 3.8485 0.465957
65.8858 -46.2364 3.85253 0.158734
65.8409 -46.1656 3.8485 0.465957
65.8858 -46.2364 3.85253 0.158734
65.9245 -46.2996 3.8368 0.00371484
66.0052 -46.217 3.85018 0.0774068
65.8858 -46.2364 3.85253 0.158734
65.8409 -46.1656 3.8485 0.465957
65.8858 -46.2364 3.85253 0.158734
65.8409 -46.1656 3.8485 0.465957
65.8409 -46.1656 3.8485 0.465957
65.8409 -46.1656 3.8485 0.465957
66.0052 -46.217 3.85018 0.0774068
65.8858 -46.2364 3.85253 0.158734
65.9108 -46.4504 3.84958 0.0336822
65.9392 -46.4165 3.85156 0.0190846
65.8777 -46.5 3.84128 0.0385635
65.8409 -46.1656 3.8485 0.465957
65.8409 -46.1656 3.8485 0.465957
65.8777 -46.5 3.84128 0.0385635
65.8777 -46.5 3.84128 0.0385635
65.8409 -46.1656 3.8485 0.465957
65.8858 -46.2364 3.85253 0.158734
65.8409 -46.1656 3.8485 0.465957
65.7849 -46.1216 3.85458 0.0488586
