-33.7722 -78.6791 2.19199 0.25716
-33.7722 -78.6791 2.19199 0.25716
-33.846 -78.7369 2.18754 0.274434
-33.7722 -78.6791 2.19199 0.25716
-33.824 -78.7351 2.20482 0.0209444
-33.846 -78.7369 2.18754 0.274434
-33.9168 -79.1442 2.20765 0.0102727
-33.7722 -78.6791 2.19199 0.25716
-33.7722 -78.6791 2.19199 0.25716
-33.846 -78.7369 2.18754 0.274434
-34.0468 -79.0434 2.20404 0.0370817
-33.7722 -78.6791 2.19199 0.25716
-33.6657 -78.6958 2.18646 0.0395445
-33.846 -78.7369 2.18754 0.274434
-33.7387 -79.2708 2.20008 0.00552786
-34.122 -78.9993 2.1864 0.0244482
-33.7722 -78.6791 2.19199 0.25716
-33.846 -78.7369 2.18754 0.274434
-33.6322 -79.2501 2.20128 0.00285415
-33.7797 -78.4651 2.18496 0.0325039
-33.7722 -78.6791 2.19199 0.25716
-33.846 -78.7369 2.18754 0.274434
-33.798 -78.8542 2.20332 0.0795408
-33.7722 -78.6791 2.19199 0.25716
-33.7722 -78.6791 2.19199 0.25716
-33.9194 -79.1568 2.19053 0.0153717
-33.7112 -79.103 2.19568 0.0361257
-33.7722 -78.6791 2.19199 0.25716
-33.846 -78.7369 2.18754 0.274434
-34.0468 -79.0434 2.20404 0.0370817
-33.846 -78.7369 2.18754 0.274434
-33.798 -78.8542 2.20332 0.0795408
-33.7722 -78.6791 2.19199 0.25716
-33.846 -78.7369 2.18754 0.274434
-33.798 -78.8542 2.20332 0.0795408
-34.0468 -79.0434 2.20404 0.0370817
-33.7722 -78.6791 2.19199 0.25716
-33.7908 -79.1199 2.1894 0.0111576
-33.846 -78.7369 2.18754 0.274434
-33.9542 -78.8723 2.17669 0.000920127
-34.0468 -79.0434 2.20404 0.0370817
-33.824 -78.7351 2.20482 0.0209444
-33.846 -78.7369 2.18754 0.274434
-33.8141 -78.711 2.20501 0.0144305
-33.7722 -78.6791 2.19199 0.25716
-33.846 -78.7369 2.18754 0.274434
-33.798 -78.8542 2.20332 0.0795408
-33.7722 -78.6791 2.19199 0.25716
-33.846 -78.7369 2.18754 0.274434
-33.846 -78.7369 2.18754 0.274434
-34.0468 -79.0434 2.20404 0.0370817
-33.7722 -78.6791 2.19199 0.25716
-33.846 -78.7369 2.18754 0.274434
-33.7722 -78.6791 2.19199 0.25716
-33.846 -78.7369 2.18754 0.274434
-33.846 -78.7369 2.18754 0.274434
-33.846 -78.7369 2.18754 0.274434
-33.798 -78.8542 2.20332 0.0795408
-33.7112 -79.103 2.19568 0.0361257
-34.0468 -79.0434 2.20404 0.0370817
-34.0468 -79.0434 2.20404 0.0370817
-33.8515 -78.7748 2.18031 0.0157287
-33.7722 -78.6791 2.19199 0.25716
-33.7722 -78.6791 2.19199 0.25716
-33.6128 -78.6238 2.19155 0.0318322
-33.846 -78.7369 2.18754 0.274434
-33.7112 -79.103 2.19568 0.0361257
-33.7722 -78.6791 2.19199 0.25716
-33.9168 -79.1442 2.20765 0.0102727
-33.798 -78.8542 2.20332 0.0795408
-34.0212 -79.0628 2.18524 0.00902707
-33.7722 -78.6791 2.19199 0.25716
-33.846 -78.7369 2.18754 0.274434
-33.798 -78.8542 2.20332 0.0795408
-33.7722 -78.6791 2.19199 0.25716
-33.846 -78.7369 2.18754 0.274434
-33.846 -78.7369 2.18754 0.274434
-33.4925 -78.5812 2.1968 0.00186789
-33.798 -78.8542 2.20332 0.0795408
-33.6807 -79.0865 2.20195 0.0304703
-33.846 -78.7369 2.18754 0.274434
-33.9168 -79.1442 2.20765 0.0102727
-34.0468 -79.0434 2.20404 0.0370817
-33.7722 -78.6791 2.19199 0.25716
-33.846 -78.7369 2.18754 0.274434
-33.7797 -78.4651 2.18496 0.0325039
-33.7722 -78.6791 2.19199 0.25716
-33.7722 -78.6791 2.19199 0.25716
-33.6128 -78.6238 2.19155 0.0318322
-33.846 -78.7369 2.18754 0.274434
-33.7722 -78.6791 2.19199 0.25716
-33.846 -78.7369 2.18754 0.274434
-33.8515 -78.7748 2.18031 0.0157287
-33.7722 -78.6791 2.19199 0.25716
-33.7722 -78.6791 2.19199 0.25716
-33.824 -78.7351 2.20482 0.0209444
-33.846 -78.7369 2.18754 0.274434
-33.7112 -79.103 2.19568 0.0361257
-33.7722 -78.6791 2.19199 0.25716
-33.846 -78.7369 2.18754 0.274434
