36.2601 -75.7714 3.93481 0.179835
36.1628 -75.5358 3.93262 0.136622
36.3734 -75.8297 3.93071 0.0811425
36.3734 -75.8297 3.93071 0.0811425
36.3168 -75.8377 3.93077 0.147143
36.3458 -75.5277 3.92501 0.0158103
35.9073 -75.4184 3.92179 0.00577727
36.2601 -75.7714 3.93481 0.179835
36.3734 -75.8297 3.93071 0.0811425
36.3306 -75.4394 3.93333 0.0201828
36.2046 -75.8314 3.92365 0.0272689
36.4058 -75.4955 3.93451 0.0249667
36.0615 -75.5081 3.93451 0.00403717
36.0244 -75.7413 3.92383 0.200312
36.0244 -75.7413 3.92383 0.200312
36.148 -75.563 3.92142 0.0496399
36.2601 -75.7714 3.93481 0.179835
36.3168 -75.8377 3.93077 0.147143
36.3306 -75.4394 3.93333 0.0201828
36.0244 -75.7413 3.92383 0.200312
36.2601 -75.7714 3.93481 0.179835
36.4058 -75.4955 3.93451 0.0249667
36.1628 -75.5358 3.93262 0.136622
36.3168 -75.8377 3.93077 0.147143
36.3458 -75.5277 3.92501 0.0158103
36.0244 -75.7413 3.92383 0.200312
36.5393 -75.6081 3.93434 0.0107286
36.1628 -75.5358 3.93262 0.136622
36.3734 -75.8297 3.93071 0.0811425
36.0244 -75.7413 3.92383 0.200312
36.2601 -75.7714 3.93481 0.179835
36.1628 -75.5358 3.93262 0.136622
36.1628 -75.5358 3.93262 0.136622
36.1815 -75.6183 3.92174 0.0526642
36.0244 -75.7413 3.92383 0.200312
36.2601 -75.7714 3.93481 0.179835
36.3734 -75.8297 3.93071 0.0811425
36.3168 -75.8377 3.93077 0.147143
36.3168 -75.8377 3.93077 0.147143
36.0244 -75.7413 3.92383 0.200312
36.148 -75.563 3.92142 0.0496399
36.2601 -75.7714 3.93481 0.179835
36.1628 -75.5358 3.93262 0.136622
36.1815 -75.6183 3.92174 0.0526642
36.148 -75.563 3.92142 0.0496399
36.2601 -75.7714 3.93481 0.179835
36.3734 -75.8297 3.93071 0.0811425
36.1815 -75.6183 3.92174 0.0526642
36.148 -75.563 3.92142 0.0496399
36.2601 -75.7714 3.93481 0.179835
36.3168 -75.8377 3.93077 0.147143
36.0244 -75.7413 3.92383 0.200312
36.2046 -75.8314 3.92365 0.0272689
36.5393 -75.6081 3.93434 0.0107286
36.2601 -75.7714 3.93481 0.179835
36.4058 -75.4955 3.93451 0.0249667
36.3168 -75.8377 3.93077 0.147143
36.0244 -75.7413 3.92383 0.200312
36.0244 -75.7413 3.92383 0.200312
36.148 -75.563 3.92142 0.0496399
36.1628 -75.5358 3.93262 0.136622
36.1628 -75.5358 3.93262 0.136622
36.3734 -75.8297 3.93071 0.0811425
36.0244 -75.7413 3.92383 0.200312
36.148 -75.563 3.92142 0.0496399
35.9175 -75.9305 3.92462 0.00177943
36.2601 -75.7714 3.93481 0.179835
36.1628 -75.5358 3.93262 0.136622
36.3168 -75.8377 3.93077 0.147143
36.0244 -75.7413 3.92383 0.200312
36.3727 -75.7281 3.92417 0.0055834
36.2601 -75.7714 3.93481 0.179835
36.2601 -75.7714 3.93481 0.179835
36.3734 -75.8297 3.93071 0.0811425
36.3734 -75.8297 3.93071 0.0811425
36.3168 -75.8377 3.93077 0.147143
36.0244 -75.7413 3.92383 0.200312
36.2601 -75.7714 3.93481 0.179835
36.3168 -75.8377 3.93077 0.147143
36.0244 -75.7413 3.92383 0.200312
36.2601 -75.7714 3.93481 0.179835
36.1628 -75.5358 3.93262 0.136622
36.1628 -75.5358 3.93262 0.136622
36.3734 -75.8297 3.93071 0.0811425
36.3168 -75.8377 3.93077 0.147143
36.0244 -75.7413 3.92383 0.200312
36.0244 -75.7413 3.92383 0.200312
36.2046 -75.8314 3.92365 0.0272689
36.2601 -75.7714 3.93481 0.179835
36.1628 -75.5358 3.93262 0.136622
36.3168 -75.8377 3.93077 0.147143
36.0964 -75.8204 3.93481 0.0147676
36.1628 -75.5358 3.93262 0.136622
36.3117 -75.3927 3.92717 0.00731729
36.0244 -75.7413 3.92383 0.200312
36.148 -75.563 3.92142 0.0496399
36.1628 -75.5358 3.93262 0.136622
36.3734 -75.8297 3.93071 0.0811425
36.3734 -75.8297 3.93071 0.0811425
36.3168 -75.8377 3.93077 0.147143
