268.078 25.411 5.77822 0.389352
268.078 25.411 5.77822 0.389352
268.078 25.411 5.77822 0.389352
268.078 25.411 5.77822 0.389352
268.201 25.5355 5.78344 0.0445243
268.078 25.411 5.77822 0.389352
268.078 25.411 5.77822 0.389352
268.078 25.411 5.77822 0.389352
268.109 25.2055 5.78262 0.0297103
268.078 25.411 5.77822 0.389352
268.078 25.411 5.77822 0.389352
268.07 25.5639 5.76866 0.0124817
267.971 25.5996 5.7806 0.0601679
268.305 25.5264 5.77979 0.0201633
268.078 25.411 5.77822 0.389352
268.024 25.4577 5.77351 0.137413
268.078 25.411 5.77822 0.389352
268.078 25.411 5.77822 0.389352
268.162 25.3429 5.77007 0.0714424
268.078 25.411 5.77822 0.389352
268.279 25.6088 5.77386 0.015081
268.078 25.411 5.77822 0.389352
267.971 25.5996 5.7806 0.0601679
268.078 25.411 5.77822 0.389352
267.971 25.5996 5.7806 0.0601679
268.279 25.6088 5.77386 0.015081
268.157 25.5147 5.76812 0.0256114
268.078 25.411 5.77822 0.389352
268.078 25.411 5.77822 0.389352
267.971 25.5996 5.7806 0.0601679
268.078 25.411 5.77822 0.389352
268.024 25.4577 5.77351 0.137413
268.078 25.411 5.77822 0.389352
268.162 25.3429 5.77007 0.0714424
268.157 25.5147 5.76812 0.0256114
268.109 25.2055 5.78262 0.0297103
268.078 25.411 5.77822 0.389352
268.078 25.411 5.77822 0.389352
268.201 25.5355 5.78344 0.0445243
268.248 25.5652 5.78142 0.026497
267.919 25.4438 5.78879 0.0376906
268.356 25.5005 5.76852 0.00672221
268.356 25.5005 5.76852 0.00672221
267.971 25.5996 5.7806 0.0601679
268.184 25.4356 5.76413 0.0053017
268.024 25.4577 5.77351 0.137413
268.078 25.411 5.77822 0.389352
268.078 25.411 5.77822 0.389352
268.078 25.411 5.77822 0.389352
267.971 25.5996 5.7806 0.0601679
268.248 25.5652 5.78142 0.026497
268.078 25.411 5.77822 0.389352
267.919 25.4438 5.78879 0.0376906
268.078 25.411 5.77822 0.389352
268.078 25.411 5.77822 0.389352
268.078 25.411 5.77822 0.389352
268.024 25.4577 5.77351 0.137413
268.078 25.411 5.77822 0.389352
268.162 25.3429 5.77007 0.0714424
268.25 25.6128 5.78188 0.0111108
268.416 25.3003 5.77093 0.00255939
268.078 25.411 5.77822 0.389352
268.416 25.3003 5.77093 0.00255939
267.899 25.3928 5.78968 0.0225142
268.157 25.5147 5.76812 0.0256114
268.078 25.411 5.77822 0.389352
268.024 25.4577 5.77351 0.137413
268.201 25.5355 5.78344 0.0445243
268.201 25.5355 5.78344 0.0445243
268.078 25.411 5.77822 0.389352
268.248 25.5652 5.78142 0.026497
267.919 25.4438 5.78879 0.0376906
268.024 25.4577 5.77351 0.137413
268.109 25.2055 5.78262 0.0297103
268.109 25.2055 5.78262 0.0297103
268.024 25.4577 5.77351 0.137413
268.024 25.4577 5.77351 0.137413
268.078 25.411 5.77822 0.389352
268.078 25.411 5.77822 0.389352
268.024 25.4577 5.77351 0.137413
268.078 25.411 5.77822 0.389352
268.078 25.411 5.77822 0.389352
268.078 25.411 5.77822 0.389352
268.201 25.5355 5.78344 0.0445243
268.078 25.411 5.77822 0.389352
268.109 25.2055 5.78262 0.0297103
268.078 25.411 5.77822 0.389352
268.078 25.411 5.77822 0.389352
268.305 25.5264 5.77979 0.0201633
268.157 25.5147 5.76812 0.0256114
268.184 25.4356 5.76413 0.0053017
268.157 25.5147 5.76812 0.0256114
268.078 25.411 5.77822 0.389352
268.109 25.2055 5.78262 0.0297103
268.072 25.5672 5.76876 0.0127099
268.078 25.411 5.77822 0.389352
268.078 25.411 5.77822 0.389352
268.162 25.3429 5.77007 0.0714424
268.078 25.411 5.77822 0.389352
268.078 25.411 5.77822 0.389352
