47.9321 -65.4095 3.93101 0.137544
47.9627 -65.2687 3.92925 0.0392139
48.1028 -65.4182 3.93602 0.0387616
47.9139 -65.4832 3.92977 0.0598714
48.0181 -65.2248 3.93696 0.0847533
47.9455 -65.1472 3.9332 0.0287711
47.9455 -65.1472 3.9332 0.0287711
47.9076 -65.2008 3.93361 0.078092
47.8152 -65.3775 3.93881 0.0192941
47.7653 -65.2144 3.93685 0.0146488
48.0859 -65.3206 3.93448 0.070244
47.964 -65.2844 3.93134 0.107756
47.964 -65.2844 3.93134 0.107756
47.9076 -65.2008 3.93361 0.078092
47.9076 -65.2008 3.93361 0.078092
47.9321 -65.4095 3.93101 0.137544
48.0195 -65.1686 3.93915 0.0295365
48.0859 -65.3206 3.93448 0.070244
47.964 -65.2844 3.93134 0.107756
48.0287 -65.2137 3.93206 0.0360026
47.9321 -65.4095 3.93101 0.137544
47.9647 -65.1532 3.93445 0.0383299
48.0181 -65.2248 3.93696 0.0847533
47.964 -65.2844 3.93134 0.107756
47.9455 -65.1472 3.9332 0.0287711
47.911 -65.3917 3.93764 0.0855701
47.911 -65.3917 3.93764 0.0855701
47.9321 -65.4095 3.93101 0.137544
47.7679 -65.3746 3.93633 0.0288828
47.9139 -65.4832 3.92977 0.0598714
48.0181 -65.2248 3.93696 0.0847533
48.0181 -65.2248 3.93696 0.0847533
47.911 -65.3917 3.93764 0.0855701
47.9321 -65.4095 3.93101 0.137544
47.9321 -65.4095 3.93101 0.137544
48.0353 -65.2781 3.94072 0.0349801
47.7679 -65.3746 3.93633 0.0288828
48.0195 -65.1686 3.93915 0.0295365
47.9139 -65.4832 3.92977 0.0598714
47.964 -65.2844 3.93134 0.107756
47.964 -65.2844 3.93134 0.107756
47.9076 -65.2008 3.93361 0.078092
48.0353 -65.2781 3.94072 0.0349801
48.1028 -65.4182 3.93602 0.0387616
48.0859 -65.3206 3.93448 0.070244
48.0181 -65.2248 3.93696 0.0847533
47.964 -65.2844 3.93134 0.107756
47.9455 -65.1472 3.9332 0.0287711
47.9076 -65.2008 3.93361 0.078092
48.0353 -65.2781 3.94072 0.0349801
47.7679 -65.3746 3.93633 0.0288828
47.9139 -65.4832 3.92977 0.0598714
48.0859 -65.3206 3.93448 0.070244
47.964 -65.2844 3.93134 0.107756
47.964 -65.2844 3.93134 0.107756
47.9076 -65.2008 3.93361 0.078092
48.0353 -65.2781 3.94072 0.0349801
48.1028 -65.4182 3.93602 0.0387616
48.0181 -65.2248 3.93696 0.0847533
47.964 -65.2844 3.93134 0.107756
47.911 -65.3917 3.93764 0.0855701
47.9321 -65.4095 3.93101 0.137544
47.9627 -65.2687 3.92925 0.0392139
47.9139 -65.4832 3.92977 0.0598714
48.0181 -65.2248 3.93696 0.0847533
47.911 -65.3917 3.93764 0.0855701
47.9059 -65.4121 3.92582 0.0147967
47.9321 -65.4095 3.93101 0.137544
47.9321 -65.4095 3.93101 0.137544
47.9627 -65.2687 3.92925 0.0392139
48.0195 -65.1686 3.93915 0.0295365
47.9647 -65.1532 3.93445 0.0383299
48.0181 -65.2248 3.93696 0.0847533
47.9455 -65.1472 3.9332 0.0287711
48.1965 -65.253 3.93592 0.00682152
47.9076 -65.2008 3.93361 0.078092
47.9321 -65.4095 3.93101 0.137544
48.0353 -65.2781 3.94072 0.0349801
48.0195 -65.1686 3.93915 0.0295365
48.0181 -65.2248 3.93696 0.0847533
47.9151 -65.5464 3.93375 0.0282793
47.964 -65.2844 3.93134 0.107756
47.911 -65.3917 3.93764 0.0855701
47.9076 -65.2008 3.93361 0.078092
47.9076 -65.2008 3.93361 0.078092
47.9321 -65.4095 3.93101 0.137544
47.8152 -65.3775 3.93881 0.0192941
48.0195 -65.1686 3.93915 0.0295365
48.0181 -65.2248 3.93696 0.0847533
48.0181 -65.2248 3.93696 0.0847533
47.9151 -65.5464 3.93375 0.0282793
47.911 -65.3917 3.93764 0.0855701
47.9321 -65.4095 3.93101 0.137544
47.9321 -65.4095 3.93101 0.137544
47.9647 -65.1532 3.93445 0.0383299
48.0181 -65.2248 3.93696 0.0847533
47.911 -65.3917 3.93764 0.0855701
47.9321 -65.4095 3.93101 0.137544
47.9627 -65.2687 3.92925 0.0392139
47.7679 -65.3746 3.93633 0.0288828
