264.112 -16.4294 3.60833 0.166541
264.112 -16.4294 3.60833 0.166541
264.112 -16.4294 3.60833 0.166541
264.232 -16.5954 3.6114 0.0207912
264.224 -16.4352 3.61216 0.245007
264.175 -16.3772 3.61445 0.223027
264.175 -16.3772 3.61445 0.223027
264.224 -16.4352 3.61216 0.245007
264.224 -16.4352 3.61216 0.245007
264.112 -16.4294 3.60833 0.166541
264.051 -16.5423 3.60641 0.0204179
263.998 -16.2498 3.60088 0.0426887
264.224 -16.4352 3.61216 0.245007
264.175 -16.3772 3.61445 0.223027
264.536 -16.3791 3.61325 0.0117303
264.112 -16.4294 3.60833 0.166541
263.972 -16.4698 3.60247 0.0188754
264.232 -16.5954 3.6114 0.0207912
264.224 -16.4352 3.61216 0.245007
264.224 -16.4352 3.61216 0.245007
264.112 -16.4294 3.60833 0.166541
264.059 -16.3256 3.61397 0.0685849
263.998 -16.2498 3.60088 0.0426887
264.112 -16.4294 3.60833 0.166541
263.972 -16.4698 3.60247 0.0188754
264.224 -16.4352 3.61216 0.245007
264.224 -16.4352 3.61216 0.245007
263.879 -16.4465 3.59955 0.00925091
264.175 -16.3772 3.61445 0.223027
263.972 -16.4698 3.60247 0.0188754
264.224 -16.4352 3.61216 0.245007
264.112 -16.4294 3.60833 0.166541
264.059 -16.3256 3.61397 0.0685849
264.059 -16.3256 3.61397 0.0685849
264.224 -16.4352 3.61216 0.245007
264.112 -16.4294 3.60833 0.166541
264.112 -16.4294 3.60833 0.166541
263.928 -16.4627 3.60151 0.0160939
264.224 -16.4352 3.61216 0.245007
264.112 -16.4294 3.60833 0.166541
264.175 -16.3772 3.61445 0.223027
264.059 -16.3256 3.61397 0.0685849
263.998 -16.2498 3.60088 0.0426887
264.224 -16.4352 3.61216 0.245007
264.112 -16.4294 3.60833 0.166541
264.175 -16.3772 3.61445 0.223027
264.059 -16.3256 3.61397 0.0685849
264.224 -16.4352 3.61216 0.245007
264.175 -16.3772 3.61445 0.223027
264.276 -15.986 3.61407 0.00206602
263.928 -16.4627 3.60151 0.0160939
264.112 -16.4294 3.60833 0.166541
264.046 -16.0508 3.60891 0.0221492
264.175 -16.3772 3.61445 0.223027
263.998 -16.2498 3.60088 0.0426887
264.224 -16.4352 3.61216 0.245007
264.112 -16.4294 3.60833 0.166541
264.112 -16.4294 3.60833 0.166541
264.536 -16.3791 3.61325 0.0117303
263.928 -16.4627 3.60151 0.0160939
264.224 -16.4352 3.61216 0.245007
264.112 -16.4294 3.60833 0.166541
264.112 -16.4294 3.60833 0.166541
264.175 -16.3772 3.61445 0.223027
264.059 -16.3256 3.61397 0.0685849
264.224 -16.4352 3.61216 0.245007
264.175 -16.3772 3.61445 0.223027
264.298 -16.3645 3.62058 0.0498801
263.879 -16.4465 3.59955 0.00925091
264.175 -16.3772 3.61445 0.223027
264.224 -16.4352 3.61216 0.245007
264.224 -16.4352 3.61216 0.245007
264.175 -16.3772 3.61445 0.223027
263.972 -16.4698 3.60247 0.0188754
264.015 -16.5421 3.61829 0.000295739
264.298 -16.3645 3.62058 0.0498801
264.224 -16.4352 3.61216 0.245007
264.112 -16.4294 3.60833 0.166541
264.175 -16.3772 3.61445 0.223027
264.059 -16.3256 3.61397 0.0685849
264.224 -16.4352 3.61216 0.245007
264.175 -16.3772 3.61445 0.223027
264.224 -16.4352 3.61216 0.245007
264.112 -16.4294 3.60833 0.166541
264.175 -16.3772 3.61445 0.223027
264.175 -16.3772 3.61445 0.223027
264.224 -16.4352 3.61216 0.245007
264.21 -16.177 3.61806 0.0136393
264.175 -16.3772 3.61445 0.223027
264.059 -16.3256 3.61397 0.0685849
264.224 -16.4352 3.61216 0.245007
264.224 -16.4352 3.61216 0.245007
264.112 -16.4294 3.60833 0.166541
264.175 -16.3772 3.61445 0.223027
264.224 -16.4352 3.61216 0.245007
264.112 -16.4294 3.60833 0.166541
264.175 -16.3772 3.61445 0.223027
263.8 -16.4446 3.59911 0.00937131
264.224 -16.4352 3.61216 0.245007
264.224 -16.4352 3.61216 0.245007
