-12.8017 -2.21543 0.541085 0.193125
-12.8017 -2.21543 0.541085 0.193125
-12.7489 -2.13826 0.541618 0.185382
-12.9928 -1.91337 0.532959 0.00893763
-12.9928 -1.91337 0.532959 0.00893763
-12.881 -2.17262 0.53677 0.174593
-12.881 -2.17262 0.53677 0.174593
-12.9817 -2.16156 0.550642 0.0275111
-12.8017 -2.21543 0.541085 0.193125
-12.7489 -2.13826 0.541618 0.185382
-12.937 -2.23539 0.548058 0.0719845
-12.937 -2.23539 0.548058 0.0719845
-12.881 -2.17262 0.53677 0.174593
-12.8017 -2.21543 0.541085 0.193125
-12.7124 -2.12726 0.544349 0.0476328
-12.7489 -2.13826 0.541618 0.185382
-12.881 -2.17262 0.53677 0.174593
-12.8017 -2.21543 0.541085 0.193125
-13.0123 -2.13314 0.546444 0.137496
-12.937 -2.23539 0.548058 0.0719845
-12.937 -2.23539 0.548058 0.0719845
-12.881 -2.17262 0.53677 0.174593
-12.7124 -2.12726 0.544349 0.0476328
-12.7489 -2.13826 0.541618 0.185382
-12.641 -2.08395 0.534258 0.0526691
-12.9817 -2.16156 0.550642 0.0275111
-12.7124 -2.12726 0.544349 0.0476328
-12.7489 -2.13826 0.541618 0.185382
-12.7489 -2.13826 0.541618 0.185382
-12.881 -2.17262 0.53677 0.174593
-12.8017 -2.21543 0.541085 0.193125
-12.8017 -2.21543 0.541085 0.193125
-12.8017 -2.21543 0.541085 0.193125
-12.7124 -2.12726 0.544349 0.0476328
-12.7489 -2.13826 0.541618 0.185382
-12.7489 -2.13826 0.541618 0.185382
-12.937 -2.23539 0.548058 0.0719845
-12.881 -2.17262 0.53677 0.174593
-12.8017 -2.21543 0.541085 0.193125
-13.0123 -2.13314 0.546444 0.137496
-12.7489 -2.13826 0.541618 0.185382
-12.881 -2.17262 0.53677 0.174593
-12.8017 -2.21543 0.541085 0.193125
-13.0123 -2.13314 0.546444 0.137496
-13.0123 -2.13314 0.546444 0.137496
-12.7489 -2.13826 0.541618 0.185382
-12.881 -2.17262 0.53677 0.174593
-12.8017 -2.21543 0.541085 0.193125
-12.7489 -2.13826 0.541618 0.185382
-12.7489 -2.13826 0.541618 0.185382
-12.881 -2.17262 0.53677 0.174593
-12.881 -2.17262 0.53677 0.174593
-12.9817 -2.16156 0.550642 0.0275111
-12.8017 -2.21543 0.541085 0.193125
-13.0123 -2.13314 0.546444 0.137496
-13.0123 -2.13314 0.546444 0.137496
-12.937 -2.23539 0.548058 0.0719845
-12.881 -2.17262 0.53677 0.174593
-12.8017 -2.21543 0.541085 0.193125
-12.7489 -2.13826 0.541618 0.185382
-12.881 -2.17262 0.53677 0.174593
-12.9835 -1.84572 0.54195 0.0143572
-12.7489 -2.13826 0.541618 0.185382
-12.937 -2.23539 0.548058 0.0719845
-12.881 -2.17262 0.53677 0.174593
-12.7124 -2.12726 0.544349 0.0476328
-12.7489 -2.13826 0.541618 0.185382
-12.881 -2.17262 0.53677 0.174593
-13.0651 -2.2141 0.534015 0.00177421
-12.8017 -2.21543 0.541085 0.193125
-12.8017 -2.21543 0.541085 0.193125
-12.7489 -2.13826 0.541618 0.185382
-12.881 -2.17262 0.53677 0.174593
-12.881 -2.17262 0.53677 0.174593
-12.8017 -2.21543 0.541085 0.193125
-12.7489 -2.13826 0.541618 0.185382
-12.881 -2.17262 0.53677 0.174593
-12.8017 -2.21543 0.541085 0.193125
-12.7489 -2.13826 0.541618 0.185382
-12.7489 -2.13826 0.541618 0.185382
-12.881 -2.17262 0.53677 0.174593
-12.9294 -1.86917 0.547369 0.0035147
-12.7749 -2.41703 0.533614 0.000226001
-12.7489 -2.13826 0.541618 0.185382
-12.881 -2.17262 0.53677 0.174593
-12.9817 -2.16156 0.550642 0.0275111
-13.0123 -2.13314 0.546444 0.137496
-13.0123 -2.13314 0.546444 0.137496
-12.937 -2.23539 0.548058 0.0719845
-12.641 -2.08395 0.534258 0.0526691
-12.8017 -2.21543 0.541085 0.193125
-13.0123 -2.13314 0.546444 0.137496
-12.7489 -2.13826 0.541618 0.185382
-12.881 -2.17262 0.53677 0.174593
-12.881 -2.17262 0.53677 0.174593
-12.881 -2.17262 0.53677 0.174593
-12.881 -2.17262 0.53677 0.174593
-12.881 -2.17262 0.53677 0.174593
-12.8017 -2.21543 0.541085 0.193125
-12.8017 -2.21543 0.541085 0.193125
