35.5863 -77.5777 3.90982 0.146873
35.5863 -77.5777 3.90982 0.146873
35.8718 -77.574 3.9158 0.213471
35.8718 -77.574 3.9158 0.213471
35.8718 -77.574 3.9158 0.213471
35.8885 -77.2556 3.91136 0.00359349
35.7903 -77.3088 3.90905 0.0255682
35.51 -77.3962 3.90801 0.0255195
35.8718 -77.574 3.9158 0.213471
35.5934 -77.5102 3.90507 0.114485
35.866 -77.4159 3.91084 0.123063
35.5043 -77.4764 3.90851 0.0433931
35.5637 -77.5642 3.91086 0.0762367
35.5934 -77.5102 3.90507 0.114485
35.5043 -77.4764 3.90851 0.0433931
35.5637 -77.5642 3.91086 0.0762367
35.8718 -77.574 3.9158 0.213471
35.5934 -77.5102 3.90507 0.114485
35.866 -77.4159 3.91084 0.123063
35.94 -77.8248 3.91396 0.0054521
35.7903 -77.3088 3.90905 0.0255682
35.8718 -77.574 3.9158 0.213471
35.8718 -77.574 3.9158 0.213471
35.8718 -77.574 3.9158 0.213471
35.866 -77.4159 3.91084 0.123063
35.7903 -77.3088 3.90905 0.0255682
35.6038 -77.7165 3.91456 0.00625926
35.5934 -77.5102 3.90507 0.114485
35.5934 -77.5102 3.90507 0.114485
35.866 -77.4159 3.91084 0.123063
35.5863 -77.5777 3.90982 0.146873
35.5414 -77.4646 3.90935 0.0650487
35.5934 -77.5102 3.90507 0.114485
35.7102 -77.8255 3.91101 0.0086489
35.866 -77.4159 3.91084 0.123063
35.6007 -77.4662 3.90355 0.0504416
35.5637 -77.5642 3.91086 0.0762367
35.5934 -77.5102 3.90507 0.114485
35.5863 -77.5777 3.90982 0.146873
35.5863 -77.5777 3.90982 0.146873
35.5637 -77.5642 3.91086 0.0762367
35.6835 -77.3082 3.91241 0.0139604
35.7903 -77.3088 3.90905 0.0255682
35.5637 -77.5642 3.91086 0.0762367
35.8718 -77.574 3.9158 0.213471
35.866 -77.4159 3.91084 0.123063
35.5863 -77.5777 3.90982 0.146873
35.5414 -77.4646 3.90935 0.0650487
35.8718 -77.574 3.9158 0.213471
35.5934 -77.5102 3.90507 0.114485
35.6007 -77.4662 3.90355 0.0504416
35.5863 -77.5777 3.90982 0.146873
35.8718 -77.574 3.9158 0.213471
35.6007 -77.4662 3.90355 0.0504416
35.5863 -77.5777 3.90982 0.146873
35.5414 -77.4646 3.90935 0.0650487
35.8718 -77.574 3.9158 0.213471
35.866 -77.4159 3.91084 0.123063
35.5414 -77.4646 3.90935 0.0650487
35.5934 -77.5102 3.90507 0.114485
35.866 -77.4159 3.91084 0.123063
35.9689 -77.507 3.90712 0.00372976
35.5637 -77.5642 3.91086 0.0762367
35.8718 -77.574 3.9158 0.213471
35.866 -77.4159 3.91084 0.123063
35.866 -77.4159 3.91084 0.123063
35.6007 -77.4662 3.90355 0.0504416
35.5043 -77.4764 3.90851 0.0433931
35.5863 -77.5777 3.90982 0.146873
35.8718 -77.574 3.9158 0.213471
35.866 -77.4159 3.91084 0.123063
35.5863 -77.5777 3.90982 0.146873
35.5863 -77.5777 3.90982 0.146873
35.9689 -77.507 3.90712 0.00372976
35.5637 -77.5642 3.91086 0.0762367
35.5934 -77.5102 3.90507 0.114485
35.7903 -77.3088 3.90905 0.0255682
35.5863 -77.5777 3.90982 0.146873
35.5637 -77.5642 3.91086 0.0762367
35.8718 -77.574 3.9158 0.213471
35.5934 -77.5102 3.90507 0.114485
36.0192 -77.4589 3.9163 0.0338403
35.866 -77.4159 3.91084 0.123063
35.6007 -77.4662 3.90355 0.0504416
35.51 -77.3962 3.90801 0.0255195
35.8718 -77.574 3.9158 0.213471
35.866 -77.4159 3.91084 0.123063
35.6007 -77.4662 3.90355 0.0504416
35.5637 -77.5642 3.91086 0.0762367
35.5934 -77.5102 3.90507 0.114485
35.866 -77.4159 3.91084 0.123063
35.5414 -77.4646 3.90935 0.0650487
35.5637 -77.5642 3.91086 0.0762367
35.5934 -77.5102 3.90507 0.114485
35.866 -77.4159 3.91084 0.123063
35.5863 -77.5777 3.90982 0.146873
35.8718 -77.574 3.9158 0.213471
35.866 -77.4159 3.91084 0.123063
35.5863 -77.5777 3.90982 0.146873
35.5863 -77.5777 3.90982 0.146873
