12.1476 3.73925 0.295785 0.0207869
12.0159 3.7782 0.307364 0.499284
12.0159 3.7782 0.307364 0.499284
11.9998 3.7162 0.309368 0.159116
12.0159 3.7782 0.307364 0.499284
12.0159 3.7782 0.307364 0.499284
11.9998 3.7162 0.309368 0.159116
12.0341 3.63576 0.30535 0.146335
12.0624 3.65054 0.300176 0.0782383
11.961 3.98579 0.309115 0.0585101
12.0624 3.65054 0.300176 0.0782383
11.7975 3.6143 0.309452 0.00875423
12.0159 3.7782 0.307364 0.499284
12.0159 3.7782 0.307364 0.499284
12.0341 3.63576 0.30535 0.146335
11.961 3.98579 0.309115 0.0585101
12.0159 3.7782 0.307364 0.499284
12.0159 3.7782 0.307364 0.499284
12.0159 3.7782 0.307364 0.499284
12.0159 3.7782 0.307364 0.499284
12.1476 3.73925 0.295785 0.0207869
12.0159 3.7782 0.307364 0.499284
12.0159 3.7782 0.307364 0.499284
12.0159 3.7782 0.307364 0.499284
12.0159 3.7782 0.307364 0.499284
12.0341 3.63576 0.30535 0.146335
11.7419 3.93819 0.310213 0.0099886
11.9998 3.7162 0.309368 0.159116
11.961 3.98579 0.309115 0.0585101
12.0624 3.65054 0.300176 0.0782383
11.7517 3.61951 0.298368 2.48082e-06
11.9998 3.7162 0.309368 0.159116
12.0159 3.7782 0.307364 0.499284
11.9998 3.7162 0.309368 0.159116
12.0159 3.7782 0.307364 0.499284
12.0159 3.7782 0.307364 0.499284
11.9998 3.7162 0.309368 0.159116
12.0341 3.63576 0.30535 0.146335
12.0159 3.7782 0.307364 0.499284
12.0159 3.7782 0.307364 0.499284
12.0624 3.65054 0.300176 0.0782383
12.0159 3.7782 0.307364 0.499284
12.0159 3.7782 0.307364 0.499284
12.0159 3.7782 0.307364 0.499284
12.0341 3.63576 0.30535 0.146335
12.0341 3.63576 0.30535 0.146335
12.1476 3.73925 0.295785 0.0207869
12.0159 3.7782 0.307364 0.499284
12.0159 3.7782 0.307364 0.499284
11.9998 3.7162 0.309368 0.159116
11.9998 3.7162 0.309368 0.159116
12.0159 3.7782 0.307364 0.499284
11.9998 3.7162 0.309368 0.159116
11.9998 3.7162 0.309368 0.159116
12.0624 3.65054 0.300176 0.0782383
12.0159 3.7782 0.307364 0.499284
11.9998 3.7162 0.309368 0.159116
12.1476 3.73925 0.295785 0.0207869
11.9998 3.7162 0.309368 0.159116
12.0159 3.7782 0.307364 0.499284
11.7975 3.6143 0.309452 0.00875423
12.0159 3.7782 0.307364 0.499284
11.961 3.98579 0.309115 0.0585101
12.0159 3.7782 0.307364 0.499284
12.0341 3.63576 0.30535 0.146335
11.961 3.98579 0.309115 0.0585101
12.0159 3.7782 0.307364 0.499284
11.9998 3.7162 0.309368 0.159116
12.0624 3.65054 0.300176 0.0782383
12.0159 3.7782 0.307364 0.499284
12.0159 3.7782 0.307364 0.499284
12.0159 3.7782 0.307364 0.499284
12.0624 3.65054 0.300176 0.0782383
12.0341 3.63576 0.30535 0.146335
12.0159 3.7782 0.307364 0.499284
12.0159 3.7782 0.307364 0.499284
12.0159 3.7782 0.307364 0.499284
12.0159 3.7782 0.307364 0.499284
12.0159 3.7782 0.307364 0.499284
11.9998 3.7162 0.309368 0.159116
12.0159 3.7782 0.307364 0.499284
12.0341 3.63576 0.30535 0.146335
12.0159 3.7782 0.307364 0.499284
11.961 3.98579 0.309115 0.0585101
12.0159 3.7782 0.307364 0.499284
11.9998 3.7162 0.309368 0.159116
11.961 3.98579 0.309115 0.0585101
12.0159 3.7782 0.307364 0.499284
12.0159 3.7782 0.307364 0.499284
11.9998 3.7162 0.309368 0.159116
11.9998 3.7162 0.309368 0.159116
12.0159 3.7782 0.307364 0.499284
12.0159 3.7782 0.307364 0.499284
11.9998 3.7162 0.309368 0.159116
12.0341 3.63576 0.30535 0.146335
11.9998 3.7162 0.309368 0.159116
12.0341 3.63576 0.30535 0.146335
12.0159 3.7782 0.307364 0.499284
12.0159 3.7782 0.307364 0.499284
11.9998 3.7162 0.309368 0.159116
