2.52959 -95.9558 3.25052 0.0798924
2.40217 -96.0262 3.25079 0.0696672
2.42571 -95.9427 3.24075 0.0641171
2.25746 -95.7522 3.25012 0.0168675
2.34693 -96.0296 3.2441 0.128229
2.41556 -95.9784 3.2479 0.123538
2.52959 -95.9558 3.25052 0.0798924
2.42571 -95.9427 3.24075 0.0641171
2.46773 -96.0723 3.24194 0.0751244
2.34693 -96.0296 3.2441 0.128229
2.18187 -95.7635 3.24584 0.0157118
2.41556 -95.9784 3.2479 0.123538
2.52959 -95.9558 3.25052 0.0798924
2.42571 -95.9427 3.24075 0.0641171
2.46773 -96.0723 3.24194 0.0751244
2.46773 -96.0723 3.24194 0.0751244
2.34693 -96.0296 3.2441 0.128229
2.41556 -95.9784 3.2479 0.123538
2.52959 -95.9558 3.25052 0.0798924
2.42571 -95.9427 3.24075 0.0641171
2.42571 -95.9427 3.24075 0.0641171
2.60614 -95.8775 3.25958 0.00518938
2.2108 -95.9469 3.23806 0.036555
2.42022 -95.8873 3.25066 0.0781792
2.34693 -96.0296 3.2441 0.128229
2.34693 -96.0296 3.2441 0.128229
2.41556 -95.9784 3.2479 0.123538
2.41556 -95.9784 3.2479 0.123538
2.40217 -96.0262 3.25079 0.0696672
2.42571 -95.9427 3.24075 0.0641171
2.46773 -96.0723 3.24194 0.0751244
2.34693 -96.0296 3.2441 0.128229
2.34693 -96.0296 3.2441 0.128229
2.34693 -96.0296 3.2441 0.128229
2.47763 -95.668 3.24875 0.0153854
2.41556 -95.9784 3.2479 0.123538
2.41556 -95.9784 3.2479 0.123538
2.52959 -95.9558 3.25052 0.0798924
2.22022 -96.0222 3.23597 0.0279996
2.63926 -95.8302 3.25938 0.00504257
2.85808 -95.7582 3.24907 0.000862492
2.56452 -95.8111 3.25663 0.0149242
2.43398 -95.7556 3.24457 0.0330385
2.16321 -95.6002 3.24859 0.00118626
2.41556 -95.9784 3.2479 0.123538
2.40217 -96.0262 3.25079 0.0696672
2.59742 -95.8561 3.25628 0.0176328
2.2108 -95.9469 3.23806 0.036555
2.25746 -95.7522 3.25012 0.0168675
2.46773 -96.0723 3.24194 0.0751244
2.34693 -96.0296 3.2441 0.128229
2.48955 -96.0443 3.25293 0.0411392
2.52959 -95.9558 3.25052 0.0798924
2.07611 -95.854 3.24815 0.00591916
2.22022 -96.0222 3.23597 0.0279996
2.42571 -95.9427 3.24075 0.0641171
2.46773 -96.0723 3.24194 0.0751244
2.34693 -96.0296 3.2441 0.128229
2.41556 -95.9784 3.2479 0.123538
2.52959 -95.9558 3.25052 0.0798924
2.64322 -95.7763 3.26013 0.00313432
2.06888 -95.9197 3.24765 0.00768713
2.2108 -95.9469 3.23806 0.036555
2.46773 -96.0723 3.24194 0.0751244
2.46773 -96.0723 3.24194 0.0751244
2.6937 -95.6758 3.25858 0.00220357
2.48955 -96.0443 3.25293 0.0411392
2.41556 -95.9784 3.2479 0.123538
2.41556 -95.9784 3.2479 0.123538
2.52959 -95.9558 3.25052 0.0798924
2.40217 -96.0262 3.25079 0.0696672
2.07611 -95.854 3.24815 0.00591916
2.2108 -95.9469 3.23806 0.036555
2.68083 -96.2834 3.24604 0.00332119
2.34693 -96.0296 3.2441 0.128229
2.34693 -96.0296 3.2441 0.128229
2.41556 -95.9784 3.2479 0.123538
2.52959 -95.9558 3.25052 0.0798924
2.42571 -95.9427 3.24075 0.0641171
2.42022 -95.8873 3.25066 0.0781792
2.42022 -95.8873 3.25066 0.0781792
2.46773 -96.0723 3.24194 0.0751244
2.46773 -96.0723 3.24194 0.0751244
2.34693 -96.0296 3.2441 0.128229
2.61888 -95.6387 3.24544 0.00260968
2.48955 -96.0443 3.25293 0.0411392
2.41556 -95.9784 3.2479 0.123538
2.40217 -96.0262 3.25079 0.0696672
2.64322 -95.7763 3.26013 0.00313432
2.47994 -95.4464 3.25458 0.000261157
2.25746 -95.7522 3.25012 0.0168675
2.46773 -96.0723 3.24194 0.0751244
2.34693 -96.0296 3.2441 0.128229
2.67436 -95.8304 3.24565 0.0131975
2.48955 -96.0443 3.25293 0.0411392
2.42054 -95.8152 3.25484 0.0217975
2.07611 -95.854 3.24815 0.00591916
2.42571 -95.9427 3.24075 0.0641171
2.42022 -95.8873 3.25066 0.0781792
2.25746 -95.7522 3.25012 0.0168675
