-21.7722 -89.3295 2.59649 0.0645393
-21.8442 -89.1199 2.5985 0.00730659
-21.6499 -89.2461 2.60253 0.0725495
-21.6499 -89.2461 2.60253 0.0725495
-21.6499 -89.2461 2.60253 0.0725495
-21.2432 -89.4263 2.60259 0.0124027
-21.4585 -89.3897 2.59825 0.102192
-21.4585 -89.3897 2.59825 0.102192
-21.5168 -89.502 2.60147 0.0963464
-21.7294 -89.517 2.59845 0.0391544
-21.7722 -89.3295 2.59649 0.0645393
-21.7722 -89.3295 2.59649 0.0645393
-21.6202 -89.2828 2.60554 0.0416453
-21.6341 -89.5203 2.60227 0.0661336
-21.617 -89.3718 2.60349 0.107881
-21.4585 -89.3897 2.59825 0.102192
-21.4585 -89.3897 2.59825 0.102192
-21.4047 -89.5814 2.60487 0.0255224
-21.5168 -89.502 2.60147 0.0963464
-21.7722 -89.3295 2.59649 0.0645393
-21.6202 -89.2828 2.60554 0.0416453
-21.3995 -89.5024 2.59758 0.0249655
-21.617 -89.3718 2.60349 0.107881
-21.4641 -89.5077 2.59788 0.0456339
-21.4047 -89.5814 2.60487 0.0255224
-21.4766 -89.4239 2.61048 0.0115883
-21.5959 -89.6342 2.60737 0.0082742
-21.5426 -89.2103 2.58989 0.00964726
-21.5426 -89.2103 2.58989 0.00964726
-21.6499 -89.2461 2.60253 0.0725495
-21.6499 -89.2461 2.60253 0.0725495
-21.617 -89.3718 2.60349 0.107881
-21.4585 -89.3897 2.59825 0.102192
-21.7841 -89.5235 2.5944 0.0115926
-21.3075 -89.2291 2.5971 0.0115915
-21.4766 -89.4239 2.61048 0.0115883
-21.7722 -89.3295 2.59649 0.0645393
-21.6202 -89.2828 2.60554 0.0416453
-21.6341 -89.5203 2.60227 0.0661336
-21.6499 -89.2461 2.60253 0.0725495
-21.617 -89.3718 2.60349 0.107881
-21.6982 -89.1423 2.59196 0.0229588
-21.4641 -89.5077 2.59788 0.0456339
-21.4585 -89.3897 2.59825 0.102192
-21.8095 -89.2891 2.59287 0.0266183
-21.5168 -89.502 2.60147 0.0963464
-21.5168 -89.502 2.60147 0.0963464
-21.5168 -89.502 2.60147 0.0963464
-21.6483 -89.5275 2.59969 0.0623999
-21.7294 -89.517 2.59845 0.0391544
-21.6202 -89.2828 2.60554 0.0416453
-21.6202 -89.2828 2.60554 0.0416453
-21.6202 -89.2828 2.60554 0.0416453
-21.7669 -89.2992 2.59089 0.0195244
-21.617 -89.3718 2.60349 0.107881
-21.6982 -89.1423 2.59196 0.0229588
-21.4585 -89.3897 2.59825 0.102192
-21.5168 -89.502 2.60147 0.0963464
-21.6483 -89.5275 2.59969 0.0623999
-21.8442 -89.1199 2.5985 0.00730659
-21.6341 -89.5203 2.60227 0.0661336
-21.6499 -89.2461 2.60253 0.0725495
-21.6982 -89.1423 2.59196 0.0229588
-21.4585 -89.3897 2.59825 0.102192
-21.5168 -89.502 2.60147 0.0963464
-21.6483 -89.5275 2.59969 0.0623999
-21.5959 -89.6342 2.60737 0.0082742
-21.6341 -89.5203 2.60227 0.0661336
-21.617 -89.3718 2.60349 0.107881
-21.4641 -89.5077 2.59788 0.0456339
-21.4047 -89.5814 2.60487 0.0255224
-21.5168 -89.502 2.60147 0.0963464
-21.5168 -89.502 2.60147 0.0963464
-21.5168 -89.502 2.60147 0.0963464
-21.7294 -89.517 2.59845 0.0391544
-21.6341 -89.5203 2.60227 0.0661336
-21.6499 -89.2461 2.60253 0.0725495
-21.2432 -89.4263 2.60259 0.0124027
-21.617 -89.3718 2.60349 0.107881
-21.4641 -89.5077 2.59788 0.0456339
-21.4585 -89.3897 2.59825 0.102192
-21.7841 -89.5235 2.5944 0.0115926
-21.3075 -89.2291 2.5971 0.0115915
-21.6483 -89.5275 2.59969 0.0623999
-21.8442 -89.1199 2.5985 0.00730659
-21.6202 -89.2828 2.60554 0.0416453
-21.6499 -89.2461 2.60253 0.0725495
-21.3995 -89.5024 2.59758 0.0249655
-21.617 -89.3718 2.60349 0.107881
-21.4641 -89.5077 2.59788 0.0456339
-21.4585 -89.3897 2.59825 0.102192
-21.3075 -89.2291 2.5971 0.0115915
-21.6483 -89.5275 2.59969 0.0623999
-21.7722 -89.3295 2.59649 0.0645393
-21.8756 -89.216 2.60518 0.000982657
-21.6499 -89.2461 2.60253 0.0725495
-21.617 -89.3718 2.60349 0.107881
-21.617 -89.3718 2.60349 0.107881
-21.4641 -89.5077 2.59788 0.0456339
-21.4585 -89.3897 2.59825 0.102192
