79.8825 -35.9194 3.69394 0.483186
79.8825 -35.9194 3.69394 0.483186
79.633 -35.8085 3.6925 0.317221
79.8825 -35.9194 3.69394 0.483186
79.8825 -35.9194 3.69394 0.483186
79.8825 -35.9194 3.69394 0.483186
79.633 -35.8085 3.6925 0.317221
79.8825 -35.9194 3.69394 0.483186
79.8825 -35.9194 3.69394 0.483186
79.8825 -35.9194 3.69394 0.483186
79.8825 -35.9194 3.69394 0.483186
79.6288 -35.6385 3.70061 0.0427359
79.633 -35.8085 3.6925 0.317221
79.754 -35.6417 3.6922 0.0128034
79.8825 -35.9194 3.69394 0.483186
79.633 -35.8085 3.6925 0.317221
79.8825 -35.9194 3.69394 0.483186
79.8825 -35.9194 3.69394 0.483186
79.633 -35.8085 3.6925 0.317221
79.633 -35.8085 3.6925 0.317221
79.8825 -35.9194 3.69394 0.483186
79.8825 -35.9194 3.69394 0.483186
79.633 -35.8085 3.6925 0.317221
79.6288 -35.6385 3.70061 0.0427359
79.8825 -35.9194 3.69394 0.483186
79.8825 -35.9194 3.69394 0.483186
79.8825 -35.9194 3.69394 0.483186
79.8825 -35.9194 3.69394 0.483186
79.8431 -35.6344 3.69556 0.0394758
79.633 -35.8085 3.6925 0.317221
79.6288 -35.6385 3.70061 0.0427359
79.8825 -35.9194 3.69394 0.483186
79.8825 -35.9194 3.69394 0.483186
79.8825 -35.9194 3.69394 0.483186
79.633 -35.8085 3.6925 0.317221
79.633 -35.8085 3.6925 0.317221
79.871 -36.1167 3.69643 0.02246
79.8825 -35.9194 3.69394 0.483186
79.633 -35.8085 3.6925 0.317221
79.633 -35.8085 3.6925 0.317221
79.8825 -35.9194 3.69394 0.483186
79.8825 -35.9194 3.69394 0.483186
79.8825 -35.9194 3.69394 0.483186
79.8825 -35.9194 3.69394 0.483186
79.633 -35.8085 3.6925 0.317221
79.8825 -35.9194 3.69394 0.483186
79.8825 -35.9194 3.69394 0.483186
79.8825 -35.9194 3.69394 0.483186
79.633 -35.8085 3.6925 0.317221
79.633 -35.8085 3.6925 0.317221
79.8825 -35.9194 3.69394 0.483186
79.6288 -35.6385 3.70061 0.0427359
79.8825 -35.9194 3.69394 0.483186
79.8825 -35.9194 3.69394 0.483186
79.8825 -35.9194 3.69394 0.483186
79.6222 -35.7321 3.69074 0.0236352
79.8825 -35.9194 3.69394 0.483186
79.633 -35.8085 3.6925 0.317221
79.633 -35.8085 3.6925 0.317221
79.633 -35.8085 3.6925 0.317221
79.8825 -35.9194 3.69394 0.483186
79.8825 -35.9194 3.69394 0.483186
79.878 -35.9625 3.70237 0.00373935
79.8825 -35.9194 3.69394 0.483186
79.8825 -35.9194 3.69394 0.483186
79.9457 -35.6141 3.70182 0.00341449
79.633 -35.8085 3.6925 0.317221
79.633 -35.8085 3.6925 0.317221
79.8825 -35.9194 3.69394 0.483186
79.633 -35.8085 3.6925 0.317221
79.6288 -35.6385 3.70061 0.0427359
79.8825 -35.9194 3.69394 0.483186
79.8872 -35.6382 3.70051 0.0245414
79.8825 -35.9194 3.69394 0.483186
79.8431 -35.6344 3.69556 0.0394758
79.633 -35.8085 3.6925 0.317221
79.633 -35.8085 3.6925 0.317221
79.8825 -35.9194 3.69394 0.483186
79.633 -35.8085 3.6925 0.317221
79.8431 -35.6344 3.69556 0.0394758
79.8825 -35.9194 3.69394 0.483186
79.633 -35.8085 3.6925 0.317221
79.871 -36.1167 3.69643 0.02246
79.8825 -35.9194 3.69394 0.483186
79.8825 -35.9194 3.69394 0.483186
79.633 -35.8085 3.6925 0.317221
79.8825 -35.9194 3.69394 0.483186
79.8825 -35.9194 3.69394 0.483186
79.8825 -35.9194 3.69394 0.483186
79.633 -35.8085 3.6925 0.317221
79.6288 -35.6385 3.70061 0.0427359
79.633 -35.8085 3.6925 0.317221
79.633 -35.8085 3.6925 0.317221
79.8825 -35.9194 3.69394 0.483186
79.8825 -35.9194 3.69394 0.483186
79.8825 -35.9194 3.69394 0.483186
79.8825 -35.9194 3.69394 0.483186
79.871 -36.1167 3.69643 0.02246
79.8825 -35.9194 3.69394 0.483186
79.6222 -35.7321 3.69074 0.0236352
