-40.2184 -63.7004 1.76418 0.139799
-40.3022 -63.7528 1.76261 0.16102
-40.2308 -63.8998 1.76211 0.050024
-40.1877 -63.6846 1.75777 0.195868
-40.3024 -63.4631 1.7525 0.105683
-40.3022 -63.7528 1.76261 0.16102
-40.2308 -63.8998 1.76211 0.050024
-40.1877 -63.6846 1.75777 0.195868
-40.3024 -63.4631 1.7525 0.105683
-40.2567 -63.5482 1.76293 0.118848
-40.2308 -63.8998 1.76211 0.050024
-40.1877 -63.6846 1.75777 0.195868
-40.3024 -63.4631 1.7525 0.105683
-40.2567 -63.5482 1.76293 0.118848
-40.3022 -63.7528 1.76261 0.16102
-40.1877 -63.6846 1.75777 0.195868
-40.3024 -63.4631 1.7525 0.105683
-40.2184 -63.7004 1.76418 0.139799
-40.3022 -63.7528 1.76261 0.16102
-40.6806 -63.6435 1.75796 0.00378054
-40.1877 -63.6846 1.75777 0.195868
-40.1877 -63.6846 1.75777 0.195868
-40.2567 -63.5482 1.76293 0.118848
-40.2184 -63.7004 1.76418 0.139799
-40.3022 -63.7528 1.76261 0.16102
-39.9849 -63.8868 1.75931 0.00464705
-40.1361 -63.8058 1.76355 0.0826251
-40.2184 -63.7004 1.76418 0.139799
-40.1877 -63.6846 1.75777 0.195868
-40.1877 -63.6846 1.75777 0.195868
-40.1877 -63.6846 1.75777 0.195868
-40.3024 -63.4631 1.7525 0.105683
-40.2184 -63.7004 1.76418 0.139799
-40.6063 -63.5424 1.76276 0.00346626
-40.3022 -63.7528 1.76261 0.16102
-40.3022 -63.7528 1.76261 0.16102
-40.1877 -63.6846 1.75777 0.195868
-40.1877 -63.6846 1.75777 0.195868
-40.1877 -63.6846 1.75777 0.195868
-40.3024 -63.4631 1.7525 0.105683
-40.6063 -63.5424 1.76276 0.00346626
-40.3022 -63.7528 1.76261 0.16102
-40.3022 -63.7528 1.76261 0.16102
-40.3022 -63.7528 1.76261 0.16102
-40.3022 -63.7528 1.76261 0.16102
-40.1877 -63.6846 1.75777 0.195868
-40.1877 -63.6846 1.75777 0.195868
-40.1877 -63.6846 1.75777 0.195868
-40.4045 -63.7018 1.76604 0.031072
-40.1361 -63.8058 1.76355 0.0826251
-40.2184 -63.7004 1.76418 0.139799
-40.2184 -63.7004 1.76418 0.139799
-40.1877 -63.6846 1.75777 0.195868
-40.3024 -63.4631 1.7525 0.105683
-40.3022 -63.7528 1.76261 0.16102
-40.1877 -63.6846 1.75777 0.195868
-40.1361 -63.8058 1.76355 0.0826251
-40.2184 -63.7004 1.76418 0.139799
-40.3022 -63.7528 1.76261 0.16102
-40.1877 -63.6846 1.75777 0.195868
-40.3024 -63.4631 1.7525 0.105683
-40.2567 -63.5482 1.76293 0.118848
-40.145 -63.3494 1.75708 0.0288198
-40.4045 -63.7018 1.76604 0.031072
-40.2567 -63.5482 1.76293 0.118848
-40.145 -63.3494 1.75708 0.0288198
-40.1361 -63.8058 1.76355 0.0826251
-40.2567 -63.5482 1.76293 0.118848
-40.3022 -63.7528 1.76261 0.16102
-40.3022 -63.7528 1.76261 0.16102
-40.1877 -63.6846 1.75777 0.195868
-40.4045 -63.7018 1.76604 0.031072
-40.3024 -63.4631 1.7525 0.105683
-40.3022 -63.7528 1.76261 0.16102
-40.3022 -63.7528 1.76261 0.16102
-40.1877 -63.6846 1.75777 0.195868
-40.1361 -63.8058 1.76355 0.0826251
-40.3024 -63.4631 1.7525 0.105683
-40.2567 -63.5482 1.76293 0.118848
-40.3022 -63.7528 1.76261 0.16102
-40.145 -63.3494 1.75708 0.0288198
-40.159 -63.9127 1.75757 0.0136066
-40.2567 -63.5482 1.76293 0.118848
-40.3022 -63.7528 1.76261 0.16102
-40.1877 -63.6846 1.75777 0.195868
-40.3024 -63.4631 1.7525 0.105683
-40.3024 -63.4631 1.7525 0.105683
-40.2567 -63.5482 1.76293 0.118848
-40.3022 -63.7528 1.76261 0.16102
-40.3022 -63.7528 1.76261 0.16102
-40.3022 -63.7528 1.76261 0.16102
-40.145 -63.3494 1.75708 0.0288198
-40.1877 -63.6846 1.75777 0.195868
-40.1361 -63.8058 1.76355 0.0826251
-40.2567 -63.5482 1.76293 0.118848
-40.2184 -63.7004 1.76418 0.139799
-40.3022 -63.7528 1.76261 0.16102
-40.3022 -63.7528 1.76261 0.16102
-40.4045 -63.7018 1.76604 0.031072
-40.3024 -63.4631 1.7525 0.105683
