-12.0148 -93.8169 2.8431 0.257181
-12.0148 -93.8169 2.8431 0.257181
-12.0148 -93.8169 2.8431 0.257181
-12.0056 -93.7153 2.84395 0.210192
-11.7305 -93.7331 2.84366 0.0365696
-11.7587 -93.8589 2.8458 0.0686799
-12.151 -93.8473 2.85262 0.00236851
-11.8944 -93.9833 2.84815 0.0532699
-12.0148 -93.8169 2.8431 0.257181
-12.0148 -93.8169 2.8431 0.257181
-12.2399 -93.9885 2.84449 0.0132586
-12.1153 -93.973 2.84024 0.0804029
-11.9405 -93.8752 2.85204 0.0274752
-12.0148 -93.8169 2.8431 0.257181
-11.9595 -93.6412 2.8493 0.0525114
-11.9595 -93.6412 2.8493 0.0525114
-12.0056 -93.7153 2.84395 0.210192
-11.8944 -93.9833 2.84815 0.0532699
-12.0148 -93.8169 2.8431 0.257181
-11.9595 -93.6412 2.8493 0.0525114
-12.1153 -93.973 2.84024 0.0804029
-12.0148 -93.8169 2.8431 0.257181
-12.0056 -93.7153 2.84395 0.210192
-11.8944 -93.9833 2.84815 0.0532699
-12.0148 -93.8169 2.8431 0.257181
-11.9016 -93.6516 2.85154 0.0283467
-12.0056 -93.7153 2.84395 0.210192
-12.1153 -93.973 2.84024 0.0804029
-12.0148 -93.8169 2.8431 0.257181
-11.7287 -94.0066 2.84423 0.0134712
-11.8754 -93.5465 2.84348 0.0304352
-11.7305 -93.7331 2.84366 0.0365696
-12.0148 -93.8169 2.8431 0.257181
-11.9595 -93.6412 2.8493 0.0525114
-11.8754 -93.5465 2.84348 0.0304352
-12.0148 -93.8169 2.8431 0.257181
-12.0056 -93.7153 2.84395 0.210192
-11.8754 -93.5465 2.84348 0.0304352
-11.9405 -93.8752 2.85204 0.0274752
-11.7587 -93.8589 2.8458 0.0686799
-12.0148 -93.8169 2.8431 0.257181
-12.0056 -93.7153 2.84395 0.210192
-12.0056 -93.7153 2.84395 0.210192
-12.1153 -93.973 2.84024 0.0804029
-11.9405 -93.8752 2.85204 0.0274752
-11.9595 -93.6412 2.8493 0.0525114
-12.0056 -93.7153 2.84395 0.210192
-11.7396 -93.4363 2.84865 0.00164397
-11.9016 -93.6516 2.85154 0.0283467
-12.0056 -93.7153 2.84395 0.210192
-11.7587 -93.8589 2.8458 0.0686799
-12.0056 -93.7153 2.84395 0.210192
-12.0056 -93.7153 2.84395 0.210192
-11.8754 -93.5465 2.84348 0.0304352
-12.0148 -93.8169 2.8431 0.257181
-12.0148 -93.8169 2.8431 0.257181
-12.0148 -93.8169 2.8431 0.257181
-12.0056 -93.7153 2.84395 0.210192
-11.7587 -93.8589 2.8458 0.0686799
-11.7865 -93.8542 2.85329 0.0184236
-11.6405 -93.9147 2.84183 0.00349233
-12.1153 -93.973 2.84024 0.0804029
-12.0148 -93.8169 2.8431 0.257181
-12.0056 -93.7153 2.84395 0.210192
-12.0056 -93.7153 2.84395 0.210192
-12.1153 -93.973 2.84024 0.0804029
-11.7305 -93.7331 2.84366 0.0365696
-11.9595 -93.6412 2.8493 0.0525114
-11.9201 -93.8111 2.8535 0.0167915
-11.8944 -93.9833 2.84815 0.0532699
-11.7587 -93.8589 2.8458 0.0686799
-11.7587 -93.8589 2.8458 0.0686799
-11.7587 -93.8589 2.8458 0.0686799
-12.0148 -93.8169 2.8431 0.257181
-12.0056 -93.7153 2.84395 0.210192
-12.0056 -93.7153 2.84395 0.210192
-11.7587 -93.8589 2.8458 0.0686799
-11.7587 -93.8589 2.8458 0.0686799
-12.0148 -93.8169 2.8431 0.257181
-11.9016 -93.6516 2.85154 0.0283467
-11.9201 -93.8111 2.8535 0.0167915
-12.0148 -93.8169 2.8431 0.257181
-12.1153 -93.973 2.84024 0.0804029
-11.8754 -93.5465 2.84348 0.0304352
-11.9405 -93.8752 2.85204 0.0274752
-11.9595 -93.6412 2.8493 0.0525114
-11.8754 -93.5465 2.84348 0.0304352
-12.0148 -93.8169 2.8431 0.257181
-12.0056 -93.7153 2.84395 0.210192
-11.7587 -93.8589 2.8458 0.0686799
-12.0533 -93.4876 2.84296 0.0158642
-12.2706 -93.7365 2.82694 0.000312863
-12.0056 -93.7153 2.84395 0.210192
-12.0056 -93.7153 2.84395 0.210192
-12.1153 -93.973 2.84024 0.0804029
-11.8754 -93.5465 2.84348 0.0304352
-12.0734 -93.9223 2.85123 0.0112965
-12.0148 -93.8169 2.8431 0.257181
-12.0533 -93.4876 2.84296 0.0158642
-11.8754 -93.5465 2.84348 0.0304352
