43.4986 12.2374 0.154878 0.0811251
43.6157 12.3759 0.151793 0.622919
43.6157 12.3759 0.151793 0.622919
43.7364 12.2338 0.152564 0.099332
43.6157 12.3759 0.151793 0.622919
43.6157 12.3759 0.151793 0.622919
43.6157 12.3759 0.151793 0.622919
43.6426 12.5638 0.148303 0.0341247
43.4986 12.2374 0.154878 0.0811251
43.4278 12.4274 0.154372 0.0990062
43.6157 12.3759 0.151793 0.622919
43.6157 12.3759 0.151793 0.622919
43.6157 12.3759 0.151793 0.622919
43.6157 12.3759 0.151793 0.622919
43.6157 12.3759 0.151793 0.622919
43.6157 12.3759 0.151793 0.622919
43.6157 12.3759 0.151793 0.622919
43.6426 12.5638 0.148303 0.0341247
43.6157 12.3759 0.151793 0.622919
43.4986 12.2374 0.154878 0.0811251
43.6157 12.3759 0.151793 0.622919
43.4278 12.4274 0.154372 0.0990062
43.4986 12.2374 0.154878 0.0811251
43.6157 12.3759 0.151793 0.622919
43.6157 12.3759 0.151793 0.622919
43.4986 12.2374 0.154878 0.0811251
43.6157 12.3759 0.151793 0.622919
43.6157 12.3759 0.151793 0.622919
43.6157 12.3759 0.151793 0.622919
43.4278 12.4274 0.154372 0.0990062
43.5663 12.5892 0.150381 0.0239315
43.7364 12.2338 0.152564 0.099332
43.6157 12.3759 0.151793 0.622919
43.6157 12.3759 0.151793 0.622919
43.6157 12.3759 0.151793 0.622919
43.4986 12.2374 0.154878 0.0811251
43.6157 12.3759 0.151793 0.622919
43.6426 12.5638 0.148303 0.0341247
43.7364 12.2338 0.152564 0.099332
43.4278 12.4274 0.154372 0.0990062
43.6157 12.3759 0.151793 0.622919
43.6157 12.3759 0.151793 0.622919
43.6157 12.3759 0.151793 0.622919
43.6157 12.3759 0.151793 0.622919
43.3236 12.2125 0.153304 0.00553756
43.6157 12.3759 0.151793 0.622919
43.4986 12.2374 0.154878 0.0811251
43.6157 12.3759 0.151793 0.622919
43.6157 12.3759 0.151793 0.622919
43.6157 12.3759 0.151793 0.622919
43.6157 12.3759 0.151793 0.622919
43.6157 12.3759 0.151793 0.622919
43.6157 12.3759 0.151793 0.622919
43.6157 12.3759 0.151793 0.622919
43.6157 12.3759 0.151793 0.622919
43.6426 12.5638 0.148303 0.0341247
43.4986 12.2374 0.154878 0.0811251
43.4278 12.4274 0.154372 0.0990062
43.6157 12.3759 0.151793 0.622919
43.4986 12.2374 0.154878 0.0811251
43.6157 12.3759 0.151793 0.622919
43.6157 12.3759 0.151793 0.622919
43.6426 12.5638 0.148303 0.0341247
43.9235 12.5174 0.1493 0.00394037
43.4278 12.4274 0.154372 0.0990062
43.6157 12.3759 0.151793 0.622919
43.6157 12.3759 0.151793 0.622919
43.6157 12.3759 0.151793 0.622919
43.6426 12.5638 0.148303 0.0341247
43.6426 12.5638 0.148303 0.0341247
43.6157 12.3759 0.151793 0.622919
43.6157 12.3759 0.151793 0.622919
43.5663 12.5892 0.150381 0.0239315
43.7364 12.2338 0.152564 0.099332
43.4278 12.4274 0.154372 0.0990062
43.4278 12.4274 0.154372 0.0990062
43.6157 12.3759 0.151793 0.622919
43.6157 12.3759 0.151793 0.622919
43.6426 12.5638 0.148303 0.0341247
43.6157 12.3759 0.151793 0.622919
43.6157 12.3759 0.151793 0.622919
43.6157 12.3759 0.151793 0.622919
43.6157 12.3759 0.151793 0.622919
43.6157 12.3759 0.151793 0.622919
43.5544 12.5716 0.156058 0.0178946
43.6157 12.3759 0.151793 0.622919
43.4986 12.2374 0.154878 0.0811251
43.4278 12.4274 0.154372 0.0990062
43.6157 12.3759 0.151793 0.622919
43.4986 12.2374 0.154878 0.0811251
43.6157 12.3759 0.151793 0.622919
43.4278 12.4274 0.154372 0.0990062
43.4278 12.4274 0.154372 0.0990062
43.5663 12.5892 0.150381 0.0239315
43.6157 12.3759 0.151793 0.622919
43.6157 12.3759 0.151793 0.622919
43.6157 12.3759 0.151793 0.622919
43.6157 12.3759 0.151793 0.622919
43.6157 12.3759 0.151793 0.622919
43.7364 12.2338 0.152564 0.099332
