263.438 27.3762 5.92539 0.0239572
263.624 27.4028 5.91467 0.482036
263.809 27.5967 5.90538 0.0339622
263.624 27.4028 5.91467 0.482036
263.624 27.4028 5.91467 0.482036
263.703 27.5446 5.90657 0.113576
263.703 27.5446 5.90657 0.113576
263.624 27.4028 5.91467 0.482036
263.624 27.4028 5.91467 0.482036
263.687 27.5156 5.90378 0.0512147
263.624 27.4028 5.91467 0.482036
263.624 27.4028 5.91467 0.482036
263.624 27.4028 5.91467 0.482036
263.809 27.5967 5.90538 0.0339622
263.624 27.4028 5.91467 0.482036
263.809 27.5967 5.90538 0.0339622
263.526 27.5137 5.91026 0.1074
263.624 27.4028 5.91467 0.482036
263.624 27.4028 5.91467 0.482036
263.624 27.4028 5.91467 0.482036
263.624 27.4028 5.91467 0.482036
263.624 27.4028 5.91467 0.482036
263.624 27.4028 5.91467 0.482036
263.526 27.5137 5.91026 0.1074
263.624 27.4028 5.91467 0.482036
263.624 27.4028 5.91467 0.482036
263.687 27.5156 5.90378 0.0512147
263.624 27.4028 5.91467 0.482036
263.624 27.4028 5.91467 0.482036
263.703 27.5446 5.90657 0.113576
263.624 27.4028 5.91467 0.482036
263.624 27.4028 5.91467 0.482036
263.453 27.251 5.91288 0.025456
263.687 27.5156 5.90378 0.0512147
263.624 27.4028 5.91467 0.482036
263.624 27.4028 5.91467 0.482036
263.526 27.5137 5.91026 0.1074
263.624 27.4028 5.91467 0.482036
263.624 27.4028 5.91467 0.482036
263.687 27.5156 5.90378 0.0512147
263.624 27.4028 5.91467 0.482036
263.624 27.4028 5.91467 0.482036
263.718 27.6 5.90055 0.00599572
263.661 27.7013 5.91181 0.0153242
263.703 27.5446 5.90657 0.113576
263.624 27.4028 5.91467 0.482036
263.624 27.4028 5.91467 0.482036
263.703 27.5446 5.90657 0.113576
263.624 27.4028 5.91467 0.482036
263.703 27.5446 5.90657 0.113576
263.703 27.5446 5.90657 0.113576
263.624 27.4028 5.91467 0.482036
263.624 27.4028 5.91467 0.482036
263.65 27.4738 5.9041 0.0546825
263.288 27.4013 5.9083 0.000168392
263.624 27.4028 5.91467 0.482036
263.703 27.5446 5.90657 0.113576
263.624 27.4028 5.91467 0.482036
263.624 27.4028 5.91467 0.482036
263.65 27.4738 5.9041 0.0546825
263.617 27.3387 5.906 0.057953
263.526 27.5137 5.91026 0.1074
263.624 27.4028 5.91467 0.482036
263.65 27.4738 5.9041 0.0546825
263.617 27.3387 5.906 0.057953
263.703 27.5446 5.90657 0.113576
263.624 27.4028 5.91467 0.482036
263.624 27.4028 5.91467 0.482036
263.661 27.7013 5.91181 0.0153242
263.438 27.3762 5.92539 0.0239572
263.624 27.4028 5.91467 0.482036
263.624 27.4028 5.91467 0.482036
263.624 27.4028 5.91467 0.482036
263.624 27.4028 5.91467 0.482036
263.624 27.4028 5.91467 0.482036
263.624 27.4028 5.91467 0.482036
263.703 27.5446 5.90657 0.113576
263.624 27.4028 5.91467 0.482036
263.617 27.3387 5.906 0.057953
263.624 27.4028 5.91467 0.482036
263.65 27.4738 5.9041 0.0546825
263.438 27.3762 5.92539 0.0239572
263.617 27.3387 5.906 0.057953
263.703 27.5446 5.90657 0.113576
263.624 27.4028 5.91467 0.482036
263.624 27.4028 5.91467 0.482036
263.703 27.5446 5.90657 0.113576
263.624 27.4028 5.91467 0.482036
263.624 27.4028 5.91467 0.482036
263.624 27.4028 5.91467 0.482036
263.624 27.4028 5.91467 0.482036
263.526 27.5137 5.91026 0.1074
263.624 27.4028 5.91467 0.482036
263.526 27.5137 5.91026 0.1074
263.624 27.4028 5.91467 0.482036
263.624 27.4028 5.91467 0.482036
263.703 27.5446 5.90657 0.113576
263.687 27.5156 5.90378 0.0512147
263.624 27.4028 5.91467 0.482036
263.624 27.4028 5.91467 0.482036
