-26.6962 -11.8721 0.867082 0.356155
-26.6664 -11.8014 0.862806 0.256141
-26.8975 -12.0215 0.868937 0.0602342
-26.8062 -12.1575 0.870709 0.0659669
-26.8982 -11.9466 0.869558 0.0586121
-26.6664 -11.8014 0.862806 0.256141
-26.6962 -11.8721 0.867082 0.356155
-26.6664 -11.8014 0.862806 0.256141
-26.6962 -11.8721 0.867082 0.356155
-26.6664 -11.8014 0.862806 0.256141
-26.8975 -12.0215 0.868937 0.0602342
-26.6664 -11.8014 0.862806 0.256141
-26.6962 -11.8721 0.867082 0.356155
-26.6664 -11.8014 0.862806 0.256141
-26.6664 -11.8014 0.862806 0.256141
-26.6962 -11.8721 0.867082 0.356155
-26.7149 -12.2087 0.875729 0.0343465
-26.8975 -12.0215 0.868937 0.0602342
-26.7743 -12.1658 0.86388 0.00379746
-26.6962 -11.8721 0.867082 0.356155
-26.8975 -12.0215 0.868937 0.0602342
-26.8263 -12.1138 0.872677 0.0745045
-26.6962 -11.8721 0.867082 0.356155
-26.6664 -11.8014 0.862806 0.256141
-26.6962 -11.8721 0.867082 0.356155
-26.6962 -11.8721 0.867082 0.356155
-26.6962 -11.8721 0.867082 0.356155
-26.6962 -11.8721 0.867082 0.356155
-26.8062 -12.1575 0.870709 0.0659669
-26.6328 -12.2198 0.869923 0.0253086
-26.8263 -12.1138 0.872677 0.0745045
-26.6962 -11.8721 0.867082 0.356155
-26.8263 -12.1138 0.872677 0.0745045
-26.6664 -11.8014 0.862806 0.256141
-26.8263 -12.1138 0.872677 0.0745045
-26.6962 -11.8721 0.867082 0.356155
-26.6664 -11.8014 0.862806 0.256141
-26.6664 -11.8014 0.862806 0.256141
-26.6664 -11.8014 0.862806 0.256141
-26.8817 -11.7242 0.859911 0.0208362
-26.6962 -11.8721 0.867082 0.356155
-26.6664 -11.8014 0.862806 0.256141
-26.6962 -11.8721 0.867082 0.356155
-26.6962 -11.8721 0.867082 0.356155
-26.6328 -12.2198 0.869923 0.0253086
-26.6664 -11.8014 0.862806 0.256141
-26.6962 -11.8721 0.867082 0.356155
-26.6962 -11.8721 0.867082 0.356155
-26.8062 -12.1575 0.870709 0.0659669
-26.8982 -11.9466 0.869558 0.0586121
-26.6664 -11.8014 0.862806 0.256141
-26.8263 -12.1138 0.872677 0.0745045
-26.6962 -11.8721 0.867082 0.356155
-26.8975 -12.0215 0.868937 0.0602342
-26.6962 -11.8721 0.867082 0.356155
-26.6962 -11.8721 0.867082 0.356155
-26.6962 -11.8721 0.867082 0.356155
-26.7149 -12.2087 0.875729 0.0343465
-26.6962 -11.8721 0.867082 0.356155
-26.6962 -11.8721 0.867082 0.356155
-26.8975 -12.0215 0.868937 0.0602342
-26.6664 -11.8014 0.862806 0.256141
-26.6664 -11.8014 0.862806 0.256141
-26.8062 -12.1575 0.870709 0.0659669
-26.6664 -11.8014 0.862806 0.256141
-26.8263 -12.1138 0.872677 0.0745045
-26.7149 -12.2087 0.875729 0.0343465
-26.8062 -12.1575 0.870709 0.0659669
-26.6664 -11.8014 0.862806 0.256141
-26.6962 -11.8721 0.867082 0.356155
-26.8062 -12.1575 0.870709 0.0659669
-26.8062 -12.1575 0.870709 0.0659669
-26.6328 -12.2198 0.869923 0.0253086
-26.6962 -11.8721 0.867082 0.356155
-26.6664 -11.8014 0.862806 0.256141
-26.6664 -11.8014 0.862806 0.256141
-26.8263 -12.1138 0.872677 0.0745045
-26.6962 -11.8721 0.867082 0.356155
-26.8975 -12.0215 0.868937 0.0602342
-26.8062 -12.1575 0.870709 0.0659669
-26.567 -12.0452 0.863463 0.0278434
-26.6962 -11.8721 0.867082 0.356155
-26.8982 -11.9466 0.869558 0.0586121
-26.6664 -11.8014 0.862806 0.256141
-26.6962 -11.8721 0.867082 0.356155
-26.6664 -11.8014 0.862806 0.256141
-26.8263 -12.1138 0.872677 0.0745045
-26.6962 -11.8721 0.867082 0.356155
-26.6328 -12.2198 0.869923 0.0253086
-26.6664 -11.8014 0.862806 0.256141
-26.8263 -12.1138 0.872677 0.0745045
-26.8062 -12.1575 0.870709 0.0659669
-26.8062 -12.1575 0.870709 0.0659669
-26.6962 -11.8721 0.867082 0.356155
-26.6962 -11.8721 0.867082 0.356155
-26.6664 -11.8014 0.862806 0.256141
-26.8817 -11.7242 0.859911 0.0208362
-26.8263 -12.1138 0.872677 0.0745045
-26.8982 -11.9466 0.869558 0.0586121
-26.6962 -11.8721 0.867082 0.356155
