182.158 -9.48864 3.19605 0.0801262
182.076 -9.64398 3.19059 0.213646
182.519 -9.45312 3.19443 0.00708798
182.158 -9.48864 3.19605 0.0801262
182.312 -9.30548 3.19194 0.0145517
182.293 -9.61085 3.18736 0.0611208
182.135 -9.72276 3.19277 0.0868227
182.158 -9.48864 3.19605 0.0801262
182.274 -9.56631 3.18959 0.226029
182.076 -9.64398 3.19059 0.213646
181.933 -9.43909 3.18904 0.0213926
182.293 -9.61085 3.18736 0.0611208
182.035 -9.47302 3.19259 0.0739201
182.293 -9.83786 3.18761 0.00360157
182.135 -9.72276 3.19277 0.0868227
182.158 -9.48864 3.19605 0.0801262
182.274 -9.56631 3.18959 0.226029
181.981 -9.67847 3.18166 0.00750041
181.87 -9.72716 3.1878 0.00541861
182.274 -9.56631 3.18959 0.226029
182.076 -9.64398 3.19059 0.213646
182.076 -9.64398 3.19059 0.213646
182.124 -9.78835 3.19456 0.0107229
182.135 -9.72276 3.19277 0.0868227
182.158 -9.48864 3.19605 0.0801262
182.158 -9.48864 3.19605 0.0801262
182.274 -9.56631 3.18959 0.226029
182.274 -9.56631 3.18959 0.226029
182.076 -9.64398 3.19059 0.213646
182.291 -9.31652 3.19218 0.0233103
182.293 -9.83786 3.18761 0.00360157
182.274 -9.56631 3.18959 0.226029
182.076 -9.64398 3.19059 0.213646
182.076 -9.64398 3.19059 0.213646
182.076 -9.64398 3.19059 0.213646
182.035 -9.47302 3.19259 0.0739201
182.035 -9.47302 3.19259 0.0739201
182.135 -9.72276 3.19277 0.0868227
182.076 -9.64398 3.19059 0.213646
182.076 -9.64398 3.19059 0.213646
182.035 -9.47302 3.19259 0.0739201
182.135 -9.72276 3.19277 0.0868227
182.274 -9.56631 3.18959 0.226029
182.291 -9.31652 3.19218 0.0233103
182.035 -9.47302 3.19259 0.0739201
182.035 -9.47302 3.19259 0.0739201
182.373 -9.48784 3.18939 0.03547
182.135 -9.72276 3.19277 0.0868227
182.158 -9.48864 3.19605 0.0801262
182.076 -9.64398 3.19059 0.213646
182.145 -9.68009 3.18498 0.0504098
182.327 -9.86256 3.19156 0.00357498
182.274 -9.56631 3.18959 0.226029
181.979 -9.7302 3.19384 0.00431771
182.145 -9.68009 3.18498 0.0504098
182.274 -9.56631 3.18959 0.226029
182.076 -9.64398 3.19059 0.213646
182.076 -9.64398 3.19059 0.213646
182.035 -9.47302 3.19259 0.0739201
182.135 -9.72276 3.19277 0.0868227
182.274 -9.56631 3.18959 0.226029
182.312 -9.30548 3.19194 0.0145517
182.293 -9.61085 3.18736 0.0611208
182.145 -9.68009 3.18498 0.0504098
182.274 -9.56631 3.18959 0.226029
182.274 -9.56631 3.18959 0.226029
182.076 -9.64398 3.19059 0.213646
182.035 -9.47302 3.19259 0.0739201
182.135 -9.72276 3.19277 0.0868227
182.076 -9.64398 3.19059 0.213646
182.076 -9.64398 3.19059 0.213646
182.417 -9.65156 3.19026 0.021498
182.373 -9.48784 3.18939 0.03547
182.158 -9.48864 3.19605 0.0801262
182.312 -9.30548 3.19194 0.0145517
182.076 -9.64398 3.19059 0.213646
182.076 -9.64398 3.19059 0.213646
182.035 -9.47302 3.19259 0.0739201
182.373 -9.48784 3.18939 0.03547
182.135 -9.72276 3.19277 0.0868227
182.274 -9.56631 3.18959 0.226029
182.011 -9.34346 3.18654 0.00999063
182.158 -9.48864 3.19605 0.0801262
182.274 -9.56631 3.18959 0.226029
182.076 -9.64398 3.19059 0.213646
182.519 -9.45312 3.19443 0.00708798
182.145 -9.68009 3.18498 0.0504098
182.135 -9.72276 3.19277 0.0868227
182.274 -9.56631 3.18959 0.226029
182.293 -9.61085 3.18736 0.0611208
182.291 -9.31652 3.19218 0.0233103
182.135 -9.72276 3.19277 0.0868227
182.076 -9.64398 3.19059 0.213646
182.076 -9.64398 3.19059 0.213646
182.136 -9.63431 3.19769 0.0139276
182.373 -9.48784 3.18939 0.03547
182.312 -9.30548 3.19194 0.0145517
182.293 -9.61085 3.18736 0.0611208
182.135 -9.72276 3.19277 0.0868227
182.158 -9.48864 3.19605 0.0801262
