-14.0318 -93.67 2.83632 0.0486215
-13.9578 -93.6358 2.83523 0.0331842
-13.9578 -93.6358 2.83523 0.0331842
-14.123 -93.3968 2.8393 0.0835186
-14.2452 -93.4083 2.83419 0.119042
-14.062 -93.4103 2.83894 0.0963801
-14.062 -93.4103 2.83894 0.0963801
-14.0114 -93.4182 2.84204 0.0429133
-13.9509 -93.4107 2.83663 0.0571946
-14.1834 -93.2997 2.82998 0.035399
-14.1834 -93.2997 2.82998 0.035399
-14.0318 -93.67 2.83632 0.0486215
-13.9578 -93.6358 2.83523 0.0331842
-14.2452 -93.4083 2.83419 0.119042
-14.062 -93.4103 2.83894 0.0963801
-14.062 -93.4103 2.83894 0.0963801
-14.0114 -93.4182 2.84204 0.0429133
-14.2223 -93.2868 2.83828 0.0287729
-14.1741 -93.6435 2.83549 0.0832441
-14.4762 -93.5466 2.82916 0.0137504
-13.9615 -93.4213 2.83751 0.0677334
-14.2255 -93.5701 2.83175 0.104723
-14.2452 -93.4083 2.83419 0.119042
-14.062 -93.4103 2.83894 0.0963801
-14.6941 -93.6574 2.83287 4.74451e-05
-13.9509 -93.4107 2.83663 0.0571946
-13.9509 -93.4107 2.83663 0.0571946
-14.1834 -93.2997 2.82998 0.035399
-14.2255 -93.5701 2.83175 0.104723
-14.123 -93.3968 2.8393 0.0835186
-14.2452 -93.4083 2.83419 0.119042
-14.062 -93.4103 2.83894 0.0963801
-14.062 -93.4103 2.83894 0.0963801
-13.9509 -93.4107 2.83663 0.0571946
-14.1741 -93.6435 2.83549 0.0832441
-14.3581 -93.6598 2.82809 0.0159337
-13.9615 -93.4213 2.83751 0.0677334
-14.2255 -93.5701 2.83175 0.104723
-14.123 -93.3968 2.8393 0.0835186
-14.2452 -93.4083 2.83419 0.119042
-13.987 -93.599 2.84106 0.0435802
-14.062 -93.4103 2.83894 0.0963801
-13.9509 -93.4107 2.83663 0.0571946
-14.1741 -93.6435 2.83549 0.0832441
-13.9615 -93.4213 2.83751 0.0677334
-14.0318 -93.67 2.83632 0.0486215
-13.9578 -93.6358 2.83523 0.0331842
-14.2452 -93.4083 2.83419 0.119042
-14.0114 -93.4182 2.84204 0.0429133
-13.9509 -93.4107 2.83663 0.0571946
-14.1741 -93.6435 2.83549 0.0832441
-13.9615 -93.4213 2.83751 0.0677334
-14.2255 -93.5701 2.83175 0.104723
-13.9578 -93.6358 2.83523 0.0331842
-14.2452 -93.4083 2.83419 0.119042
-14.062 -93.4103 2.83894 0.0963801
-13.9509 -93.4107 2.83663 0.0571946
-14.1741 -93.6435 2.83549 0.0832441
-13.9615 -93.4213 2.83751 0.0677334
-13.9615 -93.4213 2.83751 0.0677334
-14.0338 -93.2161 2.83593 0.0162782
-14.0654 -93.7217 2.82948 0.00728154
-14.2452 -93.4083 2.83419 0.119042
-14.062 -93.4103 2.83894 0.0963801
-14.062 -93.4103 2.83894 0.0963801
-14.0114 -93.4182 2.84204 0.0429133
-14.2434 -93.3165 2.82741 0.020098
-14.3581 -93.6598 2.82809 0.0159337
-14.0338 -93.2161 2.83593 0.0162782
-14.1656 -93.3652 2.84459 0.00596204
-14.2452 -93.4083 2.83419 0.119042
-14.2452 -93.4083 2.83419 0.119042
-13.987 -93.599 2.84106 0.0435802
-14.1334 -93.359 2.82894 0.0335699
-13.9509 -93.4107 2.83663 0.0571946
-14.1741 -93.6435 2.83549 0.0832441
-14.2434 -93.3165 2.82741 0.020098
-14.0318 -93.67 2.83632 0.0486215
-14.0318 -93.67 2.83632 0.0486215
-14.2255 -93.5701 2.83175 0.104723
-14.123 -93.3968 2.8393 0.0835186
-14.062 -93.4103 2.83894 0.0963801
-14.2223 -93.2868 2.83828 0.0287729
-14.1741 -93.6435 2.83549 0.0832441
-14.1741 -93.6435 2.83549 0.0832441
-14.3581 -93.6598 2.82809 0.0159337
-13.9615 -93.4213 2.83751 0.0677334
-14.2255 -93.5701 2.83175 0.104723
-14.123 -93.3968 2.8393 0.0835186
-14.2452 -93.4083 2.83419 0.119042
-14.062 -93.4103 2.83894 0.0963801
-14.062 -93.4103 2.83894 0.0963801
-14.0114 -93.4182 2.84204 0.0429133
-14.0114 -93.4182 2.84204 0.0429133
-14.2223 -93.2868 2.83828 0.0287729
-14.1741 -93.6435 2.83549 0.0832441
-13.9615 -93.4213 2.83751 0.0677334
-14.2255 -93.5701 2.83175 0.104723
-14.2255 -93.5701 2.83175 0.104723
-13.9578 -93.6358 2.83523 0.0331842
