278.931 7.23687 4.81187 0.0957859
278.692 7.31803 4.80535 0.113579
278.692 7.31803 4.80535 0.113579
278.678 7.1255 4.80775 0.0205677
278.84 7.30339 4.81016 0.202794
278.801 7.39323 4.80068 0.0591704
278.673 7.31364 4.7996 0.0576658
278.753 7.29267 4.79952 0.0812439
278.692 7.31803 4.80535 0.113579
278.84 7.30339 4.81016 0.202794
279.065 7.2859 4.81109 0.0294805
279.005 7.10095 4.80508 0.00750888
279.023 7.23604 4.81545 0.0299524
278.84 7.30339 4.81016 0.202794
278.928 7.1714 4.81488 0.0286785
278.753 7.29267 4.79952 0.0812439
279.023 7.23604 4.81545 0.0299524
278.84 7.30339 4.81016 0.202794
278.84 7.30339 4.81016 0.202794
278.931 7.23687 4.81187 0.0957859
278.692 7.31803 4.80535 0.113579
278.692 7.31803 4.80535 0.113579
278.84 7.30339 4.81016 0.202794
278.801 7.39323 4.80068 0.0591704
278.753 7.29267 4.79952 0.0812439
278.692 7.31803 4.80535 0.113579
278.689 7.22481 4.80128 0.0768254
278.84 7.30339 4.81016 0.202794
278.84 7.30339 4.81016 0.202794
278.562 7.21235 4.79384 0.00705502
278.673 7.31364 4.7996 0.0576658
278.753 7.29267 4.79952 0.0812439
278.595 7.35235 4.80402 0.0312217
278.692 7.31803 4.80535 0.113579
278.84 7.30339 4.81016 0.202794
278.673 7.31364 4.7996 0.0576658
278.931 7.23687 4.81187 0.0957859
278.692 7.31803 4.80535 0.113579
278.84 7.30339 4.81016 0.202794
278.801 7.39323 4.80068 0.0591704
278.801 7.39323 4.80068 0.0591704
278.753 7.29267 4.79952 0.0812439
279.023 7.23604 4.81545 0.0299524
278.689 7.22481 4.80128 0.0768254
278.84 7.30339 4.81016 0.202794
278.673 7.31364 4.7996 0.0576658
278.931 7.23687 4.81187 0.0957859
278.692 7.31803 4.80535 0.113579
278.84 7.30339 4.81016 0.202794
278.84 7.30339 4.81016 0.202794
278.733 7.27841 4.81754 0.0207591
279.067 7.26725 4.81787 0.0170343
278.692 7.31803 4.80535 0.113579
278.689 7.22481 4.80128 0.0768254
278.84 7.30339 4.81016 0.202794
278.801 7.39323 4.80068 0.0591704
278.753 7.29267 4.79952 0.0812439
278.689 7.22481 4.80128 0.0768254
278.84 7.30339 4.81016 0.202794
278.801 7.39323 4.80068 0.0591704
278.753 7.29267 4.79952 0.0812439
278.595 7.35235 4.80402 0.0312217
278.678 7.1255 4.80775 0.0205677
278.84 7.30339 4.81016 0.202794
278.703 7.23977 4.79359 0.0167693
278.931 7.23687 4.81187 0.0957859
278.692 7.31803 4.80535 0.113579
278.84 7.30339 4.81016 0.202794
278.81 7.60389 4.81067 0.0138697
278.753 7.29267 4.79952 0.0812439
278.84 7.30339 4.81016 0.202794
278.703 7.23977 4.79359 0.0167693
278.931 7.23687 4.81187 0.0957859
278.692 7.31803 4.80535 0.113579
278.84 7.30339 4.81016 0.202794
278.84 7.30339 4.81016 0.202794
278.801 7.39323 4.80068 0.0591704
278.753 7.29267 4.79952 0.0812439
278.692 7.31803 4.80535 0.113579
278.801 7.39323 4.80068 0.0591704
278.753 7.29267 4.79952 0.0812439
278.689 7.22481 4.80128 0.0768254
278.84 7.30339 4.81016 0.202794
278.673 7.31364 4.7996 0.0576658
278.733 7.27841 4.81754 0.0207591
278.931 7.23687 4.81187 0.0957859
278.9 7.27149 4.79841 0.0281368
278.689 7.22481 4.80128 0.0768254
278.673 7.31364 4.7996 0.0576658
278.931 7.23687 4.81187 0.0957859
278.692 7.31803 4.80535 0.113579
278.84 7.30339 4.81016 0.202794
278.931 7.23687 4.81187 0.0957859
278.595 7.35235 4.80402 0.0312217
278.934 7.1206 4.81202 0.0195819
278.689 7.22481 4.80128 0.0768254
278.84 7.30339 4.81016 0.202794
278.673 7.31364 4.7996 0.0576658
278.595 7.35235 4.80402 0.0312217
278.692 7.31803 4.80535 0.113579
