129.958 -19.5917 3.38052 0.299998
129.958 -19.5917 3.38052 0.299998
129.831 -19.6883 3.37509 0.186984
130.136 -19.5575 3.38385 0.0913762
129.958 -19.5917 3.38052 0.299998
129.958 -19.5917 3.38052 0.299998
129.831 -19.6883 3.37509 0.186984
130.136 -19.5575 3.38385 0.0913762
129.831 -19.6883 3.37509 0.186984
129.869 -19.4255 3.37565 0.0494109
130.136 -19.5575 3.38385 0.0913762
129.958 -19.5917 3.38052 0.299998
129.958 -19.5917 3.38052 0.299998
130.021 -19.5125 3.3829 0.111004
130.194 -19.7426 3.37992 0.0774798
129.958 -19.5917 3.38052 0.299998
129.958 -19.5917 3.38052 0.299998
129.869 -19.4255 3.37565 0.0494109
130.136 -19.5575 3.38385 0.0913762
129.831 -19.6883 3.37509 0.186984
129.923 -19.5536 3.37079 0.0262973
129.958 -19.5917 3.38052 0.299998
129.958 -19.5917 3.38052 0.299998
129.958 -19.5917 3.38052 0.299998
129.958 -19.5917 3.38052 0.299998
130.021 -19.5125 3.3829 0.111004
129.869 -19.4255 3.37565 0.0494109
130.073 -19.419 3.37794 0.0475999
129.976 -19.5275 3.37196 0.0336147
129.831 -19.6883 3.37509 0.186984
129.869 -19.4255 3.37565 0.0494109
129.958 -19.5917 3.38052 0.299998
129.831 -19.6883 3.37509 0.186984
130.373 -19.6756 3.38026 0.00364558
129.831 -19.6883 3.37509 0.186984
129.831 -19.6883 3.37509 0.186984
130.194 -19.7426 3.37992 0.0774798
129.976 -19.5275 3.37196 0.0336147
130.021 -19.5125 3.3829 0.111004
129.831 -19.6883 3.37509 0.186984
130.194 -19.7426 3.37992 0.0774798
129.958 -19.5917 3.38052 0.299998
129.958 -19.5917 3.38052 0.299998
130.202 -19.4394 3.37994 0.0219682
129.958 -19.5917 3.38052 0.299998
129.831 -19.6883 3.37509 0.186984
129.831 -19.6883 3.37509 0.186984
129.958 -19.5917 3.38052 0.299998
129.958 -19.5917 3.38052 0.299998
130.021 -19.5125 3.3829 0.111004
130.194 -19.7426 3.37992 0.0774798
129.958 -19.5917 3.38052 0.299998
129.639 -19.7309 3.37271 0.0117617
130.136 -19.5575 3.38385 0.0913762
130.021 -19.5125 3.3829 0.111004
130.021 -19.5125 3.3829 0.111004
130.202 -19.4394 3.37994 0.0219682
129.958 -19.5917 3.38052 0.299998
129.923 -19.5536 3.37079 0.0262973
129.958 -19.5917 3.38052 0.299998
129.831 -19.6883 3.37509 0.186984
129.923 -19.5536 3.37079 0.0262973
129.958 -19.5917 3.38052 0.299998
129.831 -19.6883 3.37509 0.186984
130.202 -19.4394 3.37994 0.0219682
130.136 -19.5575 3.38385 0.0913762
129.958 -19.5917 3.38052 0.299998
130.377 -19.545 3.37847 0.00127442
129.958 -19.5917 3.38052 0.299998
130.021 -19.5125 3.3829 0.111004
130.194 -19.7426 3.37992 0.0774798
130.073 -19.419 3.37794 0.0475999
129.958 -19.5917 3.38052 0.299998
129.831 -19.6883 3.37509 0.186984
130.136 -19.5575 3.38385 0.0913762
130.021 -19.5125 3.3829 0.111004
130.073 -19.419 3.37794 0.0475999
130.136 -19.5575 3.38385 0.0913762
130.136 -19.5575 3.38385 0.0913762
129.958 -19.5917 3.38052 0.299998
130.021 -19.5125 3.3829 0.111004
130.136 -19.5575 3.38385 0.0913762
129.958 -19.5917 3.38052 0.299998
129.639 -19.7309 3.37271 0.0117617
129.958 -19.5917 3.38052 0.299998
130.021 -19.5125 3.3829 0.111004
129.831 -19.6883 3.37509 0.186984
129.831 -19.6883 3.37509 0.186984
129.869 -19.4255 3.37565 0.0494109
129.958 -19.5917 3.38052 0.299998
129.958 -19.5917 3.38052 0.299998
129.831 -19.6883 3.37509 0.186984
130.194 -19.7426 3.37992 0.0774798
130.136 -19.5575 3.38385 0.0913762
130.021 -19.5125 3.3829 0.111004
129.831 -19.6883 3.37509 0.186984
130.194 -19.7426 3.37992 0.0774798
130.194 -19.7426 3.37992 0.0774798
129.958 -19.5917 3.38052 0.299998
129.958 -19.5917 3.38052 0.299998
