-35.6103 -72.7159 2.01807 0.205791
-35.7735 -72.8719 2.01347 0.0754284
-35.7836 -72.5762 2.01248 0.17001
-35.6103 -72.7159 2.01807 0.205791
-35.6808 -72.6812 2.01719 0.25259
-35.7836 -72.5762 2.01248 0.17001
-35.6103 -72.7159 2.01807 0.205791
-35.6808 -72.6812 2.01719 0.25259
-35.5865 -72.9369 2.01432 0.0206349
-35.7836 -72.5762 2.01248 0.17001
-35.7735 -72.8719 2.01347 0.0754284
-35.6808 -72.6812 2.01719 0.25259
-35.6808 -72.6812 2.01719 0.25259
-35.7836 -72.5762 2.01248 0.17001
-35.6103 -72.7159 2.01807 0.205791
-35.9252 -72.7159 2.01452 0.0791554
-35.7711 -72.4141 2.01185 0.0288313
-35.6808 -72.6812 2.01719 0.25259
-35.7836 -72.5762 2.01248 0.17001
-35.7836 -72.5762 2.01248 0.17001
-35.9252 -72.7159 2.01452 0.0791554
-35.6808 -72.6812 2.01719 0.25259
-35.6808 -72.6812 2.01719 0.25259
-35.6103 -72.7159 2.01807 0.205791
-35.6808 -72.6812 2.01719 0.25259
-35.7484 -72.7902 2.0224 0.0356756
-35.7836 -72.5762 2.01248 0.17001
-35.9252 -72.7159 2.01452 0.0791554
-35.6808 -72.6812 2.01719 0.25259
-35.7836 -72.5762 2.01248 0.17001
-35.7735 -72.8719 2.01347 0.0754284
-35.6808 -72.6812 2.01719 0.25259
-35.6808 -72.6812 2.01719 0.25259
-35.6808 -72.6812 2.01719 0.25259
-35.7836 -72.5762 2.01248 0.17001
-35.9252 -72.7159 2.01452 0.0791554
-35.6808 -72.6812 2.01719 0.25259
-35.5303 -72.9153 2.02396 0.0218882
-35.7836 -72.5762 2.01248 0.17001
-35.6103 -72.7159 2.01807 0.205791
-35.7735 -72.8719 2.01347 0.0754284
-35.6808 -72.6812 2.01719 0.25259
-35.7484 -72.7902 2.0224 0.0356756
-35.6103 -72.7159 2.01807 0.205791
-35.7711 -72.4141 2.01185 0.0288313
-35.7836 -72.5762 2.01248 0.17001
-35.9252 -72.7159 2.01452 0.0791554
-35.6808 -72.6812 2.01719 0.25259
-35.7836 -72.5762 2.01248 0.17001
-35.6103 -72.7159 2.01807 0.205791
-35.6103 -72.7159 2.01807 0.205791
-35.6808 -72.6812 2.01719 0.25259
-35.7836 -72.5762 2.01248 0.17001
-35.6103 -72.7159 2.01807 0.205791
-35.7711 -72.4141 2.01185 0.0288313
-35.7484 -72.7902 2.0224 0.0356756
-35.7836 -72.5762 2.01248 0.17001
-35.9252 -72.7159 2.01452 0.0791554
-35.6808 -72.6812 2.01719 0.25259
-36.0629 -72.6708 2.01314 0.00886638
-35.6103 -72.7159 2.01807 0.205791
-35.6103 -72.7159 2.01807 0.205791
-35.6808 -72.6812 2.01719 0.25259
-35.7836 -72.5762 2.01248 0.17001
-35.6103 -72.7159 2.01807 0.205791
-35.9252 -72.7159 2.01452 0.0791554
-35.9895 -72.8663 2.01902 0.00449893
-35.6103 -72.7159 2.01807 0.205791
-35.7735 -72.8719 2.01347 0.0754284
-35.6808 -72.6812 2.01719 0.25259
-35.6103 -72.7159 2.01807 0.205791
-35.6808 -72.6812 2.01719 0.25259
-35.6808 -72.6812 2.01719 0.25259
-35.6808 -72.6812 2.01719 0.25259
-35.7836 -72.5762 2.01248 0.17001
-35.6103 -72.7159 2.01807 0.205791
-35.6808 -72.6812 2.01719 0.25259
-35.6808 -72.6812 2.01719 0.25259
-35.5303 -72.9153 2.02396 0.0218882
-35.6103 -72.7159 2.01807 0.205791
-35.6808 -72.6812 2.01719 0.25259
-35.6808 -72.6812 2.01719 0.25259
-35.7836 -72.5762 2.01248 0.17001
-35.6103 -72.7159 2.01807 0.205791
-35.7711 -72.4141 2.01185 0.0288313
-35.6603 -72.5289 2.02152 0.00682456
-35.6808 -72.6812 2.01719 0.25259
-35.7836 -72.5762 2.01248 0.17001
-35.7836 -72.5762 2.01248 0.17001
-35.6103 -72.7159 2.01807 0.205791
-35.6808 -72.6812 2.01719 0.25259
-35.7836 -72.5762 2.01248 0.17001
-35.7836 -72.5762 2.01248 0.17001
-35.6603 -72.5289 2.02152 0.00682456
-35.6603 -72.5289 2.02152 0.00682456
-35.6808 -72.6812 2.01719 0.25259
-35.5303 -72.9153 2.02396 0.0218882
-35.7484 -72.7902 2.0224 0.0356756
-35.6103 -72.7159 2.01807 0.205791
-35.6103 -72.7159 2.01807 0.205791
