222.934 -12.4417 2.93554 0.0840113
222.703 -12.5922 2.92415 0.0148132
223.048 -12.693 2.93566 0.10038
222.684 -12.4673 2.93167 0.0536285
222.72 -12.371 2.93211 0.0255
222.859 -12.5016 2.93883 0.0226391
223.039 -12.5286 2.93404 0.113882
223.026 -12.7935 2.93371 0.0346794
222.934 -12.4417 2.93554 0.0840113
222.724 -12.6006 2.92848 0.0955116
222.662 -12.2661 2.92643 0.0030675
222.807 -12.3409 2.92689 0.0134492
222.933 -12.3247 2.93015 0.0157983
222.93 -12.7817 2.9336 0.0651382
222.859 -12.5016 2.93883 0.0226391
223.039 -12.5286 2.93404 0.113882
223.063 -12.6684 2.92546 0.000384499
222.908 -12.6084 2.9377 0.0940545
222.934 -12.4417 2.93554 0.0840113
222.724 -12.6006 2.92848 0.0955116
222.77 -12.4433 2.93189 0.0906063
222.807 -12.3409 2.92689 0.0134492
222.807 -12.3409 2.92689 0.0134492
222.93 -12.7817 2.9336 0.0651382
223.18 -12.5533 2.94103 0.0161548
222.934 -12.4417 2.93554 0.0840113
222.724 -12.6006 2.92848 0.0955116
222.77 -12.4433 2.93189 0.0906063
222.826 -12.2835 2.93298 0.00991294
222.887 -12.5684 2.93849 0.0518307
223.184 -12.5593 2.93698 0.0311494
222.933 -12.3247 2.93015 0.0157983
223.039 -12.5286 2.93404 0.113882
222.908 -12.6084 2.9377 0.0940545
222.934 -12.4417 2.93554 0.0840113
222.724 -12.6006 2.92848 0.0955116
223.048 -12.693 2.93566 0.10038
222.684 -12.4673 2.93167 0.0536285
222.72 -12.371 2.93211 0.0255
223.18 -12.5533 2.94103 0.0161548
222.934 -12.4417 2.93554 0.0840113
222.77 -12.4433 2.93189 0.0906063
222.826 -12.2835 2.93298 0.00991294
222.684 -12.4673 2.93167 0.0536285
223.271 -12.6024 2.93893 0.00916408
222.93 -12.7817 2.9336 0.0651382
222.859 -12.5016 2.93883 0.0226391
223.039 -12.5286 2.93404 0.113882
222.908 -12.6084 2.9377 0.0940545
222.908 -12.6084 2.9377 0.0940545
222.924 -12.9079 2.93263 0.00645363
222.77 -12.4433 2.93189 0.0906063
223.048 -12.693 2.93566 0.10038
223.048 -12.693 2.93566 0.10038
222.887 -12.5684 2.93849 0.0518307
222.684 -12.4673 2.93167 0.0536285
223.039 -12.5286 2.93404 0.113882
222.908 -12.6084 2.9377 0.0940545
222.908 -12.6084 2.9377 0.0940545
222.934 -12.4417 2.93554 0.0840113
222.77 -12.4433 2.93189 0.0906063
222.77 -12.4433 2.93189 0.0906063
222.826 -12.2835 2.93298 0.00991294
222.684 -12.4673 2.93167 0.0536285
223.039 -12.5286 2.93404 0.113882
223.039 -12.5286 2.93404 0.113882
223.18 -12.5533 2.94103 0.0161548
222.908 -12.6084 2.9377 0.0940545
222.934 -12.4417 2.93554 0.0840113
222.934 -12.4417 2.93554 0.0840113
222.77 -12.4433 2.93189 0.0906063
223.048 -12.693 2.93566 0.10038
223.048 -12.693 2.93566 0.10038
222.887 -12.5684 2.93849 0.0518307
222.684 -12.4673 2.93167 0.0536285
222.72 -12.371 2.93211 0.0255
223.039 -12.5286 2.93404 0.113882
222.908 -12.6084 2.9377 0.0940545
222.724 -12.6006 2.92848 0.0955116
222.724 -12.6006 2.92848 0.0955116
222.703 -12.5922 2.92415 0.0148132
222.77 -12.4433 2.93189 0.0906063
223.048 -12.693 2.93566 0.10038
223.184 -12.5593 2.93698 0.0311494
222.72 -12.371 2.93211 0.0255
223.271 -12.6024 2.93893 0.00916408
223.039 -12.5286 2.93404 0.113882
222.908 -12.6084 2.9377 0.0940545
222.724 -12.6006 2.92848 0.0955116
223.048 -12.693 2.93566 0.10038
222.684 -12.4673 2.93167 0.0536285
222.72 -12.371 2.93211 0.0255
222.93 -12.7817 2.9336 0.0651382
223.039 -12.5286 2.93404 0.113882
223.039 -12.5286 2.93404 0.113882
222.908 -12.6084 2.9377 0.0940545
222.908 -12.6084 2.9377 0.0940545
222.908 -12.6084 2.9377 0.0940545
222.934 -12.4417 2.93554 0.0840113
222.77 -12.4433 2.93189 0.0906063
