243.69 -18.1418 2.92212 0.0876073
243.664 -18.0178 2.91639 0.116811
243.857 -18.2877 2.9249 0.032994
243.722 -18.3179 2.91882 0.0179853
243.849 -18.1007 2.9159 0.0231138
243.653 -17.7959 2.9136 0.0242579
243.82 -17.8874 2.92097 0.039745
243.726 -17.9581 2.91929 0.10266
243.701 -18.1002 2.92105 0.116775
243.701 -18.1002 2.92105 0.116775
243.701 -18.1002 2.92105 0.116775
244.05 -18.2559 2.92237 0.0065361
243.69 -18.1418 2.92212 0.0876073
243.415 -17.6846 2.91516 0.00209034
243.857 -18.2877 2.9249 0.032994
243.478 -17.9975 2.91362 0.0606745
243.653 -17.7959 2.9136 0.0242579
243.51 -17.6929 2.91348 0.0065886
243.726 -17.9581 2.91929 0.10266
243.701 -18.1002 2.92105 0.116775
243.83 -17.8765 2.92284 0.0246227
243.857 -18.2877 2.9249 0.032994
243.478 -17.9975 2.91362 0.0606745
243.409 -18.2 2.90889 0.00226414
243.726 -17.9581 2.91929 0.10266
243.726 -17.9581 2.91929 0.10266
243.701 -18.1002 2.92105 0.116775
243.764 -18.2731 2.92062 0.0409288
243.69 -18.1418 2.92212 0.0876073
243.69 -18.1418 2.92212 0.0876073
243.857 -18.2877 2.9249 0.032994
243.319 -17.9468 2.90971 0.0125172
243.631 -18.292 2.92731 0.00333119
243.726 -17.9581 2.91929 0.10266
243.701 -18.1002 2.92105 0.116775
243.764 -18.2731 2.92062 0.0409288
243.69 -18.1418 2.92212 0.0876073
243.664 -18.0178 2.91639 0.116811
243.593 -18.0249 2.92231 0.0389665
243.849 -18.1007 2.9159 0.0231138
243.409 -18.2 2.90889 0.00226414
243.726 -17.9581 2.91929 0.10266
243.764 -18.2731 2.92062 0.0409288
243.83 -17.8765 2.92284 0.0246227
243.664 -18.0178 2.91639 0.116811
243.664 -18.0178 2.91639 0.116811
243.722 -18.3179 2.91882 0.0179853
244 -18.2988 2.92458 0.0136146
243.319 -17.9468 2.90971 0.0125172
243.858 -18.1261 2.91508 0.0117297
243.726 -17.9581 2.91929 0.10266
243.701 -18.1002 2.92105 0.116775
243.701 -18.1002 2.92105 0.116775
243.701 -18.1002 2.92105 0.116775
243.69 -18.1418 2.92212 0.0876073
243.664 -18.0178 2.91639 0.116811
243.895 -17.9233 2.91514 0.00880104
243.895 -17.9233 2.91514 0.00880104
244 -18.2988 2.92458 0.0136146
243.653 -17.7959 2.9136 0.0242579
243.571 -17.8985 2.91759 0.0609362
243.701 -18.1002 2.92105 0.116775
243.69 -18.1418 2.92212 0.0876073
243.593 -18.0249 2.92231 0.0389665
243.769 -17.8491 2.91233 0.00961624
243.319 -17.9468 2.90971 0.0125172
243.82 -17.8874 2.92097 0.039745
243.726 -17.9581 2.91929 0.10266
243.701 -18.1002 2.92105 0.116775
243.83 -17.8765 2.92284 0.0246227
243.664 -18.0178 2.91639 0.116811
243.664 -18.0178 2.91639 0.116811
243.857 -18.2877 2.9249 0.032994
243.478 -17.9975 2.91362 0.0606745
243.653 -17.7959 2.9136 0.0242579
243.726 -17.9581 2.91929 0.10266
243.726 -17.9581 2.91929 0.10266
243.69 -18.1418 2.92212 0.0876073
243.664 -18.0178 2.91639 0.116811
243.593 -18.0249 2.92231 0.0389665
243.312 -17.9591 2.9175 0.00363332
243.849 -18.1007 2.9159 0.0231138
243.319 -17.9468 2.90971 0.0125172
243.571 -17.8985 2.91759 0.0609362
243.726 -17.9581 2.91929 0.10266
243.701 -18.1002 2.92105 0.116775
243.69 -18.1418 2.92212 0.0876073
243.664 -18.0178 2.91639 0.116811
243.722 -18.3179 2.91882 0.0179853
243.478 -17.9975 2.91362 0.0606745
243.82 -17.8874 2.92097 0.039745
243.701 -18.1002 2.92105 0.116775
243.764 -18.2731 2.92062 0.0409288
243.664 -18.0178 2.91639 0.116811
244.027 -17.9772 2.92116 0.0107856
243.858 -18.1261 2.91508 0.0117297
243.82 -17.8874 2.92097 0.039745
243.726 -17.9581 2.91929 0.10266
243.701 -18.1002 2.92105 0.116775
243.69 -18.1418 2.92212 0.0876073
