-22.3652 -7.74008 0.729697 0.00810537
-22.0446 -7.49432 0.731503 0.101954
-22.07 -7.6572 0.725223 0.0362497
-22.2171 -7.65635 0.734066 0.188211
-22.2171 -7.65635 0.734066 0.188211
-22.0446 -7.49432 0.731503 0.101954
-22.2205 -7.71898 0.729598 0.076709
-22.2205 -7.71898 0.729598 0.076709
-22.3794 -7.60568 0.731164 0.0260067
-22.2171 -7.65635 0.734066 0.188211
-22.0446 -7.49432 0.731503 0.101954
-22.2668 -7.62507 0.739997 0.0114283
-22.2171 -7.65635 0.734066 0.188211
-22.2171 -7.65635 0.734066 0.188211
-22.2461 -7.71671 0.736256 0.0994793
-22.0033 -7.78262 0.734557 0.0292759
-22.2707 -7.71959 0.737686 0.057452
-22.2205 -7.71898 0.729598 0.076709
-21.8874 -7.55656 0.727843 0.0176951
-22.2171 -7.65635 0.734066 0.188211
-22.2461 -7.71671 0.736256 0.0994793
-22.0446 -7.49432 0.731503 0.101954
-22.3794 -7.60568 0.731164 0.0260067
-22.2286 -7.5134 0.723896 0.0385108
-22.1114 -7.85104 0.72859 0.0047474
-22.3652 -7.74008 0.729697 0.00810537
-22.0446 -7.49432 0.731503 0.101954
-22.2286 -7.5134 0.723896 0.0385108
-22.2171 -7.65635 0.734066 0.188211
-22.2461 -7.71671 0.736256 0.0994793
-22.0446 -7.49432 0.731503 0.101954
-22.3794 -7.60568 0.731164 0.0260067
-22.2171 -7.65635 0.734066 0.188211
-22.024 -7.53493 0.725549 0.0940733
-22.07 -7.6572 0.725223 0.0362497
-22.2205 -7.71898 0.729598 0.076709
-22.0753 -7.94383 0.736464 0.00437839
-22.0349 -7.251 0.722359 0.00764845
-22.2171 -7.65635 0.734066 0.188211
-22.2461 -7.71671 0.736256 0.0994793
-22.0033 -7.78262 0.734557 0.0292759
-22.2286 -7.5134 0.723896 0.0385108
-22.2171 -7.65635 0.734066 0.188211
-22.2461 -7.71671 0.736256 0.0994793
-22.2461 -7.71671 0.736256 0.0994793
-22.0446 -7.49432 0.731503 0.101954
-22.0446 -7.49432 0.731503 0.101954
-22.2286 -7.5134 0.723896 0.0385108
-22.2171 -7.65635 0.734066 0.188211
-22.2171 -7.65635 0.734066 0.188211
-22.2461 -7.71671 0.736256 0.0994793
-22.07 -7.6572 0.725223 0.0362497
-22.311 -7.59284 0.734239 0.0691184
-22.2461 -7.71671 0.736256 0.0994793
-22.2461 -7.71671 0.736256 0.0994793
-22.024 -7.53493 0.725549 0.0940733
-22.07 -7.6572 0.725223 0.0362497
-22.2205 -7.71898 0.729598 0.076709
-22.2286 -7.5134 0.723896 0.0385108
-22.1253 -7.88139 0.731977 0.0106257
-22.2171 -7.65635 0.734066 0.188211
-22.024 -7.53493 0.725549 0.0940733
-22.07 -7.6572 0.725223 0.0362497
-22.311 -7.59284 0.734239 0.0691184
-22.2171 -7.65635 0.734066 0.188211
-22.2316 -7.45836 0.724157 0.0448043
-22.024 -7.53493 0.725549 0.0940733
-22.0446 -7.49432 0.731503 0.101954
-22.0033 -7.78262 0.734557 0.0292759
-22.3794 -7.60568 0.731164 0.0260067
-22.2286 -7.5134 0.723896 0.0385108
-22.2171 -7.65635 0.734066 0.188211
-22.2461 -7.71671 0.736256 0.0994793
-22.0446 -7.49432 0.731503 0.101954
-21.9838 -7.5118 0.735087 0.0125376
-22.311 -7.59284 0.734239 0.0691184
-22.2171 -7.65635 0.734066 0.188211
-22.2461 -7.71671 0.736256 0.0994793
-22.2461 -7.71671 0.736256 0.0994793
-22.0446 -7.49432 0.731503 0.101954
-22.0753 -7.94383 0.736464 0.00437839
-22.2171 -7.65635 0.734066 0.188211
-22.024 -7.53493 0.725549 0.0940733
-22.0446 -7.49432 0.731503 0.101954
-22.07 -7.6572 0.725223 0.0362497
-22.2171 -7.65635 0.734066 0.188211
-22.2171 -7.65635 0.734066 0.188211
-22.2461 -7.71671 0.736256 0.0994793
-22.024 -7.53493 0.725549 0.0940733
-22.07 -7.6572 0.725223 0.0362497
-22.0999 -7.92075 0.741409 0.00338856
-22.2171 -7.65635 0.734066 0.188211
-22.2171 -7.65635 0.734066 0.188211
-22.0446 -7.49432 0.731503 0.101954
-21.9838 -7.5118 0.735087 0.0125376
-22.2171 -7.65635 0.734066 0.188211
-22.1114 -7.85104 0.72859 0.0047474
-22.2316 -7.45836 0.724157 0.0448043
-22.2707 -7.71959 0.737686 0.057452
-22.2707 -7.71959 0.737686 0.057452
