-13.0046 -93.3331 2.90834 0.151173
-12.6262 -93.4012 2.9195 0.00068765
-13.2499 -93.4235 2.90363 0.0265141
-12.9867 -93.305 2.90671 0.129593
-13.2607 -93.1682 2.90836 0.106764
-13.2607 -93.1682 2.90836 0.106764
-13.0046 -93.3331 2.90834 0.151173
-13.0046 -93.3331 2.90834 0.151173
-13.1444 -92.9331 2.90526 0.0265835
-13.158 -93.3239 2.90949 0.144098
-12.9867 -93.305 2.90671 0.129593
-13.2607 -93.1682 2.90836 0.106764
-13.0046 -93.3331 2.90834 0.151173
-13.0046 -93.3331 2.90834 0.151173
-13.1444 -92.9331 2.90526 0.0265835
-13.158 -93.3239 2.90949 0.144098
-13.3132 -93.1661 2.90371 0.0623226
-12.9867 -93.305 2.90671 0.129593
-13.2607 -93.1682 2.90836 0.106764
-13.2607 -93.1682 2.90836 0.106764
-13.1658 -93.0496 2.91074 0.0922592
-13.1658 -93.0496 2.91074 0.0922592
-13.0046 -93.3331 2.90834 0.151173
-12.9541 -93.2516 2.91862 0.0295898
-12.6607 -93.207 2.91105 0.00507283
-13.3132 -93.1661 2.90371 0.0623226
-12.8004 -93.5172 2.90931 0.00265592
-13.1658 -93.0496 2.91074 0.0922592
-13.0046 -93.3331 2.90834 0.151173
-12.7005 -93.2553 2.90896 0.00623475
-13.158 -93.3239 2.90949 0.144098
-13.158 -93.3239 2.90949 0.144098
-12.8139 -93.1784 2.9123 0.068442
-12.9867 -93.305 2.90671 0.129593
-13.1658 -93.0496 2.91074 0.0922592
-13.0977 -93.2629 2.89739 0.00566202
-13.1444 -92.9331 2.90526 0.0265835
-13.3132 -93.1661 2.90371 0.0623226
-12.8139 -93.1784 2.9123 0.068442
-13.2607 -93.1682 2.90836 0.106764
-13.1658 -93.0496 2.91074 0.0922592
-12.9322 -92.9498 2.90888 0.0291898
-13.158 -93.3239 2.90949 0.144098
-12.8139 -93.1784 2.9123 0.068442
-12.8139 -93.1784 2.9123 0.068442
-13.2589 -92.9315 2.9096 0.0122837
-12.9867 -93.305 2.90671 0.129593
-13.1658 -93.0496 2.91074 0.0922592
-12.7005 -93.2553 2.90896 0.00623475
-12.8139 -93.1784 2.9123 0.068442
-12.8139 -93.1784 2.9123 0.068442
-13.2607 -93.1682 2.90836 0.106764
-13.1658 -93.0496 2.91074 0.0922592
-12.9322 -92.9498 2.90888 0.0291898
-13.158 -93.3239 2.90949 0.144098
-13.158 -93.3239 2.90949 0.144098
-13.3132 -93.1661 2.90371 0.0623226
-12.8139 -93.1784 2.9123 0.068442
-12.9867 -93.305 2.90671 0.129593
-13.1658 -93.0496 2.91074 0.0922592
-12.9322 -92.9498 2.90888 0.0291898
-13.158 -93.3239 2.90949 0.144098
-12.8139 -93.1784 2.9123 0.068442
-13.2607 -93.1682 2.90836 0.106764
-13.1658 -93.0496 2.91074 0.0922592
-13.0046 -93.3331 2.90834 0.151173
-12.9541 -93.2516 2.91862 0.0295898
-13.3132 -93.1661 2.90371 0.0623226
-12.9867 -93.305 2.90671 0.129593
-13.1658 -93.0496 2.91074 0.0922592
-13.0046 -93.3331 2.90834 0.151173
-13.0046 -93.3331 2.90834 0.151173
-13.158 -93.3239 2.90949 0.144098
-12.8139 -93.1784 2.9123 0.068442
-13.2607 -93.1682 2.90836 0.106764
-13.2607 -93.1682 2.90836 0.106764
-13.0046 -93.3331 2.90834 0.151173
-13.0046 -93.3331 2.90834 0.151173
-13.158 -93.3239 2.90949 0.144098
-12.8139 -93.1784 2.9123 0.068442
-13.2607 -93.1682 2.90836 0.106764
-13.0046 -93.3331 2.90834 0.151173
-12.7005 -93.2553 2.90896 0.00623475
-13.3132 -93.1661 2.90371 0.0623226
-12.9867 -93.305 2.90671 0.129593
-13.2607 -93.1682 2.90836 0.106764
-13.2607 -93.1682 2.90836 0.106764
-13.0247 -93.4182 2.92055 0.0020954
-12.9541 -93.2516 2.91862 0.0295898
-13.158 -93.3239 2.90949 0.144098
-13.3132 -93.1661 2.90371 0.0623226
-13.2607 -93.1682 2.90836 0.106764
-13.2607 -93.1682 2.90836 0.106764
-13.2607 -93.1682 2.90836 0.106764
-13.0046 -93.3331 2.90834 0.151173
-13.158 -93.3239 2.90949 0.144098
-13.158 -93.3239 2.90949 0.144098
-12.8139 -93.1784 2.9123 0.068442
-12.9867 -93.305 2.90671 0.129593
-13.2607 -93.1682 2.90836 0.106764
