5.80521 6.11373 0.021681 0.01
6.16419 6.25945 0.0164452 0.01
6.16419 6.25945 0.0164452 0.01
6.16281 5.64505 0.0170375 0.01
5.44195 5.7317 0.0255722 0.01
5.87003 5.83653 0.0376214 0.01
5.24102 6.11482 0.0132349 0.01
5.24102 6.11482 0.0132349 0.01
5.7584 6.03346 -5.89331e-05 0.01
5.39092 5.8347 0.0153305 0.01
6.03344 6.24892 0.0129127 0.01
5.90538 6.35344 0.0255744 0.01
5.90463 5.98771 0.00963273 0.01
5.90463 5.98771 0.00963273 0.01
6.31341 5.70195 0.00494013 0.01
5.92977 5.87407 0.00994555 0.01
5.90443 5.64003 0.031124 0.01
5.59658 5.06852 -0.00868751 0.01
5.43829 5.92377 0.00726783 0.01
5.63293 5.43145 0.0109511 0.01
5.70156 6.0336 0.00850666 0.01
5.70156 6.0336 0.00850666 0.01
5.65858 5.7708 0.0203116 0.01
5.65858 5.7708 0.0203116 0.01
5.34267 6.35626 0.00993561 0.01
5.73444 5.6162 9.9725e-05 0.01
5.73444 5.6162 9.9725e-05 0.01
5.90504 5.41374 0.023461 0.01
6.12653 6.19163 0.0179036 0.01
6.12653 6.19163 0.0179036 0.01
6.27837 5.42866 0.018088 0.01
5.86364 6.09505 0.00359793 0.01
5.86364 6.09505 0.00359793 0.01
5.52485 5.61282 0.0236355 0.01
6.08 5.78279 0.000408267 0.01
5.74117 5.91088 0.009298 0.01
5.88275 5.84445 0.00681667 0.01
5.42513 6.20525 0.0212792 0.01
5.76771 6.40344 0.0281499 0.01
5.94972 5.87312 0.0201909 0.01
5.94972 5.87312 0.0201909 0.01
5.74863 5.56263 0.0308287 0.01
5.88148 5.95826 0.0156637 0.01
5.83351 6.3516 0.0148457 0.01
5.7999 6.1784 0.0128147 0.01
5.5025 5.41507 -0.00782213 0.01
5.5025 5.41507 -0.00782213 0.01
5.5025 5.41507 -0.00782213 0.01
6.01949 6.01381 0.0336058 0.01
5.85505 5.68633 0.0142597 0.01
5.93693 5.98118 -0.00879535 0.01
5.71997 6.02744 0.0213859 0.01
6.28003 6.08456 0.0298295 0.01
5.90374 5.77878 0.0177299 0.01
6.23185 6.09406 0.00285242 0.01
6.23185 6.09406 0.00285242 0.01
5.77832 6.28908 0.0333488 0.01
5.77832 6.28908 0.0333488 0.01
5.89139 5.80376 0.0217211 0.01
5.96636 5.9035 -0.00439029 0.01
5.72228 5.69067 0.0178724 0.01
6.71775 6.29764 0.0326526 0.01
6.50396 6.20585 0.00357576 0.01
5.90514 5.89942 0.0052744 0.01
5.90514 5.89942 0.0052744 0.01
5.8938 6.03358 0.0201858 0.01
5.8938 6.03358 0.0201858 0.01
5.94295 5.829 0.00967728 0.01
5.94295 5.829 0.00967728 0.01
5.84615 5.61827 0.0152921 0.01
6.00001 5.82392 -0.00588322 0.01
6.00001 5.82392 -0.00588322 0.01
6.0603 6.04715 0.00541382 0.01
6.34857 6.08116 0.0159112 0.01
6.34857 6.08116 0.0159112 0.01
5.51202 5.84063 0.00534075 0.01
6.42737 5.61147 0.0102404 0.01
6.35143 6.03548 0.0260159 0.01
6.13325 5.97905 0.0117955 0.01
5.87888 5.74218 0.016432 0.01
6.25454 6.75508 0.00726617 0.01
5.47034 6.48827 0.0346106 0.01
5.558 5.88874 0.0161482 0.01
5.65388 5.86801 0.0147858 0.01
6.22634 6.01503 -0.0121194 0.01
6.22634 6.01503 -0.0121194 0.01
5.97759 6.65001 0.0226936 0.01
6.17793 5.9586 0.0235587 0.01
5.16408 5.99284 0.00529341 0.01
5.16408 5.99284 0.00529341 0.01
5.80488 5.74707 0.00969133 0.01
5.80488 5.74707 0.00969133 0.01
5.80488 5.74707 0.00969133 0.01
5.80488 5.74707 0.00969133 0.01
6.24785 5.94382 0.0183577 0.01
5.64328 5.97844 0.00581399 0.01
5.563 5.81409 0.020463 0.01
5.563 5.81409 0.020463 0.01
5.563 5.81409 0.020463 0.01
5.43162 5.54512 0.0201184 0.01
