162.687 21.9544 0.0874116 0.000150186
162.317 22.0608 0.0868028 0.0713189
162.399 22.0226 0.0817107 0.114363
162.552 22.115 0.0826907 0.13006
162.552 22.115 0.0826907 0.13006
162.593 22.1705 0.0809526 0.114098
162.45 22.3497 0.0800318 0.115241
162.45 22.3497 0.0800318 0.115241
162.45 22.3497 0.0800318 0.115241
162.21 22.0847 0.0830464 0.0413914
162.535 22.1643 0.0760566 0.0712766
162.535 22.1643 0.0760566 0.0712766
162.399 22.0226 0.0817107 0.114363
162.394 21.9652 0.0819023 0.0431827
162.552 22.115 0.0826907 0.13006
162.45 22.3497 0.0800318 0.115241
162.45 22.3497 0.0800318 0.115241
162.45 22.3497 0.0800318 0.115241
162.379 22.0516 0.0879215 0.04521
162.21 22.0847 0.0830464 0.0413914
162.228 22.0512 0.081591 0.0314065
162.535 22.1643 0.0760566 0.0712766
162.399 22.0226 0.0817107 0.114363
162.394 21.9652 0.0819023 0.0431827
162.394 21.9652 0.0819023 0.0431827
162.364 22.3696 0.0760871 0.0171343
162.45 22.3497 0.0800318 0.115241
162.57 22.0289 0.0796776 0.0447565
162.097 22.1697 0.0856667 0.00528918
162.514 22.074 0.0756524 0.0298446
162.549 22.1438 0.0750122 0.0346154
162.399 22.0226 0.0817107 0.114363
162.394 21.9652 0.0819023 0.0431827
162.593 22.1705 0.0809526 0.114098
162.45 22.3497 0.0800318 0.115241
162.45 22.3497 0.0800318 0.115241
162.45 22.3497 0.0800318 0.115241
162.57 22.0289 0.0796776 0.0447565
162.228 22.0512 0.081591 0.0314065
162.317 22.0608 0.0868028 0.0713189
162.399 22.0226 0.0817107 0.114363
162.394 21.9652 0.0819023 0.0431827
162.552 22.115 0.0826907 0.13006
162.593 22.1705 0.0809526 0.114098
162.379 22.0516 0.0879215 0.04521
162.21 22.0847 0.0830464 0.0413914
162.349 22.0625 0.0772374 0.0336886
162.399 22.0226 0.0817107 0.114363
162.399 22.0226 0.0817107 0.114363
162.593 22.1705 0.0809526 0.114098
162.379 22.0516 0.0879215 0.04521
162.57 22.0289 0.0796776 0.0447565
162.535 22.1643 0.0760566 0.0712766
162.662 22.3392 0.085583 0.00191078
162.549 22.1438 0.0750122 0.0346154
162.549 22.1438 0.0750122 0.0346154
162.552 22.115 0.0826907 0.13006
162.552 22.115 0.0826907 0.13006
162.552 22.115 0.0826907 0.13006
162.552 22.115 0.0826907 0.13006
162.593 22.1705 0.0809526 0.114098
162.593 22.1705 0.0809526 0.114098
162.45 22.3497 0.0800318 0.115241
162.097 22.1697 0.0856667 0.00528918
162.535 22.1643 0.0760566 0.0712766
162.317 22.0608 0.0868028 0.0713189
162.399 22.0226 0.0817107 0.114363
162.399 22.0226 0.0817107 0.114363
162.552 22.115 0.0826907 0.13006
162.593 22.1705 0.0809526 0.114098
162.379 22.0516 0.0879215 0.04521
162.21 22.0847 0.0830464 0.0413914
162.535 22.1643 0.0760566 0.0712766
162.399 22.0226 0.0817107 0.114363
162.552 22.115 0.0826907 0.13006
162.593 22.1705 0.0809526 0.114098
162.45 22.3497 0.0800318 0.115241
162.514 22.074 0.0756524 0.0298446
162.535 22.1643 0.0760566 0.0712766
162.535 22.1643 0.0760566 0.0712766
162.321 22.2946 0.0905916 0.00526259
162.399 22.0226 0.0817107 0.114363
162.552 22.115 0.0826907 0.13006
162.45 22.3497 0.0800318 0.115241
162.379 22.0516 0.0879215 0.04521
162.57 22.0289 0.0796776 0.0447565
162.248 22.403 0.0788429 0.00673408
162.399 22.0226 0.0817107 0.114363
162.552 22.115 0.0826907 0.13006
162.552 22.115 0.0826907 0.13006
162.593 22.1705 0.0809526 0.114098
162.45 22.3497 0.0800318 0.115241
162.21 22.0847 0.0830464 0.0413914
162.21 22.0847 0.0830464 0.0413914
162.535 22.1643 0.0760566 0.0712766
162.349 22.0625 0.0772374 0.0336886
162.317 22.0608 0.0868028 0.0713189
162.399 22.0226 0.0817107 0.114363
162.552 22.115 0.0826907 0.13006
162.593 22.1705 0.0809526 0.114098
