169.081 22.7124 0.0706375 0.119858
168.988 22.8039 0.0683134 0.049227
169.141 22.8498 0.0735734 0.0470674
168.954 22.7752 0.0709939 0.183914
168.847 22.8161 0.0818387 0.0320179
168.692 22.7438 0.0760068 0.0257257
168.897 22.8021 0.0700726 0.0793965
168.957 22.7507 0.068872 0.0755725
169.081 22.7124 0.0706375 0.119858
169.083 22.7171 0.0759508 0.117556
168.954 22.7752 0.0709939 0.183914
169.062 22.9208 0.0749344 0.0507973
168.849 22.9205 0.0774265 0.0598727
168.957 22.7507 0.068872 0.0755725
169.081 22.7124 0.0706375 0.119858
169.081 22.7124 0.0706375 0.119858
169.081 22.7124 0.0706375 0.119858
168.954 22.7752 0.0709939 0.183914
168.954 22.7752 0.0709939 0.183914
168.849 22.9205 0.0774265 0.0598727
168.957 22.7507 0.068872 0.0755725
169.081 22.7124 0.0706375 0.119858
169.141 22.8498 0.0735734 0.0470674
168.692 22.7438 0.0760068 0.0257257
169.062 22.9208 0.0749344 0.0507973
168.897 22.8021 0.0700726 0.0793965
169.081 22.7124 0.0706375 0.119858
169.083 22.7171 0.0759508 0.117556
168.988 22.8039 0.0683134 0.049227
168.988 22.8039 0.0683134 0.049227
168.954 22.7752 0.0709939 0.183914
168.954 22.7752 0.0709939 0.183914
168.847 22.8161 0.0818387 0.0320179
168.926 22.6472 0.0694836 0.0631979
169.081 22.7124 0.0706375 0.119858
168.988 22.8039 0.0683134 0.049227
168.954 22.7752 0.0709939 0.183914
168.847 22.8161 0.0818387 0.0320179
168.897 22.8021 0.0700726 0.0793965
168.897 22.8021 0.0700726 0.0793965
168.849 22.9205 0.0774265 0.0598727
169.081 22.7124 0.0706375 0.119858
168.954 22.7752 0.0709939 0.183914
168.847 22.8161 0.0818387 0.0320179
168.897 22.8021 0.0700726 0.0793965
168.957 22.7507 0.068872 0.0755725
169.081 22.7124 0.0706375 0.119858
169.141 22.8498 0.0735734 0.0470674
169.086 22.5287 0.0782263 0.00528732
169.027 22.7261 0.0805044 0.0314526
168.954 22.7752 0.0709939 0.183914
168.926 22.6472 0.0694836 0.0631979
169.081 22.7124 0.0706375 0.119858
168.988 22.8039 0.0683134 0.049227
168.954 22.7752 0.0709939 0.183914
168.954 22.7752 0.0709939 0.183914
168.897 22.8021 0.0700726 0.0793965
169.081 22.7124 0.0706375 0.119858
169.083 22.7171 0.0759508 0.117556
168.954 22.7752 0.0709939 0.183914
168.897 22.8021 0.0700726 0.0793965
168.849 22.9205 0.0774265 0.0598727
168.957 22.7507 0.068872 0.0755725
169.081 22.7124 0.0706375 0.119858
169.141 22.8498 0.0735734 0.0470674
168.847 22.8161 0.0818387 0.0320179
169.062 22.9208 0.0749344 0.0507973
168.957 22.7507 0.068872 0.0755725
169.083 22.7171 0.0759508 0.117556
168.954 22.7752 0.0709939 0.183914
168.897 22.8021 0.0700726 0.0793965
168.926 22.6472 0.0694836 0.0631979
168.957 22.7507 0.068872 0.0755725
169.083 22.7171 0.0759508 0.117556
168.988 22.8039 0.0683134 0.049227
168.954 22.7752 0.0709939 0.183914
169.062 22.9208 0.0749344 0.0507973
168.957 22.7507 0.068872 0.0755725
169.081 22.7124 0.0706375 0.119858
169.081 22.7124 0.0706375 0.119858
169.027 22.7261 0.0805044 0.0314526
168.954 22.7752 0.0709939 0.183914
168.897 22.8021 0.0700726 0.0793965
168.957 22.7507 0.068872 0.0755725
169.081 22.7124 0.0706375 0.119858
169.083 22.7171 0.0759508 0.117556
168.954 22.7752 0.0709939 0.183914
168.954 22.7752 0.0709939 0.183914
168.847 22.8161 0.0818387 0.0320179
168.926 22.6472 0.0694836 0.0631979
168.957 22.7507 0.068872 0.0755725
169.081 22.7124 0.0706375 0.119858
169.081 22.7124 0.0706375 0.119858
168.954 22.7752 0.0709939 0.183914
168.954 22.7752 0.0709939 0.183914
169.062 22.9208 0.0749344 0.0507973
169.081 22.7124 0.0706375 0.119858
169.083 22.7171 0.0759508 0.117556
168.988 22.8039 0.0683134 0.049227
168.954 22.7752 0.0709939 0.183914
