59.7316 14.4236 0.143248 0.0298781
59.6785 14.6758 0.143312 0.201807
59.6654 14.6386 0.144163 0.20859
59.8637 14.4719 0.148512 0.0133972
59.6785 14.6758 0.143312 0.201807
59.6654 14.6386 0.144163 0.20859
59.6654 14.6386 0.144163 0.20859
59.4634 14.5098 0.147517 0.0120969
59.7316 14.4236 0.143248 0.0298781
59.6785 14.6758 0.143312 0.201807
59.6654 14.6386 0.144163 0.20859
59.6222 14.3681 0.144053 0.00675704
59.6785 14.6758 0.143312 0.201807
59.6785 14.6758 0.143312 0.201807
59.78 14.8816 0.14784 0.0499118
59.6654 14.6386 0.144163 0.20859
59.7316 14.4236 0.143248 0.0298781
59.5451 14.7894 0.152216 0.0258621
59.78 14.8816 0.14784 0.0499118
59.6654 14.6386 0.144163 0.20859
59.6654 14.6386 0.144163 0.20859
59.8637 14.4719 0.148512 0.0133972
59.6204 14.734 0.14117 0.0541458
59.6785 14.6758 0.143312 0.201807
59.7978 14.517 0.147121 0.0709384
59.4568 14.5567 0.153592 0.00381187
59.8156 14.7586 0.139724 0.0675661
59.6785 14.6758 0.143312 0.201807
59.7978 14.517 0.147121 0.0709384
59.6654 14.6386 0.144163 0.20859
59.6573 14.8564 0.147772 0.0812601
59.6573 14.8564 0.147772 0.0812601
59.6785 14.6758 0.143312 0.201807
59.78 14.8816 0.14784 0.0499118
59.6378 14.5673 0.153329 0.0122967
59.8637 14.4719 0.148512 0.0133972
59.6204 14.734 0.14117 0.0541458
59.7978 14.517 0.147121 0.0709384
59.7978 14.517 0.147121 0.0709384
59.6654 14.6386 0.144163 0.20859
59.8637 14.4719 0.148512 0.0133972
59.6785 14.6758 0.143312 0.201807
59.78 14.8816 0.14784 0.0499118
59.6654 14.6386 0.144163 0.20859
59.4738 14.6254 0.144718 0.0247994
59.7978 14.517 0.147121 0.0709384
59.6654 14.6386 0.144163 0.20859
59.6654 14.6386 0.144163 0.20859
59.4634 14.5098 0.147517 0.0120969
59.6785 14.6758 0.143312 0.201807
59.6654 14.6386 0.144163 0.20859
59.6654 14.6386 0.144163 0.20859
59.8156 14.7586 0.139724 0.0675661
59.6785 14.6758 0.143312 0.201807
59.78 14.8816 0.14784 0.0499118
59.6654 14.6386 0.144163 0.20859
59.6573 14.8564 0.147772 0.0812601
59.6204 14.734 0.14117 0.0541458
59.4567 14.8669 0.153992 0.00292343
59.6378 14.5673 0.153329 0.0122967
59.7203 14.4012 0.138372 0.00404885
59.6785 14.6758 0.143312 0.201807
59.6785 14.6758 0.143312 0.201807
59.7978 14.517 0.147121 0.0709384
59.7978 14.517 0.147121 0.0709384
59.6654 14.6386 0.144163 0.20859
59.6573 14.8564 0.147772 0.0812601
59.4738 14.6254 0.144718 0.0247994
59.6785 14.6758 0.143312 0.201807
59.7978 14.517 0.147121 0.0709384
59.6654 14.6386 0.144163 0.20859
59.8156 14.7586 0.139724 0.0675661
59.6785 14.6758 0.143312 0.201807
59.6654 14.6386 0.144163 0.20859
59.6573 14.8564 0.147772 0.0812601
59.6204 14.734 0.14117 0.0541458
59.6785 14.6758 0.143312 0.201807
59.6654 14.6386 0.144163 0.20859
59.8156 14.7586 0.139724 0.0675661
59.6204 14.734 0.14117 0.0541458
59.7978 14.517 0.147121 0.0709384
59.7978 14.517 0.147121 0.0709384
59.78 14.8816 0.14784 0.0499118
59.6654 14.6386 0.144163 0.20859
59.6654 14.6386 0.144163 0.20859
59.9547 14.5457 0.143426 0.0382918
59.6785 14.6758 0.143312 0.201807
59.6785 14.6758 0.143312 0.201807
59.4552 14.761 0.151351 0.0168273
59.6654 14.6386 0.144163 0.20859
59.6654 14.6386 0.144163 0.20859
59.8156 14.7586 0.139724 0.0675661
59.6785 14.6758 0.143312 0.201807
59.6654 14.6386 0.144163 0.20859
59.6573 14.8564 0.147772 0.0812601
59.8637 14.4719 0.148512 0.0133972
59.6785 14.6758 0.143312 0.201807
59.6654 14.6386 0.144163 0.20859
59.6654 14.6386 0.144163 0.20859
59.7168 14.4178 0.150619 0.00610623
