30.8957 -79.1574 3.88995 0.0526303
31.1916 -79.0913 3.88729 0.025835
30.9308 -79.2838 3.8866 0.172079
31.0495 -79.3474 3.89091 0.0595895
30.9469 -79.1265 3.88842 0.153703
31.0384 -79.2426 3.89038 0.166643
30.9036 -79.2718 3.88393 0.116874
31.1916 -79.0913 3.88729 0.025835
30.9308 -79.2838 3.8866 0.172079
30.9469 -79.1265 3.88842 0.153703
31.0384 -79.2426 3.89038 0.166643
31.1649 -79.2907 3.89344 0.0307259
30.9036 -79.2718 3.88393 0.116874
30.9308 -79.2838 3.8866 0.172079
30.9308 -79.2838 3.8866 0.172079
30.9469 -79.1265 3.88842 0.153703
31.0384 -79.2426 3.89038 0.166643
30.8288 -79.2491 3.87993 0.0156118
30.9036 -79.2718 3.88393 0.116874
30.959 -78.9814 3.88887 0.0160467
31.0384 -79.2426 3.89038 0.166643
30.8957 -79.1574 3.88995 0.0526303
30.9678 -78.9819 3.8898 0.0114268
30.9308 -79.2838 3.8866 0.172079
30.8108 -79.2533 3.88638 0.0569172
31.0495 -79.3474 3.89091 0.0595895
30.9469 -79.1265 3.88842 0.153703
30.9469 -79.1265 3.88842 0.153703
30.9469 -79.1265 3.88842 0.153703
31.0384 -79.2426 3.89038 0.166643
30.8288 -79.2491 3.87993 0.0156118
31.134 -79.3321 3.88664 0.0396696
30.9036 -79.2718 3.88393 0.116874
30.9308 -79.2838 3.8866 0.172079
31.0495 -79.3474 3.89091 0.0595895
30.9469 -79.1265 3.88842 0.153703
31.0384 -79.2426 3.89038 0.166643
30.8957 -79.1574 3.88995 0.0526303
30.9308 -79.2838 3.8866 0.172079
30.9308 -79.2838 3.8866 0.172079
31.0495 -79.3474 3.89091 0.0595895
30.8858 -79.0002 3.88199 0.0154674
31.0384 -79.2426 3.89038 0.166643
30.8957 -79.1574 3.88995 0.0526303
30.9036 -79.2718 3.88393 0.116874
30.959 -78.9814 3.88887 0.0160467
31.0384 -79.2426 3.89038 0.166643
30.9036 -79.2718 3.88393 0.116874
30.9308 -79.2838 3.8866 0.172079
30.9308 -79.2838 3.8866 0.172079
31.0495 -79.3474 3.89091 0.0595895
30.9469 -79.1265 3.88842 0.153703
30.8007 -79.2775 3.8878 0.02477
31.0384 -79.2426 3.89038 0.166643
30.9036 -79.2718 3.88393 0.116874
30.9036 -79.2718 3.88393 0.116874
30.959 -78.9814 3.88887 0.0160467
30.9469 -79.1265 3.88842 0.153703
30.9469 -79.1265 3.88842 0.153703
30.8288 -79.2491 3.87993 0.0156118
30.9036 -79.2718 3.88393 0.116874
30.9308 -79.2838 3.8866 0.172079
31.0495 -79.3474 3.89091 0.0595895
31.0384 -79.2426 3.89038 0.166643
30.9036 -79.2718 3.88393 0.116874
30.8108 -79.2533 3.88638 0.0569172
31.0555 -79.4533 3.88676 0.00900662
30.9036 -79.2718 3.88393 0.116874
30.9308 -79.2838 3.8866 0.172079
30.9469 -79.1265 3.88842 0.153703
31.0384 -79.2426 3.89038 0.166643
30.9036 -79.2718 3.88393 0.116874
30.9308 -79.2838 3.8866 0.172079
30.8108 -79.2533 3.88638 0.0569172
30.8858 -79.0002 3.88199 0.0154674
31.0384 -79.2426 3.89038 0.166643
31.1649 -79.2907 3.89344 0.0307259
30.9036 -79.2718 3.88393 0.116874
30.9308 -79.2838 3.8866 0.172079
31.0495 -79.3474 3.89091 0.0595895
31.0384 -79.2426 3.89038 0.166643
31.1649 -79.2907 3.89344 0.0307259
30.8957 -79.1574 3.88995 0.0526303
30.9308 -79.2838 3.8866 0.172079
30.9308 -79.2838 3.8866 0.172079
30.959 -78.9814 3.88887 0.0160467
30.9469 -79.1265 3.88842 0.153703
31.0384 -79.2426 3.89038 0.166643
30.8957 -79.1574 3.88995 0.0526303
30.9308 -79.2838 3.8866 0.172079
31.0495 -79.3474 3.89091 0.0595895
30.9469 -79.1265 3.88842 0.153703
30.9469 -79.1265 3.88842 0.153703
31.0384 -79.2426 3.89038 0.166643
31.1649 -79.2907 3.89344 0.0307259
31.1649 -79.2907 3.89344 0.0307259
31.134 -79.3321 3.88664 0.0396696
30.9308 -79.2838 3.8866 0.172079
31.0495 -79.3474 3.89091 0.0595895
31.0384 -79.2426 3.89038 0.166643
