265.793 -14.5713 3.74657 0.0965897
265.793 -14.5713 3.74657 0.0965897
266.337 -14.6571 3.76034 0.111715
266.108 -14.7057 3.75969 0.101402
266.415 -14.9586 3.76086 0.00766442
266.158 -14.6758 3.7504 0.0422549
265.793 -14.7783 3.74688 0.0507739
266.087 -14.5823 3.74854 0.0377164
265.793 -14.5713 3.74657 0.0965897
266.337 -14.6571 3.76034 0.111715
266.108 -14.7057 3.75969 0.101402
266.108 -14.7057 3.75969 0.101402
266.385 -14.7347 3.76342 0.0979777
266.385 -14.7347 3.76342 0.0979777
266.385 -14.7347 3.76342 0.0979777
266.111 -14.9208 3.75702 0.0312304
266.65 -14.8448 3.77206 0.00700004
265.798 -14.4781 3.74109 0.0117775
266.046 -14.8498 3.75101 0.044284
265.793 -14.7783 3.74688 0.0507739
265.724 -14.5461 3.74544 0.0587271
266.337 -14.6571 3.76034 0.111715
266.337 -14.6571 3.76034 0.111715
266.326 -14.7702 3.75486 0.0209508
266.385 -14.7347 3.76342 0.0979777
266.158 -14.6758 3.7504 0.0422549
266.158 -14.6758 3.7504 0.0422549
266.129 -14.9044 3.76023 0.0255475
266.772 -14.8052 3.77245 0.00275176
266.1 -14.7376 3.76013 0.0757932
266.337 -14.6571 3.76034 0.111715
266.337 -14.6571 3.76034 0.111715
266.385 -14.7347 3.76342 0.0979777
266.436 -14.7598 3.76593 0.0594036
266.436 -14.7598 3.76593 0.0594036
265.793 -14.7783 3.74688 0.0507739
265.793 -14.7783 3.74688 0.0507739
266.129 -14.9044 3.76023 0.0255475
265.793 -14.5713 3.74657 0.0965897
265.724 -14.5461 3.74544 0.0587271
266.337 -14.6571 3.76034 0.111715
266.337 -14.6571 3.76034 0.111715
266.326 -14.7702 3.75486 0.0209508
266.281 -14.4802 3.7596 0.0202963
266.436 -14.7598 3.76593 0.0594036
266.046 -14.8498 3.75101 0.044284
266.129 -14.9044 3.76023 0.0255475
266.1 -14.7376 3.76013 0.0757932
266.337 -14.6571 3.76034 0.111715
266.385 -14.7347 3.76342 0.0979777
266.385 -14.7347 3.76342 0.0979777
266.436 -14.7598 3.76593 0.0594036
266.158 -14.6758 3.7504 0.0422549
266.129 -14.9044 3.76023 0.0255475
266.1 -14.7376 3.76013 0.0757932
266.108 -14.7057 3.75969 0.101402
266.385 -14.7347 3.76342 0.0979777
266.65 -14.8448 3.77206 0.00700004
266.158 -14.6758 3.7504 0.0422549
266.129 -14.9044 3.76023 0.0255475
265.724 -14.5461 3.74544 0.0587271
266.337 -14.6571 3.76034 0.111715
266.108 -14.7057 3.75969 0.101402
266.385 -14.7347 3.76342 0.0979777
266.479 -14.6717 3.76089 0.0255902
266.046 -14.8498 3.75101 0.044284
266.129 -14.9044 3.76023 0.0255475
265.793 -14.5713 3.74657 0.0965897
266.337 -14.6571 3.76034 0.111715
266.385 -14.7347 3.76342 0.0979777
266.436 -14.7598 3.76593 0.0594036
265.793 -14.7783 3.74688 0.0507739
265.887 -14.8419 3.74524 0.0118029
265.793 -14.5713 3.74657 0.0965897
266.1 -14.7376 3.76013 0.0757932
266.1 -14.7376 3.76013 0.0757932
266.108 -14.7057 3.75969 0.101402
266.108 -14.7057 3.75969 0.101402
266.385 -14.7347 3.76342 0.0979777
266.385 -14.7347 3.76342 0.0979777
266.415 -14.9586 3.76086 0.00766442
266.046 -14.8498 3.75101 0.044284
266.129 -14.9044 3.76023 0.0255475
265.724 -14.5461 3.74544 0.0587271
266.337 -14.6571 3.76034 0.111715
266.336 -14.7301 3.75422 0.0145418
266.479 -14.6717 3.76089 0.0255902
266.046 -14.8498 3.75101 0.044284
266.087 -14.5823 3.74854 0.0377164
266.129 -14.9044 3.76023 0.0255475
266.772 -14.8052 3.77245 0.00275176
265.793 -14.5713 3.74657 0.0965897
265.724 -14.5461 3.74544 0.0587271
266.337 -14.6571 3.76034 0.111715
266.108 -14.7057 3.75969 0.101402
266.385 -14.7347 3.76342 0.0979777
266.281 -14.4802 3.7596 0.0202963
266.158 -14.6758 3.7504 0.0422549
266.158 -14.6758 3.7504 0.0422549
266.046 -14.8498 3.75101 0.044284
