110.946 18.3294 0.0853722 0.0229561
110.89 18.2502 0.081804 0.164742
110.89 18.2502 0.081804 0.164742
111.058 18.4012 0.0752096 0.115582
111.234 18.3014 0.0763731 0.0396346
110.91 18.2156 0.0710078 0.116587
110.765 18.2743 0.0738329 0.066533
110.89 18.2502 0.081804 0.164742
111.058 18.4012 0.0752096 0.115582
111.199 18.3044 0.0660703 0.0174771
110.765 18.2743 0.0738329 0.066533
110.89 18.2502 0.081804 0.164742
110.89 18.2502 0.081804 0.164742
110.985 18.4058 0.0800344 0.0648468
110.985 18.4058 0.0800344 0.0648468
111.223 18.2005 0.0767839 0.0550992
110.91 18.2156 0.0710078 0.116587
110.869 18.4215 0.0686626 0.0212285
110.89 18.2502 0.081804 0.164742
111.058 18.4012 0.0752096 0.115582
111.24 18.2478 0.0672417 0.0174239
111.223 18.2005 0.0767839 0.0550992
110.91 18.2156 0.0710078 0.116587
111.128 18.0723 0.0756703 0.0983905
110.985 18.4058 0.0800344 0.0648468
111.223 18.2005 0.0767839 0.0550992
110.91 18.2156 0.0710078 0.116587
110.851 17.841 0.0759453 0.00455016
111.086 18.484 0.0672656 0.0168484
110.985 18.4058 0.0800344 0.0648468
110.878 18.0544 0.0719254 0.0445116
111.199 18.3044 0.0660703 0.0174771
110.765 18.2743 0.0738329 0.066533
110.869 18.4215 0.0686626 0.0212285
111.086 18.484 0.0672656 0.0168484
110.985 18.4058 0.0800344 0.0648468
111.058 18.4012 0.0752096 0.115582
110.76 18.3723 0.0855479 0.00903309
110.765 18.2743 0.0738329 0.066533
111.128 18.0723 0.0756703 0.0983905
110.89 18.2502 0.081804 0.164742
110.985 18.4058 0.0800344 0.0648468
110.878 18.0544 0.0719254 0.0445116
111.223 18.2005 0.0767839 0.0550992
111.007 18.4381 0.0808698 0.0298969
110.91 18.2156 0.0710078 0.116587
111.128 18.0723 0.0756703 0.0983905
110.89 18.2502 0.081804 0.164742
111.058 18.4012 0.0752096 0.115582
111.223 18.2005 0.0767839 0.0550992
111.223 18.2005 0.0767839 0.0550992
110.91 18.2156 0.0710078 0.116587
110.869 18.4215 0.0686626 0.0212285
110.985 18.4058 0.0800344 0.0648468
110.878 18.0544 0.0719254 0.0445116
110.878 18.0544 0.0719254 0.0445116
110.91 18.2156 0.0710078 0.116587
111.128 18.0723 0.0756703 0.0983905
111.086 18.484 0.0672656 0.0168484
111.223 18.2005 0.0767839 0.0550992
111.007 18.4381 0.0808698 0.0298969
110.91 18.2156 0.0710078 0.116587
110.89 18.2502 0.081804 0.164742
110.89 18.2502 0.081804 0.164742
110.89 18.2502 0.081804 0.164742
111.086 18.484 0.0672656 0.0168484
111.223 18.2005 0.0767839 0.0550992
111.234 18.3014 0.0763731 0.0396346
110.765 18.2743 0.0738329 0.066533
110.89 18.2502 0.081804 0.164742
110.985 18.4058 0.0800344 0.0648468
111.007 18.4381 0.0808698 0.0298969
111.234 18.3014 0.0763731 0.0396346
110.946 18.3294 0.0853722 0.0229561
110.946 18.3294 0.0853722 0.0229561
111.128 18.0723 0.0756703 0.0983905
110.89 18.2502 0.081804 0.164742
110.985 18.4058 0.0800344 0.0648468
110.985 18.4058 0.0800344 0.0648468
110.878 18.0544 0.0719254 0.0445116
111.223 18.2005 0.0767839 0.0550992
110.91 18.2156 0.0710078 0.116587
110.869 18.4215 0.0686626 0.0212285
110.89 18.2502 0.081804 0.164742
111.058 18.4012 0.0752096 0.115582
110.878 18.0544 0.0719254 0.0445116
110.91 18.2156 0.0710078 0.116587
110.869 18.4215 0.0686626 0.0212285
110.89 18.2502 0.081804 0.164742
110.89 18.2502 0.081804 0.164742
111.058 18.4012 0.0752096 0.115582
111.058 18.4012 0.0752096 0.115582
110.995 18.513 0.0679287 0.0140183
111.234 18.3014 0.0763731 0.0396346
110.91 18.2156 0.0710078 0.116587
111.128 18.0723 0.0756703 0.0983905
111.258 18.3694 0.0771237 0.0145746
111.058 18.4012 0.0752096 0.115582
111.223 18.2005 0.0767839 0.0550992
110.91 18.2156 0.0710078 0.116587
