109.272 -24.0788 3.42619 0.0316261
109.462 -23.9101 3.43018 0.0478724
109.492 -24.1646 3.41969 0.0267777
109.37 -24.1302 3.43913 0.00961524
109.681 -23.9964 3.43099 0.0549049
109.468 -23.9432 3.41509 0.0076048
109.742 -24.2442 3.42508 0.015346
109.3 -23.9776 3.41565 0.00914006
109.499 -24.045 3.43439 0.055658
109.499 -24.045 3.43439 0.055658
109.589 -23.9563 3.42102 0.0252275
109.716 -24.1842 3.42612 0.0290516
109.388 -24.2226 3.42379 0.0368166
109.087 -23.8561 3.41968 0.0019355
109.272 -24.0788 3.42619 0.0316261
109.328 -24.1541 3.43126 0.0318252
109.462 -23.9101 3.43018 0.0478724
109.492 -24.1646 3.41969 0.0267777
109.625 -23.941 3.4375 0.0292162
109.681 -23.9964 3.43099 0.0549049
109.488 -24.0975 3.42276 0.0539588
109.334 -24.2146 3.41994 0.019591
109.375 -23.7319 3.42557 0.0084353
109.499 -24.045 3.43439 0.055658
109.589 -23.9563 3.42102 0.0252275
109.716 -24.1842 3.42612 0.0290516
109.661 -24.1636 3.42757 0.0508182
109.388 -24.2226 3.42379 0.0368166
109.624 -24.1716 3.43569 0.0461826
109.624 -24.1716 3.43569 0.0461826
109.624 -24.1716 3.43569 0.0461826
109.506 -23.8302 3.43509 0.0186035
109.462 -23.9101 3.43018 0.0478724
109.462 -23.9101 3.43018 0.0478724
109.492 -24.1646 3.41969 0.0267777
109.681 -23.9964 3.43099 0.0549049
109.681 -23.9964 3.43099 0.0549049
109.641 -24.3495 3.42442 0.0122874
109.742 -24.2442 3.42508 0.015346
109.334 -24.2146 3.41994 0.019591
109.546 -24.2946 3.42813 0.0368309
109.375 -23.7319 3.42557 0.0084353
109.325 -23.8077 3.43139 0.0102242
109.267 -24.2385 3.42791 0.0183942
109.4 -24.0739 3.42063 0.0376945
109.589 -23.9563 3.42102 0.0252275
109.661 -24.1636 3.42757 0.0508182
109.425 -23.9496 3.43402 0.0340459
109.624 -24.1716 3.43569 0.0461826
109.328 -24.1541 3.43126 0.0318252
109.114 -24.1238 3.4308 0.00350847
109.462 -23.9101 3.43018 0.0478724
109.625 -23.941 3.4375 0.0292162
109.681 -23.9964 3.43099 0.0549049
109.681 -23.9964 3.43099 0.0549049
109.468 -23.9432 3.41509 0.0076048
109.546 -24.2946 3.42813 0.0368309
109.646 -23.9326 3.44127 0.0122769
109.502 -24.4567 3.43549 0.00454158
109.479 -24.3234 3.42249 0.0179799
109.499 -24.045 3.43439 0.055658
109.589 -23.9563 3.42102 0.0252275
109.661 -24.1636 3.42757 0.0508182
109.388 -24.2226 3.42379 0.0368166
109.624 -24.1716 3.43569 0.0461826
109.624 -24.1716 3.43569 0.0461826
109.272 -24.0788 3.42619 0.0316261
109.328 -24.1541 3.43126 0.0318252
109.506 -23.8302 3.43509 0.0186035
109.462 -23.9101 3.43018 0.0478724
109.397 -23.6 3.43034 0.00135425
109.625 -23.941 3.4375 0.0292162
109.625 -23.941 3.4375 0.0292162
109.681 -23.9964 3.43099 0.0549049
109.488 -24.0975 3.42276 0.0539588
109.488 -24.0975 3.42276 0.0539588
109.334 -24.2146 3.41994 0.019591
109.546 -24.2946 3.42813 0.0368309
109.307 -24.2334 3.42737 0.0260234
109.267 -24.2385 3.42791 0.0183942
109.499 -24.045 3.43439 0.055658
109.472 -24.0104 3.43876 0.0201521
109.388 -24.2226 3.42379 0.0368166
109.388 -24.2226 3.42379 0.0368166
109.425 -23.9496 3.43402 0.0340459
109.624 -24.1716 3.43569 0.0461826
109.354 -24.0381 3.42069 0.0335518
109.506 -23.8302 3.43509 0.0186035
109.359 -24.2661 3.41513 0.00515395
109.625 -23.941 3.4375 0.0292162
109.641 -24.3495 3.42442 0.0122874
109.641 -24.3495 3.42442 0.0122874
109.742 -24.2442 3.42508 0.015346
109.3 -23.9776 3.41565 0.00914006
109.307 -24.2334 3.42737 0.0260234
109.267 -24.2385 3.42791 0.0183942
109.4 -24.0739 3.42063 0.0376945
109.716 -24.1842 3.42612 0.0290516
109.388 -24.2226 3.42379 0.0368166
109.388 -24.2226 3.42379 0.0368166
