111.755 -24.3329 3.41642 0.209349
112.019 -24.7053 3.41432 0.0221319
111.734 -24.2275 3.40772 0.086102
112.01 -24.3934 3.41515 0.079817
111.711 -24.328 3.40784 0.160809
111.711 -24.328 3.40784 0.160809
111.755 -24.3329 3.41642 0.209349
112.105 -24.3198 3.4206 0.0260202
111.711 -24.328 3.40784 0.160809
111.684 -24.2962 3.40987 0.173835
112.142 -24.2942 3.42191 0.0146888
112.105 -24.3198 3.4206 0.0260202
111.734 -24.2275 3.40772 0.086102
111.734 -24.2275 3.40772 0.086102
112.01 -24.3934 3.41515 0.079817
111.711 -24.328 3.40784 0.160809
111.755 -24.3329 3.41642 0.209349
112.111 -24.3489 3.41615 0.0268671
112.111 -24.3489 3.41615 0.0268671
112.058 -24.5224 3.41085 0.0286511
111.684 -24.2962 3.40987 0.173835
111.684 -24.2962 3.40987 0.173835
111.684 -24.2962 3.40987 0.173835
111.684 -24.2962 3.40987 0.173835
111.755 -24.3329 3.41642 0.209349
111.926 -24.6633 3.42169 0.0405668
112.105 -24.3198 3.4206 0.0260202
112.111 -24.3489 3.41615 0.0268671
111.711 -24.328 3.40784 0.160809
111.684 -24.2962 3.40987 0.173835
111.755 -24.3329 3.41642 0.209349
111.734 -24.2275 3.40772 0.086102
112.016 -24.0786 3.41737 0.00987759
111.755 -24.3329 3.41642 0.209349
112.01 -24.3934 3.41515 0.079817
111.72 -24.0502 3.41309 0.0222209
111.755 -24.3329 3.41642 0.209349
111.734 -24.2275 3.40772 0.086102
111.711 -24.328 3.40784 0.160809
111.684 -24.2962 3.40987 0.173835
111.926 -24.6633 3.42169 0.0405668
111.734 -24.2275 3.40772 0.086102
111.711 -24.328 3.40784 0.160809
111.684 -24.2962 3.40987 0.173835
111.684 -24.2962 3.40987 0.173835
111.755 -24.3329 3.41642 0.209349
112.01 -24.3934 3.41515 0.079817
112.016 -24.0786 3.41737 0.00987759
111.684 -24.2962 3.40987 0.173835
111.926 -24.6633 3.42169 0.0405668
111.926 -24.6633 3.42169 0.0405668
112.111 -24.3489 3.41615 0.0268671
111.785 -24.0487 3.40996 0.0160688
112.058 -24.5224 3.41085 0.0286511
111.755 -24.3329 3.41642 0.209349
112.105 -24.3198 3.4206 0.0260202
111.734 -24.2275 3.40772 0.086102
111.734 -24.2275 3.40772 0.086102
111.711 -24.328 3.40784 0.160809
111.684 -24.2962 3.40987 0.173835
111.755 -24.3329 3.41642 0.209349
111.734 -24.2275 3.40772 0.086102
111.711 -24.328 3.40784 0.160809
111.684 -24.2962 3.40987 0.173835
111.684 -24.2962 3.40987 0.173835
111.734 -24.2275 3.40772 0.086102
111.711 -24.328 3.40784 0.160809
111.684 -24.2962 3.40987 0.173835
111.755 -24.3329 3.41642 0.209349
112.021 -24.1669 3.41415 0.0205096
111.711 -24.328 3.40784 0.160809
111.755 -24.3329 3.41642 0.209349
112.111 -24.3489 3.41615 0.0268671
111.711 -24.328 3.40784 0.160809
112.058 -24.5224 3.41085 0.0286511
112.058 -24.5224 3.41085 0.0286511
112.142 -24.1047 3.42623 0.00209826
112.01 -24.3934 3.41515 0.079817
111.684 -24.2962 3.40987 0.173835
111.684 -24.2962 3.40987 0.173835
111.755 -24.3329 3.41642 0.209349
111.734 -24.2275 3.40772 0.086102
111.602 -24.1328 3.42403 0.00794606
111.755 -24.3329 3.41642 0.209349
111.755 -24.3329 3.41642 0.209349
111.755 -24.3329 3.41642 0.209349
111.926 -24.6633 3.42169 0.0405668
112.105 -24.3198 3.4206 0.0260202
111.68 -24.1971 3.43045 0.00240962
112.01 -24.3934 3.41515 0.079817
112.058 -24.5224 3.41085 0.0286511
112.142 -24.1047 3.42623 0.00209826
111.926 -24.6633 3.42169 0.0405668
111.734 -24.2275 3.40772 0.086102
111.734 -24.2275 3.40772 0.086102
111.711 -24.328 3.40784 0.160809
111.684 -24.2962 3.40987 0.173835
111.684 -24.2962 3.40987 0.173835
111.755 -24.3329 3.41642 0.209349
112.019 -24.7053 3.41432 0.0221319
