148.536 21.6832 0.0698222 0.0421087
148.624 21.415 0.0714761 0.0790671
148.746 21.4451 0.0639323 0.209293
148.613 21.5522 0.0701353 0.219153
148.624 21.415 0.0714761 0.0790671
148.746 21.4451 0.0639323 0.209293
148.898 21.5413 0.0673031 0.156015
148.737 21.4683 0.0709961 0.149753
148.746 21.4451 0.0639323 0.209293
148.613 21.5522 0.0701353 0.219153
148.737 21.4683 0.0709961 0.149753
148.612 21.3809 0.0661978 0.0675365
148.746 21.4451 0.0639323 0.209293
148.746 21.4451 0.0639323 0.209293
148.613 21.5522 0.0701353 0.219153
148.737 21.4683 0.0709961 0.149753
148.536 21.6832 0.0698222 0.0421087
148.536 21.6832 0.0698222 0.0421087
148.624 21.415 0.0714761 0.0790671
148.746 21.4451 0.0639323 0.209293
148.613 21.5522 0.0701353 0.219153
148.613 21.5522 0.0701353 0.219153
148.612 21.3809 0.0661978 0.0675365
148.613 21.5522 0.0701353 0.219153
148.737 21.4683 0.0709961 0.149753
148.612 21.3809 0.0661978 0.0675365
148.898 21.5413 0.0673031 0.156015
148.613 21.5522 0.0701353 0.219153
148.624 21.415 0.0714761 0.0790671
148.898 21.5413 0.0673031 0.156015
148.613 21.5522 0.0701353 0.219153
148.483 21.7321 0.0728501 0.00275708
148.624 21.415 0.0714761 0.0790671
148.624 21.415 0.0714761 0.0790671
148.898 21.5413 0.0673031 0.156015
148.613 21.5522 0.0701353 0.219153
148.737 21.4683 0.0709961 0.149753
148.737 21.4683 0.0709961 0.149753
148.612 21.3809 0.0661978 0.0675365
148.746 21.4451 0.0639323 0.209293
148.898 21.5413 0.0673031 0.156015
148.898 21.5413 0.0673031 0.156015
148.737 21.4683 0.0709961 0.149753
148.737 21.4683 0.0709961 0.149753
148.612 21.3809 0.0661978 0.0675365
148.746 21.4451 0.0639323 0.209293
148.613 21.5522 0.0701353 0.219153
148.624 21.415 0.0714761 0.0790671
148.746 21.4451 0.0639323 0.209293
148.613 21.5522 0.0701353 0.219153
148.613 21.5522 0.0701353 0.219153
148.613 21.5522 0.0701353 0.219153
148.624 21.415 0.0714761 0.0790671
148.612 21.3809 0.0661978 0.0675365
148.746 21.4451 0.0639323 0.209293
148.898 21.5413 0.0673031 0.156015
148.613 21.5522 0.0701353 0.219153
148.737 21.4683 0.0709961 0.149753
148.624 21.415 0.0714761 0.0790671
148.746 21.4451 0.0639323 0.209293
148.737 21.4683 0.0709961 0.149753
148.746 21.4451 0.0639323 0.209293
148.613 21.5522 0.0701353 0.219153
148.536 21.6832 0.0698222 0.0421087
148.746 21.4451 0.0639323 0.209293
148.879 21.6334 0.0736466 0.00246637
148.898 21.5413 0.0673031 0.156015
148.737 21.4683 0.0709961 0.149753
148.896 21.4972 0.0711243 0.0237412
148.746 21.4451 0.0639323 0.209293
148.613 21.5522 0.0701353 0.219153
148.613 21.5522 0.0701353 0.219153
148.613 21.5522 0.0701353 0.219153
148.613 21.5522 0.0701353 0.219153
148.536 21.6832 0.0698222 0.0421087
148.746 21.4451 0.0639323 0.209293
148.746 21.4451 0.0639323 0.209293
148.613 21.5522 0.0701353 0.219153
148.613 21.5522 0.0701353 0.219153
148.467 21.5563 0.072389 0.0165046
148.612 21.3809 0.0661978 0.0675365
148.746 21.4451 0.0639323 0.209293
148.613 21.5522 0.0701353 0.219153
148.737 21.4683 0.0709961 0.149753
148.746 21.4451 0.0639323 0.209293
148.613 21.5522 0.0701353 0.219153
148.613 21.5522 0.0701353 0.219153
148.536 21.6832 0.0698222 0.0421087
148.612 21.3809 0.0661978 0.0675365
148.746 21.4451 0.0639323 0.209293
148.898 21.5413 0.0673031 0.156015
148.737 21.4683 0.0709961 0.149753
148.624 21.415 0.0714761 0.0790671
148.746 21.4451 0.0639323 0.209293
148.613 21.5522 0.0701353 0.219153
148.737 21.4683 0.0709961 0.149753
148.746 21.4451 0.0639323 0.209293
148.898 21.5413 0.0673031 0.156015
148.613 21.5522 0.0701353 0.219153
148.737 21.4683 0.0709961 0.149753
