37.5602 11.4651 0.141624 0.127133
37.3952 11.4752 0.149061 0.335963
37.5746 11.436 0.138795 0.0179668
37.5602 11.4651 0.141624 0.127133
37.3952 11.4752 0.149061 0.335963
37.2641 11.5589 0.151806 0.0598632
37.4361 11.4107 0.146545 0.307417
37.2399 11.3398 0.146333 0.00730189
37.2641 11.5589 0.151806 0.0598632
37.4361 11.4107 0.146545 0.307417
37.3952 11.4752 0.149061 0.335963
37.4424 11.2593 0.147421 0.0308731
37.5602 11.4651 0.141624 0.127133
37.2641 11.5589 0.151806 0.0598632
37.4361 11.4107 0.146545 0.307417
37.4361 11.4107 0.146545 0.307417
37.4361 11.4107 0.146545 0.307417
37.3952 11.4752 0.149061 0.335963
37.4614 11.3003 0.149679 0.0450858
37.3952 11.4752 0.149061 0.335963
37.4424 11.2593 0.147421 0.0308731
37.4361 11.4107 0.146545 0.307417
37.3952 11.4752 0.149061 0.335963
37.3952 11.4752 0.149061 0.335963
37.3952 11.4752 0.149061 0.335963
37.4361 11.4107 0.146545 0.307417
37.4361 11.4107 0.146545 0.307417
37.3952 11.4752 0.149061 0.335963
37.4361 11.4107 0.146545 0.307417
37.4361 11.4107 0.146545 0.307417
37.3952 11.4752 0.149061 0.335963
37.3952 11.4752 0.149061 0.335963
37.2015 11.5132 0.148408 0.019762
37.4361 11.4107 0.146545 0.307417
37.5602 11.4651 0.141624 0.127133
37.3952 11.4752 0.149061 0.335963
37.2641 11.5589 0.151806 0.0598632
37.3952 11.4752 0.149061 0.335963
37.3952 11.4752 0.149061 0.335963
37.4361 11.4107 0.146545 0.307417
37.3952 11.4752 0.149061 0.335963
37.4361 11.4107 0.146545 0.307417
37.5602 11.4651 0.141624 0.127133
37.3952 11.4752 0.149061 0.335963
37.3952 11.4752 0.149061 0.335963
37.2641 11.5589 0.151806 0.0598632
37.4614 11.3003 0.149679 0.0450858
37.3952 11.4752 0.149061 0.335963
37.4361 11.4107 0.146545 0.307417
37.4361 11.4107 0.146545 0.307417
37.5602 11.4651 0.141624 0.127133
37.3952 11.4752 0.149061 0.335963
37.3573 11.2531 0.146069 0.0117265
37.4614 11.3003 0.149679 0.0450858
37.5602 11.4651 0.141624 0.127133
37.3952 11.4752 0.149061 0.335963
37.5746 11.436 0.138795 0.0179668
37.4614 11.3003 0.149679 0.0450858
37.3952 11.4752 0.149061 0.335963
37.2399 11.3398 0.146333 0.00730189
37.3952 11.4752 0.149061 0.335963
37.4361 11.4107 0.146545 0.307417
37.3952 11.4752 0.149061 0.335963
37.3952 11.4752 0.149061 0.335963
37.4361 11.4107 0.146545 0.307417
37.3952 11.4752 0.149061 0.335963
37.3952 11.4752 0.149061 0.335963
37.4361 11.4107 0.146545 0.307417
37.4361 11.4107 0.146545 0.307417
37.3952 11.4752 0.149061 0.335963
37.4361 11.4107 0.146545 0.307417
37.4361 11.4107 0.146545 0.307417
37.3952 11.4752 0.149061 0.335963
37.4361 11.4107 0.146545 0.307417
37.3952 11.4752 0.149061 0.335963
37.4361 11.4107 0.146545 0.307417
37.4361 11.4107 0.146545 0.307417
37.3952 11.4752 0.149061 0.335963
37.4361 11.4107 0.146545 0.307417
37.3952 11.4752 0.149061 0.335963
37.3952 11.4752 0.149061 0.335963
37.4361 11.4107 0.146545 0.307417
37.3952 11.4752 0.149061 0.335963
37.5602 11.4651 0.141624 0.127133
37.4361 11.4107 0.146545 0.307417
37.3952 11.4752 0.149061 0.335963
37.4361 11.4107 0.146545 0.307417
37.3952 11.4752 0.149061 0.335963
37.2015 11.5132 0.148408 0.019762
37.3952 11.4752 0.149061 0.335963
37.3952 11.4752 0.149061 0.335963
37.3952 11.4752 0.149061 0.335963
37.4187 11.6688 0.154065 0.00739698
37.5602 11.4651 0.141624 0.127133
37.3952 11.4752 0.149061 0.335963
37.4614 11.3003 0.149679 0.0450858
37.4424 11.2593 0.147421 0.0308731
37.3952 11.4752 0.149061 0.335963
37.2641 11.5589 0.151806 0.0598632
37.4361 11.4107 0.146545 0.307417
