278.601 14.6054 5.143 0.0133642
278.47 14.2203 5.1427 0.0648711
278.434 14.1461 5.13415 0.137941
278.44 14.2836 5.14376 0.0754256
278.613 14.2384 5.14527 0.0190996
278.573 14.3792 5.14053 0.238289
278.626 14.4152 5.14019 0.133682
278.434 14.1461 5.13415 0.137941
278.573 14.3792 5.14053 0.238289
278.626 14.4152 5.14019 0.133682
278.643 14.334 5.14085 0.123184
278.434 14.1461 5.13415 0.137941
278.744 14.2231 5.13201 0.0109126
278.44 14.2836 5.14376 0.0754256
278.613 14.2384 5.14527 0.0190996
278.653 14.3737 5.14478 0.0479115
278.653 14.3737 5.14478 0.0479115
278.601 14.6054 5.143 0.0133642
278.419 14.3669 5.14742 0.0224909
278.626 14.4152 5.14019 0.133682
278.613 14.2384 5.14527 0.0190996
278.573 14.3792 5.14053 0.238289
278.626 14.4152 5.14019 0.133682
278.434 14.1461 5.13415 0.137941
278.44 14.2836 5.14376 0.0754256
278.626 14.4152 5.14019 0.133682
278.643 14.334 5.14085 0.123184
278.434 14.1461 5.13415 0.137941
278.44 14.2836 5.14376 0.0754256
278.613 14.2384 5.14527 0.0190996
278.573 14.3792 5.14053 0.238289
278.322 14.4344 5.13937 0.0558527
278.626 14.4152 5.14019 0.133682
278.434 14.1461 5.13415 0.137941
278.434 14.1461 5.13415 0.137941
278.44 14.2836 5.14376 0.0754256
278.626 14.4152 5.14019 0.133682
278.626 14.4152 5.14019 0.133682
278.643 14.334 5.14085 0.123184
278.573 14.3792 5.14053 0.238289
278.44 14.2836 5.14376 0.0754256
278.322 14.4344 5.13937 0.0558527
278.434 14.1461 5.13415 0.137941
278.573 14.3792 5.14053 0.238289
278.44 14.2836 5.14376 0.0754256
278.44 14.2836 5.14376 0.0754256
278.322 14.4344 5.13937 0.0558527
278.653 14.3737 5.14478 0.0479115
278.434 14.1461 5.13415 0.137941
278.573 14.3792 5.14053 0.238289
278.573 14.3792 5.14053 0.238289
278.626 14.4152 5.14019 0.133682
278.613 14.2384 5.14527 0.0190996
278.573 14.3792 5.14053 0.238289
278.573 14.3792 5.14053 0.238289
278.47 14.2203 5.1427 0.0648711
278.643 14.334 5.14085 0.123184
278.573 14.3792 5.14053 0.238289
278.322 14.4344 5.13937 0.0558527
278.626 14.4152 5.14019 0.133682
278.573 14.3792 5.14053 0.238289
278.419 14.3669 5.14742 0.0224909
278.471 14.2556 5.14972 0.00218833
278.613 14.2384 5.14527 0.0190996
278.613 14.2384 5.14527 0.0190996
278.744 14.2231 5.13201 0.0109126
278.643 14.334 5.14085 0.123184
278.643 14.334 5.14085 0.123184
278.643 14.334 5.14085 0.123184
278.613 14.2384 5.14527 0.0190996
278.434 14.1461 5.13415 0.137941
278.573 14.3792 5.14053 0.238289
278.395 14.3839 5.12761 0.0134821
278.626 14.4152 5.14019 0.133682
278.653 14.3737 5.14478 0.0479115
278.573 14.3792 5.14053 0.238289
278.322 14.4344 5.13937 0.0558527
278.471 14.2556 5.14972 0.00218833
278.626 14.4152 5.14019 0.133682
278.434 14.1461 5.13415 0.137941
278.44 14.2836 5.14376 0.0754256
278.623 14.6654 5.14555 0.00278714
278.613 14.2384 5.14527 0.0190996
278.573 14.3792 5.14053 0.238289
278.44 14.2836 5.14376 0.0754256
278.643 14.334 5.14085 0.123184
278.573 14.3792 5.14053 0.238289
278.573 14.3792 5.14053 0.238289
278.475 14.1517 5.14907 0.000375147
278.643 14.334 5.14085 0.123184
278.643 14.334 5.14085 0.123184
278.573 14.3792 5.14053 0.238289
278.665 14.5523 5.14729 0.00911543
278.626 14.4152 5.14019 0.133682
278.434 14.1461 5.13415 0.137941
278.573 14.3792 5.14053 0.238289
278.322 14.4344 5.13937 0.0558527
278.434 14.1461 5.13415 0.137941
278.573 14.3792 5.14053 0.238289
278.626 14.4152 5.14019 0.133682
