103.787 -25.7723 3.43382 0.145687
104.035 -25.6368 3.43822 0.0320452
103.906 -25.5882 3.43141 0.112859
103.513 -25.7929 3.43172 0.00989937
103.787 -25.7723 3.43382 0.145687
104.009 -25.4543 3.42746 0.00202594
104.001 -25.91 3.43074 0.043556
103.836 -25.6729 3.42968 0.161847
103.836 -25.6729 3.42968 0.161847
103.787 -25.7723 3.43382 0.145687
103.883 -25.5386 3.43693 0.0622691
103.83 -25.9942 3.42455 0.0155798
103.906 -25.5882 3.43141 0.112859
103.906 -25.5882 3.43141 0.112859
104.013 -25.4588 3.43467 0.0215416
103.836 -25.6729 3.42968 0.161847
103.787 -25.7723 3.43382 0.145687
103.573 -25.6396 3.436 0.00953545
104.035 -25.6368 3.43822 0.0320452
103.965 -25.8866 3.43252 0.0662921
103.836 -25.6729 3.42968 0.161847
103.914 -25.3505 3.44219 0.0012299
103.787 -25.7723 3.43382 0.145687
103.922 -25.8387 3.43468 0.0817977
104.038 -25.7203 3.43858 0.0226602
103.965 -25.8866 3.43252 0.0662921
103.836 -25.6729 3.42968 0.161847
103.836 -25.6729 3.42968 0.161847
103.836 -25.6729 3.42968 0.161847
103.787 -25.7723 3.43382 0.145687
103.672 -25.8112 3.43487 0.0369025
103.883 -25.5386 3.43693 0.0622691
104.001 -25.91 3.43074 0.043556
103.836 -25.6729 3.42968 0.161847
103.836 -25.6729 3.42968 0.161847
103.787 -25.7723 3.43382 0.145687
103.787 -25.7723 3.43382 0.145687
103.922 -25.8387 3.43468 0.0817977
103.883 -25.5386 3.43693 0.0622691
103.906 -25.5882 3.43141 0.112859
103.836 -25.6729 3.42968 0.161847
103.606 -25.7549 3.42881 0.0475562
103.922 -25.8387 3.43468 0.0817977
103.672 -25.8112 3.43487 0.0369025
103.899 -25.5607 3.42747 0.0250819
104.038 -25.7203 3.43858 0.0226602
103.56 -25.723 3.43188 0.0243936
103.836 -25.6729 3.42968 0.161847
103.787 -25.7723 3.43382 0.145687
103.787 -25.7723 3.43382 0.145687
103.683 -25.6124 3.42348 0.00468563
103.906 -25.5882 3.43141 0.112859
103.836 -25.6729 3.42968 0.161847
103.956 -25.5715 3.42744 0.0192802
103.956 -25.5715 3.42744 0.0192802
103.922 -25.8387 3.43468 0.0817977
103.906 -25.5882 3.43141 0.112859
103.906 -25.5882 3.43141 0.112859
103.836 -25.6729 3.42968 0.161847
103.836 -25.6729 3.42968 0.161847
103.922 -25.8387 3.43468 0.0817977
104.048 -25.811 3.42807 0.0291574
103.899 -25.5607 3.42747 0.0250819
103.513 -25.7929 3.43172 0.00989937
103.787 -25.7723 3.43382 0.145687
103.922 -25.8387 3.43468 0.0817977
103.922 -25.8387 3.43468 0.0817977
103.899 -25.5607 3.42747 0.0250819
103.965 -25.8866 3.43252 0.0662921
103.56 -25.723 3.43188 0.0243936
103.787 -25.7723 3.43382 0.145687
103.672 -25.8112 3.43487 0.0369025
103.883 -25.5386 3.43693 0.0622691
103.906 -25.5882 3.43141 0.112859
103.836 -25.6729 3.42968 0.161847
103.787 -25.7723 3.43382 0.145687
103.859 -25.8753 3.41946 0.00098778
103.899 -25.5607 3.42747 0.0250819
103.83 -25.9942 3.42455 0.0155798
103.83 -25.9942 3.42455 0.0155798
103.965 -25.8866 3.43252 0.0662921
103.956 -25.5715 3.42744 0.0192802
103.922 -25.8387 3.43468 0.0817977
103.883 -25.5386 3.43693 0.0622691
103.906 -25.5882 3.43141 0.112859
103.906 -25.5882 3.43141 0.112859
104.001 -25.91 3.43074 0.043556
103.836 -25.6729 3.42968 0.161847
103.787 -25.7723 3.43382 0.145687
103.883 -25.5386 3.43693 0.0622691
103.883 -25.5386 3.43693 0.0622691
103.965 -25.8866 3.43252 0.0662921
103.606 -25.7549 3.42881 0.0475562
103.787 -25.7723 3.43382 0.145687
104.035 -25.6368 3.43822 0.0320452
103.83 -25.9942 3.42455 0.0155798
103.965 -25.8866 3.43252 0.0662921
103.965 -25.8866 3.43252 0.0662921
103.606 -25.7549 3.42881 0.0475562
103.655 -26.1001 3.42135 0.000879279
