252.066 29.0292 0.0588443 0.00718439
251.987 28.7101 0.0552592 0.0412646
251.944 28.9489 0.0545409 0.596418
251.86 28.8058 0.0596354 0.0768158
251.944 28.9489 0.0545409 0.596418
251.944 28.9489 0.0545409 0.596418
251.944 28.9489 0.0545409 0.596418
251.944 28.9489 0.0545409 0.596418
251.944 28.9489 0.0545409 0.596418
251.944 28.9489 0.0545409 0.596418
251.972 29.1736 0.0518866 0.0578984
251.944 28.9489 0.0545409 0.596418
251.944 28.9489 0.0545409 0.596418
251.944 28.9489 0.0545409 0.596418
251.968 28.9429 0.0601039 0.030695
251.944 28.9489 0.0545409 0.596418
251.944 28.9489 0.0545409 0.596418
251.944 28.9489 0.0545409 0.596418
251.944 28.9489 0.0545409 0.596418
251.944 28.9489 0.0545409 0.596418
251.944 28.9489 0.0545409 0.596418
252.111 29.0579 0.0546886 0.0301922
251.978 28.9043 0.0594257 0.0525504
251.944 28.9489 0.0545409 0.596418
251.944 28.9489 0.0545409 0.596418
251.987 28.7101 0.0552592 0.0412646
251.944 28.9489 0.0545409 0.596418
251.944 28.9489 0.0545409 0.596418
251.944 28.9489 0.0545409 0.596418
251.944 28.9489 0.0545409 0.596418
251.944 28.9489 0.0545409 0.596418
251.944 28.9489 0.0545409 0.596418
252.236 29.0322 0.0464532 0.0079558
251.944 28.9489 0.0545409 0.596418
252.089 28.9627 0.0569294 0.0337034
251.944 28.9489 0.0545409 0.596418
251.944 28.9489 0.0545409 0.596418
251.693 28.7795 0.0568958 0.028887
251.944 28.9489 0.0545409 0.596418
251.987 28.7101 0.0552592 0.0412646
251.968 28.9429 0.0601039 0.030695
251.972 29.1736 0.0518866 0.0578984
251.944 28.9489 0.0545409 0.596418
251.86 28.8058 0.0596354 0.0768158
251.944 28.9489 0.0545409 0.596418
252.111 29.0579 0.0546886 0.0301922
251.944 28.9489 0.0545409 0.596418
251.944 28.9489 0.0545409 0.596418
251.944 28.9489 0.0545409 0.596418
251.987 28.7101 0.0552592 0.0412646
251.944 28.9489 0.0545409 0.596418
251.944 28.9489 0.0545409 0.596418
251.978 28.9043 0.0594257 0.0525504
251.944 28.9489 0.0545409 0.596418
251.972 29.1736 0.0518866 0.0578984
251.944 28.9489 0.0545409 0.596418
251.944 28.9489 0.0545409 0.596418
251.944 28.9489 0.0545409 0.596418
251.944 28.9489 0.0545409 0.596418
252.236 29.0322 0.0464532 0.0079558
251.944 28.9489 0.0545409 0.596418
251.944 28.9489 0.0545409 0.596418
251.972 29.1736 0.0518866 0.0578984
251.944 28.9489 0.0545409 0.596418
252.089 28.9627 0.0569294 0.0337034
251.944 28.9489 0.0545409 0.596418
251.972 29.1736 0.0518866 0.0578984
252.066 29.0292 0.0588443 0.00718439
251.987 28.7101 0.0552592 0.0412646
251.972 29.1736 0.0518866 0.0578984
251.944 28.9489 0.0545409 0.596418
251.944 28.9489 0.0545409 0.596418
251.944 28.9489 0.0545409 0.596418
251.978 28.9043 0.0594257 0.0525504
251.944 28.9489 0.0545409 0.596418
251.944 28.9489 0.0545409 0.596418
251.978 28.9043 0.0594257 0.0525504
251.944 28.9489 0.0545409 0.596418
251.86 28.8058 0.0596354 0.0768158
251.978 28.9043 0.0594257 0.0525504
251.987 28.7101 0.0552592 0.0412646
251.944 28.9489 0.0545409 0.596418
252.089 28.9627 0.0569294 0.0337034
251.944 28.9489 0.0545409 0.596418
252.162 28.7586 0.053771 0.00683321
251.944 28.9489 0.0545409 0.596418
252.075 28.7714 0.061484 0.00102345
251.841 29.2121 0.057324 0.00254016
251.972 29.1736 0.0518866 0.0578984
251.86 28.8058 0.0596354 0.0768158
251.944 28.9489 0.0545409 0.596418
251.968 28.9429 0.0601039 0.030695
251.968 28.9429 0.0601039 0.030695
251.944 28.9489 0.0545409 0.596418
251.944 28.9489 0.0545409 0.596418
251.944 28.9489 0.0545409 0.596418
252.23 28.8172 0.0533172 0.00272133
251.944 28.9489 0.0545409 0.596418
251.86 28.8058 0.0596354 0.0768158
251.978 28.9043 0.0594257 0.0525504
