-23.4457 -8.47492 0.759028 0.178652
-23.4794 -8.71957 0.755304 0.00571411
-23.1877 -8.66415 0.759969 0.0256215
-23.5397 -8.56346 0.767113 0.0528604
-23.4457 -8.47492 0.759028 0.178652
-23.4225 -8.52998 0.762934 0.229388
-23.3163 -8.60706 0.768851 0.0249888
-23.4311 -8.70503 0.758919 0.094086
-23.4457 -8.47492 0.759028 0.178652
-23.4146 -8.7837 0.776004 0.00169536
-23.4311 -8.70503 0.758919 0.094086
-23.2379 -8.4629 0.761579 0.0350954
-23.4457 -8.47492 0.759028 0.178652
-23.4225 -8.52998 0.762934 0.229388
-23.2828 -8.93744 0.766306 0.0065544
-23.2379 -8.4629 0.761579 0.0350954
-23.5397 -8.56346 0.767113 0.0528604
-23.555 -8.88407 0.76837 0.0346052
-23.4225 -8.52998 0.762934 0.229388
-23.4225 -8.52998 0.762934 0.229388
-23.3599 -8.59058 0.767661 0.0622248
-23.6172 -8.55127 0.767785 0.0128625
-23.5821 -8.53165 0.764804 0.0513998
-23.4457 -8.47492 0.759028 0.178652
-23.4225 -8.52998 0.762934 0.229388
-23.4311 -8.70503 0.758919 0.094086
-23.4158 -8.87948 0.763396 0.0290031
-23.4457 -8.47492 0.759028 0.178652
-23.3599 -8.59058 0.767661 0.0622248
-23.5397 -8.56346 0.767113 0.0528604
-23.4457 -8.47492 0.759028 0.178652
-23.4225 -8.52998 0.762934 0.229388
-23.2729 -8.72222 0.757969 0.0237725
-23.5397 -8.56346 0.767113 0.0528604
-23.4225 -8.52998 0.762934 0.229388
-23.1538 -8.62259 0.761035 0.0170725
-23.4311 -8.70503 0.758919 0.094086
-23.4457 -8.47492 0.759028 0.178652
-23.4225 -8.52998 0.762934 0.229388
-23.4311 -8.70503 0.758919 0.094086
-23.5397 -8.56346 0.767113 0.0528604
-23.4457 -8.47492 0.759028 0.178652
-23.4457 -8.47492 0.759028 0.178652
-23.555 -8.88407 0.76837 0.0346052
-23.4225 -8.52998 0.762934 0.229388
-23.2828 -8.93744 0.766306 0.0065544
-23.4311 -8.70503 0.758919 0.094086
-23.5397 -8.56346 0.767113 0.0528604
-23.4225 -8.52998 0.762934 0.229388
-23.3599 -8.59058 0.767661 0.0622248
-23.5821 -8.53165 0.764804 0.0513998
-23.4225 -8.52998 0.762934 0.229388
-23.2729 -8.72222 0.757969 0.0237725
-23.2455 -8.36729 0.755078 0.0199949
-23.4457 -8.47492 0.759028 0.178652
-23.555 -8.88407 0.76837 0.0346052
-23.3599 -8.59058 0.767661 0.0622248
-23.4311 -8.70503 0.758919 0.094086
-23.4457 -8.47492 0.759028 0.178652
-23.4225 -8.52998 0.762934 0.229388
-23.4225 -8.52998 0.762934 0.229388
-23.2455 -8.36729 0.755078 0.0199949
-23.555 -8.88407 0.76837 0.0346052
-23.4225 -8.52998 0.762934 0.229388
-23.4225 -8.52998 0.762934 0.229388
-23.1877 -8.66415 0.759969 0.0256215
-23.5397 -8.56346 0.767113 0.0528604
-23.4225 -8.52998 0.762934 0.229388
-23.3599 -8.59058 0.767661 0.0622248
-23.5821 -8.53165 0.764804 0.0513998
-23.4225 -8.52998 0.762934 0.229388
-23.4225 -8.52998 0.762934 0.229388
-23.4225 -8.52998 0.762934 0.229388
-23.1877 -8.66415 0.759969 0.0256215
-23.4158 -8.87948 0.763396 0.0290031
-23.4457 -8.47492 0.759028 0.178652
-23.4457 -8.47492 0.759028 0.178652
-23.5573 -8.88265 0.772581 0.0153178
-23.1538 -8.62259 0.761035 0.0170725
-23.4158 -8.87948 0.763396 0.0290031
-23.4158 -8.87948 0.763396 0.0290031
-23.4225 -8.52998 0.762934 0.229388
-23.3163 -8.60706 0.768851 0.0249888
-23.4311 -8.70503 0.758919 0.094086
-23.3462 -8.47265 0.765042 0.0379938
-23.4225 -8.52998 0.762934 0.229388
-23.4225 -8.52998 0.762934 0.229388
-23.3599 -8.59058 0.767661 0.0622248
-23.3599 -8.59058 0.767661 0.0622248
-23.4158 -8.87948 0.763396 0.0290031
-23.4457 -8.47492 0.759028 0.178652
-23.3599 -8.59058 0.767661 0.0622248
-23.2729 -8.72222 0.757969 0.0237725
-23.3462 -8.47265 0.765042 0.0379938
-23.4225 -8.52998 0.762934 0.229388
-23.4311 -8.70503 0.758919 0.094086
-23.4457 -8.47492 0.759028 0.178652
-23.4225 -8.52998 0.762934 0.229388
-23.3599 -8.59058 0.767661 0.0622248
-23.4311 -8.70503 0.758919 0.094086
