0.0814052 -95.6744 3.17111 0.128654
0.0814052 -95.6744 3.17111 0.128654
0.226516 -95.5742 3.1734 0.0969774
0.226516 -95.5742 3.1734 0.0969774
0.307373 -95.592 3.17027 0.0551585
0.21197 -95.8245 3.1761 0.0552379
-0.09251 -95.6819 3.17431 0.0220412
0.298957 -96.0026 3.16413 0.00343556
0.0814052 -95.6744 3.17111 0.128654
0.0814052 -95.6744 3.17111 0.128654
0.0814052 -95.6744 3.17111 0.128654
0.0424193 -95.8774 3.17575 0.0214229
0.226516 -95.5742 3.1734 0.0969774
0.202621 -95.8145 3.16877 0.084101
0.307373 -95.592 3.17027 0.0551585
0.208425 -95.7094 3.17493 0.110854
-0.09251 -95.6819 3.17431 0.0220412
-0.09251 -95.6819 3.17431 0.0220412
0.10364 -95.6431 3.16847 0.111721
-0.310542 -95.6851 3.16036 0.00182927
0.276722 -95.8638 3.17497 0.0429816
0.202621 -95.8145 3.16877 0.084101
0.21197 -95.8245 3.1761 0.0552379
0.220041 -95.6505 3.17979 0.0428283
0.0411768 -96.0889 3.16631 0.00473209
0.0814052 -95.6744 3.17111 0.128654
0.226516 -95.5742 3.1734 0.0969774
0.307373 -95.592 3.17027 0.0551585
0.21197 -95.8245 3.1761 0.0552379
0.21197 -95.8245 3.1761 0.0552379
0.480577 -95.6456 3.1698 0.0080256
0.208425 -95.7094 3.17493 0.110854
0.10364 -95.6431 3.16847 0.111721
0.10364 -95.6431 3.16847 0.111721
0.10364 -95.6431 3.16847 0.111721
0.10364 -95.6431 3.16847 0.111721
0.0814052 -95.6744 3.17111 0.128654
0.226516 -95.5742 3.1734 0.0969774
0.276722 -95.8638 3.17497 0.0429816
0.276722 -95.8638 3.17497 0.0429816
0.202621 -95.8145 3.16877 0.084101
0.208425 -95.7094 3.17493 0.110854
0.208425 -95.7094 3.17493 0.110854
0.10364 -95.6431 3.16847 0.111721
0.0814052 -95.6744 3.17111 0.128654
0.244809 -95.6492 3.1675 0.0626021
0.226516 -95.5742 3.1734 0.0969774
0.202621 -95.8145 3.16877 0.084101
0.21197 -95.8245 3.1761 0.0552379
0.21197 -95.8245 3.1761 0.0552379
0.208425 -95.7094 3.17493 0.110854
0.220041 -95.6505 3.17979 0.0428283
-0.0147898 -95.896 3.16247 0.0227889
0.0814052 -95.6744 3.17111 0.128654
0.226516 -95.5742 3.1734 0.0969774
0.21197 -95.8245 3.1761 0.0552379
0.208425 -95.7094 3.17493 0.110854
0.208425 -95.7094 3.17493 0.110854
0.10364 -95.6431 3.16847 0.111721
0.0814052 -95.6744 3.17111 0.128654
0.0814052 -95.6744 3.17111 0.128654
0.244809 -95.6492 3.1675 0.0626021
0.226516 -95.5742 3.1734 0.0969774
0.202621 -95.8145 3.16877 0.084101
0.21197 -95.8245 3.1761 0.0552379
0.208425 -95.7094 3.17493 0.110854
0.10364 -95.6431 3.16847 0.111721
0.0814052 -95.6744 3.17111 0.128654
0.226516 -95.5742 3.1734 0.0969774
0.202621 -95.8145 3.16877 0.084101
0.307373 -95.592 3.17027 0.0551585
0.208425 -95.7094 3.17493 0.110854
0.193198 -95.4551 3.17422 0.042103
0.193198 -95.4551 3.17422 0.042103
0.10364 -95.6431 3.16847 0.111721
0.268541 -95.6747 3.16159 0.00679616
0.244809 -95.6492 3.1675 0.0626021
-0.0464351 -95.7383 3.16338 0.0415321
0.226516 -95.5742 3.1734 0.0969774
0.202621 -95.8145 3.16877 0.084101
0.21197 -95.8245 3.1761 0.0552379
0.172494 -95.8205 3.15711 0.00191454
0.10364 -95.6431 3.16847 0.111721
-0.0277914 -95.7756 3.15493 0.00165518
0.0424193 -95.8774 3.17575 0.0214229
0.226516 -95.5742 3.1734 0.0969774
0.307373 -95.592 3.17027 0.0551585
0.208425 -95.7094 3.17493 0.110854
0.10364 -95.6431 3.16847 0.111721
0.10364 -95.6431 3.16847 0.111721
0.0814052 -95.6744 3.17111 0.128654
0.244809 -95.6492 3.1675 0.0626021
0.226516 -95.5742 3.1734 0.0969774
0.276722 -95.8638 3.17497 0.0429816
0.21197 -95.8245 3.1761 0.0552379
0.220041 -95.6505 3.17979 0.0428283
0.220041 -95.6505 3.17979 0.0428283
-0.0147898 -95.896 3.16247 0.0227889
0.0814052 -95.6744 3.17111 0.128654
0.244809 -95.6492 3.1675 0.0626021
