152.954 -14.462 3.32569 0.181587
152.9 -14.4462 3.32289 0.0663672
152.821 -14.4083 3.32815 0.126718
153.104 -14.3488 3.33304 0.0580717
152.954 -14.462 3.32569 0.181587
152.9 -14.4462 3.32289 0.0663672
152.821 -14.4083 3.32815 0.126718
152.821 -14.4083 3.32815 0.126718
152.886 -14.3365 3.32399 0.0702536
153.016 -14.4359 3.32324 0.025542
152.9 -14.4462 3.32289 0.0663672
152.821 -14.4083 3.32815 0.126718
153.072 -14.7556 3.33117 0.0294599
152.886 -14.3365 3.32399 0.0702536
152.828 -14.3467 3.33055 0.0315374
152.938 -14.3926 3.32773 0.215313
152.886 -14.3365 3.32399 0.0702536
153.01 -14.2561 3.33334 0.00867613
152.954 -14.462 3.32569 0.181587
152.938 -14.3926 3.32773 0.215313
152.995 -14.3844 3.32451 0.061531
152.995 -14.3844 3.32451 0.061531
152.9 -14.4462 3.32289 0.0663672
152.912 -14.8117 3.32297 0.000373353
152.886 -14.3365 3.32399 0.0702536
153.302 -14.3335 3.33379 0.00615128
152.954 -14.462 3.32569 0.181587
152.821 -14.4083 3.32815 0.126718
152.821 -14.4083 3.32815 0.126718
152.886 -14.3365 3.32399 0.0702536
152.864 -14.3507 3.33182 0.0271364
152.9 -14.4462 3.32289 0.0663672
152.821 -14.4083 3.32815 0.126718
152.995 -14.3844 3.32451 0.061531
153.104 -14.3488 3.33304 0.0580717
152.9 -14.4462 3.32289 0.0663672
152.938 -14.3926 3.32773 0.215313
152.886 -14.3365 3.32399 0.0702536
152.954 -14.462 3.32569 0.181587
152.938 -14.3926 3.32773 0.215313
153.104 -14.3488 3.33304 0.0580717
152.954 -14.462 3.32569 0.181587
152.954 -14.462 3.32569 0.181587
152.938 -14.3926 3.32773 0.215313
152.821 -14.4083 3.32815 0.126718
152.821 -14.4083 3.32815 0.126718
152.995 -14.3844 3.32451 0.061531
153.016 -14.4359 3.32324 0.025542
152.954 -14.462 3.32569 0.181587
152.938 -14.3926 3.32773 0.215313
152.886 -14.3365 3.32399 0.0702536
152.995 -14.3844 3.32451 0.061531
153.104 -14.3488 3.33304 0.0580717
152.954 -14.462 3.32569 0.181587
152.938 -14.3926 3.32773 0.215313
152.938 -14.3926 3.32773 0.215313
152.821 -14.4083 3.32815 0.126718
152.486 -14.385 3.3235 0.000743351
153.104 -14.3488 3.33304 0.0580717
153.016 -14.4359 3.32324 0.025542
152.9 -14.4462 3.32289 0.0663672
152.9 -14.4462 3.32289 0.0663672
152.821 -14.4083 3.32815 0.126718
153.01 -14.2561 3.33334 0.00867613
152.954 -14.462 3.32569 0.181587
152.938 -14.3926 3.32773 0.215313
152.886 -14.3365 3.32399 0.0702536
153.016 -14.4359 3.32324 0.025542
152.954 -14.462 3.32569 0.181587
152.954 -14.462 3.32569 0.181587
152.938 -14.3926 3.32773 0.215313
152.938 -14.3926 3.32773 0.215313
152.538 -14.5132 3.32365 0.00276384
153.104 -14.3488 3.33304 0.0580717
152.938 -14.3926 3.32773 0.215313
152.821 -14.4083 3.32815 0.126718
153.072 -14.7556 3.33117 0.0294599
152.995 -14.3844 3.32451 0.061531
152.995 -14.3844 3.32451 0.061531
152.954 -14.462 3.32569 0.181587
152.938 -14.3926 3.32773 0.215313
152.943 -14.1963 3.32769 0.011395
153.333 -14.6381 3.34096 0.00357467
152.9 -14.4462 3.32289 0.0663672
152.9 -14.4462 3.32289 0.0663672
152.938 -14.3926 3.32773 0.215313
152.882 -14.2997 3.32261 0.0278331
152.954 -14.462 3.32569 0.181587
152.938 -14.3926 3.32773 0.215313
152.821 -14.4083 3.32815 0.126718
152.828 -14.3467 3.33055 0.0315374
152.954 -14.462 3.32569 0.181587
152.938 -14.3926 3.32773 0.215313
152.938 -14.3926 3.32773 0.215313
152.886 -14.3365 3.32399 0.0702536
153.104 -14.3488 3.33304 0.0580717
152.954 -14.462 3.32569 0.181587
152.938 -14.3926 3.32773 0.215313
152.486 -14.385 3.3235 0.000743351
153.072 -14.7556 3.33117 0.0294599
