267.732 26.0808 5.86723 0.325921
267.684 26.0643 5.86077 0.0501251
267.578 26.0561 5.87122 0.122158
267.732 26.0808 5.86723 0.325921
267.901 25.8425 5.86153 0.0156576
267.612 26.0791 5.87398 0.137564
267.732 26.0808 5.86723 0.325921
267.849 25.9052 5.86051 0.0418825
267.732 26.0808 5.86723 0.325921
267.578 26.0561 5.87122 0.122158
267.732 26.0808 5.86723 0.325921
267.732 26.0808 5.86723 0.325921
267.578 26.0561 5.87122 0.122158
267.732 26.0808 5.86723 0.325921
267.996 26.0698 5.86362 0.035052
267.612 26.0791 5.87398 0.137564
267.423 26.348 5.8774 0.000106629
267.732 26.0808 5.86723 0.325921
267.578 26.0561 5.87122 0.122158
267.732 26.0808 5.86723 0.325921
267.732 26.0808 5.86723 0.325921
267.732 26.0808 5.86723 0.325921
267.849 25.9052 5.86051 0.0418825
267.732 26.0808 5.86723 0.325921
267.732 26.0808 5.86723 0.325921
267.732 26.0808 5.86723 0.325921
267.577 26.1255 5.86687 0.0570328
267.732 26.0808 5.86723 0.325921
267.996 26.0698 5.86362 0.035052
267.885 26.1345 5.86981 0.0951621
267.577 26.1255 5.86687 0.0570328
267.732 26.0808 5.86723 0.325921
267.578 26.0561 5.87122 0.122158
267.732 26.0808 5.86723 0.325921
267.578 26.0561 5.87122 0.122158
267.885 26.1345 5.86981 0.0951621
267.732 26.0808 5.86723 0.325921
267.577 26.1255 5.86687 0.0570328
267.732 26.0808 5.86723 0.325921
267.664 26.0799 5.85645 0.0037163
267.857 26.1957 5.86296 0.0632655
267.612 26.0791 5.87398 0.137564
267.732 26.0808 5.86723 0.325921
267.68 26.2668 5.87821 0.00714534
267.996 26.0698 5.86362 0.035052
267.849 25.9052 5.86051 0.0418825
267.732 26.0808 5.86723 0.325921
267.578 26.0561 5.87122 0.122158
267.732 26.0808 5.86723 0.325921
267.732 26.0808 5.86723 0.325921
267.612 26.0791 5.87398 0.137564
267.732 26.0808 5.86723 0.325921
267.732 26.0808 5.86723 0.325921
267.684 26.0643 5.86077 0.0501251
267.612 26.0791 5.87398 0.137564
267.612 26.0791 5.87398 0.137564
267.684 26.0643 5.86077 0.0501251
267.885 26.1345 5.86981 0.0951621
267.732 26.0808 5.86723 0.325921
267.684 26.0643 5.86077 0.0501251
267.857 26.1957 5.86296 0.0632655
267.885 26.1345 5.86981 0.0951621
267.885 26.1345 5.86981 0.0951621
267.732 26.0808 5.86723 0.325921
267.732 26.0808 5.86723 0.325921
267.732 26.0808 5.86723 0.325921
267.578 26.0561 5.87122 0.122158
267.578 26.0561 5.87122 0.122158
267.885 26.1345 5.86981 0.0951621
267.732 26.0808 5.86723 0.325921
267.684 26.0643 5.86077 0.0501251
267.732 26.0808 5.86723 0.325921
267.885 26.1345 5.86981 0.0951621
267.732 26.0808 5.86723 0.325921
267.578 26.0561 5.87122 0.122158
267.492 25.9489 5.87914 0.00730489
267.732 26.0808 5.86723 0.325921
267.732 26.0808 5.86723 0.325921
267.578 26.0561 5.87122 0.122158
267.732 26.0808 5.86723 0.325921
267.849 25.9052 5.86051 0.0418825
267.732 26.0808 5.86723 0.325921
267.901 25.8425 5.86153 0.0156576
267.557 26.2665 5.86805 0.00816297
267.732 26.0808 5.86723 0.325921
267.596 26.2647 5.88565 0.000146843
267.857 26.1957 5.86296 0.0632655
267.732 26.0808 5.86723 0.325921
267.732 26.0808 5.86723 0.325921
267.857 26.1957 5.86296 0.0632655
267.612 26.0791 5.87398 0.137564
267.732 26.0808 5.86723 0.325921
267.885 26.1345 5.86981 0.0951621
267.68 26.2668 5.87821 0.00714534
267.732 26.0808 5.86723 0.325921
267.857 26.1957 5.86296 0.0632655
267.849 25.9052 5.86051 0.0418825
267.612 26.0791 5.87398 0.137564
267.732 26.0808 5.86723 0.325921
267.472 25.9577 5.86467 0.00265213
