195.115 25.3075 0.0691496 0.0728256
195.004 25.216 0.078353 0.197853
195.199 25.3728 0.0762721 0.1273
194.769 25.2815 0.0759292 0.0186352
194.959 25.332 0.0723154 0.148493
195.004 25.216 0.078353 0.197853
194.925 25.458 0.0724761 0.0397808
195.199 25.3728 0.0762721 0.1273
195.093 25.3002 0.0711499 0.190224
194.775 25.1566 0.0763368 0.00703705
195.115 25.3075 0.0691496 0.0728256
195.004 25.216 0.078353 0.197853
194.859 25.2179 0.0751226 0.0634501
195.093 25.3002 0.0711499 0.190224
194.959 25.332 0.0723154 0.148493
194.959 25.332 0.0723154 0.148493
195.004 25.216 0.078353 0.197853
195.199 25.3728 0.0762721 0.1273
195.093 25.3002 0.0711499 0.190224
195.115 25.3075 0.0691496 0.0728256
195.061 25.0092 0.0720613 0.00532526
194.925 25.458 0.0724761 0.0397808
195.093 25.3002 0.0711499 0.190224
194.959 25.332 0.0723154 0.148493
195.004 25.216 0.078353 0.197853
195.199 25.3728 0.0762721 0.1273
195.093 25.3002 0.0711499 0.190224
195.115 25.3075 0.0691496 0.0728256
194.793 25.3451 0.0765442 0.0395321
194.859 25.2179 0.0751226 0.0634501
194.859 25.2179 0.0751226 0.0634501
194.859 25.2179 0.0751226 0.0634501
194.99 25.1645 0.0673378 0.00531477
195.199 25.3728 0.0762721 0.1273
194.934 25.439 0.0856565 0.00833208
195.004 25.216 0.078353 0.197853
194.859 25.2179 0.0751226 0.0634501
195.093 25.3002 0.0711499 0.190224
195.093 25.3002 0.0711499 0.190224
195.093 25.3002 0.0711499 0.190224
194.98 25.0675 0.0749897 0.0225691
195.004 25.216 0.078353 0.197853
194.859 25.2179 0.0751226 0.0634501
195.093 25.3002 0.0711499 0.190224
195.093 25.3002 0.0711499 0.190224
195.115 25.3075 0.0691496 0.0728256
194.925 25.458 0.0724761 0.0397808
195.199 25.3728 0.0762721 0.1273
195.093 25.3002 0.0711499 0.190224
194.959 25.332 0.0723154 0.148493
195.115 25.3075 0.0691496 0.0728256
195.004 25.216 0.078353 0.197853
194.859 25.2179 0.0751226 0.0634501
194.842 25.3846 0.086106 0.00525293
195.199 25.3728 0.0762721 0.1273
194.959 25.332 0.0723154 0.148493
195.115 25.3075 0.0691496 0.0728256
195.004 25.216 0.078353 0.197853
194.859 25.2179 0.0751226 0.0634501
195.199 25.3728 0.0762721 0.1273
195.093 25.3002 0.0711499 0.190224
195.115 25.3075 0.0691496 0.0728256
195.004 25.216 0.078353 0.197853
195.093 25.3002 0.0711499 0.190224
195.093 25.3002 0.0711499 0.190224
194.959 25.332 0.0723154 0.148493
195.004 25.216 0.078353 0.197853
195.199 25.3728 0.0762721 0.1273
195.199 25.3728 0.0762721 0.1273
195.093 25.3002 0.0711499 0.190224
194.948 25.4712 0.0683124 0.00254549
194.859 25.2179 0.0751226 0.0634501
194.859 25.2179 0.0751226 0.0634501
195.199 25.3728 0.0762721 0.1273
194.959 25.332 0.0723154 0.148493
195.115 25.3075 0.0691496 0.0728256
195.004 25.216 0.078353 0.197853
195.199 25.3728 0.0762721 0.1273
194.934 25.439 0.0856565 0.00833208
195.004 25.216 0.078353 0.197853
195.004 25.216 0.078353 0.197853
195.199 25.3728 0.0762721 0.1273
195.093 25.3002 0.0711499 0.190224
195.115 25.3075 0.0691496 0.0728256
195.004 25.216 0.078353 0.197853
195.004 25.216 0.078353 0.197853
194.925 25.458 0.0724761 0.0397808
195.093 25.3002 0.0711499 0.190224
195.093 25.3002 0.0711499 0.190224
194.793 25.3451 0.0765442 0.0395321
194.859 25.2179 0.0751226 0.0634501
195.199 25.3728 0.0762721 0.1273
194.959 25.332 0.0723154 0.148493
195.004 25.216 0.078353 0.197853
194.859 25.2179 0.0751226 0.0634501
194.859 25.2179 0.0751226 0.0634501
195.093 25.3002 0.0711499 0.190224
194.775 25.1566 0.0763368 0.00703705
194.895 25.1732 0.0682926 0.00260653
195.004 25.216 0.078353 0.197853
