-16.2586 -92.4102 2.78542 0.532758
-16.555 -92.4448 2.78616 0.00337667
-15.8811 -92.4014 2.78813 0.236742
-15.8811 -92.4014 2.78813 0.236742
-15.8811 -92.4014 2.78813 0.236742
-16.2586 -92.4102 2.78542 0.532758
-16.2586 -92.4102 2.78542 0.532758
-16.1228 -92.6134 2.78893 0.0274607
-16.2586 -92.4102 2.78542 0.532758
-16.2586 -92.4102 2.78542 0.532758
-15.8811 -92.4014 2.78813 0.236742
-15.8336 -92.4549 2.79318 0.0661185
-15.8811 -92.4014 2.78813 0.236742
-16.2378 -92.5347 2.79896 0.00053271
-16.2586 -92.4102 2.78542 0.532758
-15.8811 -92.4014 2.78813 0.236742
-16.0653 -92.3294 2.77309 0.00406633
-16.2586 -92.4102 2.78542 0.532758
-16.2586 -92.4102 2.78542 0.532758
-16.2586 -92.4102 2.78542 0.532758
-15.8811 -92.4014 2.78813 0.236742
-16.2586 -92.4102 2.78542 0.532758
-16.1228 -92.6134 2.78893 0.0274607
-16.2586 -92.4102 2.78542 0.532758
-15.8336 -92.4549 2.79318 0.0661185
-16.2586 -92.4102 2.78542 0.532758
-15.8811 -92.4014 2.78813 0.236742
-15.8811 -92.4014 2.78813 0.236742
-15.8811 -92.4014 2.78813 0.236742
-15.8336 -92.4549 2.79318 0.0661185
-16.2586 -92.4102 2.78542 0.532758
-15.8811 -92.4014 2.78813 0.236742
-16.2586 -92.4102 2.78542 0.532758
-16.2586 -92.4102 2.78542 0.532758
-16.555 -92.4448 2.78616 0.00337667
-16.2586 -92.4102 2.78542 0.532758
-16.2586 -92.4102 2.78542 0.532758
-16.2586 -92.4102 2.78542 0.532758
-15.8336 -92.4549 2.79318 0.0661185
-16.5012 -92.063 2.77383 0.0132017
-15.8811 -92.4014 2.78813 0.236742
-15.8811 -92.4014 2.78813 0.236742
-15.8336 -92.4549 2.79318 0.0661185
-16.2586 -92.4102 2.78542 0.532758
-16.2586 -92.4102 2.78542 0.532758
-16.2586 -92.4102 2.78542 0.532758
-16.2586 -92.4102 2.78542 0.532758
-16.2586 -92.4102 2.78542 0.532758
-16.2586 -92.4102 2.78542 0.532758
-16.2586 -92.4102 2.78542 0.532758
-15.8811 -92.4014 2.78813 0.236742
-15.8811 -92.4014 2.78813 0.236742
-15.8811 -92.4014 2.78813 0.236742
-16.2586 -92.4102 2.78542 0.532758
-16.2586 -92.4102 2.78542 0.532758
-16.2586 -92.4102 2.78542 0.532758
-15.8811 -92.4014 2.78813 0.236742
-15.9525 -92.1627 2.77781 0.0448491
-15.8336 -92.4549 2.79318 0.0661185
-16.2586 -92.4102 2.78542 0.532758
-15.9525 -92.1627 2.77781 0.0448491
-16.1969 -92.6296 2.77946 0.0040231
-16.2586 -92.4102 2.78542 0.532758
-15.9525 -92.1627 2.77781 0.0448491
-16.2586 -92.4102 2.78542 0.532758
-16.2761 -92.6799 2.77881 0.000792023
-16.2586 -92.4102 2.78542 0.532758
-16.2586 -92.4102 2.78542 0.532758
-16.2586 -92.4102 2.78542 0.532758
-16.2586 -92.4102 2.78542 0.532758
-16.2586 -92.4102 2.78542 0.532758
-16.2586 -92.4102 2.78542 0.532758
-15.8811 -92.4014 2.78813 0.236742
-16.4008 -92.483 2.79288 0.00359343
-16.2586 -92.4102 2.78542 0.532758
-16.2586 -92.4102 2.78542 0.532758
-16.1228 -92.6134 2.78893 0.0274607
-16.2586 -92.4102 2.78542 0.532758
-15.8811 -92.4014 2.78813 0.236742
-16.2586 -92.4102 2.78542 0.532758
-16.2586 -92.4102 2.78542 0.532758
-15.8811 -92.4014 2.78813 0.236742
-16.2586 -92.4102 2.78542 0.532758
-15.8811 -92.4014 2.78813 0.236742
-15.8811 -92.4014 2.78813 0.236742
-15.8811 -92.4014 2.78813 0.236742
-16.2586 -92.4102 2.78542 0.532758
-15.8336 -92.4549 2.79318 0.0661185
-16.2586 -92.4102 2.78542 0.532758
-15.8811 -92.4014 2.78813 0.236742
-16.2586 -92.4102 2.78542 0.532758
-16.2586 -92.4102 2.78542 0.532758
-16.2586 -92.4102 2.78542 0.532758
-16.2586 -92.4102 2.78542 0.532758
-15.8811 -92.4014 2.78813 0.236742
-16.2586 -92.4102 2.78542 0.532758
-16.2586 -92.4102 2.78542 0.532758
-16.2586 -92.4102 2.78542 0.532758
-15.8811 -92.4014 2.78813 0.236742
-16.2586 -92.4102 2.78542 0.532758
