112.486 18.4282 0.0751736 0.0544354
112.486 18.4282 0.0751736 0.0544354
112.202 18.2562 0.0637636 0.0161592
112.36 18.3021 0.0750459 0.170057
112.36 18.3021 0.0750459 0.170057
112.39 18.1112 0.0654878 0.0351054
112.304 18.3982 0.0782082 0.0418677
112.348 18.5938 0.0694341 0.0368931
112.486 18.4282 0.0751736 0.0544354
112.555 18.1448 0.0664488 0.0458018
112.36 18.3021 0.0750459 0.170057
112.304 18.3982 0.0782082 0.0418677
112.348 18.5938 0.0694341 0.0368931
112.555 18.1448 0.0664488 0.0458018
111.91 18.4357 0.0703541 0.000334685
112.36 18.3021 0.0750459 0.170057
112.36 18.3021 0.0750459 0.170057
112.445 18.1712 0.0635892 0.0417618
112.263 18.4802 0.0665648 0.0665954
112.486 18.4282 0.0751736 0.0544354
112.69 18.2103 0.0683419 0.02029
112.36 18.3021 0.0750459 0.170057
112.267 18.2115 0.0687861 0.114525
112.304 18.3982 0.0782082 0.0418677
112.263 18.4802 0.0665648 0.0665954
112.202 18.2562 0.0637636 0.0161592
112.36 18.3021 0.0750459 0.170057
112.445 18.1712 0.0635892 0.0417618
112.283 18.4197 0.0759442 0.0738043
112.283 18.4197 0.0759442 0.0738043
112.555 18.1448 0.0664488 0.0458018
112.36 18.3021 0.0750459 0.170057
112.277 18.0244 0.0684334 0.0124519
112.283 18.4197 0.0759442 0.0738043
112.379 18.6757 0.070077 0.00888456
112.267 18.2115 0.0687861 0.114525
112.212 18.4323 0.076831 0.0363975
112.283 18.4197 0.0759442 0.0738043
112.486 18.4282 0.0751736 0.0544354
112.115 18.1912 0.0797686 0.0129765
112.36 18.3021 0.0750459 0.170057
112.445 18.1712 0.0635892 0.0417618
112.212 18.4323 0.076831 0.0363975
112.256 18.5667 0.0788057 0.00368265
112.555 18.1448 0.0664488 0.0458018
112.184 18.4218 0.0662341 0.0355811
112.36 18.3021 0.0750459 0.170057
112.267 18.2115 0.0687861 0.114525
112.421 18.1849 0.0806764 0.0150848
112.304 18.3982 0.0782082 0.0418677
112.283 18.4197 0.0759442 0.0738043
112.308 18.0804 0.0652378 0.0138706
112.492 18.652 0.0654405 0.0145302
112.267 18.2115 0.0687861 0.114525
112.212 18.4323 0.076831 0.0363975
112.555 18.1448 0.0664488 0.0458018
112.103 18.253 0.0696287 0.0230759
112.115 18.1912 0.0797686 0.0129765
112.267 18.2115 0.0687861 0.114525
112.445 18.1712 0.0635892 0.0417618
112.283 18.4197 0.0759442 0.0738043
112.084 18.2839 0.0854772 0.000695903
112.308 18.0804 0.0652378 0.0138706
112.36 18.3021 0.0750459 0.170057
112.36 18.3021 0.0750459 0.170057
112.445 18.1712 0.0635892 0.0417618
112.283 18.4197 0.0759442 0.0738043
112.555 18.1448 0.0664488 0.0458018
112.36 18.3021 0.0750459 0.170057
112.445 18.1712 0.0635892 0.0417618
112.304 18.3982 0.0782082 0.0418677
112.486 18.4282 0.0751736 0.0544354
112.555 18.1448 0.0664488 0.0458018
112.36 18.3021 0.0750459 0.170057
112.267 18.2115 0.0687861 0.114525
112.283 18.4197 0.0759442 0.0738043
112.555 18.1448 0.0664488 0.0458018
112.555 18.1448 0.0664488 0.0458018
112.36 18.3021 0.0750459 0.170057
112.267 18.2115 0.0687861 0.114525
112.212 18.4323 0.076831 0.0363975
112.263 18.4802 0.0665648 0.0665954
112.486 18.4282 0.0751736 0.0544354
112.492 18.652 0.0654405 0.0145302
112.36 18.3021 0.0750459 0.170057
112.267 18.2115 0.0687861 0.114525
112.267 18.2115 0.0687861 0.114525
112.304 18.3982 0.0782082 0.0418677
112.212 18.4323 0.076831 0.0363975
112.486 18.4282 0.0751736 0.0544354
112.379 18.6757 0.070077 0.00888456
112.36 18.3021 0.0750459 0.170057
112.267 18.2115 0.0687861 0.114525
112.421 18.1849 0.0806764 0.0150848
112.212 18.4323 0.076831 0.0363975
112.486 18.4282 0.0751736 0.0544354
112.555 18.1448 0.0664488 0.0458018
112.36 18.3021 0.0750459 0.170057
112.267 18.2115 0.0687861 0.114525
112.277 18.0244 0.0684334 0.0124519
