74.2752 -40.907 3.75834 0.137917
74.2752 -40.907 3.75834 0.137917
74.2707 -40.9573 3.75054 0.166134
74.3959 -40.8833 3.75831 0.1521
74.3959 -40.8833 3.75831 0.1521
74.2752 -40.907 3.75834 0.137917
74.3361 -40.7477 3.75715 0.109884
74.2707 -40.9573 3.75054 0.166134
74.2669 -40.8119 3.75498 0.155972
74.3959 -40.8833 3.75831 0.1521
74.4218 -41.094 3.75536 0.0474186
74.2899 -40.9385 3.74582 0.00691365
74.3361 -40.7477 3.75715 0.109884
74.3361 -40.7477 3.75715 0.109884
74.2707 -40.9573 3.75054 0.166134
74.2669 -40.8119 3.75498 0.155972
74.3242 -40.7635 3.75904 0.108149
74.3959 -40.8833 3.75831 0.1521
74.1696 -40.943 3.7581 0.0367675
74.2707 -40.9573 3.75054 0.166134
74.2669 -40.8119 3.75498 0.155972
74.2669 -40.8119 3.75498 0.155972
74.3242 -40.7635 3.75904 0.108149
74.3242 -40.7635 3.75904 0.108149
74.3959 -40.8833 3.75831 0.1521
74.4218 -41.094 3.75536 0.0474186
74.2752 -40.907 3.75834 0.137917
74.3361 -40.7477 3.75715 0.109884
74.2707 -40.9573 3.75054 0.166134
74.2669 -40.8119 3.75498 0.155972
74.3959 -40.8833 3.75831 0.1521
74.4218 -41.094 3.75536 0.0474186
74.1696 -40.943 3.7581 0.0367675
74.2752 -40.907 3.75834 0.137917
74.3361 -40.7477 3.75715 0.109884
74.2669 -40.8119 3.75498 0.155972
74.2669 -40.8119 3.75498 0.155972
74.2669 -40.8119 3.75498 0.155972
74.3242 -40.7635 3.75904 0.108149
74.3242 -40.7635 3.75904 0.108149
74.3242 -40.7635 3.75904 0.108149
74.3242 -40.7635 3.75904 0.108149
74.3959 -40.8833 3.75831 0.1521
74.3959 -40.8833 3.75831 0.1521
74.4218 -41.094 3.75536 0.0474186
74.1696 -40.943 3.7581 0.0367675
74.2752 -40.907 3.75834 0.137917
74.2752 -40.907 3.75834 0.137917
74.3361 -40.7477 3.75715 0.109884
74.2707 -40.9573 3.75054 0.166134
74.3242 -40.7635 3.75904 0.108149
74.3242 -40.7635 3.75904 0.108149
74.3242 -40.7635 3.75904 0.108149
74.3242 -40.7635 3.75904 0.108149
74.4863 -41.1627 3.75382 0.0107907
74.3361 -40.7477 3.75715 0.109884
74.189 -41.1605 3.75037 0.0265341
74.189 -41.1605 3.75037 0.0265341
74.2669 -40.8119 3.75498 0.155972
74.3242 -40.7635 3.75904 0.108149
74.3959 -40.8833 3.75831 0.1521
74.3959 -40.8833 3.75831 0.1521
74.561 -40.9954 3.75572 0.0174379
74.2752 -40.907 3.75834 0.137917
74.2752 -40.907 3.75834 0.137917
74.3361 -40.7477 3.75715 0.109884
74.189 -41.1605 3.75037 0.0265341
74.2707 -40.9573 3.75054 0.166134
74.2669 -40.8119 3.75498 0.155972
74.3959 -40.8833 3.75831 0.1521
74.3959 -40.8833 3.75831 0.1521
74.3959 -40.8833 3.75831 0.1521
74.4218 -41.094 3.75536 0.0474186
74.0326 -40.9229 3.75244 0.00319612
74.3361 -40.7477 3.75715 0.109884
74.3361 -40.7477 3.75715 0.109884
74.2707 -40.9573 3.75054 0.166134
74.2707 -40.9573 3.75054 0.166134
74.2669 -40.8119 3.75498 0.155972
74.2669 -40.8119 3.75498 0.155972
74.3242 -40.7635 3.75904 0.108149
74.3959 -40.8833 3.75831 0.1521
74.2752 -40.907 3.75834 0.137917
74.3361 -40.7477 3.75715 0.109884
74.2707 -40.9573 3.75054 0.166134
74.0934 -40.9026 3.74907 0.00329162
74.3959 -40.8833 3.75831 0.1521
74.3959 -40.8833 3.75831 0.1521
74.6521 -41.1447 3.74622 0.000191478
74.2752 -40.907 3.75834 0.137917
74.2707 -40.9573 3.75054 0.166134
74.2669 -40.8119 3.75498 0.155972
74.2669 -40.8119 3.75498 0.155972
74.3959 -40.8833 3.75831 0.1521
74.3959 -40.8833 3.75831 0.1521
74.2899 -40.9385 3.74582 0.00691365
74.2752 -40.907 3.75834 0.137917
74.2752 -40.907 3.75834 0.137917
74.2752 -40.907 3.75834 0.137917
74.2752 -40.907 3.75834 0.137917
