-38.2652 -70.2768 1.91352 0.0285166
-37.7431 -69.9899 1.91362 0.0239146
-37.96 -70.0961 1.91105 0.202298
-37.96 -70.0961 1.91105 0.202298
-37.96 -70.0961 1.91105 0.202298
-37.665 -70.2583 1.92198 0.0141011
-38.0446 -69.9105 1.9054 0.0279692
-38.2521 -70.134 1.91299 0.0671385
-37.96 -70.0961 1.91105 0.202298
-38.0945 -69.9154 1.90747 0.0622857
-37.8611 -69.9831 1.91118 0.0668986
-38.1456 -70.019 1.90761 0.102238
-38.1684 -70.0548 1.91677 0.0578468
-37.96 -70.0961 1.91105 0.202298
-37.96 -70.0961 1.91105 0.202298
-38.1456 -70.019 1.90761 0.102238
-38.2521 -70.134 1.91299 0.0671385
-37.96 -70.0961 1.91105 0.202298
-37.96 -70.0961 1.91105 0.202298
-38.0945 -69.9154 1.90747 0.0622857
-38.1456 -70.019 1.90761 0.102238
-37.7431 -69.9899 1.91362 0.0239146
-38.2464 -70.121 1.91307 0.0716895
-38.0945 -69.9154 1.90747 0.0622857
-38.1456 -70.019 1.90761 0.102238
-38.2521 -70.134 1.91299 0.0671385
-37.96 -70.0961 1.91105 0.202298
-37.96 -70.0961 1.91105 0.202298
-38.1456 -70.019 1.90761 0.102238
-37.9335 -70.1086 1.921 0.064226
-38.2464 -70.121 1.91307 0.0716895
-38.0945 -69.9154 1.90747 0.0622857
-38.1456 -70.019 1.90761 0.102238
-38.2652 -70.2768 1.91352 0.0285166
-38.1684 -70.0548 1.91677 0.0578468
-37.96 -70.0961 1.91105 0.202298
-38.0945 -69.9154 1.90747 0.0622857
-38.0446 -69.9105 1.9054 0.0279692
-38.159 -69.9077 1.91197 0.0573068
-37.96 -70.0961 1.91105 0.202298
-37.8611 -69.9831 1.91118 0.0668986
-38.1456 -70.019 1.90761 0.102238
-38.2652 -70.2768 1.91352 0.0285166
-38.159 -69.9077 1.91197 0.0573068
-37.96 -70.0961 1.91105 0.202298
-37.7331 -70.133 1.91633 0.0521816
-37.7331 -70.133 1.91633 0.0521816
-38.1456 -70.019 1.90761 0.102238
-37.9335 -70.1086 1.921 0.064226
-38.159 -69.9077 1.91197 0.0573068
-37.898 -69.7023 1.91142 0.00163553
-38.0945 -69.9154 1.90747 0.0622857
-37.9974 -69.8466 1.9197 0.00357011
-38.0036 -69.981 1.904 0.0150724
-38.2521 -70.134 1.91299 0.0671385
-38.2464 -70.121 1.91307 0.0716895
-38.159 -69.9077 1.91197 0.0573068
-37.96 -70.0961 1.91105 0.202298
-38.0945 -69.9154 1.90747 0.0622857
-37.8611 -69.9831 1.91118 0.0668986
-38.1456 -70.019 1.90761 0.102238
-37.9335 -70.1086 1.921 0.064226
-38.159 -69.9077 1.91197 0.0573068
-38.159 -69.9077 1.91197 0.0573068
-37.96 -70.0961 1.91105 0.202298
-38.0945 -69.9154 1.90747 0.0622857
-38.1456 -70.019 1.90761 0.102238
-38.2521 -70.134 1.91299 0.0671385
-38.159 -69.9077 1.91197 0.0573068
-37.96 -70.0961 1.91105 0.202298
-37.96 -70.0961 1.91105 0.202298
-38.0945 -69.9154 1.90747 0.0622857
-37.8611 -69.9831 1.91118 0.0668986
-38.1684 -70.0548 1.91677 0.0578468
-37.96 -70.0961 1.91105 0.202298
-37.96 -70.0961 1.91105 0.202298
-38.1456 -70.019 1.90761 0.102238
-38.1456 -70.019 1.90761 0.102238
-38.2652 -70.2768 1.91352 0.0285166
-38.2464 -70.121 1.91307 0.0716895
-37.7331 -70.133 1.91633 0.0521816
-37.8711 -70.337 1.92477 0.0144679
-38.1684 -70.0548 1.91677 0.0578468
-38.2464 -70.121 1.91307 0.0716895
-37.7331 -70.133 1.91633 0.0521816
-38.1456 -70.019 1.90761 0.102238
-38.1684 -70.0548 1.91677 0.0578468
-37.9335 -70.1086 1.921 0.064226
-37.9335 -70.1086 1.921 0.064226
-37.96 -70.0961 1.91105 0.202298
-38.3304 -69.9163 1.90954 0.0130782
-37.7431 -69.9899 1.91362 0.0239146
-37.96 -70.0961 1.91105 0.202298
-37.8611 -69.9831 1.91118 0.0668986
-38.1456 -70.019 1.90761 0.102238
-37.9335 -70.1086 1.921 0.064226
-37.96 -70.0961 1.91105 0.202298
-38.0945 -69.9154 1.90747 0.0622857
-37.8611 -69.9831 1.91118 0.0668986
-38.2521 -70.134 1.91299 0.0671385
