64.7828 14.3411 0.11338 0.079845
65.309 14.7915 0.0984099 0.00043602
64.9842 14.8063 0.107528 0.259738
64.9842 14.8063 0.107528 0.259738
64.9645 15.0139 0.100833 0.0118602
64.8371 15.1053 0.108937 0.015802
64.7263 14.9418 0.122267 0.0325672
64.9842 14.8063 0.107528 0.259738
64.8475 14.8919 0.117613 0.201763
64.4378 14.8978 0.114649 0.0107932
64.9842 14.8063 0.107528 0.259738
64.5398 14.9963 0.105603 0.00617098
64.8475 14.8919 0.117613 0.201763
64.9842 14.8063 0.107528 0.259738
64.8475 14.8919 0.117613 0.201763
64.7828 14.3411 0.11338 0.079845
64.5398 14.9963 0.105603 0.00617098
64.7099 14.8218 0.100122 0.024304
65.1735 14.9403 0.0998568 0.00309044
64.9842 14.8063 0.107528 0.259738
64.8475 14.8919 0.117613 0.201763
64.9842 14.8063 0.107528 0.259738
64.8475 14.8919 0.117613 0.201763
65.1522 14.7949 0.12345 0.00660426
64.9842 14.8063 0.107528 0.259738
64.7102 14.8454 0.103369 0.0735695
64.6482 15.0359 0.11247 0.0248585
64.7828 14.3411 0.11338 0.079845
64.8724 14.9773 0.106735 0.0855728
64.8475 14.8919 0.117613 0.201763
64.7828 14.3411 0.11338 0.079845
64.9842 14.8063 0.107528 0.259738
64.9842 14.8063 0.107528 0.259738
64.8475 14.8919 0.117613 0.201763
64.9842 14.8063 0.107528 0.259738
64.8475 14.8919 0.117613 0.201763
64.8475 14.8919 0.117613 0.201763
64.8475 14.8919 0.117613 0.201763
64.9861 14.8291 0.101829 0.0621914
64.9842 14.8063 0.107528 0.259738
64.7099 14.8218 0.100122 0.024304
64.6482 15.0359 0.11247 0.0248585
64.7263 14.9418 0.122267 0.0325672
64.7828 14.3411 0.11338 0.079845
64.8724 14.9773 0.106735 0.0855728
64.8475 14.8919 0.117613 0.201763
64.9842 14.8063 0.107528 0.259738
64.9842 14.8063 0.107528 0.259738
64.8475 14.8919 0.117613 0.201763
64.6512 14.8187 0.102836 0.0425232
64.9842 14.8063 0.107528 0.259738
64.7102 14.8454 0.103369 0.0735695
64.8475 14.8919 0.117613 0.201763
64.5851 14.5623 0.10141 0.00634513
64.8724 14.9773 0.106735 0.0855728
64.7828 14.3411 0.11338 0.079845
64.9842 14.8063 0.107528 0.259738
64.8724 14.9773 0.106735 0.0855728
64.7263 14.9418 0.122267 0.0325672
64.9842 14.8063 0.107528 0.259738
64.8475 14.8919 0.117613 0.201763
64.8371 15.1053 0.108937 0.015802
64.7828 14.3411 0.11338 0.079845
64.7102 14.8454 0.103369 0.0735695
64.8475 14.8919 0.117613 0.201763
64.9842 14.8063 0.107528 0.259738
64.9842 14.8063 0.107528 0.259738
64.9842 14.8063 0.107528 0.259738
64.7102 14.8454 0.103369 0.0735695
64.8475 14.8919 0.117613 0.201763
64.9861 14.8291 0.101829 0.0621914
64.9842 14.8063 0.107528 0.259738
64.9842 14.8063 0.107528 0.259738
64.7102 14.8454 0.103369 0.0735695
64.7263 14.9418 0.122267 0.0325672
64.9842 14.8063 0.107528 0.259738
64.9842 14.8063 0.107528 0.259738
64.8475 14.8919 0.117613 0.201763
64.9861 14.8291 0.101829 0.0621914
64.9842 14.8063 0.107528 0.259738
64.8724 14.9773 0.106735 0.0855728
64.8475 14.8919 0.117613 0.201763
64.8475 14.8919 0.117613 0.201763
64.9842 14.8063 0.107528 0.259738
64.8475 14.8919 0.117613 0.201763
64.8475 14.8919 0.117613 0.201763
64.6512 14.8187 0.102836 0.0425232
64.9861 14.8291 0.101829 0.0621914
64.9842 14.8063 0.107528 0.259738
64.8475 14.8919 0.117613 0.201763
64.6512 14.8187 0.102836 0.0425232
64.7828 14.3411 0.11338 0.079845
64.9842 14.8063 0.107528 0.259738
64.8475 14.8919 0.117613 0.201763
65.0596 14.7611 0.0953134 0.00275718
64.7263 14.9418 0.122267 0.0325672
64.9861 14.8291 0.101829 0.0621914
64.9842 14.8063 0.107528 0.259738
64.8475 14.8919 0.117613 0.201763
64.9861 14.8291 0.101829 0.0621914
