222.054 -12.0812 2.92962 0.0439166
221.85 -11.9599 2.92784 0.321073
221.933 -12.054 2.9236 0.00316668
221.88 -12.3117 2.93264 0.00663624
221.85 -11.9599 2.92784 0.321073
221.626 -11.9854 2.92691 0.113854
221.898 -12.2059 2.93222 0.0761639
221.85 -11.9599 2.92784 0.321073
221.956 -11.8459 2.93654 0.153596
221.85 -11.9599 2.92784 0.321073
221.996 -11.974 2.94026 0.0197038
221.956 -11.8459 2.93654 0.153596
221.727 -12.2492 2.92879 0.0192082
221.668 -11.9016 2.93291 0.120151
221.956 -11.8459 2.93654 0.153596
221.956 -11.8459 2.93654 0.153596
221.996 -11.974 2.94026 0.0197038
221.626 -11.9854 2.92691 0.113854
221.668 -11.9016 2.93291 0.120151
221.85 -11.9599 2.92784 0.321073
221.668 -11.9016 2.93291 0.120151
221.85 -11.9599 2.92784 0.321073
221.943 -11.8343 2.92782 0.070016
221.85 -11.9599 2.92784 0.321073
221.85 -11.9599 2.92784 0.321073
221.626 -11.9854 2.92691 0.113854
221.668 -11.9016 2.93291 0.120151
221.898 -12.2059 2.93222 0.0761639
222.054 -12.0812 2.92962 0.0439166
221.85 -11.9599 2.92784 0.321073
221.85 -11.9599 2.92784 0.321073
221.668 -11.9016 2.93291 0.120151
222.009 -11.7814 2.94109 0.00315652
222.054 -12.0812 2.92962 0.0439166
221.85 -11.9599 2.92784 0.321073
221.668 -11.9016 2.93291 0.120151
221.956 -11.8459 2.93654 0.153596
221.85 -11.9599 2.92784 0.321073
221.956 -11.8459 2.93654 0.153596
221.85 -11.9599 2.92784 0.321073
221.85 -11.9599 2.92784 0.321073
221.943 -11.8343 2.92782 0.070016
221.898 -12.2059 2.93222 0.0761639
221.956 -11.8459 2.93654 0.153596
221.626 -11.9854 2.92691 0.113854
221.668 -11.9016 2.93291 0.120151
221.85 -11.9599 2.92784 0.321073
221.85 -11.9599 2.92784 0.321073
221.996 -11.974 2.94026 0.0197038
221.594 -12.1679 2.92982 0.0187331
221.956 -11.8459 2.93654 0.153596
221.668 -11.9016 2.93291 0.120151
221.943 -11.8343 2.92782 0.070016
221.85 -11.9599 2.92784 0.321073
221.943 -11.8343 2.92782 0.070016
221.943 -11.8343 2.92782 0.070016
221.85 -11.9599 2.92784 0.321073
221.943 -11.8343 2.92782 0.070016
221.85 -11.9599 2.92784 0.321073
221.996 -11.974 2.94026 0.0197038
221.956 -11.8459 2.93654 0.153596
221.85 -11.9599 2.92784 0.321073
221.85 -11.9599 2.92784 0.321073
221.898 -12.2059 2.93222 0.0761639
221.85 -11.9599 2.92784 0.321073
221.626 -11.9854 2.92691 0.113854
221.626 -11.9854 2.92691 0.113854
221.668 -11.9016 2.93291 0.120151
221.668 -11.9016 2.93291 0.120151
221.956 -11.8459 2.93654 0.153596
221.85 -11.9599 2.92784 0.321073
221.668 -11.9016 2.93291 0.120151
221.956 -11.8459 2.93654 0.153596
221.85 -11.9599 2.92784 0.321073
221.956 -11.8459 2.93654 0.153596
221.626 -11.9854 2.92691 0.113854
221.956 -11.8459 2.93654 0.153596
221.85 -11.9599 2.92784 0.321073
221.943 -11.8343 2.92782 0.070016
221.898 -12.2059 2.93222 0.0761639
221.898 -12.2059 2.93222 0.0761639
221.85 -11.9599 2.92784 0.321073
221.898 -12.2059 2.93222 0.0761639
221.727 -12.2492 2.92879 0.0192082
221.626 -11.9854 2.92691 0.113854
221.668 -11.9016 2.93291 0.120151
221.898 -12.2059 2.93222 0.0761639
221.85 -11.9599 2.92784 0.321073
221.626 -11.9854 2.92691 0.113854
221.956 -11.8459 2.93654 0.153596
221.85 -11.9599 2.92784 0.321073
221.85 -11.9599 2.92784 0.321073
221.85 -11.9599 2.92784 0.321073
221.668 -11.9016 2.93291 0.120151
222.054 -12.0812 2.92962 0.0439166
222.054 -12.0812 2.92962 0.0439166
221.85 -11.9599 2.92784 0.321073
221.85 -11.9599 2.92784 0.321073
221.956 -11.8459 2.93654 0.153596
221.956 -11.8459 2.93654 0.153596
