82.6671 -34.0666 3.62781 0.299205
82.6651 -33.9855 3.62562 0.182172
82.6671 -34.0666 3.62781 0.299205
82.568 -33.9963 3.63029 0.382084
82.568 -33.9963 3.63029 0.382084
82.568 -33.9963 3.63029 0.382084
82.6651 -33.9855 3.62562 0.182172
82.6671 -34.0666 3.62781 0.299205
82.5015 -33.7627 3.62879 0.0220768
82.6651 -33.9855 3.62562 0.182172
82.6287 -33.7748 3.62669 0.0111252
82.7404 -33.8005 3.62913 0.0196366
82.568 -33.9963 3.63029 0.382084
82.568 -33.9963 3.63029 0.382084
82.6651 -33.9855 3.62562 0.182172
82.568 -33.9963 3.63029 0.382084
82.568 -33.9963 3.63029 0.382084
82.6671 -34.0666 3.62781 0.299205
82.568 -33.9963 3.63029 0.382084
82.6671 -34.0666 3.62781 0.299205
82.6651 -33.9855 3.62562 0.182172
82.6671 -34.0666 3.62781 0.299205
82.6651 -33.9855 3.62562 0.182172
82.2152 -34.0526 3.62509 0.000321155
82.6671 -34.0666 3.62781 0.299205
82.6671 -34.0666 3.62781 0.299205
82.6954 -34.219 3.62037 0.00916457
82.6651 -33.9855 3.62562 0.182172
82.6671 -34.0666 3.62781 0.299205
82.6671 -34.0666 3.62781 0.299205
82.568 -33.9963 3.63029 0.382084
82.6651 -33.9855 3.62562 0.182172
82.6671 -34.0666 3.62781 0.299205
82.6651 -33.9855 3.62562 0.182172
82.568 -33.9963 3.63029 0.382084
82.568 -33.9963 3.63029 0.382084
82.6671 -34.0666 3.62781 0.299205
82.6651 -33.9855 3.62562 0.182172
82.568 -33.9963 3.63029 0.382084
82.568 -33.9963 3.63029 0.382084
82.6651 -33.9855 3.62562 0.182172
82.6651 -33.9855 3.62562 0.182172
82.568 -33.9963 3.63029 0.382084
82.6671 -34.0666 3.62781 0.299205
82.568 -33.9963 3.63029 0.382084
82.8153 -33.9014 3.63087 0.0158364
82.6671 -34.0666 3.62781 0.299205
82.568 -33.9963 3.63029 0.382084
82.568 -33.9963 3.63029 0.382084
82.7404 -33.8005 3.62913 0.0196366
82.568 -33.9963 3.63029 0.382084
82.568 -33.9963 3.63029 0.382084
82.568 -33.9963 3.63029 0.382084
82.6671 -34.0666 3.62781 0.299205
82.568 -33.9963 3.63029 0.382084
82.5015 -33.7627 3.62879 0.0220768
82.6651 -33.9855 3.62562 0.182172
82.568 -33.9963 3.63029 0.382084
82.568 -33.9963 3.63029 0.382084
82.6671 -34.0666 3.62781 0.299205
82.568 -33.9963 3.63029 0.382084
82.6671 -34.0666 3.62781 0.299205
82.6651 -33.9855 3.62562 0.182172
82.568 -33.9963 3.63029 0.382084
82.6671 -34.0666 3.62781 0.299205
82.568 -33.9963 3.63029 0.382084
82.6408 -33.8972 3.62439 0.0315812
82.568 -33.9963 3.63029 0.382084
82.568 -33.9963 3.63029 0.382084
82.6671 -34.0666 3.62781 0.299205
82.6651 -33.9855 3.62562 0.182172
82.568 -33.9963 3.63029 0.382084
82.568 -33.9963 3.63029 0.382084
82.6408 -33.8972 3.62439 0.0315812
82.568 -33.9963 3.63029 0.382084
82.568 -33.9963 3.63029 0.382084
82.6671 -34.0666 3.62781 0.299205
82.568 -33.9963 3.63029 0.382084
82.568 -33.9963 3.63029 0.382084
82.6651 -33.9855 3.62562 0.182172
82.568 -33.9963 3.63029 0.382084
82.8153 -33.9014 3.63087 0.0158364
82.568 -33.9963 3.63029 0.382084
82.6671 -34.0666 3.62781 0.299205
82.568 -33.9963 3.63029 0.382084
82.6671 -34.0666 3.62781 0.299205
82.6671 -34.0666 3.62781 0.299205
82.568 -33.9963 3.63029 0.382084
82.568 -33.9963 3.63029 0.382084
82.7065 -33.7771 3.62777 0.0114398
82.568 -33.9963 3.63029 0.382084
82.5841 -34.1104 3.63634 0.000481555
82.6671 -34.0666 3.62781 0.299205
82.568 -33.9963 3.63029 0.382084
82.568 -33.9963 3.63029 0.382084
82.6651 -33.9855 3.62562 0.182172
82.568 -33.9963 3.63029 0.382084
82.6651 -33.9855 3.62562 0.182172
82.6671 -34.0666 3.62781 0.299205
82.568 -33.9963 3.63029 0.382084
