253.965 29.0541 0.0418276 0.0192894
253.721 28.9853 0.0413542 0.251341
253.757 28.9117 0.0385724 0.0901129
253.653 29.1246 0.0392462 0.176381
253.653 29.1246 0.0392462 0.176381
253.721 28.9853 0.0413542 0.251341
253.653 29.1246 0.0392462 0.176381
253.724 28.9394 0.0399125 0.156533
253.724 28.9394 0.0399125 0.156533
253.724 28.9394 0.0399125 0.156533
253.721 28.9853 0.0413542 0.251341
253.791 28.8385 0.0424453 0.0238286
253.724 28.9394 0.0399125 0.156533
253.724 28.9394 0.0399125 0.156533
253.721 28.9853 0.0413542 0.251341
253.883 28.9159 0.0442662 0.0159859
253.651 29.1161 0.0434969 0.131112
253.721 28.9853 0.0413542 0.251341
253.653 29.1246 0.0392462 0.176381
253.651 29.1161 0.0434969 0.131112
253.721 28.9853 0.0413542 0.251341
253.757 28.9117 0.0385724 0.0901129
253.653 29.1246 0.0392462 0.176381
253.651 29.1161 0.0434969 0.131112
253.883 28.9159 0.0442662 0.0159859
253.653 29.1246 0.0392462 0.176381
253.653 29.1246 0.0392462 0.176381
253.68 28.8425 0.0425331 0.0294953
253.721 28.9853 0.0413542 0.251341
253.721 28.9853 0.0413542 0.251341
253.686 29.1109 0.0479241 0.0157368
253.757 28.9117 0.0385724 0.0901129
253.647 29.2782 0.0450087 0.00515166
253.965 29.0541 0.0418276 0.0192894
253.721 28.9853 0.0413542 0.251341
253.757 28.9117 0.0385724 0.0901129
253.653 29.1246 0.0392462 0.176381
253.724 28.9394 0.0399125 0.156533
253.721 28.9853 0.0413542 0.251341
253.757 28.9117 0.0385724 0.0901129
253.616 29.1019 0.0470166 0.026959
253.651 29.1161 0.0434969 0.131112
253.651 29.1161 0.0434969 0.131112
253.791 28.8385 0.0424453 0.0238286
253.653 29.1246 0.0392462 0.176381
253.651 29.1161 0.0434969 0.131112
253.721 28.9853 0.0413542 0.251341
253.653 29.1246 0.0392462 0.176381
253.724 28.9394 0.0399125 0.156533
253.721 28.9853 0.0413542 0.251341
253.653 29.1246 0.0392462 0.176381
253.721 28.9853 0.0413542 0.251341
253.721 28.9853 0.0413542 0.251341
253.653 29.1246 0.0392462 0.176381
253.724 28.9394 0.0399125 0.156533
253.721 28.9853 0.0413542 0.251341
253.757 28.9117 0.0385724 0.0901129
253.572 28.8295 0.0484854 0.00250702
253.724 28.9394 0.0399125 0.156533
253.724 28.9394 0.0399125 0.156533
253.68 28.8425 0.0425331 0.0294953
253.651 29.1161 0.0434969 0.131112
253.721 28.9853 0.0413542 0.251341
253.608 28.8803 0.0505407 0.00185765
253.883 28.9159 0.0442662 0.0159859
253.653 29.1246 0.0392462 0.176381
253.651 29.1161 0.0434969 0.131112
253.651 29.1161 0.0434969 0.131112
253.721 28.9853 0.0413542 0.251341
253.653 29.1246 0.0392462 0.176381
253.724 28.9394 0.0399125 0.156533
253.721 28.9853 0.0413542 0.251341
253.721 28.9853 0.0413542 0.251341
253.791 28.8385 0.0424453 0.0238286
253.653 29.1246 0.0392462 0.176381
253.651 29.1161 0.0434969 0.131112
253.721 28.9853 0.0413542 0.251341
253.757 28.9117 0.0385724 0.0901129
253.653 29.1246 0.0392462 0.176381
253.651 29.1161 0.0434969 0.131112
253.721 28.9853 0.0413542 0.251341
253.603 28.9091 0.0495565 0.0048878
253.653 29.1246 0.0392462 0.176381
253.724 28.9394 0.0399125 0.156533
253.791 28.8385 0.0424453 0.0238286
253.724 28.9394 0.0399125 0.156533
253.721 28.9853 0.0413542 0.251341
253.653 29.1246 0.0392462 0.176381
253.68 28.8425 0.0425331 0.0294953
253.651 29.1161 0.0434969 0.131112
253.757 28.9117 0.0385724 0.0901129
253.724 28.9394 0.0399125 0.156533
253.965 29.0541 0.0418276 0.0192894
253.651 29.1161 0.0434969 0.131112
253.546 29.0144 0.0498238 0.00404535
253.653 29.1246 0.0392462 0.176381
253.651 29.1161 0.0434969 0.131112
253.757 28.9117 0.0385724 0.0901129
253.757 28.9117 0.0385724 0.0901129
253.724 28.9394 0.0399125 0.156533
