-24.6427 -9.7175 0.796353 0.180307
-24.6427 -9.7175 0.796353 0.180307
-24.2173 -9.67598 0.792362 0.00294795
-24.4417 -9.81265 0.794188 0.0638293
-24.4161 -9.5052 0.790268 0.0699383
-24.4135 -9.62422 0.797231 0.0955171
-24.4135 -9.62422 0.797231 0.0955171
-24.7304 -9.74226 0.798355 0.0561823
-24.5969 -9.58822 0.795046 0.182929
-24.5859 -9.86491 0.789013 0.00082101
-24.4161 -9.5052 0.790268 0.0699383
-24.6513 -9.47341 0.793265 0.0397432
-24.6195 -9.81935 0.793995 0.0529792
-24.7304 -9.74226 0.798355 0.0561823
-24.5969 -9.58822 0.795046 0.182929
-24.5969 -9.58822 0.795046 0.182929
-24.4417 -9.81265 0.794188 0.0638293
-24.4135 -9.62422 0.797231 0.0955171
-24.6413 -9.51658 0.790785 0.0626118
-24.5969 -9.58822 0.795046 0.182929
-24.4038 -9.74804 0.801254 0.0440015
-24.6427 -9.7175 0.796353 0.180307
-24.4417 -9.81265 0.794188 0.0638293
-24.4161 -9.5052 0.790268 0.0699383
-24.4135 -9.62422 0.797231 0.0955171
-24.4135 -9.62422 0.797231 0.0955171
-24.5969 -9.58822 0.795046 0.182929
-24.6427 -9.7175 0.796353 0.180307
-24.6427 -9.7175 0.796353 0.180307
-24.4161 -9.5052 0.790268 0.0699383
-24.6413 -9.51658 0.790785 0.0626118
-24.4237 -9.75135 0.788601 0.00781877
-24.6427 -9.7175 0.796353 0.180307
-24.4161 -9.5052 0.790268 0.0699383
-24.7698 -9.73793 0.797095 0.0274573
-24.6413 -9.51658 0.790785 0.0626118
-24.6513 -9.47341 0.793265 0.0397432
-24.4038 -9.74804 0.801254 0.0440015
-24.6427 -9.7175 0.796353 0.180307
-24.6427 -9.7175 0.796353 0.180307
-24.4234 -9.55304 0.79732 0.0463574
-24.6413 -9.51658 0.790785 0.0626118
-24.5969 -9.58822 0.795046 0.182929
-24.6427 -9.7175 0.796353 0.180307
-24.4417 -9.81265 0.794188 0.0638293
-24.6413 -9.51658 0.790785 0.0626118
-24.5969 -9.58822 0.795046 0.182929
-24.6427 -9.7175 0.796353 0.180307
-24.4417 -9.81265 0.794188 0.0638293
-24.4135 -9.62422 0.797231 0.0955171
-24.7304 -9.74226 0.798355 0.0561823
-24.4038 -9.74804 0.801254 0.0440015
-24.6427 -9.7175 0.796353 0.180307
-24.4234 -9.55304 0.79732 0.0463574
-24.6413 -9.51658 0.790785 0.0626118
-24.7304 -9.74226 0.798355 0.0561823
-24.4038 -9.74804 0.801254 0.0440015
-24.4417 -9.81265 0.794188 0.0638293
-24.7698 -9.73793 0.797095 0.0274573
-24.4135 -9.62422 0.797231 0.0955171
-24.4135 -9.62422 0.797231 0.0955171
-24.6413 -9.51658 0.790785 0.0626118
-24.5969 -9.58822 0.795046 0.182929
-24.6427 -9.7175 0.796353 0.180307
-24.4417 -9.81265 0.794188 0.0638293
-24.4161 -9.5052 0.790268 0.0699383
-24.4712 -9.4728 0.799453 0.00423344
-24.6413 -9.51658 0.790785 0.0626118
-24.6195 -9.81935 0.793995 0.0529792
-24.7304 -9.74226 0.798355 0.0561823
-24.6427 -9.7175 0.796353 0.180307
-24.4417 -9.81265 0.794188 0.0638293
-24.6153 -9.41021 0.795857 0.00763463
-24.6413 -9.51658 0.790785 0.0626118
-24.6413 -9.51658 0.790785 0.0626118
-24.6413 -9.51658 0.790785 0.0626118
-24.5969 -9.58822 0.795046 0.182929
-24.4417 -9.81265 0.794188 0.0638293
-24.4135 -9.62422 0.797231 0.0955171
-24.7304 -9.74226 0.798355 0.0561823
-24.5969 -9.58822 0.795046 0.182929
-24.6427 -9.7175 0.796353 0.180307
-24.4135 -9.62422 0.797231 0.0955171
-24.6513 -9.47341 0.793265 0.0397432
-24.4038 -9.74804 0.801254 0.0440015
-24.6427 -9.7175 0.796353 0.180307
-24.4161 -9.5052 0.790268 0.0699383
-24.6513 -9.47341 0.793265 0.0397432
-24.6195 -9.81935 0.793995 0.0529792
-24.5969 -9.58822 0.795046 0.182929
-24.6427 -9.7175 0.796353 0.180307
-24.6427 -9.7175 0.796353 0.180307
-24.4417 -9.81265 0.794188 0.0638293
-24.4417 -9.81265 0.794188 0.0638293
-24.4161 -9.5052 0.790268 0.0699383
-24.7698 -9.73793 0.797095 0.0274573
-24.3212 -9.57813 0.794764 0.0287808
-24.404 -9.39247 0.791913 0.0139528
-24.6513 -9.47341 0.793265 0.0397432
-24.6195 -9.81935 0.793995 0.0529792
