47.4812 12.7973 0.135917 0.152411
47.4812 12.7973 0.135917 0.152411
47.4086 12.774 0.139016 0.323286
47.3159 12.8812 0.141899 0.110362
47.4812 12.7973 0.135917 0.152411
47.4086 12.774 0.139016 0.323286
47.4058 12.9757 0.140287 0.0361512
47.3235 12.6374 0.142675 0.101651
47.4812 12.7973 0.135917 0.152411
47.4086 12.774 0.139016 0.323286
47.4812 12.7973 0.135917 0.152411
47.3209 12.8098 0.145084 0.108834
47.3235 12.6374 0.142675 0.101651
47.4812 12.7973 0.135917 0.152411
47.2369 12.6224 0.136669 0.00690736
47.4812 12.7973 0.135917 0.152411
47.4812 12.7973 0.135917 0.152411
47.3209 12.8098 0.145084 0.108834
47.4086 12.774 0.139016 0.323286
47.2368 12.6963 0.139645 0.0440117
47.4812 12.7973 0.135917 0.152411
47.4086 12.774 0.139016 0.323286
47.3235 12.6374 0.142675 0.101651
47.3209 12.8098 0.145084 0.108834
47.3235 12.6374 0.142675 0.101651
47.3209 12.8098 0.145084 0.108834
47.4812 12.7973 0.135917 0.152411
47.1995 12.5148 0.138965 0.00185413
47.3209 12.8098 0.145084 0.108834
47.6407 12.5361 0.132238 0.0160442
47.4086 12.774 0.139016 0.323286
47.5896 13.1055 0.135389 0.000137404
47.3235 12.6374 0.142675 0.101651
47.4086 12.774 0.139016 0.323286
47.4086 12.774 0.139016 0.323286
47.3159 12.8812 0.141899 0.110362
47.3159 12.8812 0.141899 0.110362
47.3159 12.8812 0.141899 0.110362
47.2224 12.7509 0.14675 0.0276723
47.3209 12.8098 0.145084 0.108834
47.2368 12.6963 0.139645 0.0440117
47.4086 12.774 0.139016 0.323286
47.3159 12.8812 0.141899 0.110362
47.4086 12.774 0.139016 0.323286
47.3209 12.8098 0.145084 0.108834
47.3159 12.8812 0.141899 0.110362
47.4086 12.774 0.139016 0.323286
47.3159 12.8812 0.141899 0.110362
47.4086 12.774 0.139016 0.323286
47.2368 12.6963 0.139645 0.0440117
47.4812 12.7973 0.135917 0.152411
47.3159 12.8812 0.141899 0.110362
47.4086 12.774 0.139016 0.323286
47.4812 12.7973 0.135917 0.152411
47.4812 12.7973 0.135917 0.152411
47.3209 12.8098 0.145084 0.108834
47.3209 12.8098 0.145084 0.108834
47.3159 12.8812 0.141899 0.110362
47.4058 12.9757 0.140287 0.0361512
47.4812 12.7973 0.135917 0.152411
47.4086 12.774 0.139016 0.323286
47.3235 12.6374 0.142675 0.101651
47.4086 12.774 0.139016 0.323286
47.2281 12.5465 0.139442 0.00718843
47.1806 12.9568 0.14243 0.00601705
47.3235 12.6374 0.142675 0.101651
47.4086 12.774 0.139016 0.323286
47.4086 12.774 0.139016 0.323286
47.3209 12.8098 0.145084 0.108834
47.3235 12.6374 0.142675 0.101651
47.3209 12.8098 0.145084 0.108834
47.4812 12.7973 0.135917 0.152411
47.3159 12.8812 0.141899 0.110362
47.4812 12.7973 0.135917 0.152411
47.4086 12.774 0.139016 0.323286
47.3159 12.8812 0.141899 0.110362
47.3235 12.6374 0.142675 0.101651
47.4812 12.7973 0.135917 0.152411
47.4086 12.774 0.139016 0.323286
47.4812 12.7973 0.135917 0.152411
47.4086 12.774 0.139016 0.323286
47.3209 12.8098 0.145084 0.108834
47.4812 12.7973 0.135917 0.152411
47.6407 12.5361 0.132238 0.0160442
47.4086 12.774 0.139016 0.323286
47.3209 12.8098 0.145084 0.108834
47.2368 12.6963 0.139645 0.0440117
47.4812 12.7973 0.135917 0.152411
47.5966 12.9083 0.142723 0.019944
47.4812 12.7973 0.135917 0.152411
47.3209 12.8098 0.145084 0.108834
47.3235 12.6374 0.142675 0.101651
47.4086 12.774 0.139016 0.323286
47.3159 12.8812 0.141899 0.110362
47.4086 12.774 0.139016 0.323286
47.4086 12.774 0.139016 0.323286
47.3159 12.8812 0.141899 0.110362
47.4812 12.7973 0.135917 0.152411
47.3209 12.8098 0.145084 0.108834
47.3235 12.6374 0.142675 0.101651
