80.3461 15.8377 0.0929599 0.0572274
80.3318 15.5477 0.0973553 0.0230964
80.6432 15.7435 0.0941663 0.234025
80.4383 15.8546 0.0944735 0.159978
80.3531 15.9229 0.0997229 0.039122
80.5152 15.7933 0.101422 0.145139
80.4827 16.0089 0.100586 0.030092
80.6432 15.7435 0.0941663 0.234025
80.4567 16.2737 0.0902939 7.35073e-05
80.4065 15.5271 0.100483 0.0264252
80.7094 16.0039 0.0935325 0.0297963
80.5152 15.7933 0.101422 0.145139
80.3464 15.9016 0.102309 0.0226549
80.6432 15.7435 0.0941663 0.234025
80.2845 16.0057 0.0945419 0.00749948
80.3318 15.5477 0.0973553 0.0230964
80.6432 15.7435 0.0941663 0.234025
80.5867 16.0568 0.0886024 0.00650351
80.2664 15.7657 0.100026 0.0250889
80.3464 15.9016 0.102309 0.0226549
80.6432 15.7435 0.0941663 0.234025
80.6432 15.7435 0.0941663 0.234025
80.6432 15.7435 0.0941663 0.234025
80.4383 15.8546 0.0944735 0.159978
80.5152 15.7933 0.101422 0.145139
80.4383 15.8546 0.0944735 0.159978
80.2664 15.7657 0.100026 0.0250889
80.3653 16.0586 0.0939165 0.0090471
80.5152 15.7933 0.101422 0.145139
80.6432 15.7435 0.0941663 0.234025
80.6432 15.7435 0.0941663 0.234025
80.3531 15.9229 0.0997229 0.039122
80.5152 15.7933 0.101422 0.145139
80.4606 15.5435 0.102688 0.024553
80.4383 15.8546 0.0944735 0.159978
80.3531 15.9229 0.0997229 0.039122
80.4065 15.5271 0.100483 0.0264252
80.6432 15.7435 0.0941663 0.234025
80.3531 15.9229 0.0997229 0.039122
80.3318 15.5477 0.0973553 0.0230964
80.6432 15.7435 0.0941663 0.234025
80.3531 15.9229 0.0997229 0.039122
80.5152 15.7933 0.101422 0.145139
80.3318 15.5477 0.0973553 0.0230964
80.6432 15.7435 0.0941663 0.234025
80.4065 15.5271 0.100483 0.0264252
80.9154 15.975 0.101212 0.000921121
80.6432 15.7435 0.0941663 0.234025
80.6432 15.7435 0.0941663 0.234025
80.4383 15.8546 0.0944735 0.159978
80.7094 16.0039 0.0935325 0.0297963
80.5152 15.7933 0.101422 0.145139
80.6432 15.7435 0.0941663 0.234025
80.4383 15.8546 0.0944735 0.159978
80.5152 15.7933 0.101422 0.145139
80.6432 15.7435 0.0941663 0.234025
80.6432 15.7435 0.0941663 0.234025
80.741 16.0113 0.0933904 0.0198704
80.6432 15.7435 0.0941663 0.234025
80.4383 15.8546 0.0944735 0.159978
80.5152 15.7933 0.101422 0.145139
80.6432 15.7435 0.0941663 0.234025
80.6235 16.1166 0.0931501 0.00744838
80.4383 15.8546 0.0944735 0.159978
80.4065 15.5271 0.100483 0.0264252
80.5152 15.7933 0.101422 0.145139
80.4606 15.5435 0.102688 0.024553
80.6432 15.7435 0.0941663 0.234025
80.6432 15.7435 0.0941663 0.234025
80.4383 15.8546 0.0944735 0.159978
80.7094 16.0039 0.0935325 0.0297963
80.4606 15.5435 0.102688 0.024553
80.3531 15.9229 0.0997229 0.039122
80.2664 15.7657 0.100026 0.0250889
80.5152 15.7933 0.101422 0.145139
80.6432 15.7435 0.0941663 0.234025
80.6432 15.7435 0.0941663 0.234025
80.5867 16.0568 0.0886024 0.00650351
80.5452 16.0379 0.0987487 0.0320685
80.5152 15.7933 0.101422 0.145139
80.6432 15.7435 0.0941663 0.234025
80.4383 15.8546 0.0944735 0.159978
80.3699 15.8645 0.0852318 0.00247592
80.3464 15.9016 0.102309 0.0226549
80.6432 15.7435 0.0941663 0.234025
80.3531 15.9229 0.0997229 0.039122
80.3461 15.8377 0.0929599 0.0572274
80.4827 16.0089 0.100586 0.030092
80.4383 15.8546 0.0944735 0.159978
80.4065 15.5271 0.100483 0.0264252
80.3464 15.9016 0.102309 0.0226549
80.2678 15.7354 0.0902264 0.00917681
80.6432 15.7435 0.0941663 0.234025
80.5867 16.0568 0.0886024 0.00650351
80.3464 15.9016 0.102309 0.0226549
80.4383 15.8546 0.0944735 0.159978
80.4065 15.5271 0.100483 0.0264252
80.5152 15.7933 0.101422 0.145139
80.3318 15.5477 0.0973553 0.0230964
80.6432 15.7435 0.0941663 0.234025
