45.9535 -66.1771 3.94762 0.00042691
45.8523 -65.8497 3.94784 0.260751
45.8973 -65.9041 3.9548 0.114987
45.7537 -66.0349 3.95076 0.0266294
45.627 -65.8091 3.94852 0.0381487
45.8973 -65.9041 3.9548 0.114987
45.7749 -65.6671 3.94672 0.0362861
45.7421 -65.8357 3.94596 0.129232
45.7421 -65.8357 3.94596 0.129232
45.8523 -65.8497 3.94784 0.260751
45.8973 -65.9041 3.9548 0.114987
45.9983 -65.9466 3.95014 0.0582262
45.7421 -65.8357 3.94596 0.129232
45.7175 -65.7811 3.94418 0.0419908
45.9983 -65.9466 3.95014 0.0582262
45.7175 -65.7811 3.94418 0.0419908
45.8973 -65.9041 3.9548 0.114987
46.0049 -65.7261 3.94667 0.0143514
45.6145 -65.7513 3.95614 0.00147512
45.7175 -65.7811 3.94418 0.0419908
45.8523 -65.8497 3.94784 0.260751
45.8563 -65.9703 3.95342 0.0774084
45.8523 -65.8497 3.94784 0.260751
45.8563 -65.9703 3.95342 0.0774084
45.7175 -65.7811 3.94418 0.0419908
45.8523 -65.8497 3.94784 0.260751
45.5614 -65.8991 3.9495 0.00601089
45.7421 -65.8357 3.94596 0.129232
45.8523 -65.8497 3.94784 0.260751
45.9983 -65.9466 3.95014 0.0582262
45.7421 -65.8357 3.94596 0.129232
45.9545 -65.7273 3.94815 0.065663
45.8523 -65.8497 3.94784 0.260751
45.8973 -65.9041 3.9548 0.114987
45.7749 -65.6671 3.94672 0.0362861
45.9983 -65.9466 3.95014 0.0582262
45.7537 -66.0349 3.95076 0.0266294
45.7421 -65.8357 3.94596 0.129232
45.8523 -65.8497 3.94784 0.260751
45.8523 -65.8497 3.94784 0.260751
45.9983 -65.9466 3.95014 0.0582262
45.841 -65.6716 3.95425 0.0766952
45.7175 -65.7811 3.94418 0.0419908
45.8523 -65.8497 3.94784 0.260751
45.8523 -65.8497 3.94784 0.260751
45.8563 -65.9703 3.95342 0.0774084
45.7175 -65.7811 3.94418 0.0419908
45.8973 -65.9041 3.9548 0.114987
45.7537 -66.0349 3.95076 0.0266294
45.627 -65.8091 3.94852 0.0381487
45.9084 -66.0056 3.94312 0.0067611
45.713 -66.1447 3.95489 0.000115665
45.7421 -65.8357 3.94596 0.129232
45.7175 -65.7811 3.94418 0.0419908
45.8523 -65.8497 3.94784 0.260751
45.8973 -65.9041 3.9548 0.114987
45.9983 -65.9466 3.95014 0.0582262
45.7421 -65.8357 3.94596 0.129232
45.7421 -65.8357 3.94596 0.129232
45.9545 -65.7273 3.94815 0.065663
45.627 -65.8091 3.94852 0.0381487
45.7749 -65.6671 3.94672 0.0362861
45.7421 -65.8357 3.94596 0.129232
45.8523 -65.8497 3.94784 0.260751
45.7749 -65.6671 3.94672 0.0362861
45.7421 -65.8357 3.94596 0.129232
45.8523 -65.8497 3.94784 0.260751
45.7194 -65.6628 3.95669 0.00581323
45.7175 -65.7811 3.94418 0.0419908
45.8973 -65.9041 3.9548 0.114987
45.8563 -65.9703 3.95342 0.0774084
45.8523 -65.8497 3.94784 0.260751
45.8523 -65.8497 3.94784 0.260751
45.9983 -65.9466 3.95014 0.0582262
45.8563 -65.9703 3.95342 0.0774084
45.7421 -65.8357 3.94596 0.129232
45.8523 -65.8497 3.94784 0.260751
45.8523 -65.8497 3.94784 0.260751
45.8973 -65.9041 3.9548 0.114987
45.8563 -65.9703 3.95342 0.0774084
45.7421 -65.8357 3.94596 0.129232
45.7421 -65.8357 3.94596 0.129232
45.8973 -65.9041 3.9548 0.114987
45.7749 -65.6671 3.94672 0.0362861
45.7749 -65.6671 3.94672 0.0362861
45.841 -65.6716 3.95425 0.0766952
45.7421 -65.8357 3.94596 0.129232
45.8523 -65.8497 3.94784 0.260751
45.7613 -65.5135 3.9554 0.000899144
46.055 -65.7995 3.94676 0.00952444
45.8523 -65.8497 3.94784 0.260751
45.8973 -65.9041 3.9548 0.114987
45.8563 -65.9703 3.95342 0.0774084
45.7175 -65.7811 3.94418 0.0419908
45.9983 -65.9466 3.95014 0.0582262
45.9545 -65.7273 3.94815 0.065663
45.8523 -65.8497 3.94784 0.260751
45.8973 -65.9041 3.9548 0.114987
45.841 -65.6716 3.95425 0.0766952
45.9312 -65.8656 3.94258 0.00829268
