275.668 -5.74374 4.24173 0.289974
275.714 -5.87508 4.24216 0.380509
275.668 -5.74374 4.24173 0.289974
275.714 -5.87508 4.24216 0.380509
275.668 -5.74374 4.24173 0.289974
275.668 -5.74374 4.24173 0.289974
275.668 -5.74374 4.24173 0.289974
275.714 -5.87508 4.24216 0.380509
275.528 -5.95839 4.24178 0.0851957
275.668 -5.74374 4.24173 0.289974
275.714 -5.87508 4.24216 0.380509
275.668 -5.74374 4.24173 0.289974
275.714 -5.87508 4.24216 0.380509
275.668 -5.74374 4.24173 0.289974
275.668 -5.74374 4.24173 0.289974
275.604 -5.85187 4.23365 0.0245569
275.668 -5.74374 4.24173 0.289974
275.528 -5.95839 4.24178 0.0851957
275.81 -5.75774 4.23787 0.0191272
275.714 -5.87508 4.24216 0.380509
275.668 -5.74374 4.24173 0.289974
275.668 -5.74374 4.24173 0.289974
275.511 -5.83867 4.23269 0.0227454
275.714 -5.87508 4.24216 0.380509
275.668 -5.74374 4.24173 0.289974
275.714 -5.87508 4.24216 0.380509
275.597 -6.12935 4.24566 0.00599603
275.738 -5.51894 4.24383 0.0157735
275.668 -5.74374 4.24173 0.289974
275.602 -6.06923 4.23638 0.0130807
275.81 -5.75774 4.23787 0.0191272
275.714 -5.87508 4.24216 0.380509
275.738 -5.51894 4.24383 0.0157735
275.714 -5.87508 4.24216 0.380509
275.332 -5.99129 4.23803 0.0038409
275.81 -5.75774 4.23787 0.0191272
275.714 -5.87508 4.24216 0.380509
276.224 -5.79282 4.25169 0.0126331
275.714 -5.87508 4.24216 0.380509
275.668 -5.74374 4.24173 0.289974
275.714 -5.87508 4.24216 0.380509
275.668 -5.74374 4.24173 0.289974
275.714 -5.87508 4.24216 0.380509
275.714 -5.87508 4.24216 0.380509
275.668 -5.74374 4.24173 0.289974
275.714 -5.87508 4.24216 0.380509
276.119 -6.00709 4.25888 0.0507496
275.668 -5.74374 4.24173 0.289974
275.714 -5.87508 4.24216 0.380509
275.668 -5.74374 4.24173 0.289974
275.604 -5.85187 4.23365 0.0245569
275.714 -5.87508 4.24216 0.380509
275.511 -5.83867 4.23269 0.0227454
275.71 -5.64948 4.23766 0.018646
275.668 -5.74374 4.24173 0.289974
275.714 -5.87508 4.24216 0.380509
275.668 -5.74374 4.24173 0.289974
275.668 -5.74374 4.24173 0.289974
275.528 -5.95839 4.24178 0.0851957
275.44 -6.0318 4.23473 0.0107514
275.71 -5.64948 4.23766 0.018646
275.714 -5.87508 4.24216 0.380509
275.528 -5.95839 4.24178 0.0851957
275.714 -5.87508 4.24216 0.380509
275.714 -5.87508 4.24216 0.380509
275.668 -5.74374 4.24173 0.289974
276.119 -6.00709 4.25888 0.0507496
276.224 -5.79282 4.25169 0.0126331
275.714 -5.87508 4.24216 0.380509
275.668 -5.74374 4.24173 0.289974
275.714 -5.87508 4.24216 0.380509
276.119 -6.00709 4.25888 0.0507496
275.668 -5.74374 4.24173 0.289974
275.714 -5.87508 4.24216 0.380509
275.714 -5.87508 4.24216 0.380509
276.119 -6.00709 4.25888 0.0507496
275.528 -5.95839 4.24178 0.0851957
275.616 -5.51102 4.24852 0.00673641
275.668 -5.74374 4.24173 0.289974
275.668 -5.74374 4.24173 0.289974
275.714 -5.87508 4.24216 0.380509
275.668 -5.74374 4.24173 0.289974
275.714 -5.87508 4.24216 0.380509
276.119 -6.00709 4.25888 0.0507496
275.668 -5.74374 4.24173 0.289974
275.528 -5.95839 4.24178 0.0851957
275.668 -5.74374 4.24173 0.289974
275.668 -5.74374 4.24173 0.289974
275.714 -5.87508 4.24216 0.380509
275.71 -5.64948 4.23766 0.018646
275.714 -5.87508 4.24216 0.380509
275.668 -5.74374 4.24173 0.289974
275.528 -5.95839 4.24178 0.0851957
275.668 -5.74374 4.24173 0.289974
275.714 -5.87508 4.24216 0.380509
275.668 -5.74374 4.24173 0.289974
275.714 -5.87508 4.24216 0.380509
275.668 -5.74374 4.24173 0.289974
275.528 -5.95839 4.24178 0.0851957
276.356 -5.56099 4.25881 0.00197539
