108.431 -24.1333 3.41713 0.204917
108.431 -24.1333 3.41713 0.204917
108.153 -24.5375 3.41438 0.0411999
108.431 -24.3349 3.4247 0.0909264
108.431 -24.3349 3.4247 0.0909264
108.42 -24.1449 3.4213 0.132721
108.431 -24.1333 3.41713 0.204917
108.431 -24.1333 3.41713 0.204917
108.294 -24.4907 3.42318 0.0414331
108.153 -24.5375 3.41438 0.0411999
108.42 -24.1449 3.4213 0.132721
108.42 -24.1449 3.4213 0.132721
108.719 -24.4158 3.41217 0.0243044
108.431 -24.1333 3.41713 0.204917
108.302 -24.3212 3.42517 0.0495292
108.294 -24.4907 3.42318 0.0414331
108.431 -24.3349 3.4247 0.0909264
108.42 -24.1449 3.4213 0.132721
108.719 -24.4158 3.41217 0.0243044
108.431 -24.1333 3.41713 0.204917
108.526 -24.478 3.43348 0.00359974
108.42 -24.1449 3.4213 0.132721
108.292 -24.4046 3.41955 0.13191
108.292 -24.4046 3.41955 0.13191
108.431 -24.1333 3.41713 0.204917
108.153 -24.5375 3.41438 0.0411999
108.555 -24.3786 3.42966 0.0221157
108.42 -24.1449 3.4213 0.132721
108.662 -24.2215 3.42556 0.0446653
108.775 -24.4575 3.43368 0.00186997
108.431 -24.1333 3.41713 0.204917
108.431 -24.1333 3.41713 0.204917
108.153 -24.5375 3.41438 0.0411999
108.353 -24.4484 3.42652 0.0296786
108.497 -23.9546 3.4273 0.00733026
108.431 -24.1333 3.41713 0.204917
108.431 -24.1333 3.41713 0.204917
108.302 -24.3212 3.42517 0.0495292
108.431 -24.3349 3.4247 0.0909264
108.431 -24.3349 3.4247 0.0909264
108.42 -24.1449 3.4213 0.132721
108.353 -24.4484 3.42652 0.0296786
108.562 -24.1041 3.43065 0.00919259
108.431 -24.1333 3.41713 0.204917
108.555 -24.3786 3.42966 0.0221157
108.662 -24.2215 3.42556 0.0446653
108.662 -24.2215 3.42556 0.0446653
108.431 -24.1333 3.41713 0.204917
108.294 -24.4907 3.42318 0.0414331
108.431 -24.3349 3.4247 0.0909264
108.431 -24.3349 3.4247 0.0909264
108.353 -24.4484 3.42652 0.0296786
108.83 -24.5293 3.42149 0.00592402
108.292 -24.4046 3.41955 0.13191
108.775 -24.4575 3.43368 0.00186997
108.294 -24.4907 3.42318 0.0414331
108.431 -24.3349 3.4247 0.0909264
108.292 -24.4046 3.41955 0.13191
108.292 -24.4046 3.41955 0.13191
108.431 -24.1333 3.41713 0.204917
108.302 -24.3212 3.42517 0.0495292
108.42 -24.1449 3.4213 0.132721
108.353 -24.4484 3.42652 0.0296786
108.431 -24.1333 3.41713 0.204917
108.294 -24.4907 3.42318 0.0414331
108.431 -24.3349 3.4247 0.0909264
108.292 -24.4046 3.41955 0.13191
108.294 -24.4907 3.42318 0.0414331
108.431 -24.3349 3.4247 0.0909264
108.292 -24.4046 3.41955 0.13191
108.497 -23.9546 3.4273 0.00733026
108.431 -24.1333 3.41713 0.204917
108.555 -24.3786 3.42966 0.0221157
108.819 -24.1587 3.42503 0.010453
108.292 -24.4046 3.41955 0.13191
108.431 -24.1333 3.41713 0.204917
108.431 -24.1333 3.41713 0.204917
108.153 -24.5375 3.41438 0.0411999
108.83 -24.5293 3.42149 0.00592402
108.431 -24.1333 3.41713 0.204917
108.302 -24.3212 3.42517 0.0495292
108.768 -24.4962 3.42988 0.00476249
108.378 -24.1443 3.42526 0.0492636
108.42 -24.1449 3.4213 0.132721
108.497 -23.9546 3.4273 0.00733026
108.431 -24.1333 3.41713 0.204917
108.294 -24.4907 3.42318 0.0414331
108.431 -24.3349 3.4247 0.0909264
108.719 -24.4158 3.41217 0.0243044
108.655 -24.578 3.42057 0.0223304
108.431 -24.1333 3.41713 0.204917
108.294 -24.4907 3.42318 0.0414331
108.378 -24.1443 3.42526 0.0492636
108.42 -24.1449 3.4213 0.132721
108.655 -24.578 3.42057 0.0223304
108.996 -24.6928 3.42425 8.0101e-05
108.42 -24.1449 3.4213 0.132721
108.662 -24.2215 3.42556 0.0446653
108.292 -24.4046 3.41955 0.13191
108.431 -24.1333 3.41713 0.204917
