115.442 19.1956 0.0631732 0.0211891
115.091 19.0224 0.0613643 0.0993363
115.055 18.977 0.0680457 0.0493202
115.127 19.1782 0.0623851 0.106289
115.294 19.1289 0.0609337 0.137463
115.275 19.2098 0.0614056 0.0978145
115.164 19.0026 0.0581492 0.0822622
114.867 19.2762 0.0640829 0.00251071
114.985 19.1695 0.0728724 0.00489758
115.066 19.1266 0.0676259 0.0572511
115.317 18.9386 0.0526743 0.0114259
115.223 18.8011 0.0628038 0.0209202
115.294 19.1289 0.0609337 0.137463
115.275 19.2098 0.0614056 0.0978145
114.847 19.0642 0.0698589 0.00430867
115.387 19.1264 0.0511878 0.0130737
115.442 19.1956 0.0631732 0.0211891
115.091 19.0224 0.0613643 0.0993363
115.127 19.1782 0.0623851 0.106289
115.294 19.1289 0.0609337 0.137463
115.294 19.1289 0.0609337 0.137463
115.294 19.1289 0.0609337 0.137463
115.275 19.2098 0.0614056 0.0978145
115.321 19.2548 0.0551641 0.0340873
115.066 19.1266 0.0676259 0.0572511
115.091 19.0224 0.0613643 0.0993363
115.055 18.977 0.0680457 0.0493202
115.127 19.1782 0.0623851 0.106289
115.294 19.1289 0.0609337 0.137463
115.164 19.0026 0.0581492 0.0822622
115.163 19.0174 0.057104 0.0674382
115.163 19.0174 0.057104 0.0674382
115.154 18.8729 0.0663367 0.0420999
115.091 19.0224 0.0613643 0.0993363
115.055 18.977 0.0680457 0.0493202
115.294 19.1289 0.0609337 0.137463
115.164 19.0026 0.0581492 0.0822622
115.164 19.0026 0.0581492 0.0822622
115.164 19.0026 0.0581492 0.0822622
115.163 19.0174 0.057104 0.0674382
115.091 19.0224 0.0613643 0.0993363
115.091 19.0224 0.0613643 0.0993363
115.296 19.2694 0.0536257 0.0203016
115.294 19.1289 0.0609337 0.137463
115.321 19.2548 0.0551641 0.0340873
115.321 19.2548 0.0551641 0.0340873
115.026 19.1102 0.0563066 0.0170503
115.154 18.8729 0.0663367 0.0420999
115.317 18.9386 0.0526743 0.0114259
115.223 18.8011 0.0628038 0.0209202
115.294 19.1289 0.0609337 0.137463
115.164 19.0026 0.0581492 0.0822622
114.897 19.3413 0.0551647 0.000237781
115.091 19.0224 0.0613643 0.0993363
115.127 19.1782 0.0623851 0.106289
115.294 19.1289 0.0609337 0.137463
115.294 19.1289 0.0609337 0.137463
115.275 19.2098 0.0614056 0.0978145
115.164 19.0026 0.0581492 0.0822622
115.163 19.0174 0.057104 0.0674382
115.442 19.1956 0.0631732 0.0211891
115.091 19.0224 0.0613643 0.0993363
115.091 19.0224 0.0613643 0.0993363
115.091 19.0224 0.0613643 0.0993363
115.296 19.2694 0.0536257 0.0203016
115.275 19.2098 0.0614056 0.0978145
115.164 19.0026 0.0581492 0.0822622
115.164 19.0026 0.0581492 0.0822622
115.026 19.1102 0.0563066 0.0170503
115.154 18.8729 0.0663367 0.0420999
115.091 19.0224 0.0613643 0.0993363
115.127 19.1782 0.0623851 0.106289
115.296 19.2694 0.0536257 0.0203016
115.275 19.2098 0.0614056 0.0978145
115.164 19.0026 0.0581492 0.0822622
115.163 19.0174 0.057104 0.0674382
115.171 18.744 0.0592124 0.00469319
115.091 19.0224 0.0613643 0.0993363
115.127 19.1782 0.0623851 0.106289
115.223 18.8011 0.0628038 0.0209202
115.275 19.2098 0.0614056 0.0978145
115.163 19.0174 0.057104 0.0674382
115.091 19.0224 0.0613643 0.0993363
115.317 18.9386 0.0526743 0.0114259
115.127 19.1782 0.0623851 0.106289
115.051 18.798 0.0664464 0.0113296
115.294 19.1289 0.0609337 0.137463
115.294 19.1289 0.0609337 0.137463
115.164 19.0026 0.0581492 0.0822622
115.294 19.4893 0.0530485 0.000670961
115.154 18.8729 0.0663367 0.0420999
115.091 19.0224 0.0613643 0.0993363
115.296 19.2694 0.0536257 0.0203016
115.294 19.1289 0.0609337 0.137463
115.294 19.1289 0.0609337 0.137463
115.321 19.2548 0.0551641 0.0340873
115.154 18.8729 0.0663367 0.0420999
115.091 19.0224 0.0613643 0.0993363
115.315 19.0397 0.0708389 0.0107411
115.055 18.977 0.0680457 0.0493202
