28.8134 10.1951 0.178132 0.137979
28.698 10.1435 0.187907 0.1698
28.7673 10.1228 0.180905 0.192561
28.8134 10.1951 0.178132 0.137979
28.8191 10.1247 0.179653 0.193816
28.7673 10.1228 0.180905 0.192561
28.7673 10.1228 0.180905 0.192561
28.6566 10.1858 0.183367 0.185051
28.8191 10.1247 0.179653 0.193816
28.8191 10.1247 0.179653 0.193816
28.8191 10.1247 0.179653 0.193816
28.6244 10.1214 0.184626 0.0784555
28.7673 10.1228 0.180905 0.192561
28.7673 10.1228 0.180905 0.192561
28.6566 10.1858 0.183367 0.185051
28.8134 10.1951 0.178132 0.137979
28.8191 10.1247 0.179653 0.193816
28.698 10.1435 0.187907 0.1698
28.7673 10.1228 0.180905 0.192561
28.6566 10.1858 0.183367 0.185051
28.8191 10.1247 0.179653 0.193816
28.7673 10.1228 0.180905 0.192561
28.9457 10.1883 0.17202 0.00338156
28.8134 10.1951 0.178132 0.137979
28.6244 10.1214 0.184626 0.0784555
28.7673 10.1228 0.180905 0.192561
28.7154 10.0448 0.189088 0.0158166
28.8134 10.1951 0.178132 0.137979
28.8134 10.1951 0.178132 0.137979
28.8134 10.1951 0.178132 0.137979
28.6244 10.1214 0.184626 0.0784555
28.7673 10.1228 0.180905 0.192561
28.7673 10.1228 0.180905 0.192561
28.832 10.065 0.189944 0.00510902
28.8134 10.1951 0.178132 0.137979
28.8134 10.1951 0.178132 0.137979
28.8191 10.1247 0.179653 0.193816
28.698 10.1435 0.187907 0.1698
28.7673 10.1228 0.180905 0.192561
28.7673 10.1228 0.180905 0.192561
28.7673 10.1228 0.180905 0.192561
28.6566 10.1858 0.183367 0.185051
28.8134 10.1951 0.178132 0.137979
28.8191 10.1247 0.179653 0.193816
28.698 10.1435 0.187907 0.1698
28.7673 10.1228 0.180905 0.192561
28.6566 10.1858 0.183367 0.185051
28.6244 10.1214 0.184626 0.0784555
28.698 10.1435 0.187907 0.1698
28.6566 10.1858 0.183367 0.185051
28.6566 10.1858 0.183367 0.185051
28.8134 10.1951 0.178132 0.137979
28.8134 10.1951 0.178132 0.137979
28.698 10.1435 0.187907 0.1698
28.7673 10.1228 0.180905 0.192561
28.8134 10.1951 0.178132 0.137979
28.8191 10.1247 0.179653 0.193816
28.698 10.1435 0.187907 0.1698
28.7673 10.1228 0.180905 0.192561
28.6566 10.1858 0.183367 0.185051
28.6566 10.1858 0.183367 0.185051
28.8134 10.1951 0.178132 0.137979
28.8191 10.1247 0.179653 0.193816
28.6244 10.1214 0.184626 0.0784555
28.7673 10.1228 0.180905 0.192561
28.7673 10.1228 0.180905 0.192561
28.6566 10.1858 0.183367 0.185051
28.8134 10.1951 0.178132 0.137979
28.6244 10.1214 0.184626 0.0784555
28.698 10.1435 0.187907 0.1698
28.7673 10.1228 0.180905 0.192561
28.6566 10.1858 0.183367 0.185051
28.8134 10.1951 0.178132 0.137979
28.698 10.1435 0.187907 0.1698
28.6566 10.1858 0.183367 0.185051
28.6566 10.1858 0.183367 0.185051
28.8191 10.1247 0.179653 0.193816
28.698 10.1435 0.187907 0.1698
28.7673 10.1228 0.180905 0.192561
28.7673 10.1228 0.180905 0.192561
28.8134 10.1951 0.178132 0.137979
28.6244 10.1214 0.184626 0.0784555
28.7673 10.1228 0.180905 0.192561
28.6566 10.1858 0.183367 0.185051
28.6566 10.1858 0.183367 0.185051
28.6566 10.1858 0.183367 0.185051
28.8134 10.1951 0.178132 0.137979
28.698 10.1435 0.187907 0.1698
28.698 10.1435 0.187907 0.1698
28.7673 10.1228 0.180905 0.192561
28.8134 10.1951 0.178132 0.137979
28.6244 10.1214 0.184626 0.0784555
28.7673 10.1228 0.180905 0.192561
28.7673 10.1228 0.180905 0.192561
28.7673 10.1228 0.180905 0.192561
28.6566 10.1858 0.183367 0.185051
28.6566 10.1858 0.183367 0.185051
28.8191 10.1247 0.179653 0.193816
28.6244 10.1214 0.184626 0.0784555
28.7673 10.1228 0.180905 0.192561
