79.0663 16.1227 0.101937 0.0663138
78.9202 16.2733 0.0954054 0.128767
79.1366 16.2512 0.100867 0.0744676
78.8934 16.1124 0.0947409 0.04512
78.8934 16.1124 0.0947409 0.04512
78.9278 16.3659 0.104658 0.0602429
78.8493 16.4338 0.100692 0.0631202
78.598 16.2808 0.100134 0.00550447
79.0663 16.1227 0.101937 0.0663138
78.7035 16.3529 0.0990176 0.0270389
78.9202 16.2733 0.0954054 0.128767
78.6821 16.2102 0.100636 0.0220199
78.7217 16.3244 0.0985536 0.0378663
78.8969 16.3625 0.0997313 0.141755
79.0663 16.1227 0.101937 0.0663138
78.9202 16.2733 0.0954054 0.128767
78.9202 16.2733 0.0954054 0.128767
79.2394 16.4808 0.0966589 0.00683322
78.8493 16.4338 0.100692 0.0631202
78.8969 16.3625 0.0997313 0.141755
79.2047 16.3244 0.103144 0.0184781
78.9031 16.5849 0.101536 0.00904458
78.9202 16.2733 0.0954054 0.128767
78.8934 16.1124 0.0947409 0.04512
78.6821 16.2102 0.100636 0.0220199
78.9029 16.3804 0.101029 0.117522
79.0663 16.1227 0.101937 0.0663138
79.197 16.154 0.106713 0.00488585
79.1366 16.2512 0.100867 0.0744676
78.6821 16.2102 0.100636 0.0220199
79.0755 16.4043 0.108416 0.00496912
78.8969 16.3625 0.0997313 0.141755
78.7682 16.4521 0.089775 0.00233977
78.9202 16.2733 0.0954054 0.128767
78.9202 16.2733 0.0954054 0.128767
79.1366 16.2512 0.100867 0.0744676
78.9278 16.3659 0.104658 0.0602429
79.0694 15.9402 0.0983316 0.00688205
78.8969 16.3625 0.0997313 0.141755
79.0983 16.4483 0.0978865 0.050128
78.9202 16.2733 0.0954054 0.128767
79.1366 16.2512 0.100867 0.0744676
78.9278 16.3659 0.104658 0.0602429
78.724 16.4464 0.0988595 0.0181574
78.6821 16.2102 0.100636 0.0220199
78.9029 16.3804 0.101029 0.117522
79.0663 16.1227 0.101937 0.0663138
78.9202 16.2733 0.0954054 0.128767
78.6821 16.2102 0.100636 0.0220199
78.9029 16.3804 0.101029 0.117522
79.0663 16.1227 0.101937 0.0663138
79.197 16.154 0.106713 0.00488585
78.9202 16.2733 0.0954054 0.128767
78.9202 16.2733 0.0954054 0.128767
79.1366 16.2512 0.100867 0.0744676
78.8934 16.1124 0.0947409 0.04512
78.8493 16.4338 0.100692 0.0631202
78.8969 16.3625 0.0997313 0.141755
78.8969 16.3625 0.0997313 0.141755
79.0663 16.1227 0.101937 0.0663138
78.7175 16.2339 0.0954221 0.0221732
78.8934 16.1124 0.0947409 0.04512
79.0755 16.4043 0.108416 0.00496912
78.8969 16.3625 0.0997313 0.141755
79.0663 16.1227 0.101937 0.0663138
79.0983 16.4483 0.0978865 0.050128
78.7035 16.3529 0.0990176 0.0270389
79.1366 16.2512 0.100867 0.0744676
79.1366 16.2512 0.100867 0.0744676
78.8934 16.1124 0.0947409 0.04512
78.9278 16.3659 0.104658 0.0602429
78.6821 16.2102 0.100636 0.0220199
78.9029 16.3804 0.101029 0.117522
79.0902 16.633 0.10153 0.00228007
78.8969 16.3625 0.0997313 0.141755
78.8969 16.3625 0.0997313 0.141755
79.0663 16.1227 0.101937 0.0663138
79.0983 16.4483 0.0978865 0.050128
79.0983 16.4483 0.0978865 0.050128
78.9202 16.2733 0.0954054 0.128767
78.8934 16.1124 0.0947409 0.04512
78.9278 16.3659 0.104658 0.0602429
78.7217 16.3244 0.0985536 0.0378663
78.9029 16.3804 0.101029 0.117522
78.598 16.2808 0.100134 0.00550447
78.598 16.2808 0.100134 0.00550447
79.0663 16.1227 0.101937 0.0663138
79.2047 16.3244 0.103144 0.0184781
79.197 16.154 0.106713 0.00488585
78.9202 16.2733 0.0954054 0.128767
79.1366 16.2512 0.100867 0.0744676
78.6497 16.3002 0.0945231 0.00611482
78.7217 16.3244 0.0985536 0.0378663
78.9029 16.3804 0.101029 0.117522
78.9029 16.3804 0.101029 0.117522
79.0663 16.1227 0.101937 0.0663138
78.9202 16.2733 0.0954054 0.128767
79.1366 16.2512 0.100867 0.0744676
78.8493 16.4338 0.100692 0.0631202
78.9029 16.3804 0.101029 0.117522
