190.848 -9.7698 3.17089 0.229338
190.777 -9.78695 3.16805 0.250936
190.722 -9.75335 3.16669 0.159014
190.848 -9.7698 3.17089 0.229338
190.777 -9.78695 3.16805 0.250936
190.777 -9.78695 3.16805 0.250936
190.722 -9.75335 3.16669 0.159014
190.722 -9.75335 3.16669 0.159014
190.848 -9.7698 3.17089 0.229338
190.777 -9.78695 3.16805 0.250936
190.722 -9.75335 3.16669 0.159014
190.848 -9.7698 3.17089 0.229338
190.848 -9.7698 3.17089 0.229338
190.589 -9.90462 3.16374 0.0958111
190.722 -9.75335 3.16669 0.159014
190.848 -9.7698 3.17089 0.229338
190.777 -9.78695 3.16805 0.250936
190.717 -9.71191 3.16566 0.0851853
190.749 -9.67283 3.17259 0.0413758
190.848 -9.7698 3.17089 0.229338
190.589 -9.90462 3.16374 0.0958111
190.749 -9.67283 3.17259 0.0413758
190.63 -9.79283 3.15982 0.0184605
190.777 -9.78695 3.16805 0.250936
190.848 -9.7698 3.17089 0.229338
190.74 -9.96835 3.16027 0.0201347
190.777 -9.78695 3.16805 0.250936
190.722 -9.75335 3.16669 0.159014
190.848 -9.7698 3.17089 0.229338
190.777 -9.78695 3.16805 0.250936
190.777 -9.78695 3.16805 0.250936
190.848 -9.7698 3.17089 0.229338
190.848 -9.7698 3.17089 0.229338
190.777 -9.78695 3.16805 0.250936
190.722 -9.75335 3.16669 0.159014
190.722 -9.75335 3.16669 0.159014
190.722 -9.75335 3.16669 0.159014
190.55 -9.79484 3.16276 0.0425024
190.777 -9.78695 3.16805 0.250936
190.722 -9.75335 3.16669 0.159014
190.848 -9.7698 3.17089 0.229338
190.777 -9.78695 3.16805 0.250936
190.722 -9.75335 3.16669 0.159014
190.863 -10.1122 3.16526 0.0118358
190.777 -9.78695 3.16805 0.250936
190.777 -9.78695 3.16805 0.250936
190.749 -9.67283 3.17259 0.0413758
190.848 -9.7698 3.17089 0.229338
190.777 -9.78695 3.16805 0.250936
190.777 -9.78695 3.16805 0.250936
190.848 -9.7698 3.17089 0.229338
190.777 -9.78695 3.16805 0.250936
190.848 -9.7698 3.17089 0.229338
190.848 -9.7698 3.17089 0.229338
190.589 -9.90462 3.16374 0.0958111
190.777 -9.78695 3.16805 0.250936
190.722 -9.75335 3.16669 0.159014
190.848 -9.7698 3.17089 0.229338
190.777 -9.78695 3.16805 0.250936
190.777 -9.78695 3.16805 0.250936
190.722 -9.75335 3.16669 0.159014
190.722 -9.75335 3.16669 0.159014
190.55 -9.79484 3.16276 0.0425024
190.848 -9.7698 3.17089 0.229338
190.426 -9.83965 3.16261 0.00927622
190.749 -9.67283 3.17259 0.0413758
190.848 -9.7698 3.17089 0.229338
190.848 -9.7698 3.17089 0.229338
190.848 -9.7698 3.17089 0.229338
190.777 -9.78695 3.16805 0.250936
190.55 -9.79484 3.16276 0.0425024
190.589 -9.90462 3.16374 0.0958111
190.717 -9.71191 3.16566 0.0851853
190.749 -9.67283 3.17259 0.0413758
190.848 -9.7698 3.17089 0.229338
190.777 -9.78695 3.16805 0.250936
190.722 -9.75335 3.16669 0.159014
190.848 -9.7698 3.17089 0.229338
190.589 -9.90462 3.16374 0.0958111
190.717 -9.71191 3.16566 0.0851853
190.722 -9.75335 3.16669 0.159014
190.848 -9.7698 3.17089 0.229338
190.848 -9.7698 3.17089 0.229338
190.848 -9.7698 3.17089 0.229338
190.589 -9.90462 3.16374 0.0958111
190.589 -9.90462 3.16374 0.0958111
190.589 -9.90462 3.16374 0.0958111
190.777 -9.78695 3.16805 0.250936
190.722 -9.75335 3.16669 0.159014
190.74 -9.96835 3.16027 0.0201347
190.777 -9.78695 3.16805 0.250936
190.717 -9.71191 3.16566 0.0851853
190.722 -9.75335 3.16669 0.159014
190.848 -9.7698 3.17089 0.229338
190.777 -9.78695 3.16805 0.250936
190.722 -9.75335 3.16669 0.159014
190.848 -9.7698 3.17089 0.229338
190.777 -9.78695 3.16805 0.250936
190.777 -9.78695 3.16805 0.250936
190.749 -9.67283 3.17259 0.0413758
