1.44864 -94.5209 3.25072 0.29705
1.87052 -94.4987 3.25572 0.141811
1.39932 -94.4564 3.24516 0.140227
1.5105 -94.4187 3.24103 0.0573386
1.5105 -94.4187 3.24103 0.0573386
1.87052 -94.4987 3.25572 0.141811
1.39932 -94.4564 3.24516 0.140227
1.44864 -94.5209 3.25072 0.29705
1.44864 -94.5209 3.25072 0.29705
1.90223 -94.4948 3.2512 0.106427
1.41807 -94.3724 3.24886 0.0735174
1.87052 -94.4987 3.25572 0.141811
1.44864 -94.5209 3.25072 0.29705
1.87052 -94.4987 3.25572 0.141811
1.39932 -94.4564 3.24516 0.140227
1.5105 -94.4187 3.24103 0.0573386
1.44864 -94.5209 3.25072 0.29705
1.39932 -94.4564 3.24516 0.140227
1.44864 -94.5209 3.25072 0.29705
1.87052 -94.4987 3.25572 0.141811
1.41807 -94.3724 3.24886 0.0735174
1.87052 -94.4987 3.25572 0.141811
1.27554 -94.3425 3.24914 0.0093318
1.44864 -94.5209 3.25072 0.29705
1.87052 -94.4987 3.25572 0.141811
1.41807 -94.3724 3.24886 0.0735174
1.90223 -94.4948 3.2512 0.106427
1.87052 -94.4987 3.25572 0.141811
1.44864 -94.5209 3.25072 0.29705
1.44864 -94.5209 3.25072 0.29705
1.90223 -94.4948 3.2512 0.106427
1.39932 -94.4564 3.24516 0.140227
1.80959 -94.22 3.24055 0.000204373
1.5105 -94.4187 3.24103 0.0573386
1.87052 -94.4987 3.25572 0.141811
1.44864 -94.5209 3.25072 0.29705
1.44864 -94.5209 3.25072 0.29705
1.68059 -94.1423 3.24886 0.00264842
1.44864 -94.5209 3.25072 0.29705
1.44864 -94.5209 3.25072 0.29705
1.39932 -94.4564 3.24516 0.140227
1.41807 -94.3724 3.24886 0.0735174
1.44864 -94.5209 3.25072 0.29705
1.90223 -94.4948 3.2512 0.106427
1.64773 -94.3813 3.24368 0.061239
1.64773 -94.3813 3.24368 0.061239
1.44864 -94.5209 3.25072 0.29705
1.5105 -94.4187 3.24103 0.0573386
1.44864 -94.5209 3.25072 0.29705
1.39932 -94.4564 3.24516 0.140227
1.44864 -94.5209 3.25072 0.29705
1.90223 -94.4948 3.2512 0.106427
1.90223 -94.4948 3.2512 0.106427
1.39932 -94.4564 3.24516 0.140227
1.44864 -94.5209 3.25072 0.29705
1.39932 -94.4564 3.24516 0.140227
1.64773 -94.3813 3.24368 0.061239
1.5105 -94.4187 3.24103 0.0573386
1.90223 -94.4948 3.2512 0.106427
1.39932 -94.4564 3.24516 0.140227
1.39932 -94.4564 3.24516 0.140227
1.64773 -94.3813 3.24368 0.061239
1.44864 -94.5209 3.25072 0.29705
1.90223 -94.4948 3.2512 0.106427
1.90223 -94.4948 3.2512 0.106427
1.17035 -94.5625 3.24561 0.0174482
1.90223 -94.4948 3.2512 0.106427
1.90223 -94.4948 3.2512 0.106427
1.17035 -94.5625 3.24561 0.0174482
1.44864 -94.5209 3.25072 0.29705
1.39932 -94.4564 3.24516 0.140227
1.44864 -94.5209 3.25072 0.29705
1.87052 -94.4987 3.25572 0.141811
1.39932 -94.4564 3.24516 0.140227
1.44864 -94.5209 3.25072 0.29705
1.44864 -94.5209 3.25072 0.29705
1.64773 -94.3813 3.24368 0.061239
1.5105 -94.4187 3.24103 0.0573386
1.27554 -94.3425 3.24914 0.0093318
1.90223 -94.4948 3.2512 0.106427
1.39932 -94.4564 3.24516 0.140227
1.39932 -94.4564 3.24516 0.140227
1.39137 -94.2538 3.2516 0.00856611
1.44864 -94.5209 3.25072 0.29705
1.44864 -94.5209 3.25072 0.29705
1.39932 -94.4564 3.24516 0.140227
1.44864 -94.5209 3.25072 0.29705
1.50287 -94.2673 3.24302 0.00960373
1.5105 -94.4187 3.24103 0.0573386
1.44864 -94.5209 3.25072 0.29705
1.90223 -94.4948 3.2512 0.106427
1.90223 -94.4948 3.2512 0.106427
1.39932 -94.4564 3.24516 0.140227
1.44864 -94.5209 3.25072 0.29705
1.39932 -94.4564 3.24516 0.140227
1.37996 -94.241 3.25467 0.00358203
1.64773 -94.3813 3.24368 0.061239
1.44864 -94.5209 3.25072 0.29705
1.87052 -94.4987 3.25572 0.141811
1.39932 -94.4564 3.24516 0.140227
