74.1856 15.3151 0.103937 0.1009
74.1856 15.3151 0.103937 0.1009
74.1681 15.4556 0.10976 0.166442
74.2754 15.2007 0.113182 0.0172714
74.0664 15.5443 0.111854 0.12961
74.2109 15.6372 0.111039 0.0512485
73.8874 15.4067 0.10206 0.0266621
73.8874 15.4067 0.10206 0.0266621
74.1681 15.4556 0.10976 0.166442
74.1681 15.4556 0.10976 0.166442
74.2754 15.2007 0.113182 0.0172714
74.2754 15.2007 0.113182 0.0172714
74.0457 15.5392 0.0996896 0.0299889
74.1765 15.4672 0.0962707 0.0166914
74.1681 15.4556 0.10976 0.166442
74.1681 15.4556 0.10976 0.166442
74.0664 15.5443 0.111854 0.12961
73.9349 15.3271 0.101255 0.0304058
74.1875 15.249 0.106474 0.0814483
74.1681 15.4556 0.10976 0.166442
74.2115 15.6046 0.1061 0.0641129
74.0664 15.5443 0.111854 0.12961
74.0457 15.5392 0.0996896 0.0299889
74.2109 15.6372 0.111039 0.0512485
74.1856 15.3151 0.103937 0.1009
74.1856 15.3151 0.103937 0.1009
74.2115 15.6046 0.1061 0.0641129
74.0781 15.5861 0.0985166 0.0163354
74.2109 15.6372 0.111039 0.0512485
74.4428 15.3335 0.100514 0.00801432
74.2115 15.6046 0.1061 0.0641129
74.0664 15.5443 0.111854 0.12961
73.9349 15.3271 0.101255 0.0304058
74.1765 15.4672 0.0962707 0.0166914
74.1856 15.3151 0.103937 0.1009
74.1787 15.312 0.0954826 0.0126674
74.0664 15.5443 0.111854 0.12961
74.0457 15.5392 0.0996896 0.0299889
73.8874 15.4067 0.10206 0.0266621
74.1856 15.3151 0.103937 0.1009
74.2115 15.6046 0.1061 0.0641129
73.9845 15.6358 0.120116 0.0142318
74.0664 15.5443 0.111854 0.12961
74.2109 15.6372 0.111039 0.0512485
74.1875 15.249 0.106474 0.0814483
74.1875 15.249 0.106474 0.0814483
74.1856 15.3151 0.103937 0.1009
74.1681 15.4556 0.10976 0.166442
74.1805 15.5512 0.102046 0.0582951
73.9349 15.3271 0.101255 0.0304058
74.1856 15.3151 0.103937 0.1009
74.1681 15.4556 0.10976 0.166442
73.8132 15.4307 0.101728 0.00954906
73.8705 15.6384 0.0991318 0.00253806
74.1875 15.249 0.106474 0.0814483
74.1875 15.249 0.106474 0.0814483
74.2115 15.6046 0.1061 0.0641129
74.2115 15.6046 0.1061 0.0641129
74.2754 15.2007 0.113182 0.0172714
73.8132 15.4307 0.101728 0.00954906
73.9547 15.4157 0.098304 0.0165698
74.085 15.095 0.104509 0.0150308
74.085 15.095 0.104509 0.0150308
74.1681 15.4556 0.10976 0.166442
74.1787 15.312 0.0954826 0.0126674
74.1787 15.312 0.0954826 0.0126674
74.0664 15.5443 0.111854 0.12961
74.2109 15.6372 0.111039 0.0512485
74.1856 15.3151 0.103937 0.1009
73.9706 15.1293 0.0986381 0.00443776
74.0664 15.5443 0.111854 0.12961
73.8874 15.4067 0.10206 0.0266621
74.1856 15.3151 0.103937 0.1009
74.1856 15.3151 0.103937 0.1009
73.6776 15.3505 0.114916 0.00303087
74.1681 15.4556 0.10976 0.166442
74.2115 15.6046 0.1061 0.0641129
74.0781 15.5861 0.0985166 0.0163354
73.8451 15.0658 0.107836 0.00251344
73.7857 15.5318 0.0996272 0.00226225
74.0174 15.4373 0.0980576 0.0231701
74.1856 15.3151 0.103937 0.1009
74.1681 15.4556 0.10976 0.166442
74.2115 15.6046 0.1061 0.0641129
74.1805 15.5512 0.102046 0.0582951
74.0781 15.5861 0.0985166 0.0163354
74.0664 15.5443 0.111854 0.12961
74.0664 15.5443 0.111854 0.12961
73.8874 15.4067 0.10206 0.0266621
74.0174 15.4373 0.0980576 0.0231701
74.1856 15.3151 0.103937 0.1009
74.1681 15.4556 0.10976 0.166442
74.1805 15.5512 0.102046 0.0582951
73.9349 15.3271 0.101255 0.0304058
74.1856 15.3151 0.103937 0.1009
74.1787 15.312 0.0954826 0.0126674
73.9845 15.6358 0.120116 0.0142318
74.0664 15.5443 0.111854 0.12961
74.2495 15.2256 0.0999651 0.0240354
74.0174 15.4373 0.0980576 0.0231701
