121.112 -21.0205 3.39101 0.282359
121.112 -21.0205 3.39101 0.282359
121.112 -21.0205 3.39101 0.282359
120.942 -20.854 3.3776 0.00678979
121.216 -21.0215 3.39571 0.0883192
121.112 -21.0205 3.39101 0.282359
121.177 -21.0934 3.39457 0.143332
120.893 -21.0992 3.38095 0.100836
120.852 -21.0256 3.38806 0.0404788
121.112 -21.0205 3.39101 0.282359
121.177 -21.0934 3.39457 0.143332
120.888 -21.1531 3.38666 0.102135
121.191 -20.9053 3.38327 0.0632897
121.112 -21.0205 3.39101 0.282359
121.177 -21.0934 3.39457 0.143332
120.893 -21.0992 3.38095 0.100836
121.216 -21.0215 3.39571 0.0883192
121.165 -20.7629 3.38668 0.0205651
120.893 -21.0992 3.38095 0.100836
121.445 -20.9501 3.39699 0.0246275
121.112 -21.0205 3.39101 0.282359
120.893 -21.0992 3.38095 0.100836
120.893 -21.0992 3.38095 0.100836
121.112 -21.0205 3.39101 0.282359
121.177 -21.0934 3.39457 0.143332
120.888 -21.1531 3.38666 0.102135
120.893 -21.0992 3.38095 0.100836
121.112 -21.0205 3.39101 0.282359
120.888 -21.1531 3.38666 0.102135
120.888 -21.1531 3.38666 0.102135
121.112 -21.0205 3.39101 0.282359
120.893 -21.0992 3.38095 0.100836
121.216 -21.0215 3.39571 0.0883192
121.108 -21.2617 3.39457 0.0423297
121.177 -21.0934 3.39457 0.143332
120.888 -21.1531 3.38666 0.102135
121.216 -21.0215 3.39571 0.0883192
121.112 -21.0205 3.39101 0.282359
121.177 -21.0934 3.39457 0.143332
121.177 -21.0934 3.39457 0.143332
120.712 -21.0717 3.37401 0.00173938
121.177 -21.0934 3.39457 0.143332
120.888 -21.1531 3.38666 0.102135
121.112 -21.0205 3.39101 0.282359
121.177 -21.0934 3.39457 0.143332
121.177 -21.0934 3.39457 0.143332
120.893 -21.0992 3.38095 0.100836
121.191 -20.9053 3.38327 0.0632897
121.112 -21.0205 3.39101 0.282359
121.177 -21.0934 3.39457 0.143332
121.231 -20.8545 3.396 0.018179
121.216 -21.0215 3.39571 0.0883192
121.112 -21.0205 3.39101 0.282359
121.112 -21.0205 3.39101 0.282359
120.888 -21.1531 3.38666 0.102135
121.112 -21.0205 3.39101 0.282359
121.177 -21.0934 3.39457 0.143332
121.191 -20.9053 3.38327 0.0632897
121.112 -21.0205 3.39101 0.282359
120.893 -21.0992 3.38095 0.100836
121.216 -21.0215 3.39571 0.0883192
121.108 -21.2617 3.39457 0.0423297
120.888 -21.1531 3.38666 0.102135
121.216 -21.0215 3.39571 0.0883192
121.112 -21.0205 3.39101 0.282359
121.108 -21.2617 3.39457 0.0423297
120.888 -21.1531 3.38666 0.102135
121.112 -21.0205 3.39101 0.282359
120.888 -21.1531 3.38666 0.102135
121.191 -20.9053 3.38327 0.0632897
121.112 -21.0205 3.39101 0.282359
121.108 -21.2617 3.39457 0.0423297
121.287 -20.8839 3.39642 0.0251203
121.216 -21.0215 3.39571 0.0883192
121.108 -21.2617 3.39457 0.0423297
120.731 -21.2551 3.38711 0.00321072
120.852 -21.0256 3.38806 0.0404788
121.177 -21.0934 3.39457 0.143332
120.852 -21.0256 3.38806 0.0404788
121.216 -21.0215 3.39571 0.0883192
121.177 -21.0934 3.39457 0.143332
120.893 -21.0992 3.38095 0.100836
121.112 -21.0205 3.39101 0.282359
121.112 -21.0205 3.39101 0.282359
121.177 -21.0934 3.39457 0.143332
121.216 -21.0215 3.39571 0.0883192
121.177 -21.0934 3.39457 0.143332
121.191 -20.9053 3.38327 0.0632897
121.216 -21.0215 3.39571 0.0883192
121.112 -21.0205 3.39101 0.282359
120.888 -21.1531 3.38666 0.102135
120.893 -21.0992 3.38095 0.100836
121.112 -21.0205 3.39101 0.282359
121.177 -21.0934 3.39457 0.143332
120.852 -21.0256 3.38806 0.0404788
121.112 -21.0205 3.39101 0.282359
121.177 -21.0934 3.39457 0.143332
121.177 -21.0934 3.39457 0.143332
120.888 -21.1531 3.38666 0.102135
120.893 -21.0992 3.38095 0.100836
