189.954 -9.21496 3.16459 0.144237
190.033 -9.4213 3.16663 0.0508253
189.93 -9.38468 3.15992 0.146324
189.93 -9.38468 3.15992 0.146324
189.935 -9.14404 3.16629 0.0437964
190.111 -9.1177 3.1701 0.03616
189.954 -9.21496 3.16459 0.144237
189.954 -9.21496 3.16459 0.144237
190.078 -9.4235 3.16553 0.0828035
189.993 -9.4817 3.16252 0.0529778
189.897 -9.07014 3.15337 0.00127234
190.111 -9.1177 3.1701 0.03616
189.877 -9.26351 3.15362 0.0195536
189.954 -9.21496 3.16459 0.144237
190.19 -9.29088 3.16091 0.0557287
190.078 -9.4235 3.16553 0.0828035
189.93 -9.38468 3.15992 0.146324
189.929 -9.38034 3.15626 0.0648923
189.938 -9.44337 3.16094 0.0859133
189.954 -9.21496 3.16459 0.144237
189.954 -9.21496 3.16459 0.144237
189.709 -9.20826 3.15984 0.0112019
189.93 -9.38468 3.15992 0.146324
189.929 -9.38034 3.15626 0.0648923
189.935 -9.14404 3.16629 0.0437964
189.877 -9.26351 3.15362 0.0195536
189.709 -9.20826 3.15984 0.0112019
189.93 -9.38468 3.15992 0.146324
189.929 -9.38034 3.15626 0.0648923
190.111 -9.1177 3.1701 0.03616
189.785 -9.17317 3.15493 0.0146958
189.954 -9.21496 3.16459 0.144237
189.954 -9.21496 3.16459 0.144237
190.19 -9.29088 3.16091 0.0557287
189.993 -9.4817 3.16252 0.0529778
189.93 -9.38468 3.15992 0.146324
189.929 -9.38034 3.15626 0.0648923
190.111 -9.1177 3.1701 0.03616
190.19 -9.29088 3.16091 0.0557287
190.19 -9.29088 3.16091 0.0557287
190.013 -9.2788 3.16836 0.0610016
190.033 -9.4213 3.16663 0.0508253
189.93 -9.38468 3.15992 0.146324
189.938 -9.44337 3.16094 0.0859133
189.877 -9.26351 3.15362 0.0195536
190.013 -9.2788 3.16836 0.0610016
190.078 -9.4235 3.16553 0.0828035
189.93 -9.38468 3.15992 0.146324
189.929 -9.38034 3.15626 0.0648923
190.306 -9.17139 3.16815 0.0414046
190.013 -9.2788 3.16836 0.0610016
189.709 -9.20826 3.15984 0.0112019
190.033 -9.4213 3.16663 0.0508253
189.993 -9.4817 3.16252 0.0529778
189.929 -9.38034 3.15626 0.0648923
189.938 -9.44337 3.16094 0.0859133
190.306 -9.17139 3.16815 0.0414046
190.013 -9.2788 3.16836 0.0610016
190.033 -9.4213 3.16663 0.0508253
189.93 -9.38468 3.15992 0.146324
189.93 -9.38468 3.15992 0.146324
190.111 -9.1177 3.1701 0.03616
189.785 -9.17317 3.15493 0.0146958
189.954 -9.21496 3.16459 0.144237
190.145 -9.54715 3.16935 0.00206804
190.013 -9.2788 3.16836 0.0610016
190.033 -9.4213 3.16663 0.0508253
190.065 -9.20389 3.17086 0.0256705
189.752 -9.58022 3.15637 0.00233405
189.93 -9.38468 3.15992 0.146324
190.111 -9.1177 3.1701 0.03616
189.954 -9.21496 3.16459 0.144237
189.954 -9.21496 3.16459 0.144237
190.078 -9.4235 3.16553 0.0828035
189.993 -9.4817 3.16252 0.0529778
190.065 -9.20389 3.17086 0.0256705
189.752 -9.06998 3.15832 0.00481704
190.306 -9.17139 3.16815 0.0414046
190.077 -9.64576 3.15766 0.000597967
189.954 -9.21496 3.16459 0.144237
189.954 -9.21496 3.16459 0.144237
190.078 -9.4235 3.16553 0.0828035
190.078 -9.4235 3.16553 0.0828035
189.93 -9.38468 3.15992 0.146324
189.935 -9.14404 3.16629 0.0437964
190.111 -9.1177 3.1701 0.03616
190.306 -9.17139 3.16815 0.0414046
190.013 -9.2788 3.16836 0.0610016
190.013 -9.2788 3.16836 0.0610016
190.078 -9.4235 3.16553 0.0828035
189.993 -9.4817 3.16252 0.0529778
189.93 -9.38468 3.15992 0.146324
189.938 -9.44337 3.16094 0.0859133
189.785 -9.17317 3.15493 0.0146958
189.954 -9.21496 3.16459 0.144237
190.19 -9.29088 3.16091 0.0557287
190.013 -9.2788 3.16836 0.0610016
189.993 -9.4817 3.16252 0.0529778
189.93 -9.38468 3.15992 0.146324
189.929 -9.38034 3.15626 0.0648923
