120.77 19.5872 0.0645928 0.146639
120.77 19.5872 0.0645928 0.146639
120.991 19.6634 0.068832 0.00335228
120.724 19.6632 0.0607906 0.145805
120.543 19.6335 0.0665856 0.0816017
120.732 19.4356 0.0605606 0.074676
120.77 19.5872 0.0645928 0.146639
120.805 19.7591 0.0670251 0.0413064
120.724 19.6632 0.0607906 0.145805
120.664 19.5289 0.0667778 0.111268
120.664 19.5289 0.0667778 0.111268
120.77 19.5872 0.0645928 0.146639
120.572 19.5135 0.0543065 0.00652305
120.805 19.7591 0.0670251 0.0413064
120.692 19.8104 0.0637312 0.0547919
120.543 19.6335 0.0665856 0.0816017
121.029 19.556 0.056706 0.0133435
121.081 19.5331 0.0613131 0.00511992
120.77 19.5872 0.0645928 0.146639
120.88 19.5892 0.0576167 0.0701549
120.88 19.5892 0.0576167 0.0701549
120.773 19.7266 0.0706362 0.0208221
121.008 19.6258 0.0554724 0.0146357
120.664 19.5289 0.0667778 0.111268
120.732 19.4356 0.0605606 0.074676
120.77 19.5872 0.0645928 0.146639
120.89 19.7052 0.0550103 0.025928
120.692 19.8104 0.0637312 0.0547919
121.032 19.6594 0.0570897 0.0126599
120.664 19.5289 0.0667778 0.111268
120.77 19.5872 0.0645928 0.146639
120.692 19.8104 0.0637312 0.0547919
120.724 19.6632 0.0607906 0.145805
120.724 19.6632 0.0607906 0.145805
120.724 19.6632 0.0607906 0.145805
120.664 19.5289 0.0667778 0.111268
120.949 19.4062 0.051189 0.00256867
120.732 19.4356 0.0605606 0.074676
120.77 19.5872 0.0645928 0.146639
120.855 19.8197 0.0643743 0.0247255
120.88 19.5892 0.0576167 0.0701549
120.88 19.5892 0.0576167 0.0701549
120.724 19.6632 0.0607906 0.145805
120.724 19.6632 0.0607906 0.145805
120.664 19.5289 0.0667778 0.111268
121.016 19.6475 0.051529 0.00394041
120.732 19.4356 0.0605606 0.074676
120.805 19.7591 0.0670251 0.0413064
120.724 19.6632 0.0607906 0.145805
120.543 19.6335 0.0665856 0.0816017
120.543 19.6335 0.0665856 0.0816017
120.664 19.5289 0.0667778 0.111268
120.664 19.5289 0.0667778 0.111268
121.029 19.556 0.056706 0.0133435
120.529 19.8109 0.0656402 0.0245869
120.77 19.5872 0.0645928 0.146639
120.88 19.5892 0.0576167 0.0701549
120.724 19.6632 0.0607906 0.145805
120.664 19.5289 0.0667778 0.111268
120.529 19.8109 0.0656402 0.0245869
120.642 19.4894 0.0544355 0.0132647
120.89 19.7052 0.0550103 0.025928
120.724 19.6632 0.0607906 0.145805
120.724 19.6632 0.0607906 0.145805
120.543 19.6335 0.0665856 0.0816017
120.732 19.4356 0.0605606 0.074676
120.77 19.5872 0.0645928 0.146639
120.855 19.8197 0.0643743 0.0247255
120.692 19.8104 0.0637312 0.0547919
120.543 19.6335 0.0665856 0.0816017
120.664 19.5289 0.0667778 0.111268
120.77 19.5872 0.0645928 0.146639
120.89 19.7052 0.0550103 0.025928
120.724 19.6632 0.0607906 0.145805
120.543 19.6335 0.0665856 0.0816017
120.664 19.5289 0.0667778 0.111268
121.029 19.556 0.056706 0.0133435
120.529 19.8109 0.0656402 0.0245869
120.77 19.5872 0.0645928 0.146639
120.77 19.5872 0.0645928 0.146639
120.692 19.8104 0.0637312 0.0547919
120.692 19.8104 0.0637312 0.0547919
120.543 19.6335 0.0665856 0.0816017
120.732 19.4356 0.0605606 0.074676
120.89 19.7052 0.0550103 0.025928
120.991 19.6634 0.068832 0.00335228
120.88 19.5892 0.0576167 0.0701549
120.724 19.6632 0.0607906 0.145805
120.773 19.7266 0.0706362 0.0208221
120.543 19.6335 0.0665856 0.0816017
120.664 19.5289 0.0667778 0.111268
120.77 19.5872 0.0645928 0.146639
120.855 19.8197 0.0643743 0.0247255
120.724 19.6632 0.0607906 0.145805
120.543 19.6335 0.0665856 0.0816017
120.664 19.5289 0.0667778 0.111268
120.77 19.5872 0.0645928 0.146639
120.77 19.5872 0.0645928 0.146639
120.89 19.7052 0.0550103 0.025928
120.805 19.7591 0.0670251 0.0413064
