75.2054 15.5257 0.100918 0.0562975
75.1027 15.1502 0.0975318 0.0810786
75.1887 15.3318 0.105673 0.145126
75.1887 15.3318 0.105673 0.145126
75.0792 15.2557 0.103107 0.161998
75.0955 15.5051 0.106095 0.0733715
75.4137 15.3296 0.105018 0.0268784
75.1027 15.1502 0.0975318 0.0810786
75.2783 14.9468 0.0932817 0.0043866
75.1887 15.3318 0.105673 0.145126
75.0792 15.2557 0.103107 0.161998
75.0955 15.5051 0.106095 0.0733715
75.0955 15.5051 0.106095 0.0733715
75.2475 15.2835 0.0984091 0.124774
75.3627 15.2522 0.0981597 0.0552616
75.1887 15.3318 0.105673 0.145126
75.0792 15.2557 0.103107 0.161998
75.0792 15.2557 0.103107 0.161998
75.0955 15.5051 0.106095 0.0733715
74.986 15.3673 0.0871605 0.00160253
75.3627 15.2522 0.0981597 0.0552616
75.1887 15.3318 0.105673 0.145126
75.09 15.5229 0.0999914 0.0531681
75.0955 15.5051 0.106095 0.0733715
75.2475 15.2835 0.0984091 0.124774
75.2475 15.2835 0.0984091 0.124774
75.3627 15.2522 0.0981597 0.0552616
75.1887 15.3318 0.105673 0.145126
75.0792 15.2557 0.103107 0.161998
75.5154 15.115 0.0951218 0.00348521
75.0955 15.5051 0.106095 0.0733715
75.4137 15.3296 0.105018 0.0268784
75.2475 15.2835 0.0984091 0.124774
75.1887 15.3318 0.105673 0.145126
75.09 15.5229 0.0999914 0.0531681
75.3386 15.1519 0.102789 0.0429476
75.2475 15.2835 0.0984091 0.124774
75.2475 15.2835 0.0984091 0.124774
75.2475 15.2835 0.0984091 0.124774
75.1887 15.3318 0.105673 0.145126
75.1296 15.3529 0.115728 0.0129617
75.0792 15.2557 0.103107 0.161998
75.0792 15.2557 0.103107 0.161998
75.0955 15.5051 0.106095 0.0733715
75.2475 15.2835 0.0984091 0.124774
74.8132 15.2619 0.102929 0.0175606
75.0792 15.2557 0.103107 0.161998
75.0792 15.2557 0.103107 0.161998
75.2054 15.5257 0.100918 0.0562975
75.2475 15.2835 0.0984091 0.124774
75.1887 15.3318 0.105673 0.145126
75.09 15.5229 0.0999914 0.0531681
75.0792 15.2557 0.103107 0.161998
75.0955 15.5051 0.106095 0.0733715
75.3627 15.2522 0.0981597 0.0552616
75.2783 14.9468 0.0932817 0.0043866
75.3861 15.6224 0.105176 0.00491379
75.0955 15.5051 0.106095 0.0733715
75.2475 15.2835 0.0984091 0.124774
75.1887 15.3318 0.105673 0.145126
75.1887 15.3318 0.105673 0.145126
75.0792 15.2557 0.103107 0.161998
75.0955 15.5051 0.106095 0.0733715
75.2054 15.5257 0.100918 0.0562975
75.1027 15.1502 0.0975318 0.0810786
75.322 15.5937 0.104905 0.0138526
75.0792 15.2557 0.103107 0.161998
75.0955 15.5051 0.106095 0.0733715
75.2475 15.2835 0.0984091 0.124774
75.1027 15.1502 0.0975318 0.0810786
75.3861 15.6224 0.105176 0.00491379
75.3257 15.8023 0.100169 0.000324921
75.0651 15.1162 0.114859 0.00506153
75.3551 15.5832 0.099399 0.0107977
75.1775 15.6632 0.110006 0.00703283
75.1887 15.3318 0.105673 0.145126
75.322 15.5937 0.104905 0.0138526
74.9698 15.086 0.0941902 0.0125517
75.0792 15.2557 0.103107 0.161998
75.3551 15.5832 0.099399 0.0107977
75.2475 15.2835 0.0984091 0.124774
75.1887 15.3318 0.105673 0.145126
75.1887 15.3318 0.105673 0.145126
75.0792 15.2557 0.103107 0.161998
75.0792 15.2557 0.103107 0.161998
75.0792 15.2557 0.103107 0.161998
75.4283 15.4211 0.0962591 0.0157652
75.2475 15.2835 0.0984091 0.124774
75.1887 15.3318 0.105673 0.145126
75.1887 15.3318 0.105673 0.145126
75.1296 15.3529 0.115728 0.0129617
75.0792 15.2557 0.103107 0.161998
75.2054 15.5257 0.100918 0.0562975
75.1027 15.1502 0.0975318 0.0810786
75.1887 15.3318 0.105673 0.145126
75.0792 15.2557 0.103107 0.161998
75.0792 15.2557 0.103107 0.161998
75.0955 15.5051 0.106095 0.0733715
75.2054 15.5257 0.100918 0.0562975
75.1027 15.1502 0.0975318 0.0810786
