116.083 19.6676 0.0561649 0.0650408
116.272 19.5228 0.0603745 0.0508274
116.388 19.6034 0.0581719 0.0534393
116.165 19.7428 0.0572185 0.21505
116.227 19.6044 0.0499861 0.00500376
115.984 19.786 0.0614053 0.127526
116.112 19.7319 0.0672868 0.195884
116.165 19.7428 0.0572185 0.21505
116.165 19.7428 0.0572185 0.21505
115.984 19.786 0.0614053 0.127526
116.112 19.7319 0.0672868 0.195884
116.559 19.5595 0.0650044 0.000850478
116.428 19.5279 0.0602358 0.0145948
115.984 19.786 0.0614053 0.127526
116.112 19.7319 0.0672868 0.195884
116.388 19.6034 0.0581719 0.0534393
116.165 19.7428 0.0572185 0.21505
116.272 19.5228 0.0603745 0.0508274
116.112 19.7319 0.0672868 0.195884
116.165 19.7428 0.0572185 0.21505
116.283 20.0942 0.0658758 0.00717056
115.984 19.786 0.0614053 0.127526
116.112 19.7319 0.0672868 0.195884
115.988 19.8494 0.0564906 0.0358198
116.165 19.7428 0.0572185 0.21505
116.083 19.6676 0.0561649 0.0650408
116.451 19.898 0.0592468 0.0486044
116.112 19.7319 0.0672868 0.195884
116.112 19.7319 0.0672868 0.195884
116.165 19.7428 0.0572185 0.21505
116.083 19.6676 0.0561649 0.0650408
116.112 19.7319 0.0672868 0.195884
116.165 19.7428 0.0572185 0.21505
115.984 19.786 0.0614053 0.127526
116.112 19.7319 0.0672868 0.195884
116.112 19.7319 0.0672868 0.195884
116.165 19.7428 0.0572185 0.21505
115.884 19.8249 0.0649913 0.0417891
116.388 19.6034 0.0581719 0.0534393
116.165 19.7428 0.0572185 0.21505
116.165 19.7428 0.0572185 0.21505
116.083 19.6676 0.0561649 0.0650408
116.112 19.7319 0.0672868 0.195884
116.165 19.7428 0.0572185 0.21505
116.165 19.7428 0.0572185 0.21505
116.276 19.3997 0.061533 0.00591085
116.451 19.898 0.0592468 0.0486044
116.272 19.5228 0.0603745 0.0508274
116.112 19.7319 0.0672868 0.195884
116.122 19.6905 0.0537142 0.0390765
115.988 19.8494 0.0564906 0.0358198
116.165 19.7428 0.0572185 0.21505
116.083 19.6676 0.0561649 0.0650408
116.451 19.898 0.0592468 0.0486044
116.122 19.6905 0.0537142 0.0390765
116.165 19.7428 0.0572185 0.21505
116.428 19.5279 0.0602358 0.0145948
116.451 19.898 0.0592468 0.0486044
116.112 19.7319 0.0672868 0.195884
116.165 19.7428 0.0572185 0.21505
115.984 19.786 0.0614053 0.127526
116.112 19.7319 0.0672868 0.195884
116.112 19.7319 0.0672868 0.195884
116.165 19.7428 0.0572185 0.21505
116.063 19.3902 0.0624914 0.00456372
116.083 19.6676 0.0561649 0.0650408
116.112 19.7319 0.0672868 0.195884
116.165 19.7428 0.0572185 0.21505
116.165 19.7428 0.0572185 0.21505
116.165 19.7428 0.0572185 0.21505
115.984 19.786 0.0614053 0.127526
116.272 19.5228 0.0603745 0.0508274
116.112 19.7319 0.0672868 0.195884
116.165 19.7428 0.0572185 0.21505
116.447 19.9257 0.0658423 0.00923327
116.451 19.898 0.0592468 0.0486044
115.878 19.7397 0.0531075 0.00090208
116.165 19.7428 0.0572185 0.21505
116.227 19.6044 0.0499861 0.00500376
115.984 19.786 0.0614053 0.127526
116.451 19.898 0.0592468 0.0486044
116.122 19.6905 0.0537142 0.0390765
115.984 19.786 0.0614053 0.127526
116.083 19.6676 0.0561649 0.0650408
116.112 19.7319 0.0672868 0.195884
116.112 19.7319 0.0672868 0.195884
116.122 19.6905 0.0537142 0.0390765
116.165 19.7428 0.0572185 0.21505
116.083 19.6676 0.0561649 0.0650408
116.47 19.9284 0.0586756 0.030895
116.165 19.7428 0.0572185 0.21505
116.283 20.0942 0.0658758 0.00717056
116.112 19.7319 0.0672868 0.195884
116.165 19.7428 0.0572185 0.21505
115.984 19.786 0.0614053 0.127526
116.112 19.7319 0.0672868 0.195884
116.122 19.6905 0.0537142 0.0390765
116.122 19.6905 0.0537142 0.0390765
116.165 19.7428 0.0572185 0.21505
116.083 19.6676 0.0561649 0.0650408
