44.6386 -68.9037 3.9264 0.0830943
44.6071 -68.9519 3.93946 0.0086236
44.5963 -68.9479 3.9336 0.219072
44.4323 -68.9503 3.92685 0.375416
44.7433 -68.8527 3.93614 0.0497779
44.4323 -68.9503 3.92685 0.375416
44.3011 -68.9389 3.92646 0.133857
44.6806 -68.6 3.93659 0.0146037
44.5963 -68.9479 3.9336 0.219072
44.4323 -68.9503 3.92685 0.375416
44.6806 -68.6 3.93659 0.0146037
44.4323 -68.9503 3.92685 0.375416
44.7433 -68.8527 3.93614 0.0497779
44.4323 -68.9503 3.92685 0.375416
44.7433 -68.8527 3.93614 0.0497779
44.4323 -68.9503 3.92685 0.375416
44.3011 -68.9389 3.92646 0.133857
44.4323 -68.9503 3.92685 0.375416
44.4547 -68.5763 3.92921 0.0363165
44.6395 -69.0024 3.93643 0.0233666
44.5963 -68.9479 3.9336 0.219072
44.4323 -68.9503 3.92685 0.375416
44.2267 -68.8043 3.93074 0.0212329
44.7433 -68.8527 3.93614 0.0497779
44.4323 -68.9503 3.92685 0.375416
44.4547 -68.5763 3.92921 0.0363165
44.4323 -68.9503 3.92685 0.375416
44.3011 -68.9389 3.92646 0.133857
44.2267 -68.8043 3.93074 0.0212329
44.5963 -68.9479 3.9336 0.219072
44.3011 -68.9389 3.92646 0.133857
44.4547 -68.5763 3.92921 0.0363165
44.5963 -68.9479 3.9336 0.219072
44.7791 -68.9808 3.92979 0.0052237
44.4323 -68.9503 3.92685 0.375416
44.4323 -68.9503 3.92685 0.375416
44.2267 -68.8043 3.93074 0.0212329
44.4323 -68.9503 3.92685 0.375416
44.4323 -68.9503 3.92685 0.375416
44.6386 -68.9037 3.9264 0.0830943
44.5963 -68.9479 3.9336 0.219072
44.4323 -68.9503 3.92685 0.375416
44.4323 -68.9503 3.92685 0.375416
44.1714 -68.7977 3.92473 0.0118007
44.6395 -69.0024 3.93643 0.0233666
44.5963 -68.9479 3.9336 0.219072
44.6386 -68.9037 3.9264 0.0830943
44.4323 -68.9503 3.92685 0.375416
44.7433 -68.8527 3.93614 0.0497779
44.5963 -68.9479 3.9336 0.219072
44.4323 -68.9503 3.92685 0.375416
44.5963 -68.9479 3.9336 0.219072
44.7015 -68.5937 3.92987 0.00715331
44.5963 -68.9479 3.9336 0.219072
44.6386 -68.9037 3.9264 0.0830943
44.4323 -68.9503 3.92685 0.375416
44.7015 -68.5937 3.92987 0.00715331
44.6386 -68.9037 3.9264 0.0830943
44.3011 -68.9389 3.92646 0.133857
44.7433 -68.8527 3.93614 0.0497779
44.4323 -68.9503 3.92685 0.375416
44.3011 -68.9389 3.92646 0.133857
44.7791 -68.9808 3.92979 0.0052237
44.4323 -68.9503 3.92685 0.375416
44.4323 -68.9503 3.92685 0.375416
44.4323 -68.9503 3.92685 0.375416
44.3011 -68.9389 3.92646 0.133857
44.4323 -68.9503 3.92685 0.375416
44.6386 -68.9037 3.9264 0.0830943
44.5963 -68.9479 3.9336 0.219072
44.4323 -68.9503 3.92685 0.375416
44.5963 -68.9479 3.9336 0.219072
44.3011 -68.9389 3.92646 0.133857
44.5963 -68.9479 3.9336 0.219072
44.5963 -68.9479 3.9336 0.219072
44.6386 -68.9037 3.9264 0.0830943
44.4323 -68.9503 3.92685 0.375416
44.4323 -68.9503 3.92685 0.375416
44.4323 -68.9503 3.92685 0.375416
44.3011 -68.9389 3.92646 0.133857
44.6071 -68.9519 3.93946 0.0086236
44.5963 -68.9479 3.9336 0.219072
44.4323 -68.9503 3.92685 0.375416
44.6386 -68.9037 3.9264 0.0830943
44.5963 -68.9479 3.9336 0.219072
44.4323 -68.9503 3.92685 0.375416
44.4323 -68.9503 3.92685 0.375416
44.5963 -68.9479 3.9336 0.219072
44.4323 -68.9503 3.92685 0.375416
44.7433 -68.8527 3.93614 0.0497779
44.4323 -68.9503 3.92685 0.375416
44.3011 -68.9389 3.92646 0.133857
44.5963 -68.9479 3.9336 0.219072
44.4323 -68.9503 3.92685 0.375416
44.6386 -68.9037 3.9264 0.0830943
44.5963 -68.9479 3.9336 0.219072
44.4323 -68.9503 3.92685 0.375416
44.3011 -68.9389 3.92646 0.133857
44.4323 -68.9503 3.92685 0.375416
44.6386 -68.9037 3.9264 0.0830943
