-8.71595 -94.9238 2.97101 0.100458
-8.7304 -95.0136 2.97049 0.049233
-8.75628 -94.8562 2.97104 0.123444
-8.66998 -94.5896 2.97144 0.0237943
-8.69798 -94.8618 2.97319 0.140566
-8.71595 -94.9238 2.97101 0.100458
-8.73539 -94.7778 2.97204 0.128312
-8.75628 -94.8562 2.97104 0.123444
-8.66998 -94.5896 2.97144 0.0237943
-8.43485 -94.8632 2.9699 0.00658896
-8.69798 -94.8618 2.97319 0.140566
-8.69798 -94.8618 2.97319 0.140566
-8.71595 -94.9238 2.97101 0.100458
-8.73539 -94.7778 2.97204 0.128312
-8.75628 -94.8562 2.97104 0.123444
-8.75628 -94.8562 2.97104 0.123444
-8.66998 -94.5896 2.97144 0.0237943
-8.69798 -94.8618 2.97319 0.140566
-8.69798 -94.8618 2.97319 0.140566
-8.69798 -94.8618 2.97319 0.140566
-8.69798 -94.8618 2.97319 0.140566
-8.71595 -94.9238 2.97101 0.100458
-8.7304 -95.0136 2.97049 0.049233
-8.75628 -94.8562 2.97104 0.123444
-8.5983 -94.657 2.97656 0.0577851
-8.69798 -94.8618 2.97319 0.140566
-8.90138 -94.8863 2.96652 0.0344911
-8.88803 -94.7492 2.97038 0.0526701
-8.88803 -94.7492 2.97038 0.0526701
-8.75628 -94.8562 2.97104 0.123444
-8.75628 -94.8562 2.97104 0.123444
-8.44013 -94.6964 2.97875 0.0253697
-8.7122 -94.6078 2.9776 0.0270028
-8.88803 -94.7492 2.97038 0.0526701
-8.73539 -94.7778 2.97204 0.128312
-8.73539 -94.7778 2.97204 0.128312
-8.75628 -94.8562 2.97104 0.123444
-8.53574 -94.6404 2.97264 0.0243578
-8.89091 -95.028 2.97628 0.00625854
-8.7122 -94.6078 2.9776 0.0270028
-8.71595 -94.9238 2.97101 0.100458
-8.73539 -94.7778 2.97204 0.128312
-8.73539 -94.7778 2.97204 0.128312
-8.5983 -94.657 2.97656 0.0577851
-8.69798 -94.8618 2.97319 0.140566
-8.57207 -94.6796 2.97869 0.0488509
-8.71595 -94.9238 2.97101 0.100458
-8.73539 -94.7778 2.97204 0.128312
-8.73539 -94.7778 2.97204 0.128312
-8.59294 -94.6964 2.98075 0.0313875
-8.69798 -94.8618 2.97319 0.140566
-8.81425 -94.4687 2.97113 0.00263667
-8.7304 -95.0136 2.97049 0.049233
-8.73539 -94.7778 2.97204 0.128312
-8.5983 -94.657 2.97656 0.0577851
-8.69798 -94.8618 2.97319 0.140566
-8.69798 -94.8618 2.97319 0.140566
-8.90138 -94.8863 2.96652 0.0344911
-8.88803 -94.7492 2.97038 0.0526701
-8.73539 -94.7778 2.97204 0.128312
-8.59294 -94.6964 2.98075 0.0313875
-8.44013 -94.6964 2.97875 0.0253697
-8.90138 -94.8863 2.96652 0.0344911
-8.71595 -94.9238 2.97101 0.100458
-8.73539 -94.7778 2.97204 0.128312
-8.75628 -94.8562 2.97104 0.123444
-8.44013 -94.6964 2.97875 0.0253697
-8.89091 -95.028 2.97628 0.00625854
-8.7137 -94.6423 2.96655 0.0105358
-8.7304 -95.0136 2.97049 0.049233
-8.75628 -94.8562 2.97104 0.123444
-8.75628 -94.8562 2.97104 0.123444
-8.75628 -94.8562 2.97104 0.123444
-8.5983 -94.657 2.97656 0.0577851
-8.70458 -94.9206 2.98275 0.00504251
-8.69798 -94.8618 2.97319 0.140566
-8.69798 -94.8618 2.97319 0.140566
-8.69798 -94.8618 2.97319 0.140566
-8.69798 -94.8618 2.97319 0.140566
-8.90138 -94.8863 2.96652 0.0344911
-8.88803 -94.7492 2.97038 0.0526701
-8.73539 -94.7778 2.97204 0.128312
-8.73539 -94.7778 2.97204 0.128312
-8.75628 -94.8562 2.97104 0.123444
-8.59294 -94.6964 2.98075 0.0313875
-8.44013 -94.6964 2.97875 0.0253697
-8.69798 -94.8618 2.97319 0.140566
-8.71595 -94.9238 2.97101 0.100458
-8.88803 -94.7492 2.97038 0.0526701
-8.7304 -95.0136 2.97049 0.049233
-8.53574 -94.6404 2.97264 0.0243578
-8.66998 -94.5896 2.97144 0.0237943
-8.7122 -94.6078 2.9776 0.0270028
-8.71595 -94.9238 2.97101 0.100458
-8.88803 -94.7492 2.97038 0.0526701
-8.73539 -94.7778 2.97204 0.128312
-8.5983 -94.657 2.97656 0.0577851
-8.69798 -94.8618 2.97319 0.140566
-8.69798 -94.8618 2.97319 0.140566
-8.69798 -94.8618 2.97319 0.140566
