50.6451 -59.7959 3.91751 0.0436244
50.8522 -59.8065 3.92436 0.200575
51.0258 -59.9216 3.92022 0.0835211
50.6934 -59.8125 3.92186 0.0640013
50.7906 -59.7464 3.92329 0.119853
50.7398 -59.6602 3.90897 0.000409504
50.8561 -59.9346 3.91633 0.144182
50.8522 -59.8065 3.92436 0.200575
50.6074 -60.0264 3.91001 0.000606765
50.7906 -59.7464 3.92329 0.119853
50.8246 -59.7352 3.91911 0.209973
50.8561 -59.9346 3.91633 0.144182
50.8522 -59.8065 3.92436 0.200575
50.8246 -59.7352 3.91911 0.209973
50.8246 -59.7352 3.91911 0.209973
50.8246 -59.7352 3.91911 0.209973
50.6451 -59.7959 3.91751 0.0436244
50.8522 -59.8065 3.92436 0.200575
50.8522 -59.8065 3.92436 0.200575
50.7906 -59.7464 3.92329 0.119853
50.8246 -59.7352 3.91911 0.209973
50.8561 -59.9346 3.91633 0.144182
51.0258 -59.9216 3.92022 0.0835211
50.7906 -59.7464 3.92329 0.119853
50.8246 -59.7352 3.91911 0.209973
50.8246 -59.7352 3.91911 0.209973
50.8561 -59.9346 3.91633 0.144182
50.8522 -59.8065 3.92436 0.200575
50.8522 -59.8065 3.92436 0.200575
50.7906 -59.7464 3.92329 0.119853
50.7906 -59.7464 3.92329 0.119853
50.8246 -59.7352 3.91911 0.209973
50.8246 -59.7352 3.91911 0.209973
50.6451 -59.7959 3.91751 0.0436244
50.8561 -59.9346 3.91633 0.144182
50.624 -59.6873 3.91498 0.00659439
50.6934 -59.8125 3.92186 0.0640013
50.8246 -59.7352 3.91911 0.209973
50.6451 -59.7959 3.91751 0.0436244
50.8561 -59.9346 3.91633 0.144182
50.8522 -59.8065 3.92436 0.200575
50.757 -59.8892 3.91121 0.016323
50.7906 -59.7464 3.92329 0.119853
50.7906 -59.7464 3.92329 0.119853
50.8246 -59.7352 3.91911 0.209973
50.8561 -59.9346 3.91633 0.144182
50.8522 -59.8065 3.92436 0.200575
50.7906 -59.7464 3.92329 0.119853
50.7906 -59.7464 3.92329 0.119853
50.6451 -59.7959 3.91751 0.0436244
50.6451 -59.7959 3.91751 0.0436244
50.8522 -59.8065 3.92436 0.200575
50.8522 -59.8065 3.92436 0.200575
50.8246 -59.7352 3.91911 0.209973
50.8246 -59.7352 3.91911 0.209973
50.8561 -59.9346 3.91633 0.144182
50.8522 -59.8065 3.92436 0.200575
50.6934 -59.8125 3.92186 0.0640013
50.7906 -59.7464 3.92329 0.119853
50.8246 -59.7352 3.91911 0.209973
50.8561 -59.9346 3.91633 0.144182
51.0258 -59.9216 3.92022 0.0835211
51.0258 -59.9216 3.92022 0.0835211
50.7906 -59.7464 3.92329 0.119853
50.8246 -59.7352 3.91911 0.209973
50.8522 -59.8065 3.92436 0.200575
50.8522 -59.8065 3.92436 0.200575
51.0258 -59.9216 3.92022 0.0835211
50.7906 -59.7464 3.92329 0.119853
50.6426 -59.6422 3.92256 0.00252024
50.8522 -59.8065 3.92436 0.200575
50.6934 -59.8125 3.92186 0.0640013
50.8246 -59.7352 3.91911 0.209973
50.8246 -59.7352 3.91911 0.209973
50.8246 -59.7352 3.91911 0.209973
50.8246 -59.7352 3.91911 0.209973
51.0282 -59.6342 3.91674 0.00336874
50.8522 -59.8065 3.92436 0.200575
50.9816 -59.6523 3.92646 0.0208564
50.8246 -59.7352 3.91911 0.209973
50.8561 -59.9346 3.91633 0.144182
50.8522 -59.8065 3.92436 0.200575
50.9308 -59.766 3.92846 0.0335289
50.7906 -59.7464 3.92329 0.119853
50.727 -60.0285 3.92001 0.0293735
50.8522 -59.8065 3.92436 0.200575
50.8522 -59.8065 3.92436 0.200575
50.7906 -59.7464 3.92329 0.119853
50.8246 -59.7352 3.91911 0.209973
50.8561 -59.9346 3.91633 0.144182
50.8522 -59.8065 3.92436 0.200575
51.0258 -59.9216 3.92022 0.0835211
50.8246 -59.7352 3.91911 0.209973
50.8561 -59.9346 3.91633 0.144182
50.6934 -59.8125 3.92186 0.0640013
50.8246 -59.7352 3.91911 0.209973
50.8246 -59.7352 3.91911 0.209973
50.8246 -59.7352 3.91911 0.209973
50.8522 -59.8065 3.92436 0.200575
50.7052 -59.6931 3.92677 0.00277106
