182.474 -10.5018 3.19996 0.0430891
182.519 -10.6612 3.19608 0.183336
182.519 -10.6612 3.19608 0.183336
182.519 -10.6612 3.19608 0.183336
182.64 -10.605 3.19982 0.0198096
182.367 -10.6434 3.1971 0.219917
182.367 -10.6434 3.1971 0.219917
182.379 -10.4726 3.19241 0.198954
182.302 -10.6383 3.18393 0.0138394
182.367 -10.6434 3.1971 0.219917
182.379 -10.4726 3.19241 0.198954
182.519 -10.6612 3.19608 0.183336
182.367 -10.6434 3.1971 0.219917
182.474 -10.5018 3.19996 0.0430891
182.668 -10.5532 3.1932 0.00511973
182.519 -10.6612 3.19608 0.183336
182.519 -10.6612 3.19608 0.183336
182.367 -10.6434 3.1971 0.219917
182.379 -10.4726 3.19241 0.198954
182.379 -10.4726 3.19241 0.198954
182.247 -10.8443 3.18439 0.00790587
182.41 -10.43 3.19356 0.101791
182.367 -10.6434 3.1971 0.219917
182.503 -10.6715 3.2001 0.0430218
182.668 -10.5532 3.1932 0.00511973
182.28 -10.7824 3.19769 0.0182501
182.367 -10.6434 3.1971 0.219917
182.474 -10.5018 3.19996 0.0430891
182.379 -10.4726 3.19241 0.198954
182.519 -10.6612 3.19608 0.183336
182.519 -10.6612 3.19608 0.183336
182.41 -10.43 3.19356 0.101791
182.367 -10.6434 3.1971 0.219917
182.379 -10.4726 3.19241 0.198954
182.28 -10.7824 3.19769 0.0182501
182.367 -10.6434 3.1971 0.219917
182.379 -10.4726 3.19241 0.198954
182.581 -10.5388 3.19962 0.0385336
182.367 -10.6434 3.1971 0.219917
182.379 -10.4726 3.19241 0.198954
182.519 -10.6612 3.19608 0.183336
182.519 -10.6612 3.19608 0.183336
182.367 -10.6434 3.1971 0.219917
182.379 -10.4726 3.19241 0.198954
182.519 -10.6612 3.19608 0.183336
182.053 -10.8019 3.19086 0.0103196
182.367 -10.6434 3.1971 0.219917
182.519 -10.6612 3.19608 0.183336
182.41 -10.43 3.19356 0.101791
182.503 -10.6715 3.2001 0.0430218
182.379 -10.4726 3.19241 0.198954
182.379 -10.4726 3.19241 0.198954
182.519 -10.6612 3.19608 0.183336
182.64 -10.605 3.19982 0.0198096
182.367 -10.6434 3.1971 0.219917
182.379 -10.4726 3.19241 0.198954
182.379 -10.4726 3.19241 0.198954
182.519 -10.6612 3.19608 0.183336
182.367 -10.6434 3.1971 0.219917
182.379 -10.4726 3.19241 0.198954
182.379 -10.4726 3.19241 0.198954
182.519 -10.6612 3.19608 0.183336
182.371 -10.9125 3.19077 0.015034
182.367 -10.6434 3.1971 0.219917
182.379 -10.4726 3.19241 0.198954
182.053 -10.8019 3.19086 0.0103196
182.367 -10.6434 3.1971 0.219917
182.379 -10.4726 3.19241 0.198954
182.519 -10.6612 3.19608 0.183336
182.367 -10.6434 3.1971 0.219917
182.503 -10.6715 3.2001 0.0430218
182.519 -10.6612 3.19608 0.183336
182.581 -10.5388 3.19962 0.0385336
182.367 -10.6434 3.1971 0.219917
182.474 -10.5018 3.19996 0.0430891
182.379 -10.4726 3.19241 0.198954
182.519 -10.6612 3.19608 0.183336
182.519 -10.6612 3.19608 0.183336
182.367 -10.6434 3.1971 0.219917
182.379 -10.4726 3.19241 0.198954
182.519 -10.6612 3.19608 0.183336
182.64 -10.605 3.19982 0.0198096
182.367 -10.6434 3.1971 0.219917
182.367 -10.6434 3.1971 0.219917
182.367 -10.6434 3.1971 0.219917
182.474 -10.5018 3.19996 0.0430891
182.379 -10.4726 3.19241 0.198954
182.379 -10.4726 3.19241 0.198954
182.519 -10.6612 3.19608 0.183336
182.554 -10.4711 3.18995 0.00574625
182.474 -10.5018 3.19996 0.0430891
182.379 -10.4726 3.19241 0.198954
182.371 -10.9125 3.19077 0.015034
182.41 -10.43 3.19356 0.101791
182.379 -10.4726 3.19241 0.198954
182.379 -10.4726 3.19241 0.198954
182.519 -10.6612 3.19608 0.183336
182.519 -10.6612 3.19608 0.183336
182.367 -10.6434 3.1971 0.219917
182.304 -10.7996 3.18361 0.00458981
