-17.3188 -4.04784 0.608404 0.0493169
-17.2784 -4.21614 0.610436 0.0100579
-17.083 -4.08597 0.61168 0.176634
-17.2359 -3.95047 0.608834 0.295505
-17.271 -3.8649 0.606486 0.118181
-17.2225 -3.99057 0.606747 0.17996
-17.2975 -4.15566 0.618161 0.0263143
-17.2359 -3.95047 0.608834 0.295505
-17.2359 -3.95047 0.608834 0.295505
-17.271 -3.8649 0.606486 0.118181
-17.0257 -3.98175 0.616114 0.0316802
-17.2359 -3.95047 0.608834 0.295505
-17.2359 -3.95047 0.608834 0.295505
-17.2359 -3.95047 0.608834 0.295505
-17.083 -4.08597 0.61168 0.176634
-17.2359 -3.95047 0.608834 0.295505
-17.2975 -4.15566 0.618161 0.0263143
-17.083 -4.08597 0.61168 0.176634
-17.2359 -3.95047 0.608834 0.295505
-17.271 -3.8649 0.606486 0.118181
-17.083 -4.08597 0.61168 0.176634
-17.3188 -4.04784 0.608404 0.0493169
-17.2359 -3.95047 0.608834 0.295505
-17.083 -4.08597 0.61168 0.176634
-17.2359 -3.95047 0.608834 0.295505
-17.2359 -3.95047 0.608834 0.295505
-17.083 -4.08597 0.61168 0.176634
-17.083 -4.08597 0.61168 0.176634
-17.2359 -3.95047 0.608834 0.295505
-17.2359 -3.95047 0.608834 0.295505
-17.4099 -3.95047 0.607228 0.00877383
-17.2359 -3.95047 0.608834 0.295505
-17.324 -4.04729 0.606069 0.0168556
-17.083 -4.08597 0.61168 0.176634
-17.2359 -3.95047 0.608834 0.295505
-17.2359 -3.95047 0.608834 0.295505
-17.083 -4.08597 0.61168 0.176634
-17.3998 -3.98201 0.614984 0.0259795
-17.2225 -3.99057 0.606747 0.17996
-17.083 -4.08597 0.61168 0.176634
-17.2359 -3.95047 0.608834 0.295505
-17.2225 -3.99057 0.606747 0.17996
-17.083 -4.08597 0.61168 0.176634
-17.083 -4.08597 0.61168 0.176634
-17.2359 -3.95047 0.608834 0.295505
-17.2225 -3.99057 0.606747 0.17996
-17.3188 -4.04784 0.608404 0.0493169
-17.2359 -3.95047 0.608834 0.295505
-17.2359 -3.95047 0.608834 0.295505
-17.2225 -3.99057 0.606747 0.17996
-17.3188 -4.04784 0.608404 0.0493169
-17.271 -3.8649 0.606486 0.118181
-17.083 -4.08597 0.61168 0.176634
-17.0257 -3.98175 0.616114 0.0316802
-17.2359 -3.95047 0.608834 0.295505
-17.2225 -3.99057 0.606747 0.17996
-17.2359 -3.95047 0.608834 0.295505
-17.2359 -3.95047 0.608834 0.295505
-17.271 -3.8649 0.606486 0.118181
-17.2225 -3.99057 0.606747 0.17996
-17.0257 -3.98175 0.616114 0.0316802
-17.271 -3.8649 0.606486 0.118181
-17.271 -3.8649 0.606486 0.118181
-17.2225 -3.99057 0.606747 0.17996
-17.083 -4.08597 0.61168 0.176634
-17.271 -3.8649 0.606486 0.118181
-17.2225 -3.99057 0.606747 0.17996
-17.2359 -3.95047 0.608834 0.295505
-17.2359 -3.95047 0.608834 0.295505
-17.271 -3.8649 0.606486 0.118181
-17.2225 -3.99057 0.606747 0.17996
-17.2225 -3.99057 0.606747 0.17996
-17.2225 -3.99057 0.606747 0.17996
-17.2359 -3.95047 0.608834 0.295505
-17.2359 -3.95047 0.608834 0.295505
-17.083 -4.08597 0.61168 0.176634
-17.2359 -3.95047 0.608834 0.295505
-17.2359 -3.95047 0.608834 0.295505
-17.271 -3.8649 0.606486 0.118181
-17.271 -3.8649 0.606486 0.118181
-17.2225 -3.99057 0.606747 0.17996
-17.2225 -3.99057 0.606747 0.17996
-17.2359 -3.95047 0.608834 0.295505
-17.2359 -3.95047 0.608834 0.295505
-17.271 -3.8649 0.606486 0.118181
-17.083 -4.08597 0.61168 0.176634
-17.2359 -3.95047 0.608834 0.295505
-17.2359 -3.95047 0.608834 0.295505
-17.2359 -3.95047 0.608834 0.295505
-17.2359 -3.95047 0.608834 0.295505
-17.2225 -3.99057 0.606747 0.17996
-17.2225 -3.99057 0.606747 0.17996
-17.2359 -3.95047 0.608834 0.295505
-17.271 -3.8649 0.606486 0.118181
-17.2225 -3.99057 0.606747 0.17996
-17.083 -4.08597 0.61168 0.176634
-17.2359 -3.95047 0.608834 0.295505
-17.083 -4.08597 0.61168 0.176634
-17.2359 -3.95047 0.608834 0.295505
-17.2359 -3.95047 0.608834 0.295505
