-30.4897 -83.2871 2.38187 0.0544709
-30.4897 -83.2871 2.38187 0.0544709
-30.8372 -83.2389 2.37475 0.0770824
-30.4291 -83.1486 2.37417 0.0148036
-30.8347 -83.2907 2.3801 0.0757798
-30.8347 -83.2907 2.3801 0.0757798
-30.5248 -83.4246 2.37891 0.0766041
-30.687 -83.5903 2.38286 0.0356602
-30.5623 -83.3888 2.37483 0.0511722
-30.8372 -83.2389 2.37475 0.0770824
-30.6946 -83.3147 2.38391 0.0683375
-30.6946 -83.3147 2.38391 0.0683375
-30.7314 -83.2203 2.37845 0.140874
-30.7314 -83.2203 2.37845 0.140874
-30.5514 -83.2387 2.38054 0.0881942
-30.4106 -83.4905 2.38452 0.0142888
-30.76 -83.4171 2.38519 0.0415569
-30.5547 -83.3053 2.37399 0.0606672
-30.4897 -83.2871 2.38187 0.0544709
-30.4897 -83.2871 2.38187 0.0544709
-30.8225 -83.1512 2.37869 0.0494336
-30.7314 -83.2203 2.37845 0.140874
-30.7314 -83.2203 2.37845 0.140874
-30.5514 -83.2387 2.38054 0.0881942
-30.8347 -83.2907 2.3801 0.0757798
-30.7922 -83.4644 2.37603 0.0412952
-30.5248 -83.4246 2.37891 0.0766041
-30.5248 -83.4246 2.37891 0.0766041
-30.6576 -83.4198 2.39097 0.00272434
-30.5623 -83.3888 2.37483 0.0511722
-30.4897 -83.2871 2.38187 0.0544709
-30.6946 -83.3147 2.38391 0.0683375
-30.7314 -83.2203 2.37845 0.140874
-30.7373 -82.9212 2.36888 0.00551754
-30.5248 -83.4246 2.37891 0.0766041
-30.687 -83.5903 2.38286 0.0356602
-30.5623 -83.3888 2.37483 0.0511722
-30.8368 -83.0053 2.37277 0.016687
-30.8225 -83.1512 2.37869 0.0494336
-30.8372 -83.2389 2.37475 0.0770824
-30.7314 -83.2203 2.37845 0.140874
-30.7922 -83.4644 2.37603 0.0412952
-30.6234 -83.6314 2.38026 0.0160642
-30.4897 -83.2871 2.38187 0.0544709
-30.7314 -83.2203 2.37845 0.140874
-30.5514 -83.2387 2.38054 0.0881942
-30.3602 -83.1684 2.37258 0.00329658
-30.5248 -83.4246 2.37891 0.0766041
-30.687 -83.5903 2.38286 0.0356602
-30.3836 -83.27 2.38397 0.00781887
-30.8225 -83.1512 2.37869 0.0494336
-30.8372 -83.2389 2.37475 0.0770824
-30.7314 -83.2203 2.37845 0.140874
-30.5514 -83.2387 2.38054 0.0881942
-30.5248 -83.4246 2.37891 0.0766041
-30.5793 -83.6935 2.38562 0.00743942
-30.8372 -83.2389 2.37475 0.0770824
-30.8372 -83.2389 2.37475 0.0770824
-30.7314 -83.2203 2.37845 0.140874
-30.8347 -83.2907 2.3801 0.0757798
-31.0599 -83.127 2.38083 0.000508619
-30.5547 -83.3053 2.37399 0.0606672
-30.6894 -83.0133 2.38444 0.000866952
-30.8368 -83.0053 2.37277 0.016687
-30.8372 -83.2389 2.37475 0.0770824
-30.7314 -83.2203 2.37845 0.140874
-30.5514 -83.2387 2.38054 0.0881942
-30.5248 -83.4246 2.37891 0.0766041
-30.5623 -83.3888 2.37483 0.0511722
-30.4912 -83.0122 2.37895 0.00582435
-30.8225 -83.1512 2.37869 0.0494336
-30.8372 -83.2389 2.37475 0.0770824
-30.6946 -83.3147 2.38391 0.0683375
-30.7314 -83.2203 2.37845 0.140874
-30.7922 -83.4644 2.37603 0.0412952
-30.5547 -83.3053 2.37399 0.0606672
-30.5793 -83.6935 2.38562 0.00743942
-30.8225 -83.1512 2.37869 0.0494336
-30.6946 -83.3147 2.38391 0.0683375
-30.8347 -83.2907 2.3801 0.0757798
-30.8347 -83.2907 2.3801 0.0757798
-30.5248 -83.4246 2.37891 0.0766041
-30.5248 -83.4246 2.37891 0.0766041
-30.5248 -83.4246 2.37891 0.0766041
-30.7476 -82.8751 2.37505 0.002726
-30.8225 -83.1512 2.37869 0.0494336
-30.8372 -83.2389 2.37475 0.0770824
-30.6946 -83.3147 2.38391 0.0683375
-30.7314 -83.2203 2.37845 0.140874
-30.7314 -83.2203 2.37845 0.140874
-30.5514 -83.2387 2.38054 0.0881942
-30.7922 -83.4644 2.37603 0.0412952
-30.5623 -83.3888 2.37483 0.0511722
-30.5547 -83.3053 2.37399 0.0606672
-30.4897 -83.2871 2.38187 0.0544709
-30.8372 -83.2389 2.37475 0.0770824
-30.6946 -83.3147 2.38391 0.0683375
-30.7314 -83.2203 2.37845 0.140874
-30.7314 -83.2203 2.37845 0.140874
-30.7314 -83.2203 2.37845 0.140874
