54.5898 -56.9976 3.92973 0.233549
54.6041 -56.8384 3.92729 0.00323669
54.613 -57.0952 3.93068 0.497624
54.613 -57.0952 3.93068 0.497624
54.5898 -56.9976 3.92973 0.233549
54.5898 -56.9976 3.92973 0.233549
54.5898 -56.9976 3.92973 0.233549
54.613 -57.0952 3.93068 0.497624
54.613 -57.0952 3.93068 0.497624
54.613 -57.0952 3.93068 0.497624
54.5898 -56.9976 3.92973 0.233549
54.613 -57.0952 3.93068 0.497624
54.5898 -56.9976 3.92973 0.233549
54.613 -57.0952 3.93068 0.497624
54.5646 -56.8366 3.93208 0.0271735
54.5898 -56.9976 3.92973 0.233549
54.5898 -56.9976 3.92973 0.233549
54.613 -57.0952 3.93068 0.497624
54.613 -57.0952 3.93068 0.497624
54.7583 -57.0303 3.94418 0.0128832
54.5646 -56.8366 3.93208 0.0271735
54.613 -57.0952 3.93068 0.497624
54.613 -57.0952 3.93068 0.497624
54.613 -57.0952 3.93068 0.497624
54.5898 -56.9976 3.92973 0.233549
54.613 -57.0952 3.93068 0.497624
54.4858 -56.9801 3.93968 0.0351601
54.5898 -56.9976 3.92973 0.233549
54.5964 -56.9661 3.9418 0.0414805
54.4858 -56.9801 3.93968 0.0351601
54.613 -57.0952 3.93068 0.497624
54.5646 -56.8366 3.93208 0.0271735
54.8022 -57.0081 3.93022 0.0320401
54.5898 -56.9976 3.92973 0.233549
54.5898 -56.9976 3.92973 0.233549
54.613 -57.0952 3.93068 0.497624
54.613 -57.0952 3.93068 0.497624
54.613 -57.0952 3.93068 0.497624
54.613 -57.0952 3.93068 0.497624
54.613 -57.0952 3.93068 0.497624
54.613 -57.0952 3.93068 0.497624
54.613 -57.0952 3.93068 0.497624
54.5898 -56.9976 3.92973 0.233549
54.613 -57.0952 3.93068 0.497624
54.5898 -56.9976 3.92973 0.233549
54.5898 -56.9976 3.92973 0.233549
54.5898 -56.9976 3.92973 0.233549
54.7583 -57.0303 3.94418 0.0128832
54.6273 -56.9346 3.94134 0.0517374
54.5898 -56.9976 3.92973 0.233549
54.613 -57.0952 3.93068 0.497624
54.7584 -56.9728 3.9419 0.0452784
54.5898 -56.9976 3.92973 0.233549
54.5646 -56.8366 3.93208 0.0271735
54.613 -57.0952 3.93068 0.497624
54.5898 -56.9976 3.92973 0.233549
54.5898 -56.9976 3.92973 0.233549
54.613 -57.0952 3.93068 0.497624
54.613 -57.0952 3.93068 0.497624
54.5898 -56.9976 3.92973 0.233549
54.613 -57.0952 3.93068 0.497624
54.5898 -56.9976 3.92973 0.233549
54.613 -57.0952 3.93068 0.497624
54.5898 -56.9976 3.92973 0.233549
54.613 -57.0952 3.93068 0.497624
54.5898 -56.9976 3.92973 0.233549
54.5898 -56.9976 3.92973 0.233549
54.8022 -57.0081 3.93022 0.0320401
54.613 -57.0952 3.93068 0.497624
54.613 -57.0952 3.93068 0.497624
54.613 -57.0952 3.93068 0.497624
54.4858 -56.9801 3.93968 0.0351601
54.613 -57.0952 3.93068 0.497624
54.613 -57.0952 3.93068 0.497624
54.613 -57.0952 3.93068 0.497624
54.5898 -56.9976 3.92973 0.233549
54.613 -57.0952 3.93068 0.497624
54.613 -57.0952 3.93068 0.497624
54.613 -57.0952 3.93068 0.497624
54.613 -57.0952 3.93068 0.497624
54.5646 -56.8366 3.93208 0.0271735
54.5898 -56.9976 3.92973 0.233549
54.613 -57.0952 3.93068 0.497624
54.5964 -56.9661 3.9418 0.0414805
54.613 -57.0952 3.93068 0.497624
54.5898 -56.9976 3.92973 0.233549
54.613 -57.0952 3.93068 0.497624
54.613 -57.0952 3.93068 0.497624
54.5898 -56.9976 3.92973 0.233549
54.613 -57.0952 3.93068 0.497624
54.7583 -57.0303 3.94418 0.0128832
54.5898 -56.9976 3.92973 0.233549
54.613 -57.0952 3.93068 0.497624
54.5964 -56.9661 3.9418 0.0414805
54.6273 -56.9346 3.94134 0.0517374
54.5898 -56.9976 3.92973 0.233549
54.613 -57.0952 3.93068 0.497624
54.613 -57.0952 3.93068 0.497624
54.8022 -57.0081 3.93022 0.0320401
54.4858 -56.9801 3.93968 0.0351601
