59.1849 14.5248 0.106066 0.203307
59.0906 14.4192 0.111092 0.0417665
59.1154 14.3294 0.100385 0.0385407
59.1835 14.6045 0.104304 0.149177
59.1835 14.6045 0.104304 0.149177
59.181 14.3893 0.104153 0.164379
59.1849 14.5248 0.106066 0.203307
59.3309 14.4565 0.0950067 0.00638247
59.1317 14.4811 0.107772 0.167552
59.1317 14.4811 0.107772 0.167552
59.1835 14.6045 0.104304 0.149177
59.181 14.3893 0.104153 0.164379
59.0906 14.4192 0.111092 0.0417665
59.1317 14.4811 0.107772 0.167552
59.5276 14.3039 0.101147 0.00162503
59.181 14.3893 0.104153 0.164379
59.1849 14.5248 0.106066 0.203307
59.1317 14.4811 0.107772 0.167552
59.181 14.3893 0.104153 0.164379
59.1849 14.5248 0.106066 0.203307
59.208 14.6312 0.0981415 0.0188868
59.0422 14.2469 0.105085 0.0204683
59.1835 14.6045 0.104304 0.149177
59.1835 14.6045 0.104304 0.149177
59.1849 14.5248 0.106066 0.203307
59.1633 14.5063 0.0981463 0.0352743
58.9783 14.6754 0.110348 0.0198065
59.1835 14.6045 0.104304 0.149177
59.181 14.3893 0.104153 0.164379
59.1849 14.5248 0.106066 0.203307
59.1849 14.5248 0.106066 0.203307
59.1317 14.4811 0.107772 0.167552
59.1835 14.6045 0.104304 0.149177
59.1835 14.6045 0.104304 0.149177
59.181 14.3893 0.104153 0.164379
59.1849 14.5248 0.106066 0.203307
59.1849 14.5248 0.106066 0.203307
59.1154 14.3294 0.100385 0.0385407
59.181 14.3893 0.104153 0.164379
59.1849 14.5248 0.106066 0.203307
59.1317 14.4811 0.107772 0.167552
58.9783 14.6754 0.110348 0.0198065
58.9744 14.3824 0.101516 0.0201486
59.1835 14.6045 0.104304 0.149177
59.6007 14.1764 0.0914019 2.23217e-06
59.1849 14.5248 0.106066 0.203307
59.0906 14.4192 0.111092 0.0417665
59.1317 14.4811 0.107772 0.167552
59.1835 14.6045 0.104304 0.149177
59.1849 14.5248 0.106066 0.203307
59.1849 14.5248 0.106066 0.203307
59.1317 14.4811 0.107772 0.167552
58.9178 14.6651 0.100701 0.00223455
59.1835 14.6045 0.104304 0.149177
59.181 14.3893 0.104153 0.164379
59.1849 14.5248 0.106066 0.203307
59.1317 14.4811 0.107772 0.167552
59.1154 14.3294 0.100385 0.0385407
59.1154 14.3294 0.100385 0.0385407
59.1835 14.6045 0.104304 0.149177
59.181 14.3893 0.104153 0.164379
59.1849 14.5248 0.106066 0.203307
59.0906 14.4192 0.111092 0.0417665
59.1317 14.4811 0.107772 0.167552
59.1317 14.4811 0.107772 0.167552
59.1835 14.6045 0.104304 0.149177
59.1849 14.5248 0.106066 0.203307
59.1633 14.5063 0.0981463 0.0352743
59.1317 14.4811 0.107772 0.167552
59.1317 14.4811 0.107772 0.167552
59.1835 14.6045 0.104304 0.149177
59.1849 14.5248 0.106066 0.203307
59.1317 14.4811 0.107772 0.167552
59.1317 14.4811 0.107772 0.167552
59.1317 14.4811 0.107772 0.167552
59.1835 14.6045 0.104304 0.149177
59.181 14.3893 0.104153 0.164379
59.1849 14.5248 0.106066 0.203307
59.0906 14.4192 0.111092 0.0417665
59.1317 14.4811 0.107772 0.167552
59.1835 14.6045 0.104304 0.149177
59.1849 14.5248 0.106066 0.203307
59.1849 14.5248 0.106066 0.203307
59.1317 14.4811 0.107772 0.167552
59.1317 14.4811 0.107772 0.167552
59.1835 14.6045 0.104304 0.149177
59.181 14.3893 0.104153 0.164379
59.1849 14.5248 0.106066 0.203307
59.1317 14.4811 0.107772 0.167552
59.208 14.6312 0.0981415 0.0188868
59.181 14.3893 0.104153 0.164379
59.1849 14.5248 0.106066 0.203307
59.1026 14.6142 0.0985851 0.0156558
59.1317 14.4811 0.107772 0.167552
59.1317 14.4811 0.107772 0.167552
59.0665 14.2965 0.0996423 0.012698
59.181 14.3893 0.104153 0.164379
59.4458 14.5462 0.0969617 0.00639033
59.0906 14.4192 0.111092 0.0417665
58.9783 14.6754 0.110348 0.0198065
