114.483 18.6418 0.0709059 0.174714
114.618 18.4604 0.0645706 0.047079
114.465 18.4558 0.0773327 0.0356939
114.447 18.6291 0.0734694 0.122147
114.84 18.6193 0.0773103 0.00583619
114.483 18.6418 0.0709059 0.174714
114.731 18.83 0.0756409 0.0128478
114.447 18.6291 0.0734694 0.122147
114.907 18.5186 0.0697818 0.0156152
114.787 18.6989 0.0736279 0.0436596
114.804 18.8342 0.0747028 0.00773782
114.483 18.6418 0.0709059 0.174714
114.465 18.4558 0.0773327 0.0356939
114.346 18.6232 0.0682103 0.028912
114.69 18.6541 0.0659686 0.189248
114.926 18.6957 0.0719213 0.00892949
114.483 18.6418 0.0709059 0.174714
114.346 18.6232 0.0682103 0.028912
114.69 18.6541 0.0659686 0.189248
114.679 18.6731 0.0756099 0.0702464
114.483 18.6418 0.0709059 0.174714
114.618 18.4604 0.0645706 0.047079
114.447 18.6291 0.0734694 0.122147
114.69 18.6541 0.0659686 0.189248
114.682 18.8152 0.0616147 0.0392418
114.584 18.8983 0.0644825 0.0273601
114.465 18.4558 0.0773327 0.0356939
114.447 18.6291 0.0734694 0.122147
114.69 18.6541 0.0659686 0.189248
114.682 18.8152 0.0616147 0.0392418
114.354 18.7912 0.0677062 0.016722
114.618 18.4604 0.0645706 0.047079
114.69 18.6541 0.0659686 0.189248
114.69 18.6541 0.0659686 0.189248
114.682 18.8152 0.0616147 0.0392418
114.483 18.6418 0.0709059 0.174714
114.447 18.6291 0.0734694 0.122147
114.69 18.6541 0.0659686 0.189248
114.69 18.6541 0.0659686 0.189248
114.804 18.8342 0.0747028 0.00773782
114.844 18.8188 0.0736162 0.00796548
114.447 18.6291 0.0734694 0.122147
114.926 18.6957 0.0719213 0.00892949
114.737 18.9886 0.0622483 0.00483368
114.731 18.83 0.0756409 0.0128478
114.819 18.4194 0.0714151 0.0180383
114.682 18.8152 0.0616147 0.0392418
114.679 18.6731 0.0756099 0.0702464
114.483 18.6418 0.0709059 0.174714
114.618 18.4604 0.0645706 0.047079
114.69 18.6541 0.0659686 0.189248
114.926 18.6957 0.0719213 0.00892949
114.679 18.6731 0.0756099 0.0702464
114.483 18.6418 0.0709059 0.174714
114.447 18.6291 0.0734694 0.122147
114.819 18.4194 0.0714151 0.0180383
114.682 18.8152 0.0616147 0.0392418
114.584 18.8983 0.0644825 0.0273601
114.483 18.6418 0.0709059 0.174714
114.465 18.4558 0.0773327 0.0356939
114.69 18.6541 0.0659686 0.189248
114.907 18.5186 0.0697818 0.0156152
114.682 18.8152 0.0616147 0.0392418
114.483 18.6418 0.0709059 0.174714
114.618 18.4604 0.0645706 0.047079
114.819 18.4194 0.0714151 0.0180383
114.787 18.6989 0.0736279 0.0436596
114.679 18.6731 0.0756099 0.0702464
114.483 18.6418 0.0709059 0.174714
114.465 18.4558 0.0773327 0.0356939
114.69 18.6541 0.0659686 0.189248
114.679 18.6731 0.0756099 0.0702464
114.618 18.4604 0.0645706 0.047079
114.447 18.6291 0.0734694 0.122147
114.707 18.6376 0.0787855 0.0161329
114.584 18.8983 0.0644825 0.0273601
114.946 18.5251 0.0688663 0.00926099
114.356 18.4497 0.0811022 0.00529227
114.211 18.6535 0.0682058 0.00217376
114.447 18.6291 0.0734694 0.122147
114.787 18.6989 0.0736279 0.0436596
114.483 18.6418 0.0709059 0.174714
114.465 18.4558 0.0773327 0.0356939
114.346 18.6232 0.0682103 0.028912
114.69 18.6541 0.0659686 0.189248
114.84 18.6193 0.0773103 0.00583619
114.584 18.8983 0.0644825 0.0273601
114.483 18.6418 0.0709059 0.174714
114.447 18.6291 0.0734694 0.122147
114.447 18.6291 0.0734694 0.122147
114.787 18.6989 0.0736279 0.0436596
114.483 18.6418 0.0709059 0.174714
114.483 18.6418 0.0709059 0.174714
114.346 18.6232 0.0682103 0.028912
114.69 18.6541 0.0659686 0.189248
114.907 18.5186 0.0697818 0.0156152
114.679 18.6731 0.0756099 0.0702464
114.483 18.6418 0.0709059 0.174714
114.483 18.6418 0.0709059 0.174714
114.465 18.4558 0.0773327 0.0356939
