-9.71728 -94.6135 2.89165 0.135132
-9.71728 -94.6135 2.89165 0.135132
-9.58378 -94.306 2.89588 0.107441
-9.72015 -94.4535 2.88569 0.00768414
-9.4758 -94.4489 2.89964 0.248557
-9.4758 -94.4489 2.89964 0.248557
-9.58378 -94.306 2.89588 0.107441
-9.71563 -94.3844 2.90052 0.148502
-9.71563 -94.3844 2.90052 0.148502
-9.71728 -94.6135 2.89165 0.135132
-9.45699 -94.6586 2.89326 0.03141
-9.45699 -94.6586 2.89326 0.03141
-9.71563 -94.3844 2.90052 0.148502
-9.4758 -94.4489 2.89964 0.248557
-9.4758 -94.4489 2.89964 0.248557
-9.4758 -94.4489 2.89964 0.248557
-9.71563 -94.3844 2.90052 0.148502
-9.71728 -94.6135 2.89165 0.135132
-9.4758 -94.4489 2.89964 0.248557
-9.39108 -94.2657 2.90634 0.0171184
-9.44873 -94.3285 2.89987 0.101626
-9.60885 -94.2783 2.88278 3.83125e-05
-9.73178 -94.5361 2.9035 0.056354
-9.71728 -94.6135 2.89165 0.135132
-9.73415 -94.7942 2.89078 0.0176359
-9.4758 -94.4489 2.89964 0.248557
-9.71563 -94.3844 2.90052 0.148502
-9.4758 -94.4489 2.89964 0.248557
-9.4758 -94.4489 2.89964 0.248557
-9.71563 -94.3844 2.90052 0.148502
-9.4758 -94.4489 2.89964 0.248557
-9.50132 -94.2184 2.89783 0.0301412
-9.71563 -94.3844 2.90052 0.148502
-9.73178 -94.5361 2.9035 0.056354
-9.4758 -94.4489 2.89964 0.248557
-9.58378 -94.306 2.89588 0.107441
-9.71728 -94.6135 2.89165 0.135132
-9.4758 -94.4489 2.89964 0.248557
-9.58378 -94.306 2.89588 0.107441
-9.58378 -94.306 2.89588 0.107441
-9.71563 -94.3844 2.90052 0.148502
-9.71563 -94.3844 2.90052 0.148502
-9.73178 -94.5361 2.9035 0.056354
-9.4758 -94.4489 2.89964 0.248557
-9.44873 -94.3285 2.89987 0.101626
-9.71563 -94.3844 2.90052 0.148502
-9.73178 -94.5361 2.9035 0.056354
-9.4758 -94.4489 2.89964 0.248557
-9.50132 -94.2184 2.89783 0.0301412
-9.71728 -94.6135 2.89165 0.135132
-9.71728 -94.6135 2.89165 0.135132
-9.63675 -94.8446 2.89144 0.00754645
-9.71563 -94.3844 2.90052 0.148502
-9.71563 -94.3844 2.90052 0.148502
-9.71728 -94.6135 2.89165 0.135132
-9.50132 -94.2184 2.89783 0.0301412
-9.71563 -94.3844 2.90052 0.148502
-9.71728 -94.6135 2.89165 0.135132
-9.4758 -94.4489 2.89964 0.248557
-9.58378 -94.306 2.89588 0.107441
-9.71563 -94.3844 2.90052 0.148502
-9.71563 -94.3844 2.90052 0.148502
-9.71728 -94.6135 2.89165 0.135132
-9.4758 -94.4489 2.89964 0.248557
-9.58378 -94.306 2.89588 0.107441
-9.73178 -94.5361 2.9035 0.056354
-9.39108 -94.2657 2.90634 0.0171184
-9.44873 -94.3285 2.89987 0.101626
-9.71563 -94.3844 2.90052 0.148502
-9.71728 -94.6135 2.89165 0.135132
-9.4758 -94.4489 2.89964 0.248557
-9.71563 -94.3844 2.90052 0.148502
-9.3163 -94.4017 2.89565 0.0111447
-9.4758 -94.4489 2.89964 0.248557
-9.4758 -94.4489 2.89964 0.248557
-9.45699 -94.6586 2.89326 0.03141
-9.44873 -94.3285 2.89987 0.101626
-9.71563 -94.3844 2.90052 0.148502
-9.4758 -94.4489 2.89964 0.248557
-9.58378 -94.306 2.89588 0.107441
-9.37107 -94.5373 2.89273 0.0108012
-9.71728 -94.6135 2.89165 0.135132
-9.4758 -94.4489 2.89964 0.248557
-9.58378 -94.306 2.89588 0.107441
-9.58378 -94.306 2.89588 0.107441
-9.71563 -94.3844 2.90052 0.148502
-9.71563 -94.3844 2.90052 0.148502
-9.71728 -94.6135 2.89165 0.135132
-9.4758 -94.4489 2.89964 0.248557
-9.58378 -94.306 2.89588 0.107441
-9.73178 -94.5361 2.9035 0.056354
-9.71728 -94.6135 2.89165 0.135132
-9.4758 -94.4489 2.89964 0.248557
-9.71563 -94.3844 2.90052 0.148502
-9.71563 -94.3844 2.90052 0.148502
-9.4758 -94.4489 2.89964 0.248557
-9.4758 -94.4489 2.89964 0.248557
-9.4758 -94.4489 2.89964 0.248557
-9.44873 -94.3285 2.89987 0.101626
-9.44873 -94.3285 2.89987 0.101626
