152.407 -13.3726 3.3102 0.208273
152.693 -13.3909 3.3129 0.0546557
152.557 -13.6103 3.31654 0.149561
152.674 -13.4108 3.316 0.0844287
152.407 -13.3726 3.3102 0.208273
152.693 -13.3909 3.3129 0.0546557
152.674 -13.4108 3.316 0.0844287
152.403 -13.4751 3.30548 0.0800719
152.541 -13.4783 3.30875 0.138832
152.407 -13.3726 3.3102 0.208273
152.557 -13.6103 3.31654 0.149561
152.416 -13.4942 3.31578 0.0871293
152.808 -13.4461 3.31776 0.0202263
152.541 -13.4783 3.30875 0.138832
152.541 -13.4783 3.30875 0.138832
152.541 -13.4783 3.30875 0.138832
152.407 -13.3726 3.3102 0.208273
152.416 -13.4942 3.31578 0.0871293
152.809 -13.3653 3.32172 0.0018276
152.403 -13.4751 3.30548 0.0800719
152.541 -13.4783 3.30875 0.138832
152.557 -13.6103 3.31654 0.149561
152.674 -13.4108 3.316 0.0844287
152.716 -13.8412 3.31567 0.00243465
152.407 -13.3726 3.3102 0.208273
152.407 -13.3726 3.3102 0.208273
152.592 -13.6966 3.31761 0.0549893
152.403 -13.4751 3.30548 0.0800719
152.407 -13.3726 3.3102 0.208273
152.416 -13.4942 3.31578 0.0871293
152.674 -13.4108 3.316 0.0844287
152.58 -13.574 3.30727 0.0212405
152.407 -13.3726 3.3102 0.208273
152.416 -13.4942 3.31578 0.0871293
152.622 -13.6786 3.32352 0.00193714
152.541 -13.4783 3.30875 0.138832
152.407 -13.3726 3.3102 0.208273
152.416 -13.4942 3.31578 0.0871293
152.674 -13.4108 3.316 0.0844287
152.674 -13.4108 3.316 0.0844287
152.622 -13.6786 3.32352 0.00193714
152.541 -13.4783 3.30875 0.138832
152.541 -13.4783 3.30875 0.138832
152.693 -13.3909 3.3129 0.0546557
152.416 -13.4942 3.31578 0.0871293
152.235 -13.4641 3.31186 0.0358524
152.403 -13.4751 3.30548 0.0800719
152.407 -13.3726 3.3102 0.208273
152.557 -13.6103 3.31654 0.149561
152.557 -13.6103 3.31654 0.149561
152.674 -13.4108 3.316 0.0844287
152.541 -13.4783 3.30875 0.138832
152.541 -13.4783 3.30875 0.138832
152.541 -13.4783 3.30875 0.138832
152.407 -13.3726 3.3102 0.208273
152.416 -13.4942 3.31578 0.0871293
152.541 -13.4783 3.30875 0.138832
152.557 -13.6103 3.31654 0.149561
152.557 -13.6103 3.31654 0.149561
152.592 -13.6966 3.31761 0.0549893
152.541 -13.4783 3.30875 0.138832
152.693 -13.3909 3.3129 0.0546557
152.416 -13.4942 3.31578 0.0871293
152.403 -13.4751 3.30548 0.0800719
152.541 -13.4783 3.30875 0.138832
152.407 -13.3726 3.3102 0.208273
152.693 -13.3909 3.3129 0.0546557
152.302 -13.7717 3.31284 0.00509012
152.403 -13.4751 3.30548 0.0800719
152.403 -13.4751 3.30548 0.0800719
152.541 -13.4783 3.30875 0.138832
152.541 -13.4783 3.30875 0.138832
152.557 -13.6103 3.31654 0.149561
152.592 -13.6966 3.31761 0.0549893
152.541 -13.4783 3.30875 0.138832
152.541 -13.4783 3.30875 0.138832
152.557 -13.6103 3.31654 0.149561
152.416 -13.4942 3.31578 0.0871293
152.416 -13.4942 3.31578 0.0871293
152.674 -13.4108 3.316 0.0844287
152.808 -13.4461 3.31776 0.0202263
152.407 -13.3726 3.3102 0.208273
152.557 -13.6103 3.31654 0.149561
152.592 -13.6966 3.31761 0.0549893
152.592 -13.6966 3.31761 0.0549893
152.541 -13.4783 3.30875 0.138832
152.693 -13.3909 3.3129 0.0546557
152.674 -13.4108 3.316 0.0844287
152.541 -13.4783 3.30875 0.138832
152.541 -13.4783 3.30875 0.138832
152.407 -13.3726 3.3102 0.208273
152.557 -13.6103 3.31654 0.149561
152.416 -13.4942 3.31578 0.0871293
152.235 -13.4641 3.31186 0.0358524
152.541 -13.4783 3.30875 0.138832
152.693 -13.3909 3.3129 0.0546557
152.557 -13.6103 3.31654 0.149561
152.416 -13.4942 3.31578 0.0871293
152.416 -13.4942 3.31578 0.0871293
152.58 -13.574 3.30727 0.0212405
