4.84893 -95.4183 3.31524 0.102749
4.97264 -95.4781 3.3081 0.0464574
4.65621 -95.2261 3.31261 0.0192053
4.87533 -95.3983 3.30582 0.0368342
4.87533 -95.3983 3.30582 0.0368342
4.7807 -95.4524 3.31101 0.121715
4.96915 -95.186 3.30851 0.0062488
4.9897 -95.4786 3.31563 0.069539
4.84893 -95.4183 3.31524 0.102749
4.73231 -95.3866 3.31116 0.0919462
4.73231 -95.3866 3.31116 0.0919462
4.61953 -95.6304 3.30931 0.0359602
4.67775 -95.2651 3.31758 0.0160216
4.99744 -95.5884 3.30791 0.0305094
4.80961 -95.3633 3.31455 0.0947343
5.18337 -95.2015 3.31251 0.00226089
4.9897 -95.4786 3.31563 0.069539
4.84893 -95.4183 3.31524 0.102749
4.73231 -95.3866 3.31116 0.0919462
4.65621 -95.2261 3.31261 0.0192053
4.80193 -95.3382 3.30729 0.0476874
4.80193 -95.3382 3.30729 0.0476874
4.7807 -95.4524 3.31101 0.121715
4.7807 -95.4524 3.31101 0.121715
4.7807 -95.4524 3.31101 0.121715
4.65907 -95.6731 3.30898 0.0358275
4.9897 -95.4786 3.31563 0.069539
4.84893 -95.4183 3.31524 0.102749
4.84893 -95.4183 3.31524 0.102749
5.06458 -95.2672 3.31552 0.0275707
4.67775 -95.2651 3.31758 0.0160216
4.87533 -95.3983 3.30582 0.0368342
4.7807 -95.4524 3.31101 0.121715
4.9897 -95.4786 3.31563 0.069539
5.06458 -95.2672 3.31552 0.0275707
4.97264 -95.4781 3.3081 0.0464574
4.85637 -95.2202 3.3075 0.0134026
4.87533 -95.3983 3.30582 0.0368342
4.80961 -95.3633 3.31455 0.0947343
4.80961 -95.3633 3.31455 0.0947343
4.7807 -95.4524 3.31101 0.121715
4.9897 -95.4786 3.31563 0.069539
4.47881 -95.3753 3.3055 0.00773598
4.73231 -95.3866 3.31116 0.0919462
4.67775 -95.2651 3.31758 0.0160216
5.11347 -95.6063 3.30573 0.00351737
4.7807 -95.4524 3.31101 0.121715
4.7807 -95.4524 3.31101 0.121715
4.9897 -95.4786 3.31563 0.069539
4.84893 -95.4183 3.31524 0.102749
4.73231 -95.3866 3.31116 0.0919462
4.67775 -95.2651 3.31758 0.0160216
4.80193 -95.3382 3.30729 0.0476874
4.7807 -95.4524 3.31101 0.121715
4.7807 -95.4524 3.31101 0.121715
4.7807 -95.4524 3.31101 0.121715
4.7807 -95.4524 3.31101 0.121715
4.9897 -95.4786 3.31563 0.069539
4.84893 -95.4183 3.31524 0.102749
4.73231 -95.3866 3.31116 0.0919462
4.61953 -95.6304 3.30931 0.0359602
4.67775 -95.2651 3.31758 0.0160216
4.85637 -95.2202 3.3075 0.0134026
4.87533 -95.3983 3.30582 0.0368342
4.80961 -95.3633 3.31455 0.0947343
4.7807 -95.4524 3.31101 0.121715
4.7807 -95.4524 3.31101 0.121715
4.7807 -95.4524 3.31101 0.121715
4.9897 -95.4786 3.31563 0.069539
4.84893 -95.4183 3.31524 0.102749
4.97264 -95.4781 3.3081 0.0464574
4.99744 -95.5884 3.30791 0.0305094
5.12895 -95.5376 3.31001 0.0115067
4.7807 -95.4524 3.31101 0.121715
4.7807 -95.4524 3.31101 0.121715
4.96915 -95.186 3.30851 0.0062488
4.84893 -95.4183 3.31524 0.102749
4.73231 -95.3866 3.31116 0.0919462
4.97264 -95.4781 3.3081 0.0464574
5.19975 -95.4331 3.31575 0.0100178
4.66252 -95.7127 3.30609 0.0277004
4.80193 -95.3382 3.30729 0.0476874
4.7807 -95.4524 3.31101 0.121715
4.64121 -95.619 3.29989 0.0122655
5.06458 -95.2672 3.31552 0.0275707
4.73231 -95.3866 3.31116 0.0919462
5.19975 -95.4331 3.31575 0.0100178
4.80193 -95.3382 3.30729 0.0476874
4.80193 -95.3382 3.30729 0.0476874
5.12895 -95.5376 3.31001 0.0115067
4.80961 -95.3633 3.31455 0.0947343
4.80961 -95.3633 3.31455 0.0947343
4.65907 -95.6731 3.30898 0.0358275
4.65907 -95.6731 3.30898 0.0358275
4.84893 -95.4183 3.31524 0.102749
4.84893 -95.4183 3.31524 0.102749
4.84893 -95.4183 3.31524 0.102749
4.73231 -95.3866 3.31116 0.0919462
4.97264 -95.4781 3.3081 0.0464574
4.99744 -95.5884 3.30791 0.0305094
