43.6049 -66.4119 3.92804 0.0198122
43.6989 -66.6626 3.93114 0.120294
43.6965 -66.4831 3.93338 0.544004
43.9601 -66.591 3.93623 0.100417
43.792 -66.3697 3.93261 0.127917
43.6965 -66.4831 3.93338 0.544004
43.6989 -66.6626 3.93114 0.120294
43.6965 -66.4831 3.93338 0.544004
43.6965 -66.4831 3.93338 0.544004
43.6965 -66.4831 3.93338 0.544004
43.9601 -66.591 3.93623 0.100417
43.6965 -66.4831 3.93338 0.544004
43.7808 -66.7639 3.93127 0.0153755
43.6989 -66.6626 3.93114 0.120294
43.792 -66.3697 3.93261 0.127917
43.792 -66.3697 3.93261 0.127917
43.6965 -66.4831 3.93338 0.544004
43.6965 -66.4831 3.93338 0.544004
43.6965 -66.4831 3.93338 0.544004
43.6965 -66.4831 3.93338 0.544004
43.6304 -66.3036 3.93176 0.0221672
43.6365 -66.4175 3.9274 0.0164833
43.6965 -66.4831 3.93338 0.544004
43.6965 -66.4831 3.93338 0.544004
43.6965 -66.4831 3.93338 0.544004
43.6965 -66.4831 3.93338 0.544004
43.792 -66.3697 3.93261 0.127917
43.6304 -66.3036 3.93176 0.0221672
43.6965 -66.4831 3.93338 0.544004
43.6965 -66.4831 3.93338 0.544004
43.6965 -66.4831 3.93338 0.544004
43.792 -66.3697 3.93261 0.127917
43.6965 -66.4831 3.93338 0.544004
43.8373 -66.2866 3.93165 0.0101731
43.6965 -66.4831 3.93338 0.544004
43.6965 -66.4831 3.93338 0.544004
43.6965 -66.4831 3.93338 0.544004
43.6965 -66.4831 3.93338 0.544004
43.6965 -66.4831 3.93338 0.544004
43.7808 -66.7639 3.93127 0.0153755
43.6989 -66.6626 3.93114 0.120294
43.6304 -66.3036 3.93176 0.0221672
43.9601 -66.591 3.93623 0.100417
43.6965 -66.4831 3.93338 0.544004
43.6965 -66.4831 3.93338 0.544004
43.6965 -66.4831 3.93338 0.544004
43.6965 -66.4831 3.93338 0.544004
43.7808 -66.7639 3.93127 0.0153755
43.6989 -66.6626 3.93114 0.120294
43.6989 -66.6626 3.93114 0.120294
43.9601 -66.591 3.93623 0.100417
43.6965 -66.4831 3.93338 0.544004
43.6049 -66.4119 3.92804 0.0198122
43.6965 -66.4831 3.93338 0.544004
43.6989 -66.6626 3.93114 0.120294
43.8373 -66.2866 3.93165 0.0101731
43.6965 -66.4831 3.93338 0.544004
43.9601 -66.591 3.93623 0.100417
43.6304 -66.3036 3.93176 0.0221672
43.6989 -66.6626 3.93114 0.120294
43.6965 -66.4831 3.93338 0.544004
43.9601 -66.591 3.93623 0.100417
43.7808 -66.7639 3.93127 0.0153755
43.6965 -66.4831 3.93338 0.544004
43.6989 -66.6626 3.93114 0.120294
43.792 -66.3697 3.93261 0.127917
43.9601 -66.591 3.93623 0.100417
43.792 -66.3697 3.93261 0.127917
43.6965 -66.4831 3.93338 0.544004
43.6965 -66.4831 3.93338 0.544004
43.6965 -66.4831 3.93338 0.544004
43.6989 -66.6626 3.93114 0.120294
43.6965 -66.4831 3.93338 0.544004
43.6965 -66.4831 3.93338 0.544004
43.6965 -66.4831 3.93338 0.544004
43.6965 -66.4831 3.93338 0.544004
43.9601 -66.591 3.93623 0.100417
43.6049 -66.4119 3.92804 0.0198122
43.6965 -66.4831 3.93338 0.544004
43.9601 -66.591 3.93623 0.100417
43.6965 -66.4831 3.93338 0.544004
43.6965 -66.4831 3.93338 0.544004
43.6989 -66.6626 3.93114 0.120294
43.6965 -66.4831 3.93338 0.544004
43.6304 -66.3036 3.93176 0.0221672
43.6049 -66.4119 3.92804 0.0198122
43.9601 -66.591 3.93623 0.100417
43.9601 -66.591 3.93623 0.100417
43.9601 -66.591 3.93623 0.100417
43.6965 -66.4831 3.93338 0.544004
43.6989 -66.6626 3.93114 0.120294
43.9967 -66.4938 3.93267 0.0134885
43.6965 -66.4831 3.93338 0.544004
43.6965 -66.4831 3.93338 0.544004
43.9601 -66.591 3.93623 0.100417
43.6965 -66.4831 3.93338 0.544004
43.6965 -66.4831 3.93338 0.544004
43.9601 -66.591 3.93623 0.100417
43.6965 -66.4831 3.93338 0.544004
43.6965 -66.4831 3.93338 0.544004
