32.1772 -79.8164 3.91242 0.164968
32.0886 -79.9641 3.90934 0.162474
32.1989 -79.7328 3.90965 0.090469
32.0826 -79.9268 3.90641 0.116969
32.0429 -80.0429 3.90875 0.0469546
32.1772 -79.8164 3.91242 0.164968
32.3095 -79.827 3.90888 0.0705994
32.1989 -79.7328 3.90965 0.090469
32.0826 -79.9268 3.90641 0.116969
32.0826 -79.9268 3.90641 0.116969
32.0518 -79.8658 3.91194 0.083445
32.0886 -79.9641 3.90934 0.162474
32.0886 -79.9641 3.90934 0.162474
32.0363 -79.9111 3.91061 0.108393
32.2225 -79.7531 3.9058 0.0331865
32.1772 -79.8164 3.91242 0.164968
32.1772 -79.8164 3.91242 0.164968
32.0886 -79.9641 3.90934 0.162474
32.0886 -79.9641 3.90934 0.162474
32.0363 -79.9111 3.91061 0.108393
32.0826 -79.9268 3.90641 0.116969
32.0429 -80.0429 3.90875 0.0469546
32.1772 -79.8164 3.91242 0.164968
32.0886 -79.9641 3.90934 0.162474
32.1989 -79.7328 3.90965 0.090469
32.1989 -79.7328 3.90965 0.090469
32.0826 -79.9268 3.90641 0.116969
32.0518 -79.8658 3.91194 0.083445
32.0886 -79.9641 3.90934 0.162474
32.1116 -80.0843 3.90836 0.0326647
32.0363 -79.9111 3.91061 0.108393
32.0429 -80.0429 3.90875 0.0469546
32.0429 -80.0429 3.90875 0.0469546
32.2906 -80.1574 3.915 0.0179623
32.0886 -79.9641 3.90934 0.162474
32.1989 -79.7328 3.90965 0.090469
32.2225 -79.7531 3.9058 0.0331865
32.1772 -79.8164 3.91242 0.164968
32.0886 -79.9641 3.90934 0.162474
32.0886 -79.9641 3.90934 0.162474
32.1989 -79.7328 3.90965 0.090469
32.0826 -79.9268 3.90641 0.116969
32.1772 -79.8164 3.91242 0.164968
32.1772 -79.8164 3.91242 0.164968
32.1116 -80.0843 3.90836 0.0326647
32.1989 -79.7328 3.90965 0.090469
32.2225 -79.7531 3.9058 0.0331865
32.0518 -79.8658 3.91194 0.083445
32.1772 -79.8164 3.91242 0.164968
32.1772 -79.8164 3.91242 0.164968
32.0886 -79.9641 3.90934 0.162474
32.1989 -79.7328 3.90965 0.090469
31.9243 -79.8067 3.90849 0.0237628
32.0826 -79.9268 3.90641 0.116969
32.0518 -79.8658 3.91194 0.083445
32.1772 -79.8164 3.91242 0.164968
32.1772 -79.8164 3.91242 0.164968
32.1116 -80.0843 3.90836 0.0326647
32.1989 -79.7328 3.90965 0.090469
32.0363 -79.9111 3.91061 0.108393
32.0826 -79.9268 3.90641 0.116969
32.1772 -79.8164 3.91242 0.164968
32.0886 -79.9641 3.90934 0.162474
32.1989 -79.7328 3.90965 0.090469
31.9243 -79.8067 3.90849 0.0237628
32.0518 -79.8658 3.91194 0.083445
32.1772 -79.8164 3.91242 0.164968
32.0886 -79.9641 3.90934 0.162474
32.1989 -79.7328 3.90965 0.090469
32.0363 -79.9111 3.91061 0.108393
32.0826 -79.9268 3.90641 0.116969
32.0518 -79.8658 3.91194 0.083445
32.0886 -79.9641 3.90934 0.162474
32.0886 -79.9641 3.90934 0.162474
32.3095 -79.827 3.90888 0.0705994
32.1989 -79.7328 3.90965 0.090469
32.0429 -80.0429 3.90875 0.0469546
32.1772 -79.8164 3.91242 0.164968
32.0886 -79.9641 3.90934 0.162474
32.1116 -80.0843 3.90836 0.0326647
32.3095 -79.827 3.90888 0.0705994
32.1989 -79.7328 3.90965 0.090469
32.0363 -79.9111 3.91061 0.108393
32.1188 -79.6317 3.8998 0.000419057
32.0429 -80.0429 3.90875 0.0469546
32.0518 -79.8658 3.91194 0.083445
32.0886 -79.9641 3.90934 0.162474
32.0363 -79.9111 3.91061 0.108393
32.0429 -80.0429 3.90875 0.0469546
32.0518 -79.8658 3.91194 0.083445
32.0518 -79.8658 3.91194 0.083445
32.1772 -79.8164 3.91242 0.164968
32.1989 -79.7328 3.90965 0.090469
31.9243 -79.8067 3.90849 0.0237628
32.4762 -79.714 3.91155 0.00213136
31.9659 -80.0781 3.90998 0.0089844
32.0518 -79.8658 3.91194 0.083445
32.0886 -79.9641 3.90934 0.162474
32.3095 -79.827 3.90888 0.0705994
32.3095 -79.827 3.90888 0.0705994
