84.2591 -32.8481 3.61619 0.0633168
84.3172 -33.0299 3.61401 0.261813
84.3172 -33.0299 3.61401 0.261813
84.3172 -33.0299 3.61401 0.261813
84.3153 -33.0618 3.61411 0.219837
84.4298 -32.9045 3.61251 0.14629
84.3172 -33.0299 3.61401 0.261813
84.3153 -33.0618 3.61411 0.219837
84.4298 -32.9045 3.61251 0.14629
84.397 -32.8155 3.61457 0.0785709
84.3153 -33.0618 3.61411 0.219837
84.4298 -32.9045 3.61251 0.14629
84.3172 -33.0299 3.61401 0.261813
84.3153 -33.0618 3.61411 0.219837
84.3869 -33.0206 3.61826 0.0612083
84.2591 -32.8481 3.61619 0.0633168
84.397 -32.8155 3.61457 0.0785709
84.2397 -33.0655 3.61526 0.0662187
84.4298 -32.9045 3.61251 0.14629
84.2591 -32.8481 3.61619 0.0633168
84.3172 -33.0299 3.61401 0.261813
84.2397 -33.0655 3.61526 0.0662187
84.3153 -33.0618 3.61411 0.219837
84.4298 -32.9045 3.61251 0.14629
84.2547 -32.7405 3.61161 0.000784623
84.3172 -33.0299 3.61401 0.261813
84.3172 -33.0299 3.61401 0.261813
84.3153 -33.0618 3.61411 0.219837
84.4298 -32.9045 3.61251 0.14629
84.3889 -32.9322 3.62164 0.00704376
84.3153 -33.0618 3.61411 0.219837
84.3153 -33.0618 3.61411 0.219837
84.3869 -33.0206 3.61826 0.0612083
84.3172 -33.0299 3.61401 0.261813
84.3153 -33.0618 3.61411 0.219837
84.2591 -32.8481 3.61619 0.0633168
84.3172 -33.0299 3.61401 0.261813
84.5615 -33.1043 3.61537 0.03057
84.5615 -33.1043 3.61537 0.03057
84.3869 -33.0206 3.61826 0.0612083
84.3172 -33.0299 3.61401 0.261813
84.3172 -33.0299 3.61401 0.261813
84.2397 -33.0655 3.61526 0.0662187
84.3869 -33.0206 3.61826 0.0612083
84.3172 -33.0299 3.61401 0.261813
84.397 -32.8155 3.61457 0.0785709
84.6173 -32.8432 3.61354 0.00789693
84.3869 -33.0206 3.61826 0.0612083
84.3869 -33.0206 3.61826 0.0612083
84.4298 -32.9045 3.61251 0.14629
84.3172 -33.0299 3.61401 0.261813
84.3869 -33.0206 3.61826 0.0612083
84.2591 -32.8481 3.61619 0.0633168
84.2591 -32.8481 3.61619 0.0633168
84.3172 -33.0299 3.61401 0.261813
84.2397 -33.0655 3.61526 0.0662187
84.2397 -33.0655 3.61526 0.0662187
84.3153 -33.0618 3.61411 0.219837
84.2591 -32.8481 3.61619 0.0633168
84.3153 -33.0618 3.61411 0.219837
84.3153 -33.0618 3.61411 0.219837
84.3172 -33.0299 3.61401 0.261813
84.2397 -33.0655 3.61526 0.0662187
84.1764 -33.219 3.61142 0.0062429
84.4298 -32.9045 3.61251 0.14629
84.3172 -33.0299 3.61401 0.261813
84.3153 -33.0618 3.61411 0.219837
84.2591 -32.8481 3.61619 0.0633168
84.3172 -33.0299 3.61401 0.261813
84.2397 -33.0655 3.61526 0.0662187
84.3153 -33.0618 3.61411 0.219837
84.4298 -32.9045 3.61251 0.14629
84.4298 -32.9045 3.61251 0.14629
84.3172 -33.0299 3.61401 0.261813
84.3153 -33.0618 3.61411 0.219837
84.3869 -33.0206 3.61826 0.0612083
84.3172 -33.0299 3.61401 0.261813
84.3153 -33.0618 3.61411 0.219837
84.4298 -32.9045 3.61251 0.14629
84.3172 -33.0299 3.61401 0.261813
84.2397 -33.0655 3.61526 0.0662187
84.2397 -33.0655 3.61526 0.0662187
84.3153 -33.0618 3.61411 0.219837
84.2591 -32.8481 3.61619 0.0633168
84.2591 -32.8481 3.61619 0.0633168
84.3172 -33.0299 3.61401 0.261813
84.3153 -33.0618 3.61411 0.219837
84.4298 -32.9045 3.61251 0.14629
84.3172 -33.0299 3.61401 0.261813
84.2397 -33.0655 3.61526 0.0662187
84.4536 -32.9559 3.62001 0.0211967
84.3172 -33.0299 3.61401 0.261813
84.2397 -33.0655 3.61526 0.0662187
84.2397 -33.0655 3.61526 0.0662187
84.3153 -33.0618 3.61411 0.219837
84.3172 -33.0299 3.61401 0.261813
84.3172 -33.0299 3.61401 0.261813
84.3153 -33.0618 3.61411 0.219837
84.2591 -32.8481 3.61619 0.0633168
84.3172 -33.0299 3.61401 0.261813
