261.413 28.3535 6.11031 0.00553707
261.535 28.5283 6.09754 0.0500888
261.314 28.3081 6.10608 0.158967
261.204 28.4858 6.09617 0.151993
261.22 28.3842 6.09479 0.141418
261.22 28.3842 6.09479 0.141418
261.277 28.5929 6.09251 0.045637
261.293 28.6553 6.09353 0.0243187
261.204 28.4858 6.09617 0.151993
261.252 28.4377 6.09232 0.0917156
261.252 28.4377 6.09232 0.0917156
261.22 28.3842 6.09479 0.141418
261.363 28.3551 6.09084 0.0870351
261.15 28.5031 6.1045 0.0909124
260.978 28.3278 6.10684 0.0107934
261.148 28.5265 6.09486 0.0309964
261.535 28.5283 6.09754 0.0500888
261.204 28.4858 6.09617 0.151993
261.513 28.4191 6.10244 0.0400093
261.15 28.5031 6.1045 0.0909124
261.314 28.3081 6.10608 0.158967
261.314 28.3081 6.10608 0.158967
261.314 28.3081 6.10608 0.158967
261.314 28.3081 6.10608 0.158967
261.314 28.3081 6.10608 0.158967
261.204 28.4858 6.09617 0.151993
261.204 28.4858 6.09617 0.151993
261.22 28.3842 6.09479 0.141418
261.513 28.4191 6.10244 0.0400093
261.513 28.4191 6.10244 0.0400093
261.15 28.5031 6.1045 0.0909124
261.15 28.5031 6.1045 0.0909124
261.15 28.5031 6.1045 0.0909124
261.314 28.3081 6.10608 0.158967
261.252 28.4377 6.09232 0.0917156
261.22 28.3842 6.09479 0.141418
261.363 28.3551 6.09084 0.0870351
261.15 28.5031 6.1045 0.0909124
261.293 28.6553 6.09353 0.0243187
261.314 28.3081 6.10608 0.158967
261.204 28.4858 6.09617 0.151993
261.22 28.3842 6.09479 0.141418
261.513 28.4191 6.10244 0.0400093
261.277 28.5929 6.09251 0.045637
261.26 28.6369 6.10106 0.0336494
261.314 28.3081 6.10608 0.158967
261.314 28.3081 6.10608 0.158967
261.252 28.4377 6.09232 0.0917156
261.363 28.3551 6.09084 0.0870351
261.15 28.5031 6.1045 0.0909124
261.148 28.5265 6.09486 0.0309964
261.314 28.3081 6.10608 0.158967
261.204 28.4858 6.09617 0.151993
261.252 28.4377 6.09232 0.0917156
261.252 28.4377 6.09232 0.0917156
261.513 28.4191 6.10244 0.0400093
261.277 28.5929 6.09251 0.045637
261.535 28.5283 6.09754 0.0500888
261.314 28.3081 6.10608 0.158967
261.204 28.4858 6.09617 0.151993
261.22 28.3842 6.09479 0.141418
261.513 28.4191 6.10244 0.0400093
261.26 28.6369 6.10106 0.0336494
261.148 28.5265 6.09486 0.0309964
261.293 28.6553 6.09353 0.0243187
261.314 28.3081 6.10608 0.158967
261.204 28.4858 6.09617 0.151993
261.22 28.3842 6.09479 0.141418
261.277 28.5929 6.09251 0.045637
261.413 28.3535 6.11031 0.00553707
261.314 28.3081 6.10608 0.158967
261.314 28.3081 6.10608 0.158967
261.252 28.4377 6.09232 0.0917156
261.22 28.3842 6.09479 0.141418
261.22 28.3842 6.09479 0.141418
261.363 28.3551 6.09084 0.0870351
261.148 28.5265 6.09486 0.0309964
261.293 28.6553 6.09353 0.0243187
261.314 28.3081 6.10608 0.158967
261.204 28.4858 6.09617 0.151993
261.513 28.4191 6.10244 0.0400093
261.525 28.3604 6.10619 0.00561295
261.363 28.3551 6.09084 0.0870351
261.15 28.5031 6.1045 0.0909124
261.26 28.6369 6.10106 0.0336494
261.314 28.3081 6.10608 0.158967
261.385 28.1556 6.10688 0.010848
261.22 28.3842 6.09479 0.141418
261.363 28.3551 6.09084 0.0870351
261.277 28.5929 6.09251 0.045637
261.15 28.5031 6.1045 0.0909124
261.26 28.6369 6.10106 0.0336494
261.314 28.3081 6.10608 0.158967
261.204 28.4858 6.09617 0.151993
261.252 28.4377 6.09232 0.0917156
261.513 28.4191 6.10244 0.0400093
261.363 28.3551 6.09084 0.0870351
261.363 28.3551 6.09084 0.0870351
261.363 28.3551 6.09084 0.0870351
261.15 28.5031 6.1045 0.0909124
