-16.7096 -91.701 2.73405 0.184101
-16.7096 -91.701 2.73405 0.184101
-16.4444 -91.8593 2.73521 0.0591751
-16.5747 -91.9629 2.72805 0.00419602
-16.5639 -91.8556 2.73357 0.0987039
-16.7096 -91.701 2.73405 0.184101
-16.8778 -91.7766 2.73856 0.0120125
-16.4444 -91.8593 2.73521 0.0591751
-16.5825 -91.8246 2.73108 0.0741857
-16.7865 -91.7165 2.73078 0.0887282
-16.7096 -91.701 2.73405 0.184101
-16.7096 -91.701 2.73405 0.184101
-16.7096 -91.701 2.73405 0.184101
-16.6845 -91.9473 2.74082 0.0178826
-16.6251 -91.7724 2.72776 0.0346406
-16.7562 -91.7419 2.73864 0.0693498
-16.7865 -91.7165 2.73078 0.0887282
-16.7096 -91.701 2.73405 0.184101
-16.7096 -91.701 2.73405 0.184101
-16.6845 -91.9473 2.74082 0.0178826
-16.7562 -91.7419 2.73864 0.0693498
-16.7096 -91.701 2.73405 0.184101
-16.7096 -91.701 2.73405 0.184101
-16.8778 -91.7766 2.73856 0.0120125
-16.4444 -91.8593 2.73521 0.0591751
-16.5825 -91.8246 2.73108 0.0741857
-16.5855 -92.0221 2.73586 0.0158937
-16.7865 -91.7165 2.73078 0.0887282
-16.7096 -91.701 2.73405 0.184101
-16.8356 -91.7039 2.73901 0.0221062
-16.6142 -91.7851 2.73062 0.0929205
-16.4444 -91.8593 2.73521 0.0591751
-16.5825 -91.8246 2.73108 0.0741857
-16.5866 -91.9074 2.72937 0.0181041
-16.5639 -91.8556 2.73357 0.0987039
-16.8691 -91.8183 2.72978 0.0240938
-16.4444 -91.8593 2.73521 0.0591751
-16.5825 -91.8246 2.73108 0.0741857
-16.7865 -91.7165 2.73078 0.0887282
-16.7865 -91.7165 2.73078 0.0887282
-16.7096 -91.701 2.73405 0.184101
-16.6142 -91.7851 2.73062 0.0929205
-16.7562 -91.7419 2.73864 0.0693498
-16.5866 -91.9074 2.72937 0.0181041
-16.7096 -91.701 2.73405 0.184101
-16.7096 -91.701 2.73405 0.184101
-16.6142 -91.7851 2.73062 0.0929205
-16.4444 -91.8593 2.73521 0.0591751
-16.4444 -91.8593 2.73521 0.0591751
-16.7562 -91.7419 2.73864 0.0693498
-16.5639 -91.8556 2.73357 0.0987039
-16.7096 -91.701 2.73405 0.184101
-16.7096 -91.701 2.73405 0.184101
-16.4837 -92.0349 2.74224 0.00642403
-16.5747 -91.9629 2.72805 0.00419602
-16.5639 -91.8556 2.73357 0.0987039
-16.5904 -92.0489 2.7376 0.0100442
-16.7096 -91.701 2.73405 0.184101
-16.6845 -91.9473 2.74082 0.0178826
-16.4444 -91.8593 2.73521 0.0591751
-16.7865 -91.7165 2.73078 0.0887282
-16.7865 -91.7165 2.73078 0.0887282
-16.7096 -91.701 2.73405 0.184101
-16.7096 -91.701 2.73405 0.184101
-16.8691 -91.8183 2.72978 0.0240938
-16.5825 -91.8246 2.73108 0.0741857
-16.5747 -91.9629 2.72805 0.00419602
-16.7865 -91.7165 2.73078 0.0887282
-16.7096 -91.701 2.73405 0.184101
-16.6566 -91.9725 2.73692 0.0314214
-16.6142 -91.7851 2.73062 0.0929205
-16.5825 -91.8246 2.73108 0.0741857
-16.7562 -91.7419 2.73864 0.0693498
-16.5639 -91.8556 2.73357 0.0987039
-16.7096 -91.701 2.73405 0.184101
-16.8691 -91.8183 2.72978 0.0240938
-16.4444 -91.8593 2.73521 0.0591751
-16.7562 -91.7419 2.73864 0.0693498
-16.5639 -91.8556 2.73357 0.0987039
-16.7096 -91.701 2.73405 0.184101
-16.6566 -91.9725 2.73692 0.0314214
-16.6142 -91.7851 2.73062 0.0929205
-16.6142 -91.7851 2.73062 0.0929205
-16.5747 -91.9629 2.72805 0.00419602
-16.5639 -91.8556 2.73357 0.0987039
-16.7096 -91.701 2.73405 0.184101
-16.4444 -91.8593 2.73521 0.0591751
-16.7865 -91.7165 2.73078 0.0887282
-16.5639 -91.8556 2.73357 0.0987039
-16.8651 -91.572 2.73157 0.031383
-16.6566 -91.9725 2.73692 0.0314214
-16.5687 -91.6524 2.72626 0.0137865
-16.7865 -91.7165 2.73078 0.0887282
-16.5639 -91.8556 2.73357 0.0987039
-16.7096 -91.701 2.73405 0.184101
-16.8691 -91.8183 2.72978 0.0240938
-16.6142 -91.7851 2.73062 0.0929205
-16.7562 -91.7419 2.73864 0.0693498
-16.7096 -91.701 2.73405 0.184101
-16.6845 -91.9473 2.74082 0.0178826
