11.5212 -93.662 3.51234 0.169776
11.5215 -93.6092 3.517 0.111427
11.5238 -93.6351 3.50919 0.133389
11.3835 -93.6314 3.51069 0.111375
11.3835 -93.6314 3.51069 0.111375
11.5212 -93.662 3.51234 0.169776
11.1754 -93.5107 3.51809 0.00237866
11.5238 -93.6351 3.50919 0.133389
11.5238 -93.6351 3.50919 0.133389
11.5238 -93.6351 3.50919 0.133389
11.4697 -93.6159 3.50947 0.132747
11.3835 -93.6314 3.51069 0.111375
11.3835 -93.6314 3.51069 0.111375
11.5212 -93.662 3.51234 0.169776
11.5212 -93.662 3.51234 0.169776
11.2803 -93.811 3.50262 0.0197369
11.5215 -93.6092 3.517 0.111427
11.4697 -93.6159 3.50947 0.132747
11.4697 -93.6159 3.50947 0.132747
11.3835 -93.6314 3.51069 0.111375
11.5636 -93.999 3.50753 0.0145521
11.5212 -93.662 3.51234 0.169776
11.4284 -93.4737 3.51777 0.0628337
11.5238 -93.6351 3.50919 0.133389
11.3835 -93.6314 3.51069 0.111375
11.3835 -93.6314 3.51069 0.111375
11.5212 -93.662 3.51234 0.169776
11.4284 -93.4737 3.51777 0.0628337
11.5215 -93.6092 3.517 0.111427
11.4697 -93.6159 3.50947 0.132747
11.4697 -93.6159 3.50947 0.132747
11.413 -93.8082 3.51684 0.0158025
11.5212 -93.662 3.51234 0.169776
11.5212 -93.662 3.51234 0.169776
11.2531 -93.8582 3.51363 0.00611509
11.5215 -93.6092 3.517 0.111427
11.4703 -93.3117 3.52076 0.021256
11.4697 -93.6159 3.50947 0.132747
11.3835 -93.6314 3.51069 0.111375
11.3835 -93.6314 3.51069 0.111375
11.5656 -93.7392 3.5081 0.101786
11.5215 -93.6092 3.517 0.111427
11.5238 -93.6351 3.50919 0.133389
11.4697 -93.6159 3.50947 0.132747
11.3835 -93.6314 3.51069 0.111375
11.5212 -93.662 3.51234 0.169776
11.5215 -93.6092 3.517 0.111427
11.5238 -93.6351 3.50919 0.133389
11.4697 -93.6159 3.50947 0.132747
11.3835 -93.6314 3.51069 0.111375
11.5656 -93.7392 3.5081 0.101786
11.5656 -93.7392 3.5081 0.101786
11.4284 -93.4737 3.51777 0.0628337
11.5238 -93.6351 3.50919 0.133389
11.5238 -93.6351 3.50919 0.133389
11.5238 -93.6351 3.50919 0.133389
11.4697 -93.6159 3.50947 0.132747
11.3835 -93.6314 3.51069 0.111375
11.5656 -93.7392 3.5081 0.101786
11.5656 -93.7392 3.5081 0.101786
11.5215 -93.6092 3.517 0.111427
11.5215 -93.6092 3.517 0.111427
11.5238 -93.6351 3.50919 0.133389
11.5238 -93.6351 3.50919 0.133389
11.5238 -93.6351 3.50919 0.133389
11.4697 -93.6159 3.50947 0.132747
11.4583 -93.3098 3.51895 0.0256246
11.5212 -93.662 3.51234 0.169776
11.5212 -93.662 3.51234 0.169776
11.2531 -93.8582 3.51363 0.00611509
11.5238 -93.6351 3.50919 0.133389
11.4697 -93.6159 3.50947 0.132747
11.4697 -93.6159 3.50947 0.132747
11.4583 -93.3098 3.51895 0.0256246
11.3835 -93.6314 3.51069 0.111375
11.4776 -93.8174 3.52378 0.000393755
11.5212 -93.662 3.51234 0.169776
11.5656 -93.7392 3.5081 0.101786
11.4284 -93.4737 3.51777 0.0628337
11.5238 -93.6351 3.50919 0.133389
11.4697 -93.6159 3.50947 0.132747
11.5212 -93.662 3.51234 0.169776
11.5212 -93.662 3.51234 0.169776
11.5215 -93.6092 3.517 0.111427
11.5238 -93.6351 3.50919 0.133389
11.4583 -93.3098 3.51895 0.0256246
11.5212 -93.662 3.51234 0.169776
11.5656 -93.7392 3.5081 0.101786
11.4703 -93.3117 3.52076 0.021256
11.4697 -93.6159 3.50947 0.132747
11.5212 -93.662 3.51234 0.169776
11.5656 -93.7392 3.5081 0.101786
11.4284 -93.4737 3.51777 0.0628337
11.5238 -93.6351 3.50919 0.133389
11.5238 -93.6351 3.50919 0.133389
11.5238 -93.6351 3.50919 0.133389
11.4697 -93.6159 3.50947 0.132747
11.3835 -93.6314 3.51069 0.111375
11.3835 -93.6314 3.51069 0.111375
11.3129 -93.3949 3.51023 0.0139798
