254.709 28.8346 0.0309363 0.211064
254.58 28.737 0.0213931 0.00073103
254.779 28.8483 0.0246286 0.124285
254.666 28.8564 0.0344545 0.0695713
254.706 28.845 0.0250679 0.128076
254.706 28.845 0.0250679 0.128076
254.706 28.845 0.0250679 0.128076
254.777 28.9403 0.030074 0.138929
254.666 28.8564 0.0344545 0.0695713
254.706 28.845 0.0250679 0.128076
254.688 28.641 0.0299077 0.021315
254.709 28.8346 0.0309363 0.211064
254.666 28.8564 0.0344545 0.0695713
254.706 28.845 0.0250679 0.128076
254.709 28.8346 0.0309363 0.211064
254.777 28.9403 0.030074 0.138929
254.779 28.8483 0.0246286 0.124285
254.611 28.9171 0.0316255 0.115522
254.579 28.958 0.0272886 0.0554845
254.777 28.9403 0.030074 0.138929
254.779 28.8483 0.0246286 0.124285
254.496 28.8419 0.028662 0.0220914
254.611 28.9171 0.0316255 0.115522
254.611 28.9171 0.0316255 0.115522
254.709 28.8346 0.0309363 0.211064
254.709 28.8346 0.0309363 0.211064
254.709 28.8346 0.0309363 0.211064
254.666 28.8564 0.0344545 0.0695713
254.611 28.9171 0.0316255 0.115522
254.706 28.845 0.0250679 0.128076
254.709 28.8346 0.0309363 0.211064
254.777 28.9403 0.030074 0.138929
254.611 28.9171 0.0316255 0.115522
254.611 28.9171 0.0316255 0.115522
254.706 28.845 0.0250679 0.128076
254.706 28.845 0.0250679 0.128076
254.709 28.8346 0.0309363 0.211064
254.779 28.8483 0.0246286 0.124285
254.666 28.8564 0.0344545 0.0695713
254.706 28.845 0.0250679 0.128076
254.579 28.958 0.0272886 0.0554845
254.709 28.8346 0.0309363 0.211064
254.666 28.8564 0.0344545 0.0695713
254.666 28.8564 0.0344545 0.0695713
254.611 28.9171 0.0316255 0.115522
254.706 28.845 0.0250679 0.128076
254.709 28.8346 0.0309363 0.211064
254.777 28.9403 0.030074 0.138929
254.666 28.8564 0.0344545 0.0695713
254.756 29.0521 0.0226962 0.0207646
254.706 28.845 0.0250679 0.128076
254.777 28.9403 0.030074 0.138929
254.777 28.9403 0.030074 0.138929
254.666 28.8564 0.0344545 0.0695713
254.611 28.9171 0.0316255 0.115522
254.706 28.845 0.0250679 0.128076
254.777 28.9403 0.030074 0.138929
254.779 28.8483 0.0246286 0.124285
254.666 28.8564 0.0344545 0.0695713
254.706 28.845 0.0250679 0.128076
254.709 28.8346 0.0309363 0.211064
254.779 28.8483 0.0246286 0.124285
254.706 28.845 0.0250679 0.128076
254.706 28.845 0.0250679 0.128076
254.709 28.8346 0.0309363 0.211064
254.709 28.8346 0.0309363 0.211064
254.709 28.8346 0.0309363 0.211064
254.779 28.8483 0.0246286 0.124285
254.779 28.8483 0.0246286 0.124285
254.756 29.0521 0.0226962 0.0207646
254.579 28.958 0.0272886 0.0554845
254.777 28.9403 0.030074 0.138929
254.777 28.9403 0.030074 0.138929
254.777 28.9403 0.030074 0.138929
254.611 28.9171 0.0316255 0.115522
254.709 28.8346 0.0309363 0.211064
254.709 28.8346 0.0309363 0.211064
254.777 28.9403 0.030074 0.138929
254.779 28.8483 0.0246286 0.124285
254.666 28.8564 0.0344545 0.0695713
254.799 28.6279 0.0337557 0.0040636
254.706 28.845 0.0250679 0.128076
254.709 28.8346 0.0309363 0.211064
254.777 28.9403 0.030074 0.138929
254.666 28.8564 0.0344545 0.0695713
254.706 28.845 0.0250679 0.128076
254.706 28.845 0.0250679 0.128076
254.709 28.8346 0.0309363 0.211064
254.779 28.8483 0.0246286 0.124285
254.706 28.845 0.0250679 0.128076
254.579 28.958 0.0272886 0.0554845
254.666 28.9012 0.0347661 0.0490265
254.779 28.8483 0.0246286 0.124285
254.706 28.845 0.0250679 0.128076
254.706 28.845 0.0250679 0.128076
254.706 28.845 0.0250679 0.128076
254.709 28.8346 0.0309363 0.211064
254.666 28.9012 0.0347661 0.0490265
254.611 28.9171 0.0316255 0.115522
254.706 28.845 0.0250679 0.128076
