82.86 16.3092 0.0899382 0.0284681
83.0865 16.2888 0.0873723 0.248064
83.2296 16.0855 0.0875434 0.221163
82.9225 16.235 0.0854644 0.0509314
82.8594 16.1054 0.0909436 0.0297591
82.8594 16.1054 0.0909436 0.0297591
83.0865 16.2888 0.0873723 0.248064
83.0865 16.2888 0.0873723 0.248064
83.2296 16.0855 0.0875434 0.221163
83.2296 16.0855 0.0875434 0.221163
82.9683 16.3266 0.0805843 0.00806786
83.0865 16.2888 0.0873723 0.248064
82.9225 16.235 0.0854644 0.0509314
83.0865 16.2888 0.0873723 0.248064
83.2296 16.0855 0.0875434 0.221163
83.1038 16.3721 0.092564 0.13541
83.1038 16.3721 0.092564 0.13541
83.0865 16.2888 0.0873723 0.248064
83.2296 16.0855 0.0875434 0.221163
83.2296 16.0855 0.0875434 0.221163
83.1038 16.3721 0.092564 0.13541
83.0865 16.2888 0.0873723 0.248064
83.2296 16.0855 0.0875434 0.221163
83.0619 16.1625 0.0808368 0.0353418
83.1038 16.3721 0.092564 0.13541
83.1038 16.3721 0.092564 0.13541
82.9683 16.3266 0.0805843 0.00806786
83.0865 16.2888 0.0873723 0.248064
83.0865 16.2888 0.0873723 0.248064
82.9225 16.235 0.0854644 0.0509314
83.0753 16.2509 0.0984883 0.0366976
82.9336 16.1824 0.0967991 0.0298407
83.0865 16.2888 0.0873723 0.248064
83.0865 16.2888 0.0873723 0.248064
83.0224 16.4572 0.0908818 0.0408252
83.0753 16.2509 0.0984883 0.0366976
83.2296 16.0855 0.0875434 0.221163
82.9225 16.235 0.0854644 0.0509314
83.0865 16.2888 0.0873723 0.248064
83.2296 16.0855 0.0875434 0.221163
83.1751 16.2306 0.0993314 0.0240945
83.2296 16.0855 0.0875434 0.221163
83.1038 16.3721 0.092564 0.13541
83.0865 16.2888 0.0873723 0.248064
83.0865 16.2888 0.0873723 0.248064
83.2296 16.0855 0.0875434 0.221163
82.8775 16.0871 0.0799719 0.00209138
83.0865 16.2888 0.0873723 0.248064
83.0619 16.1625 0.0808368 0.0353418
83.0865 16.2888 0.0873723 0.248064
83.0865 16.2888 0.0873723 0.248064
83.0865 16.2888 0.0873723 0.248064
83.2296 16.0855 0.0875434 0.221163
82.9336 16.1824 0.0967991 0.0298407
83.0865 16.2888 0.0873723 0.248064
83.0224 16.4572 0.0908818 0.0408252
83.0224 16.4572 0.0908818 0.0408252
83.0619 16.1625 0.0808368 0.0353418
83.1751 16.2306 0.0993314 0.0240945
83.0865 16.2888 0.0873723 0.248064
83.1813 16.3762 0.080546 0.0164352
82.9336 16.1824 0.0967991 0.0298407
83.0865 16.2888 0.0873723 0.248064
83.2296 16.0855 0.0875434 0.221163
83.2296 16.0855 0.0875434 0.221163
83.2296 16.0855 0.0875434 0.221163
83.0619 16.1625 0.0808368 0.0353418
83.1751 16.2306 0.0993314 0.0240945
82.9336 16.1824 0.0967991 0.0298407
82.9336 16.1824 0.0967991 0.0298407
83.2296 16.0855 0.0875434 0.221163
83.2296 16.0855 0.0875434 0.221163
83.0619 16.1625 0.0808368 0.0353418
83.1038 16.3721 0.092564 0.13541
83.0865 16.2888 0.0873723 0.248064
83.2296 16.0855 0.0875434 0.221163
83.0224 16.4572 0.0908818 0.0408252
83.1038 16.3721 0.092564 0.13541
82.86 16.3092 0.0899382 0.0284681
83.0865 16.2888 0.0873723 0.248064
83.2296 16.0855 0.0875434 0.221163
82.8594 16.1054 0.0909436 0.0297591
83.1751 16.2306 0.0993314 0.0240945
83.0865 16.2888 0.0873723 0.248064
83.2296 16.0855 0.0875434 0.221163
83.1751 16.2306 0.0993314 0.0240945
83.0865 16.2888 0.0873723 0.248064
83.2296 16.0855 0.0875434 0.221163
83.3176 15.9967 0.095219 0.0179716
83.2296 16.0855 0.0875434 0.221163
83.1038 16.3721 0.092564 0.13541
83.3176 15.9967 0.095219 0.0179716
82.9336 16.1824 0.0967991 0.0298407
82.9336 16.1824 0.0967991 0.0298407
83.2296 16.0855 0.0875434 0.221163
83.2296 16.0855 0.0875434 0.221163
83.2296 16.0855 0.0875434 0.221163
83.1038 16.3721 0.092564 0.13541
83.3176 15.9967 0.095219 0.0179716
83.0865 16.2888 0.0873723 0.248064
