44.5013 -67.2505 3.94239 0.251554
44.5013 -67.2505 3.94239 0.251554
44.5013 -67.2505 3.94239 0.251554
44.4845 -67.2211 3.94181 0.245991
44.6289 -67.3587 3.94174 0.109637
44.6289 -67.3587 3.94174 0.109637
44.596 -67.2278 3.93978 0.221297
44.4845 -67.2211 3.94181 0.245991
44.596 -67.2278 3.93978 0.221297
44.5013 -67.2505 3.94239 0.251554
44.4845 -67.2211 3.94181 0.245991
44.6289 -67.3587 3.94174 0.109637
44.5013 -67.2505 3.94239 0.251554
44.4845 -67.2211 3.94181 0.245991
44.596 -67.2278 3.93978 0.221297
44.5046 -67.2647 3.94686 0.0443224
44.4845 -67.2211 3.94181 0.245991
44.596 -67.2278 3.93978 0.221297
44.5013 -67.2505 3.94239 0.251554
44.5013 -67.2505 3.94239 0.251554
44.4845 -67.2211 3.94181 0.245991
44.596 -67.2278 3.93978 0.221297
44.5013 -67.2505 3.94239 0.251554
44.695 -67.2154 3.93746 0.0247495
44.596 -67.2278 3.93978 0.221297
44.5013 -67.2505 3.94239 0.251554
44.5013 -67.2505 3.94239 0.251554
44.5013 -67.2505 3.94239 0.251554
44.5046 -67.2647 3.94686 0.0443224
44.4845 -67.2211 3.94181 0.245991
44.6289 -67.3587 3.94174 0.109637
44.5013 -67.2505 3.94239 0.251554
44.4845 -67.2211 3.94181 0.245991
44.596 -67.2278 3.93978 0.221297
44.596 -67.2278 3.93978 0.221297
44.5013 -67.2505 3.94239 0.251554
44.5013 -67.2505 3.94239 0.251554
44.4845 -67.2211 3.94181 0.245991
44.596 -67.2278 3.93978 0.221297
44.596 -67.2278 3.93978 0.221297
44.5013 -67.2505 3.94239 0.251554
44.4845 -67.2211 3.94181 0.245991
44.596 -67.2278 3.93978 0.221297
44.5013 -67.2505 3.94239 0.251554
44.5013 -67.2505 3.94239 0.251554
44.4845 -67.2211 3.94181 0.245991
44.4845 -67.2211 3.94181 0.245991
44.4845 -67.2211 3.94181 0.245991
44.6289 -67.3587 3.94174 0.109637
44.596 -67.2278 3.93978 0.221297
44.5013 -67.2505 3.94239 0.251554
44.5046 -67.2647 3.94686 0.0443224
44.4845 -67.2211 3.94181 0.245991
44.5216 -67.1981 3.93476 0.0492096
44.6289 -67.3587 3.94174 0.109637
44.6289 -67.3587 3.94174 0.109637
44.5013 -67.2505 3.94239 0.251554
44.5013 -67.2505 3.94239 0.251554
44.4845 -67.2211 3.94181 0.245991
44.899 -67.3979 3.9491 0.000102963
44.5013 -67.2505 3.94239 0.251554
44.5046 -67.2647 3.94686 0.0443224
44.4845 -67.2211 3.94181 0.245991
44.6289 -67.3587 3.94174 0.109637
44.596 -67.2278 3.93978 0.221297
44.596 -67.2278 3.93978 0.221297
44.5013 -67.2505 3.94239 0.251554
44.4845 -67.2211 3.94181 0.245991
44.596 -67.2278 3.93978 0.221297
44.5013 -67.2505 3.94239 0.251554
44.5046 -67.2647 3.94686 0.0443224
44.4845 -67.2211 3.94181 0.245991
44.4845 -67.2211 3.94181 0.245991
44.6289 -67.3587 3.94174 0.109637
44.5013 -67.2505 3.94239 0.251554
44.4845 -67.2211 3.94181 0.245991
44.695 -67.2154 3.93746 0.0247495
44.5216 -67.1981 3.93476 0.0492096
44.5013 -67.2505 3.94239 0.251554
44.8183 -67.1301 3.94007 0.00199237
44.5013 -67.2505 3.94239 0.251554
44.4845 -67.2211 3.94181 0.245991
44.5216 -67.1981 3.93476 0.0492096
44.596 -67.2278 3.93978 0.221297
44.5046 -67.2647 3.94686 0.0443224
44.4845 -67.2211 3.94181 0.245991
44.5013 -67.2505 3.94239 0.251554
44.5013 -67.2505 3.94239 0.251554
44.5216 -67.1981 3.93476 0.0492096
44.5216 -67.1981 3.93476 0.0492096
44.5013 -67.2505 3.94239 0.251554
44.4845 -67.2211 3.94181 0.245991
44.6289 -67.3587 3.94174 0.109637
44.5013 -67.2505 3.94239 0.251554
44.4845 -67.2211 3.94181 0.245991
44.5216 -67.1981 3.93476 0.0492096
44.596 -67.2278 3.93978 0.221297
44.596 -67.2278 3.93978 0.221297
44.5013 -67.2505 3.94239 0.251554
44.4845 -67.2211 3.94181 0.245991
