-37.8474 -70.4922 1.92499 0.27923
-37.7223 -70.6397 1.92752 0.207006
-37.9377 -70.4695 1.91765 0.0173971
-37.5486 -70.6102 1.92264 0.0201258
-37.7252 -70.2619 1.92099 0.112365
-37.7253 -70.7566 1.93341 0.0414719
-37.5221 -70.7342 1.93029 0.0530574
-37.8474 -70.4922 1.92499 0.27923
-37.7223 -70.6397 1.92752 0.207006
-37.8474 -70.4922 1.92499 0.27923
-37.8958 -70.7021 1.93484 0.00677655
-37.7223 -70.6397 1.92752 0.207006
-37.7223 -70.6397 1.92752 0.207006
-37.8508 -70.6884 1.92997 0.0567135
-37.8958 -70.7021 1.93484 0.00677655
-37.7223 -70.6397 1.92752 0.207006
-37.8474 -70.4922 1.92499 0.27923
-37.7252 -70.2619 1.92099 0.112365
-37.5915 -70.5947 1.92489 0.110034
-37.5915 -70.5947 1.92489 0.110034
-37.7252 -70.2619 1.92099 0.112365
-37.7223 -70.6397 1.92752 0.207006
-37.7223 -70.6397 1.92752 0.207006
-37.5221 -70.7342 1.93029 0.0530574
-37.9666 -70.5982 1.92667 0.0425232
-37.7252 -70.2619 1.92099 0.112365
-37.7223 -70.6397 1.92752 0.207006
-37.8508 -70.6884 1.92997 0.0567135
-37.8474 -70.4922 1.92499 0.27923
-37.7223 -70.6397 1.92752 0.207006
-37.8508 -70.6884 1.92997 0.0567135
-37.9666 -70.5982 1.92667 0.0425232
-37.8474 -70.4922 1.92499 0.27923
-37.8474 -70.4922 1.92499 0.27923
-37.7223 -70.6397 1.92752 0.207006
-37.7223 -70.6397 1.92752 0.207006
-37.9666 -70.5982 1.92667 0.0425232
-37.8474 -70.4922 1.92499 0.27923
-37.7223 -70.6397 1.92752 0.207006
-37.5221 -70.7342 1.93029 0.0530574
-37.5915 -70.5947 1.92489 0.110034
-37.8474 -70.4922 1.92499 0.27923
-37.7252 -70.2619 1.92099 0.112365
-37.9504 -70.6361 1.92073 0.0101999
-37.7223 -70.6397 1.92752 0.207006
-37.9666 -70.5982 1.92667 0.0425232
-37.8474 -70.4922 1.92499 0.27923
-37.8474 -70.4922 1.92499 0.27923
-37.8474 -70.4922 1.92499 0.27923
-37.8474 -70.4922 1.92499 0.27923
-37.7223 -70.6397 1.92752 0.207006
-37.7223 -70.6397 1.92752 0.207006
-37.5915 -70.5947 1.92489 0.110034
-37.8474 -70.4922 1.92499 0.27923
-37.6601 -70.9145 1.93774 0.00143237
-37.9666 -70.5982 1.92667 0.0425232
-37.8474 -70.4922 1.92499 0.27923
-37.8508 -70.6884 1.92997 0.0567135
-37.8508 -70.6884 1.92997 0.0567135
-37.8474 -70.4922 1.92499 0.27923
-37.2475 -70.5899 1.92992 0.00342795
-37.7252 -70.2619 1.92099 0.112365
-37.7223 -70.6397 1.92752 0.207006
-37.5915 -70.5947 1.92489 0.110034
-37.8474 -70.4922 1.92499 0.27923
-37.7252 -70.2619 1.92099 0.112365
-37.5915 -70.5947 1.92489 0.110034
-37.8474 -70.4922 1.92499 0.27923
-37.7223 -70.6397 1.92752 0.207006
-37.8508 -70.6884 1.92997 0.0567135
-37.8474 -70.4922 1.92499 0.27923
-37.7253 -70.7566 1.93341 0.0414719
-37.5915 -70.5947 1.92489 0.110034
-37.8474 -70.4922 1.92499 0.27923
-37.7223 -70.6397 1.92752 0.207006
-38.0112 -70.5069 1.91492 0.00142581
-37.8474 -70.4922 1.92499 0.27923
-37.8595 -70.793 1.93095 0.010043
-37.5915 -70.5947 1.92489 0.110034
-37.8474 -70.4922 1.92499 0.27923
-37.8958 -70.7021 1.93484 0.00677655
-37.7223 -70.6397 1.92752 0.207006
-37.5915 -70.5947 1.92489 0.110034
-37.7252 -70.2619 1.92099 0.112365
-37.7223 -70.6397 1.92752 0.207006
-37.8474 -70.4922 1.92499 0.27923
-37.7223 -70.6397 1.92752 0.207006
-37.5915 -70.5947 1.92489 0.110034
-37.8474 -70.4922 1.92499 0.27923
-37.7252 -70.2619 1.92099 0.112365
-37.7252 -70.2619 1.92099 0.112365
-37.7223 -70.6397 1.92752 0.207006
-37.7253 -70.7566 1.93341 0.0414719
-37.5221 -70.7342 1.93029 0.0530574
-37.9666 -70.5982 1.92667 0.0425232
-37.7223 -70.6397 1.92752 0.207006
-37.8508 -70.6884 1.92997 0.0567135
-37.8474 -70.4922 1.92499 0.27923
-37.7223 -70.6397 1.92752 0.207006
-37.5915 -70.5947 1.92489 0.110034
