-7.39638 0.40957 0.43642 0.0906666
-7.03102 0.410824 0.433444 0.0359202
-7.23142 0.52436 0.441991 0.063836
-7.12972 0.394988 0.439327 0.156629
-7.38618 0.509123 0.429113 0.000891119
-7.10476 0.179233 0.442871 0.00463307
-7.51139 0.371331 0.441677 0.0229576
-7.28387 0.583971 0.436653 0.0712931
-7.08686 0.27081 0.44086 0.0265151
-7.57175 0.26424 0.438918 0.00131821
-7.51139 0.371331 0.441677 0.0229576
-7.21532 0.537971 0.440455 0.0859215
-7.23142 0.52436 0.441991 0.063836
-7.55077 0.404252 0.438494 0.00511463
-7.35479 0.457237 0.441966 0.142753
-7.39638 0.40957 0.43642 0.0906666
-7.21532 0.537971 0.440455 0.0859215
-7.21532 0.537971 0.440455 0.0859215
-7.12972 0.394988 0.439327 0.156629
-6.98415 0.294298 0.437229 0.00729111
-7.35479 0.457237 0.441966 0.142753
-7.21532 0.537971 0.440455 0.0859215
-7.21532 0.537971 0.440455 0.0859215
-7.12972 0.394988 0.439327 0.156629
-7.21075 0.611076 0.432588 0.0251622
-7.35479 0.457237 0.441966 0.142753
-7.35479 0.457237 0.441966 0.142753
-7.21532 0.537971 0.440455 0.0859215
-7.12972 0.394988 0.439327 0.156629
-7.26294 0.537636 0.431735 0.0347682
-7.39638 0.40957 0.43642 0.0906666
-7.03102 0.410824 0.433444 0.0359202
-7.309 0.592652 0.440432 0.0366655
-7.12972 0.394988 0.439327 0.156629
-7.10476 0.179233 0.442871 0.00463307
-7.21075 0.611076 0.432588 0.0251622
-7.35479 0.457237 0.441966 0.142753
-7.39638 0.40957 0.43642 0.0906666
-7.21532 0.537971 0.440455 0.0859215
-7.12972 0.394988 0.439327 0.156629
-7.12972 0.394988 0.439327 0.156629
-7.12972 0.394988 0.439327 0.156629
-7.12972 0.394988 0.439327 0.156629
-7.35479 0.457237 0.441966 0.142753
-7.39638 0.40957 0.43642 0.0906666
-7.28387 0.583971 0.436653 0.0712931
-7.12972 0.394988 0.439327 0.156629
-7.12972 0.394988 0.439327 0.156629
-7.26294 0.537636 0.431735 0.0347682
-7.39638 0.40957 0.43642 0.0906666
-7.22688 0.266177 0.449309 0.00129796
-7.12972 0.394988 0.439327 0.156629
-7.34974 0.18561 0.441214 0.0378882
-7.35479 0.457237 0.441966 0.142753
-7.51139 0.371331 0.441677 0.0229576
-7.03102 0.410824 0.433444 0.0359202
-7.21532 0.537971 0.440455 0.0859215
-7.12972 0.394988 0.439327 0.156629
-6.98415 0.294298 0.437229 0.00729111
-7.35479 0.457237 0.441966 0.142753
-7.309 0.592652 0.440432 0.0366655
-7.12972 0.394988 0.439327 0.156629
-7.12972 0.394988 0.439327 0.156629
-7.12972 0.394988 0.439327 0.156629
-7.10428 0.533358 0.431904 0.0392617
-7.21075 0.611076 0.432588 0.0251622
-7.03102 0.410824 0.433444 0.0359202
-7.28387 0.583971 0.436653 0.0712931
-7.12972 0.394988 0.439327 0.156629
-7.10428 0.533358 0.431904 0.0392617
-7.21075 0.611076 0.432588 0.0251622
-7.51139 0.371331 0.441677 0.0229576
-7.39638 0.40957 0.43642 0.0906666
-7.21532 0.537971 0.440455 0.0859215
-7.12972 0.394988 0.439327 0.156629
-7.08686 0.27081 0.44086 0.0265151
-7.18305 0.69639 0.437225 0.00486788
-7.35479 0.457237 0.441966 0.142753
-7.39638 0.40957 0.43642 0.0906666
-7.309 0.592652 0.440432 0.0366655
-7.21532 0.537971 0.440455 0.0859215
-7.23142 0.52436 0.441991 0.063836
-7.08686 0.27081 0.44086 0.0265151
-7.10428 0.533358 0.431904 0.0392617
-7.26294 0.537636 0.431735 0.0347682
-7.21075 0.611076 0.432588 0.0251622
-7.35479 0.457237 0.441966 0.142753
-7.39638 0.40957 0.43642 0.0906666
-7.23142 0.52436 0.441991 0.063836
-7.05362 0.218204 0.444645 0.00100388
-7.35479 0.457237 0.441966 0.142753
-7.35479 0.457237 0.441966 0.142753
-7.22688 0.266177 0.449309 0.00129796
-7.23142 0.52436 0.441991 0.063836
-7.12972 0.394988 0.439327 0.156629
-7.26294 0.537636 0.431735 0.0347682
-7.35479 0.457237 0.441966 0.142753
-7.39638 0.40957 0.43642 0.0906666
-7.28387 0.583971 0.436653 0.0712931
-7.10428 0.533358 0.431904 0.0392617
