-23.3783 -87.804 2.53649 0.0902092
-23.3783 -87.804 2.53649 0.0902092
-23.3783 -87.804 2.53649 0.0902092
-23.1909 -87.7593 2.54312 0.134037
-23.3428 -87.9649 2.54234 0.107914
-23.3428 -87.9649 2.54234 0.107914
-23.2542 -87.5395 2.53795 0.0202033
-23.4898 -87.6952 2.54233 0.024747
-23.3783 -87.804 2.53649 0.0902092
-23.0209 -87.9948 2.54456 0.0271541
-23.1971 -87.8583 2.53714 0.074586
-23.3428 -87.9649 2.54234 0.107914
-23.1395 -87.8439 2.54585 0.102751
-23.1395 -87.8439 2.54585 0.102751
-23.3318 -87.8308 2.53431 0.0461989
-23.3318 -87.8308 2.53431 0.0461989
-23.1768 -88.0031 2.5467 0.0717422
-23.1778 -87.9883 2.5406 0.070415
-23.1971 -87.8583 2.53714 0.074586
-23.1971 -87.8583 2.53714 0.074586
-23.1971 -87.8583 2.53714 0.074586
-23.1395 -87.8439 2.54585 0.102751
-23.1395 -87.8439 2.54585 0.102751
-23.2542 -87.5395 2.53795 0.0202033
-22.9765 -87.7226 2.54582 0.0116257
-23.5311 -87.7663 2.53936 0.0314059
-23.041 -87.9187 2.53724 0.0108665
-23.1971 -87.8583 2.53714 0.074586
-23.1395 -87.8439 2.54585 0.102751
-23.3373 -88.0809 2.53423 0.00300978
-23.1768 -88.0031 2.5467 0.0717422
-23.5311 -87.7663 2.53936 0.0314059
-23.1778 -87.9883 2.5406 0.070415
-23.1909 -87.7593 2.54312 0.134037
-23.1971 -87.8583 2.53714 0.074586
-23.3428 -87.9649 2.54234 0.107914
-23.3318 -87.8308 2.53431 0.0461989
-22.9765 -87.7226 2.54582 0.0116257
-23.3783 -87.804 2.53649 0.0902092
-23.3783 -87.804 2.53649 0.0902092
-23.3783 -87.804 2.53649 0.0902092
-23.1778 -87.9883 2.5406 0.070415
-23.1909 -87.7593 2.54312 0.134037
-23.3428 -87.9649 2.54234 0.107914
-23.4044 -87.6278 2.54591 0.00943405
-23.4898 -87.6952 2.54233 0.024747
-23.1768 -88.0031 2.5467 0.0717422
-23.1778 -87.9883 2.5406 0.070415
-23.0209 -87.9948 2.54456 0.0271541
-23.1971 -87.8583 2.53714 0.074586
-23.1395 -87.8439 2.54585 0.102751
-23.1395 -87.8439 2.54585 0.102751
-23.4898 -87.6952 2.54233 0.024747
-23.2136 -87.5604 2.53666 0.0196414
-23.1768 -88.0031 2.5467 0.0717422
-23.1909 -87.7593 2.54312 0.134037
-23.1971 -87.8583 2.53714 0.074586
-23.3428 -87.9649 2.54234 0.107914
-23.3043 -88.1073 2.55392 0.00162962
-23.0711 -87.761 2.55155 0.00627778
-23.3318 -87.8308 2.53431 0.0461989
-23.1768 -88.0031 2.5467 0.0717422
-23.1778 -87.9883 2.5406 0.070415
-23.1971 -87.8583 2.53714 0.074586
-23.3428 -87.9649 2.54234 0.107914
-23.1111 -87.9114 2.53584 0.0155406
-23.1768 -88.0031 2.5467 0.0717422
-23.1778 -87.9883 2.5406 0.070415
-23.1909 -87.7593 2.54312 0.134037
-23.3043 -88.1073 2.55392 0.00162962
-23.1395 -87.8439 2.54585 0.102751
-23.3318 -87.8308 2.53431 0.0461989
-22.9765 -87.7226 2.54582 0.0116257
-23.5311 -87.7663 2.53936 0.0314059
-23.1909 -87.7593 2.54312 0.134037
-23.1971 -87.8583 2.53714 0.074586
-23.3428 -87.9649 2.54234 0.107914
-23.3913 -87.7923 2.53274 0.0254515
-23.2564 -87.8525 2.53531 0.0539064
-23.4021 -88.1032 2.53543 0.00316408
-23.1768 -88.0031 2.5467 0.0717422
-23.1768 -88.0031 2.5467 0.0717422
-23.1909 -87.7593 2.54312 0.134037
-23.041 -87.9187 2.53724 0.0108665
-23.1971 -87.8583 2.53714 0.074586
-23.3428 -87.9649 2.54234 0.107914
-23.3318 -87.8308 2.53431 0.0461989
-23.2564 -87.8525 2.53531 0.0539064
-23.4021 -88.1032 2.53543 0.00316408
-23.3783 -87.804 2.53649 0.0902092
-23.1909 -87.7593 2.54312 0.134037
-23.1909 -87.7593 2.54312 0.134037
-23.1395 -87.8439 2.54585 0.102751
-23.2564 -87.8525 2.53531 0.0539064
-23.1768 -88.0031 2.5467 0.0717422
-23.1778 -87.9883 2.5406 0.070415
-23.1909 -87.7593 2.54312 0.134037
-23.3428 -87.9649 2.54234 0.107914
-23.3428 -87.9649 2.54234 0.107914
-23.1395 -87.8439 2.54585 0.102751
