17.0656 5.09108 0.279274 0.356506
16.888 5.22088 0.280002 0.161997
17.0656 5.09108 0.279274 0.356506
16.9743 4.85853 0.278657 0.0095764
17.0656 5.09108 0.279274 0.356506
16.794 5.18734 0.281764 0.0899125
16.9469 4.92159 0.280459 0.0669507
17.0656 5.09108 0.279274 0.356506
16.9934 5.26378 0.284856 0.0393644
16.888 5.22088 0.280002 0.161997
17.0656 5.09108 0.279274 0.356506
16.888 5.22088 0.280002 0.161997
17.0656 5.09108 0.279274 0.356506
16.888 5.22088 0.280002 0.161997
16.86 5.22963 0.278433 0.0557867
17.0656 5.09108 0.279274 0.356506
16.888 5.22088 0.280002 0.161997
17.0656 5.09108 0.279274 0.356506
16.9743 4.85853 0.278657 0.0095764
17.0656 5.09108 0.279274 0.356506
17.0656 5.09108 0.279274 0.356506
16.888 5.22088 0.280002 0.161997
16.888 5.22088 0.280002 0.161997
16.9362 5.23932 0.275165 0.0227944
17.0656 5.09108 0.279274 0.356506
17.0656 5.09108 0.279274 0.356506
16.8405 4.9807 0.284047 0.118207
16.888 5.22088 0.280002 0.161997
16.8405 4.9807 0.284047 0.118207
17.0656 5.09108 0.279274 0.356506
16.888 5.22088 0.280002 0.161997
16.888 5.22088 0.280002 0.161997
16.86 5.22963 0.278433 0.0557867
16.8405 4.9807 0.284047 0.118207
17.0656 5.09108 0.279274 0.356506
16.888 5.22088 0.280002 0.161997
16.8405 4.9807 0.284047 0.118207
16.86 5.22963 0.278433 0.0557867
16.8405 4.9807 0.284047 0.118207
16.888 5.22088 0.280002 0.161997
17.0656 5.09108 0.279274 0.356506
16.9469 4.92159 0.280459 0.0669507
16.9469 4.92159 0.280459 0.0669507
16.794 5.18734 0.281764 0.0899125
17.0656 5.09108 0.279274 0.356506
16.8614 5.1812 0.287093 0.0710201
16.8405 4.9807 0.284047 0.118207
17.0656 5.09108 0.279274 0.356506
16.9743 4.85853 0.278657 0.0095764
17.0656 5.09108 0.279274 0.356506
16.9362 5.23932 0.275165 0.0227944
17.0656 5.09108 0.279274 0.356506
16.9469 4.92159 0.280459 0.0669507
16.8405 4.9807 0.284047 0.118207
16.888 5.22088 0.280002 0.161997
16.8405 4.9807 0.284047 0.118207
16.8405 4.9807 0.284047 0.118207
16.888 5.22088 0.280002 0.161997
17.0656 5.09108 0.279274 0.356506
16.86 5.22963 0.278433 0.0557867
16.86 5.22963 0.278433 0.0557867
17.0656 5.09108 0.279274 0.356506
17.0656 5.09108 0.279274 0.356506
16.9743 4.85853 0.278657 0.0095764
16.86 5.22963 0.278433 0.0557867
16.86 5.22963 0.278433 0.0557867
17.0656 5.09108 0.279274 0.356506
16.8405 4.9807 0.284047 0.118207
17.0656 5.09108 0.279274 0.356506
16.8405 4.9807 0.284047 0.118207
17.0656 5.09108 0.279274 0.356506
17.0656 5.09108 0.279274 0.356506
16.794 5.18734 0.281764 0.0899125
17.0656 5.09108 0.279274 0.356506
17.0656 5.09108 0.279274 0.356506
16.888 5.22088 0.280002 0.161997
16.8614 5.1812 0.287093 0.0710201
16.888 5.22088 0.280002 0.161997
17.0656 5.09108 0.279274 0.356506
16.8614 5.1812 0.287093 0.0710201
16.9934 5.26378 0.284856 0.0393644
16.8405 4.9807 0.284047 0.118207
16.9934 5.26378 0.284856 0.0393644
16.8405 4.9807 0.284047 0.118207
17.0656 5.09108 0.279274 0.356506
17.0656 5.09108 0.279274 0.356506
17.0656 5.09108 0.279274 0.356506
16.8614 5.1812 0.287093 0.0710201
16.8614 5.1812 0.287093 0.0710201
16.9934 5.26378 0.284856 0.0393644
16.9469 4.92159 0.280459 0.0669507
16.794 5.18734 0.281764 0.0899125
16.8405 4.9807 0.284047 0.118207
16.9469 4.92159 0.280459 0.0669507
16.888 5.22088 0.280002 0.161997
16.794 5.18734 0.281764 0.0899125
16.9469 4.92159 0.280459 0.0669507
16.794 5.18734 0.281764 0.0899125
17.0656 5.09108 0.279274 0.356506
16.9362 5.23932 0.275165 0.0227944
