79.295 -35.6984 3.68057 0.0163601
79.463 -35.589 3.68257 0.226151
79.463 -35.589 3.68257 0.226151
79.2577 -35.3856 3.69192 0.0463753
79.2577 -35.3856 3.69192 0.0463753
79.5438 -35.5238 3.68271 0.172916
79.463 -35.589 3.68257 0.226151
79.5238 -35.3735 3.69011 0.220106
79.5438 -35.5238 3.68271 0.172916
79.404 -35.3398 3.69629 0.00339687
79.4551 -35.185 3.69442 0.0133884
79.5238 -35.3735 3.69011 0.220106
79.5238 -35.3735 3.69011 0.220106
79.5238 -35.3735 3.69011 0.220106
79.5238 -35.3735 3.69011 0.220106
79.5438 -35.5238 3.68271 0.172916
79.4444 -35.7339 3.68103 0.0181411
79.463 -35.589 3.68257 0.226151
79.2016 -35.5319 3.68903 0.0225906
79.295 -35.6984 3.68057 0.0163601
79.5438 -35.5238 3.68271 0.172916
79.293 -35.6405 3.68315 0.0712486
79.2016 -35.5319 3.68903 0.0225906
79.5438 -35.5238 3.68271 0.172916
79.5438 -35.5238 3.68271 0.172916
79.4444 -35.7339 3.68103 0.0181411
79.2027 -35.2457 3.68793 0.0243601
79.5238 -35.3735 3.69011 0.220106
79.5238 -35.3735 3.69011 0.220106
79.5438 -35.5238 3.68271 0.172916
79.463 -35.589 3.68257 0.226151
79.5238 -35.3735 3.69011 0.220106
79.5238 -35.3735 3.69011 0.220106
79.5438 -35.5238 3.68271 0.172916
79.293 -35.6405 3.68315 0.0712486
79.463 -35.589 3.68257 0.226151
79.463 -35.589 3.68257 0.226151
79.5238 -35.3735 3.69011 0.220106
79.5438 -35.5238 3.68271 0.172916
79.293 -35.6405 3.68315 0.0712486
79.5238 -35.3735 3.69011 0.220106
79.5438 -35.5238 3.68271 0.172916
79.421 -35.6985 3.67866 0.0136272
79.2016 -35.5319 3.68903 0.0225906
79.5238 -35.3735 3.69011 0.220106
79.463 -35.589 3.68257 0.226151
79.5238 -35.3735 3.69011 0.220106
79.5438 -35.5238 3.68271 0.172916
79.4289 -35.3751 3.69349 0.0466097
79.463 -35.589 3.68257 0.226151
79.5238 -35.3735 3.69011 0.220106
79.5238 -35.3735 3.69011 0.220106
79.5438 -35.5238 3.68271 0.172916
79.463 -35.589 3.68257 0.226151
79.5238 -35.3735 3.69011 0.220106
79.5238 -35.3735 3.69011 0.220106
79.5438 -35.5238 3.68271 0.172916
79.5438 -35.5238 3.68271 0.172916
79.463 -35.589 3.68257 0.226151
79.463 -35.589 3.68257 0.226151
79.2577 -35.3856 3.69192 0.0463753
79.295 -35.6984 3.68057 0.0163601
79.4375 -35.4397 3.67756 0.00512647
79.2027 -35.2457 3.68793 0.0243601
79.5438 -35.5238 3.68271 0.172916
79.463 -35.589 3.68257 0.226151
79.5238 -35.3735 3.69011 0.220106
79.5238 -35.3735 3.69011 0.220106
79.5238 -35.3735 3.69011 0.220106
79.4289 -35.3751 3.69349 0.0466097
79.4444 -35.7339 3.68103 0.0181411
79.293 -35.6405 3.68315 0.0712486
79.2016 -35.5319 3.68903 0.0225906
79.2016 -35.5319 3.68903 0.0225906
79.2016 -35.5319 3.68903 0.0225906
79.4551 -35.185 3.69442 0.0133884
79.5238 -35.3735 3.69011 0.220106
79.4289 -35.3751 3.69349 0.0466097
79.463 -35.589 3.68257 0.226151
79.5238 -35.3735 3.69011 0.220106
79.293 -35.6405 3.68315 0.0712486
79.2016 -35.5319 3.68903 0.0225906
79.5238 -35.3735 3.69011 0.220106
79.3836 -35.1534 3.69256 0.0242023
79.5438 -35.5238 3.68271 0.172916
79.463 -35.589 3.68257 0.226151
79.5238 -35.3735 3.69011 0.220106
79.5438 -35.5238 3.68271 0.172916
79.597 -35.4865 3.69182 0.0107194
79.463 -35.589 3.68257 0.226151
79.463 -35.589 3.68257 0.226151
79.5238 -35.3735 3.69011 0.220106
79.5238 -35.3735 3.69011 0.220106
79.6209 -35.6251 3.68394 0.0224229
79.5438 -35.5238 3.68271 0.172916
79.4289 -35.3751 3.69349 0.0466097
79.463 -35.589 3.68257 0.226151
79.5238 -35.3735 3.69011 0.220106
79.5238 -35.3735 3.69011 0.220106
79.5438 -35.5238 3.68271 0.172916
