-30.6974 -81.5393 2.3073 0.252198
-30.8133 -81.5792 2.31094 0.323832
-30.8133 -81.5792 2.31094 0.323832
-30.7335 -81.2811 2.30741 0.208767
-30.8133 -81.5792 2.31094 0.323832
-30.8133 -81.5792 2.31094 0.323832
-30.4178 -81.4522 2.31505 0.0364405
-30.5041 -81.1187 2.30373 0.00643513
-30.8133 -81.5792 2.31094 0.323832
-30.6974 -81.5393 2.3073 0.252198
-30.8133 -81.5792 2.31094 0.323832
-30.8133 -81.5792 2.31094 0.323832
-30.6974 -81.5393 2.3073 0.252198
-30.8133 -81.5792 2.31094 0.323832
-30.6974 -81.5393 2.3073 0.252198
-30.3847 -81.3332 2.30663 0.0121536
-30.6974 -81.5393 2.3073 0.252198
-30.8133 -81.5792 2.31094 0.323832
-30.6974 -81.5393 2.3073 0.252198
-30.8133 -81.5792 2.31094 0.323832
-30.8133 -81.5792 2.31094 0.323832
-30.7335 -81.2811 2.30741 0.208767
-30.6974 -81.5393 2.3073 0.252198
-30.8133 -81.5792 2.31094 0.323832
-30.7335 -81.2811 2.30741 0.208767
-30.6974 -81.5393 2.3073 0.252198
-30.5232 -81.5204 2.31908 0.0498352
-30.6974 -81.5393 2.3073 0.252198
-30.8133 -81.5792 2.31094 0.323832
-30.5539 -81.2658 2.30077 0.0132358
-30.7335 -81.2811 2.30741 0.208767
-30.8133 -81.5792 2.31094 0.323832
-30.7335 -81.2811 2.30741 0.208767
-30.8133 -81.5792 2.31094 0.323832
-30.7335 -81.2811 2.30741 0.208767
-30.8133 -81.5792 2.31094 0.323832
-30.7335 -81.2811 2.30741 0.208767
-30.8133 -81.5792 2.31094 0.323832
-30.5012 -81.3812 2.30086 0.00697824
-30.7335 -81.2811 2.30741 0.208767
-30.6637 -81.115 2.31362 0.0036995
-30.6076 -81.3577 2.30137 0.0290931
-30.6974 -81.5393 2.3073 0.252198
-30.8133 -81.5792 2.31094 0.323832
-30.47 -81.4125 2.301 0.00426784
-30.8133 -81.5792 2.31094 0.323832
-30.3847 -81.3332 2.30663 0.0121536
-30.6974 -81.5393 2.3073 0.252198
-30.8133 -81.5792 2.31094 0.323832
-30.7335 -81.2811 2.30741 0.208767
-30.8133 -81.5792 2.31094 0.323832
-30.8133 -81.5792 2.31094 0.323832
-30.7335 -81.2811 2.30741 0.208767
-30.7335 -81.2811 2.30741 0.208767
-30.8133 -81.5792 2.31094 0.323832
-30.5012 -81.3812 2.30086 0.00697824
-30.7335 -81.2811 2.30741 0.208767
-30.8133 -81.5792 2.31094 0.323832
-30.7335 -81.2811 2.30741 0.208767
-30.7335 -81.2811 2.30741 0.208767
-30.7335 -81.2811 2.30741 0.208767
-30.6974 -81.5393 2.3073 0.252198
-30.6974 -81.5393 2.3073 0.252198
-30.6974 -81.5393 2.3073 0.252198
-30.8133 -81.5792 2.31094 0.323832
-30.8133 -81.5792 2.31094 0.323832
-30.7335 -81.2811 2.30741 0.208767
-30.6974 -81.5393 2.3073 0.252198
-30.8133 -81.5792 2.31094 0.323832
-30.7335 -81.2811 2.30741 0.208767
-30.8133 -81.5792 2.31094 0.323832
-30.7335 -81.2811 2.30741 0.208767
-30.5041 -81.1187 2.30373 0.00643513
-30.6974 -81.5393 2.3073 0.252198
-30.8133 -81.5792 2.31094 0.323832
-30.8133 -81.5792 2.31094 0.323832
-30.6974 -81.5393 2.3073 0.252198
-30.6974 -81.5393 2.3073 0.252198
-30.8133 -81.5792 2.31094 0.323832
-30.8133 -81.5792 2.31094 0.323832
-30.8133 -81.5792 2.31094 0.323832
-30.7335 -81.2811 2.30741 0.208767
-30.6974 -81.5393 2.3073 0.252198
-30.6974 -81.5393 2.3073 0.252198
-30.8133 -81.5792 2.31094 0.323832
-30.7335 -81.2811 2.30741 0.208767
-30.7335 -81.2811 2.30741 0.208767
-30.8133 -81.5792 2.31094 0.323832
-30.6076 -81.3577 2.30137 0.0290931
-30.7335 -81.2811 2.30741 0.208767
-30.6974 -81.5393 2.3073 0.252198
-30.6637 -81.115 2.31362 0.0036995
-30.7335 -81.2811 2.30741 0.208767
-30.8133 -81.5792 2.31094 0.323832
-30.5012 -81.3812 2.30086 0.00697824
-30.6974 -81.5393 2.3073 0.252198
-30.6974 -81.5393 2.3073 0.252198
-30.8133 -81.5792 2.31094 0.323832
-30.8133 -81.5792 2.31094 0.323832
-30.7335 -81.2811 2.30741 0.208767
