278.28 14.6914 5.16505 0.0357612
278.148 14.8868 5.17621 0.462928
278.148 14.8868 5.17621 0.462928
278.148 14.8868 5.17621 0.462928
278.424 15.0299 5.17239 0.0107507
278.301 14.9646 5.18149 0.181987
278.148 14.8868 5.17621 0.462928
278.313 14.8017 5.18309 0.0350465
278.268 14.8047 5.1668 0.0968629
278.268 14.8047 5.1668 0.0968629
278.301 14.9646 5.18149 0.181987
278.148 14.8868 5.17621 0.462928
278.301 14.9646 5.18149 0.181987
278.268 14.8047 5.1668 0.0968629
278.148 14.8868 5.17621 0.462928
277.899 14.9117 5.17119 0.00608185
278.148 14.8868 5.17621 0.462928
278.301 14.9646 5.18149 0.181987
278.148 14.8868 5.17621 0.462928
278.148 14.8868 5.17621 0.462928
278.255 14.6148 5.17506 0.024772
278.148 14.8868 5.17621 0.462928
278.148 14.8868 5.17621 0.462928
278.268 14.8047 5.1668 0.0968629
278.148 14.8868 5.17621 0.462928
278.074 14.6971 5.16453 0.028475
278.148 14.8868 5.17621 0.462928
278.301 14.9646 5.18149 0.181987
278.148 14.8868 5.17621 0.462928
278.148 14.8868 5.17621 0.462928
278.148 14.8868 5.17621 0.462928
278.301 14.9646 5.18149 0.181987
278.148 14.8868 5.17621 0.462928
278.148 14.8868 5.17621 0.462928
278.16 14.9881 5.16553 0.00989166
278.268 14.8047 5.1668 0.0968629
278.301 14.9646 5.18149 0.181987
278.148 14.8868 5.17621 0.462928
278.301 14.9646 5.18149 0.181987
278.148 14.8868 5.17621 0.462928
278.301 14.9646 5.18149 0.181987
278.148 14.8868 5.17621 0.462928
278.268 14.8047 5.1668 0.0968629
278.148 14.8868 5.17621 0.462928
278.268 14.8047 5.1668 0.0968629
278.254 14.6972 5.16501 0.0444917
278.148 14.8868 5.17621 0.462928
278.301 14.9646 5.18149 0.181987
278.254 14.6972 5.16501 0.0444917
278.148 14.8868 5.17621 0.462928
278.268 14.8047 5.1668 0.0968629
278.301 14.9646 5.18149 0.181987
278.148 14.8868 5.17621 0.462928
278.301 14.9646 5.18149 0.181987
278.148 14.8868 5.17621 0.462928
278.301 14.9646 5.18149 0.181987
278.255 14.6148 5.17506 0.024772
277.981 14.7072 5.17516 0.0171611
278.148 14.8868 5.17621 0.462928
278.255 14.6148 5.17506 0.024772
278.268 14.8047 5.1668 0.0968629
278.148 14.8868 5.17621 0.462928
278.268 14.8047 5.1668 0.0968629
278.301 14.9646 5.18149 0.181987
278.148 14.8868 5.17621 0.462928
278.28 14.6914 5.16505 0.0357612
278.254 14.6972 5.16501 0.0444917
278.148 14.8868 5.17621 0.462928
278.148 14.8868 5.17621 0.462928
278.148 14.8868 5.17621 0.462928
278.268 14.8047 5.1668 0.0968629
278.301 14.9646 5.18149 0.181987
278.148 14.8868 5.17621 0.462928
278.268 14.8047 5.1668 0.0968629
278.148 14.8868 5.17621 0.462928
278.148 14.8868 5.17621 0.462928
278.268 14.8047 5.1668 0.0968629
278.254 14.6972 5.16501 0.0444917
278.148 14.8868 5.17621 0.462928
278.148 14.8868 5.17621 0.462928
278.424 15.0299 5.17239 0.0107507
278.148 14.8868 5.17621 0.462928
278.148 14.8868 5.17621 0.462928
278.148 14.8868 5.17621 0.462928
278.148 14.8868 5.17621 0.462928
278.301 14.9646 5.18149 0.181987
278.255 14.6148 5.17506 0.024772
278.268 14.8047 5.1668 0.0968629
278.301 14.9646 5.18149 0.181987
278.148 14.8868 5.17621 0.462928
278.148 14.8868 5.17621 0.462928
278.268 14.8047 5.1668 0.0968629
278.148 14.8868 5.17621 0.462928
278.28 14.6914 5.16505 0.0357612
278.301 14.9646 5.18149 0.181987
278.148 14.8868 5.17621 0.462928
278.148 14.8868 5.17621 0.462928
278.148 14.8868 5.17621 0.462928
278.148 14.8868 5.17621 0.462928
278.148 14.8868 5.17621 0.462928
