83.0736 -34.0095 3.63527 0.145648
83.0215 -33.9909 3.64203 0.462238
82.8997 -34.1265 3.64606 0.000716778
83.0215 -33.9909 3.64203 0.462238
82.9704 -33.9342 3.63467 0.0344244
83.0215 -33.9909 3.64203 0.462238
83.0215 -33.9909 3.64203 0.462238
83.0215 -33.9909 3.64203 0.462238
83.0736 -34.0095 3.63527 0.145648
83.0215 -33.9909 3.64203 0.462238
83.0736 -34.0095 3.63527 0.145648
83.0454 -34.1958 3.63691 0.0713249
83.0215 -33.9909 3.64203 0.462238
83.0267 -34.0977 3.63114 0.00551805
83.0736 -34.0095 3.63527 0.145648
83.0215 -33.9909 3.64203 0.462238
83.0215 -33.9909 3.64203 0.462238
83.0215 -33.9909 3.64203 0.462238
83.0215 -33.9909 3.64203 0.462238
82.7805 -33.6982 3.64313 0.00273052
83.0215 -33.9909 3.64203 0.462238
83.0215 -33.9909 3.64203 0.462238
83.0215 -33.9909 3.64203 0.462238
82.9704 -33.9342 3.63467 0.0344244
83.0215 -33.9909 3.64203 0.462238
82.9284 -33.8436 3.64651 0.0603216
83.0215 -33.9909 3.64203 0.462238
83.0736 -34.0095 3.63527 0.145648
82.9143 -34.1183 3.63633 0.0716924
83.0215 -33.9909 3.64203 0.462238
83.0736 -34.0095 3.63527 0.145648
82.9704 -33.9342 3.63467 0.0344244
82.9284 -33.8436 3.64651 0.0603216
83.0736 -34.0095 3.63527 0.145648
82.9284 -33.8436 3.64651 0.0603216
83.0908 -34.0309 3.64478 0.0525435
82.9704 -33.9342 3.63467 0.0344244
83.0215 -33.9909 3.64203 0.462238
83.0736 -34.0095 3.63527 0.145648
83.0215 -33.9909 3.64203 0.462238
83.0736 -34.0095 3.63527 0.145648
83.0215 -33.9909 3.64203 0.462238
83.0215 -33.9909 3.64203 0.462238
83.0736 -34.0095 3.63527 0.145648
82.9143 -34.1183 3.63633 0.0716924
83.0215 -33.9909 3.64203 0.462238
83.0736 -34.0095 3.63527 0.145648
83.0215 -33.9909 3.64203 0.462238
83.0736 -34.0095 3.63527 0.145648
83.0454 -34.1958 3.63691 0.0713249
83.0215 -33.9909 3.64203 0.462238
83.0736 -34.0095 3.63527 0.145648
83.0215 -33.9909 3.64203 0.462238
83.0454 -34.1958 3.63691 0.0713249
82.9143 -34.1183 3.63633 0.0716924
82.8843 -34.0462 3.63584 0.0526904
83.0215 -33.9909 3.64203 0.462238
83.0215 -33.9909 3.64203 0.462238
82.9143 -34.1183 3.63633 0.0716924
82.9143 -34.1183 3.63633 0.0716924
83.0736 -34.0095 3.63527 0.145648
83.0215 -33.9909 3.64203 0.462238
82.9284 -33.8436 3.64651 0.0603216
83.0215 -33.9909 3.64203 0.462238
83.0215 -33.9909 3.64203 0.462238
82.9639 -33.9699 3.63371 0.0203096
83.0215 -33.9909 3.64203 0.462238
83.0215 -33.9909 3.64203 0.462238
83.0215 -33.9909 3.64203 0.462238
83.0736 -34.0095 3.63527 0.145648
82.9143 -34.1183 3.63633 0.0716924
83.0908 -34.0309 3.64478 0.0525435
83.0215 -33.9909 3.64203 0.462238
83.0215 -33.9909 3.64203 0.462238
83.0215 -33.9909 3.64203 0.462238
83.0454 -34.1958 3.63691 0.0713249
83.0215 -33.9909 3.64203 0.462238
83.0215 -33.9909 3.64203 0.462238
83.0736 -34.0095 3.63527 0.145648
83.0215 -33.9909 3.64203 0.462238
83.0215 -33.9909 3.64203 0.462238
83.0215 -33.9909 3.64203 0.462238
83.0908 -34.0309 3.64478 0.0525435
83.0215 -33.9909 3.64203 0.462238
83.0454 -34.1958 3.63691 0.0713249
83.0908 -34.0309 3.64478 0.0525435
83.0908 -34.0309 3.64478 0.0525435
83.0215 -33.9909 3.64203 0.462238
83.0454 -34.1958 3.63691 0.0713249
82.9284 -33.8436 3.64651 0.0603216
83.0454 -34.1958 3.63691 0.0713249
83.0736 -34.0095 3.63527 0.145648
83.0215 -33.9909 3.64203 0.462238
82.9143 -34.1183 3.63633 0.0716924
83.0736 -34.0095 3.63527 0.145648
83.0215 -33.9909 3.64203 0.462238
83.0215 -33.9909 3.64203 0.462238
82.728 -33.938 3.63904 0.00362632
83.0215 -33.9909 3.64203 0.462238
82.9284 -33.8436 3.64651 0.0603216
