274.63 18.8478 5.36575 0.0554729
274.818 18.6361 5.35167 0.0793875
274.818 18.6361 5.35167 0.0793875
274.749 18.5543 5.35739 0.113945
274.555 18.8956 5.36385 0.0355022
274.799 18.9433 5.35505 0.00632443
274.74 18.7514 5.35269 0.143658
274.74 18.7514 5.35269 0.143658
274.846 18.6877 5.35203 0.0537286
274.759 18.483 5.35923 0.0235089
274.759 18.483 5.35923 0.0235089
274.818 18.6361 5.35167 0.0793875
274.818 18.6361 5.35167 0.0793875
274.749 18.5543 5.35739 0.113945
274.776 18.6962 5.36458 0.0503407
274.51 18.595 5.35945 0.0782623
274.846 18.6877 5.35203 0.0537286
274.467 18.595 5.36448 0.0112713
274.63 18.8478 5.36575 0.0554729
274.564 18.5731 5.34718 0.0322106
274.776 18.6962 5.36458 0.0503407
274.74 18.7514 5.35269 0.143658
274.51 18.595 5.35945 0.0782623
274.726 18.5379 5.36076 0.0541866
274.509 18.512 5.36201 0.0125665
274.776 18.6962 5.36458 0.0503407
274.464 18.6926 5.36853 0.00512191
274.846 18.6877 5.35203 0.0537286
274.467 18.595 5.36448 0.0112713
274.63 18.8478 5.36575 0.0554729
274.564 18.5731 5.34718 0.0322106
274.818 18.6361 5.35167 0.0793875
274.749 18.5543 5.35739 0.113945
274.811 18.7589 5.34256 0.000755272
274.74 18.7514 5.35269 0.143658
274.51 18.595 5.35945 0.0782623
274.846 18.6877 5.35203 0.0537286
274.726 18.5379 5.36076 0.0541866
274.564 18.5731 5.34718 0.0322106
274.749 18.5543 5.35739 0.113945
274.776 18.6962 5.36458 0.0503407
274.74 18.7514 5.35269 0.143658
274.399 18.6319 5.34958 0.00519405
274.726 18.5379 5.36076 0.0541866
274.818 18.6361 5.35167 0.0793875
274.818 18.6361 5.35167 0.0793875
274.749 18.5543 5.35739 0.113945
274.555 18.8956 5.36385 0.0355022
274.74 18.7514 5.35269 0.143658
274.74 18.7514 5.35269 0.143658
274.781 18.5349 5.35151 0.0678546
274.846 18.6877 5.35203 0.0537286
274.564 18.5731 5.34718 0.0322106
274.749 18.5543 5.35739 0.113945
274.74 18.7514 5.35269 0.143658
274.74 18.7514 5.35269 0.143658
274.775 18.3607 5.35545 0.00236221
274.759 18.483 5.35923 0.0235089
274.726 18.5379 5.36076 0.0541866
274.63 18.8478 5.36575 0.0554729
274.749 18.5543 5.35739 0.113945
274.776 18.6962 5.36458 0.0503407
274.89 18.6901 5.3606 0.0229878
274.74 18.7514 5.35269 0.143658
274.781 18.5349 5.35151 0.0678546
274.63 18.8478 5.36575 0.0554729
274.564 18.5731 5.34718 0.0322106
274.749 18.5543 5.35739 0.113945
274.937 18.6501 5.35467 0.0116324
274.74 18.7514 5.35269 0.143658
274.781 18.5349 5.35151 0.0678546
274.63 18.8478 5.36575 0.0554729
274.818 18.6361 5.35167 0.0793875
274.555 18.8956 5.36385 0.0355022
274.776 18.6962 5.36458 0.0503407
274.74 18.7514 5.35269 0.143658
274.764 18.8684 5.36681 0.0171437
274.494 18.6809 5.36986 0.00352866
274.776 18.6962 5.36458 0.0503407
274.74 18.7514 5.35269 0.143658
274.74 18.7514 5.35269 0.143658
274.781 18.5349 5.35151 0.0678546
274.781 18.5349 5.35151 0.0678546
274.726 18.5379 5.36076 0.0541866
274.726 18.5379 5.36076 0.0541866
274.564 18.5731 5.34718 0.0322106
274.776 18.6962 5.36458 0.0503407
274.62 18.5619 5.3634 0.0420482
274.74 18.7514 5.35269 0.143658
274.74 18.7514 5.35269 0.143658
274.846 18.6877 5.35203 0.0537286
274.457 18.6476 5.34819 0.0109592
274.818 18.6361 5.35167 0.0793875
274.824 18.5459 5.34863 0.026218
274.51 18.595 5.35945 0.0782623
274.781 18.5349 5.35151 0.0678546
274.781 18.5349 5.35151 0.0678546
274.63 18.8478 5.36575 0.0554729
274.749 18.5543 5.35739 0.113945
274.749 18.5543 5.35739 0.113945
