50.4033 -60.0018 3.93053 0.109521
50.1968 -60.0851 3.92259 0.0803799
50.2478 -60.3195 3.92696 0.0540419
50.2177 -60.1313 3.92503 0.187727
50.3019 -60.2382 3.92719 0.222837
50.3019 -60.2382 3.92719 0.222837
50.1405 -60.1375 3.92583 0.0688235
50.4537 -60.2552 3.92634 0.0784963
50.2177 -60.1313 3.92503 0.187727
50.3019 -60.2382 3.92719 0.222837
50.3543 -60.2795 3.93285 0.0471768
50.2177 -60.1313 3.92503 0.187727
50.2664 -60.3273 3.92672 0.0539775
50.3019 -60.2382 3.92719 0.222837
50.1968 -60.0851 3.92259 0.0803799
50.4537 -60.2552 3.92634 0.0784963
50.4537 -60.2552 3.92634 0.0784963
50.3019 -60.2382 3.92719 0.222837
50.2411 -60.047 3.92099 0.0395593
50.1968 -60.0851 3.92259 0.0803799
50.2478 -60.3195 3.92696 0.0540419
50.2177 -60.1313 3.92503 0.187727
50.3019 -60.2382 3.92719 0.222837
50.3019 -60.2382 3.92719 0.222837
50.4033 -60.0018 3.93053 0.109521
50.0867 -60.1012 3.92676 0.0184626
50.3019 -60.2382 3.92719 0.222837
50.3543 -60.2795 3.93285 0.0471768
50.1405 -60.1375 3.92583 0.0688235
50.2177 -60.1313 3.92503 0.187727
50.3019 -60.2382 3.92719 0.222837
50.3019 -60.2382 3.92719 0.222837
50.3543 -60.2795 3.93285 0.0471768
50.2177 -60.1313 3.92503 0.187727
50.3019 -60.2382 3.92719 0.222837
50.4033 -60.0018 3.93053 0.109521
50.4537 -60.2552 3.92634 0.0784963
50.2177 -60.1313 3.92503 0.187727
50.3019 -60.2382 3.92719 0.222837
50.3543 -60.2795 3.93285 0.0471768
50.4537 -60.2552 3.92634 0.0784963
50.3019 -60.2382 3.92719 0.222837
50.1405 -60.1375 3.92583 0.0688235
50.2177 -60.1313 3.92503 0.187727
50.3019 -60.2382 3.92719 0.222837
50.3019 -60.2382 3.92719 0.222837
50.2411 -60.047 3.92099 0.0395593
50.4033 -60.0018 3.93053 0.109521
50.4033 -60.0018 3.93053 0.109521
50.1405 -60.1375 3.92583 0.0688235
50.2478 -60.3195 3.92696 0.0540419
50.2478 -60.3195 3.92696 0.0540419
50.3019 -60.2382 3.92719 0.222837
50.3019 -60.2382 3.92719 0.222837
50.4033 -60.0018 3.93053 0.109521
50.2478 -60.3195 3.92696 0.0540419
50.2177 -60.1313 3.92503 0.187727
50.2664 -60.3273 3.92672 0.0539775
50.3019 -60.2382 3.92719 0.222837
50.3019 -60.2382 3.92719 0.222837
50.4033 -60.0018 3.93053 0.109521
50.3543 -60.2795 3.93285 0.0471768
50.2177 -60.1313 3.92503 0.187727
50.2664 -60.3273 3.92672 0.0539775
50.3019 -60.2382 3.92719 0.222837
50.1968 -60.0851 3.92259 0.0803799
50.2177 -60.1313 3.92503 0.187727
50.3019 -60.2382 3.92719 0.222837
50.3543 -60.2795 3.93285 0.0471768
50.4537 -60.2552 3.92634 0.0784963
50.2664 -60.3273 3.92672 0.0539775
50.3543 -60.2795 3.93285 0.0471768
50.2177 -60.1313 3.92503 0.187727
50.2177 -60.1313 3.92503 0.187727
50.3019 -60.2382 3.92719 0.222837
50.1968 -60.0851 3.92259 0.0803799
50.1968 -60.0851 3.92259 0.0803799
50.0867 -60.1012 3.92676 0.0184626
50.3019 -60.2382 3.92719 0.222837
50.3019 -60.2382 3.92719 0.222837
50.2411 -60.047 3.92099 0.0395593
50.3543 -60.2795 3.93285 0.0471768
50.1405 -60.1375 3.92583 0.0688235
50.2478 -60.3195 3.92696 0.0540419
50.4537 -60.2552 3.92634 0.0784963
50.2177 -60.1313 3.92503 0.187727
50.2177 -60.1313 3.92503 0.187727
50.3019 -60.2382 3.92719 0.222837
50.1968 -60.0851 3.92259 0.0803799
50.1601 -60.5509 3.91779 2.65054e-06
50.4537 -60.2552 3.92634 0.0784963
50.3019 -60.2382 3.92719 0.222837
50.3019 -60.2382 3.92719 0.222837
50.2411 -60.047 3.92099 0.0395593
50.3543 -60.2795 3.93285 0.0471768
50.2478 -60.3195 3.92696 0.0540419
50.2177 -60.1313 3.92503 0.187727
50.2411 -60.047 3.92099 0.0395593
50.3543 -60.2795 3.93285 0.0471768
50.2177 -60.1313 3.92503 0.187727
