-40.2199 -64.3398 1.77353 0.104244
-40.1751 -64.4088 1.78168 0.314197
-40.1751 -64.4088 1.78168 0.314197
-40.2966 -64.2471 1.77751 0.119521
-40.2966 -64.2471 1.77751 0.119521
-39.9353 -64.2611 1.78375 0.010461
-40.0475 -64.6811 1.78955 0.0313848
-40.1751 -64.4088 1.78168 0.314197
-40.2749 -64.6522 1.78718 0.0622989
-40.1751 -64.4088 1.78168 0.314197
-40.1751 -64.4088 1.78168 0.314197
-40.0475 -64.6811 1.78955 0.0313848
-40.2199 -64.3398 1.77353 0.104244
-40.2966 -64.2471 1.77751 0.119521
-40.2199 -64.3398 1.77353 0.104244
-40.2749 -64.6522 1.78718 0.0622989
-40.1751 -64.4088 1.78168 0.314197
-40.0475 -64.6811 1.78955 0.0313848
-40.2749 -64.6522 1.78718 0.0622989
-40.1751 -64.4088 1.78168 0.314197
-40.1751 -64.4088 1.78168 0.314197
-40.1715 -64.2237 1.77457 0.0666988
-40.4806 -64.3947 1.76985 0.00716005
-40.2199 -64.3398 1.77353 0.104244
-40.2966 -64.2471 1.77751 0.119521
-40.2749 -64.6522 1.78718 0.0622989
-40.1715 -64.2237 1.77457 0.0666988
-40.2749 -64.6522 1.78718 0.0622989
-40.1751 -64.4088 1.78168 0.314197
-40.2491 -64.3405 1.77019 0.0250879
-40.0475 -64.6811 1.78955 0.0313848
-40.1751 -64.4088 1.78168 0.314197
-40.2966 -64.2471 1.77751 0.119521
-40.1751 -64.4088 1.78168 0.314197
-40.1715 -64.2237 1.77457 0.0666988
-40.2199 -64.3398 1.77353 0.104244
-40.1751 -64.4088 1.78168 0.314197
-40.2966 -64.2471 1.77751 0.119521
-40.2199 -64.3398 1.77353 0.104244
-40.1751 -64.4088 1.78168 0.314197
-40.2199 -64.3398 1.77353 0.104244
-40.1751 -64.4088 1.78168 0.314197
-40.2966 -64.2471 1.77751 0.119521
-40.2749 -64.6522 1.78718 0.0622989
-40.1751 -64.4088 1.78168 0.314197
-40.2491 -64.3405 1.77019 0.0250879
-40.1751 -64.4088 1.78168 0.314197
-40.1751 -64.4088 1.78168 0.314197
-40.1751 -64.4088 1.78168 0.314197
-40.105 -64.3212 1.77199 0.0267824
-40.1715 -64.2237 1.77457 0.0666988
-40.1943 -64.6988 1.77804 0.0382054
-40.2199 -64.3398 1.77353 0.104244
-40.1715 -64.2237 1.77457 0.0666988
-40.2966 -64.2471 1.77751 0.119521
-40.1751 -64.4088 1.78168 0.314197
-40.1751 -64.4088 1.78168 0.314197
-40.1715 -64.2237 1.77457 0.0666988
-40.2966 -64.2471 1.77751 0.119521
-40.2491 -64.3405 1.77019 0.0250879
-40.1751 -64.4088 1.78168 0.314197
-40.1715 -64.2237 1.77457 0.0666988
-40.3988 -64.3008 1.77583 0.0897247
-40.2178 -64.5467 1.7717 0.0143242
-40.1751 -64.4088 1.78168 0.314197
-40.2178 -64.5467 1.7717 0.0143242
-40.2199 -64.3398 1.77353 0.104244
-40.2199 -64.3398 1.77353 0.104244
-40.1751 -64.4088 1.78168 0.314197
-40.1751 -64.4088 1.78168 0.314197
-40.2966 -64.2471 1.77751 0.119521
-40.2749 -64.6522 1.78718 0.0622989
-40.1751 -64.4088 1.78168 0.314197
-40.2966 -64.2471 1.77751 0.119521
-40.1751 -64.4088 1.78168 0.314197
-40.4252 -64.6071 1.77408 0.0131305
-40.3988 -64.3008 1.77583 0.0897247
-40.1943 -64.6988 1.77804 0.0382054
-40.1751 -64.4088 1.78168 0.314197
-40.2966 -64.2471 1.77751 0.119521
-40.1751 -64.4088 1.78168 0.314197
-40.3988 -64.3008 1.77583 0.0897247
-40.1751 -64.4088 1.78168 0.314197
-40.2966 -64.2471 1.77751 0.119521
-40.4832 -64.4316 1.78519 0.0112301
-40.1751 -64.4088 1.78168 0.314197
-40.1715 -64.2237 1.77457 0.0666988
-40.2749 -64.6522 1.78718 0.0622989
-40.2966 -64.2471 1.77751 0.119521
-40.2199 -64.3398 1.77353 0.104244
-40.1751 -64.4088 1.78168 0.314197
-40.3988 -64.3008 1.77583 0.0897247
-40.2749 -64.6522 1.78718 0.0622989
-40.1751 -64.4088 1.78168 0.314197
-40.1751 -64.4088 1.78168 0.314197
-40.2966 -64.2471 1.77751 0.119521
-40.2749 -64.6522 1.78718 0.0622989
-40.1751 -64.4088 1.78168 0.314197
-40.3988 -64.3008 1.77583 0.0897247
-39.8931 -64.6043 1.76977 2.11731e-05
