277.466 -5.12018 4.2957 0.0625293
277.767 -4.93194 4.31115 0.0541061
277.566 -5.00945 4.3009 0.157574
277.607 -5.04476 4.29351 0.0470956
277.752 -4.88267 4.30416 0.131107
277.476 -4.81737 4.29996 0.0533762
277.41 -5.09175 4.29062 0.0477497
277.767 -4.93194 4.31115 0.0541061
277.348 -4.83709 4.29769 0.0183817
278.037 -5.09989 4.31364 0.00172502
277.896 -5.03859 4.30231 0.0114598
277.656 -5.12105 4.29694 0.04044
277.756 -4.95644 4.31553 0.00612513
277.767 -4.93194 4.31115 0.0541061
277.607 -5.04476 4.29351 0.0470956
277.472 -4.9958 4.29995 0.100579
277.466 -5.12018 4.2957 0.0625293
277.435 -5.08404 4.28437 0.00412009
277.767 -4.93194 4.31115 0.0541061
277.566 -5.00945 4.3009 0.157574
277.566 -5.00945 4.3009 0.157574
277.752 -4.88267 4.30416 0.131107
277.752 -4.88267 4.30416 0.131107
277.472 -4.9958 4.29995 0.100579
277.703 -5.19682 4.29778 0.00962829
277.579 -4.82099 4.29633 0.0570418
277.566 -5.00945 4.3009 0.157574
277.566 -5.00945 4.3009 0.157574
277.752 -4.88267 4.30416 0.131107
277.472 -4.9958 4.29995 0.100579
277.656 -5.12105 4.29694 0.04044
277.263 -4.79821 4.29677 0.00295565
277.579 -4.82099 4.29633 0.0570418
277.566 -5.00945 4.3009 0.157574
277.752 -4.88267 4.30416 0.131107
277.476 -4.81737 4.29996 0.0533762
277.369 -4.8073 4.30103 0.00811929
277.656 -5.12105 4.29694 0.04044
277.466 -5.12018 4.2957 0.0625293
277.338 -5.21358 4.28365 0.00213776
277.724 -5.0685 4.30745 0.048519
277.566 -5.00945 4.3009 0.157574
277.566 -5.00945 4.3009 0.157574
277.752 -4.88267 4.30416 0.131107
277.472 -4.9958 4.29995 0.100579
277.41 -5.09175 4.29062 0.0477497
277.579 -4.82099 4.29633 0.0570418
277.566 -5.00945 4.3009 0.157574
277.607 -5.04476 4.29351 0.0470956
277.472 -4.9958 4.29995 0.100579
277.566 -4.67406 4.30567 0.00605875
277.371 -4.90639 4.30011 0.0237238
277.767 -4.93194 4.31115 0.0541061
277.469 -4.8087 4.30432 0.0162664
277.752 -4.88267 4.30416 0.131107
277.472 -4.9958 4.29995 0.100579
277.656 -5.12105 4.29694 0.04044
277.466 -5.12018 4.2957 0.0625293
277.756 -4.95644 4.31553 0.00612513
277.767 -4.93194 4.31115 0.0541061
277.566 -5.00945 4.3009 0.157574
277.469 -4.8087 4.30432 0.0162664
277.752 -4.88267 4.30416 0.131107
277.472 -4.9958 4.29995 0.100579
277.449 -4.65528 4.29964 0.00260335
277.724 -5.0685 4.30745 0.048519
277.767 -4.93194 4.31115 0.0541061
277.607 -5.04476 4.29351 0.0470956
277.472 -4.9958 4.29995 0.100579
277.583 -4.66135 4.30572 0.00557053
277.724 -5.0685 4.30745 0.048519
277.566 -5.00945 4.3009 0.157574
277.752 -4.88267 4.30416 0.131107
277.466 -5.12018 4.2957 0.0625293
277.767 -4.93194 4.31115 0.0541061
277.607 -5.04476 4.29351 0.0470956
277.348 -4.83709 4.29769 0.0183817
277.472 -4.9958 4.29995 0.100579
277.472 -4.9958 4.29995 0.100579
277.656 -5.12105 4.29694 0.04044
277.656 -5.12105 4.29694 0.04044
277.466 -5.12018 4.2957 0.0625293
277.885 -4.75425 4.31053 0.0257681
277.579 -4.82099 4.29633 0.0570418
277.566 -5.00945 4.3009 0.157574
277.752 -4.88267 4.30416 0.131107
277.752 -4.88267 4.30416 0.131107
277.476 -4.81737 4.29996 0.0533762
277.41 -5.09175 4.29062 0.0477497
277.579 -4.82099 4.29633 0.0570418
277.566 -5.00945 4.3009 0.157574
277.566 -5.00945 4.3009 0.157574
277.566 -5.00945 4.3009 0.157574
277.566 -5.00945 4.3009 0.157574
277.472 -4.9958 4.29995 0.100579
277.703 -5.19682 4.29778 0.00962829
277.656 -5.12105 4.29694 0.04044
277.466 -5.12018 4.2957 0.0625293
277.885 -4.75425 4.31053 0.0257681
277.579 -4.82099 4.29633 0.0570418
