-37.8234 -36.6965 1.36263 0.319107
-37.676 -36.7953 1.36238 0.170255
-37.8234 -36.6965 1.36263 0.319107
-37.7278 -36.5228 1.36034 0.186589
-37.4818 -36.6532 1.36492 0.0157958
-37.676 -36.7953 1.36238 0.170255
-37.8234 -36.6965 1.36263 0.319107
-37.676 -36.7953 1.36238 0.170255
-37.8234 -36.6965 1.36263 0.319107
-37.7278 -36.5228 1.36034 0.186589
-37.676 -36.7953 1.36238 0.170255
-37.8234 -36.6965 1.36263 0.319107
-37.7278 -36.5228 1.36034 0.186589
-37.676 -36.7953 1.36238 0.170255
-37.8499 -36.7855 1.36319 0.187195
-37.8234 -36.6965 1.36263 0.319107
-37.8234 -36.6965 1.36263 0.319107
-37.676 -36.7953 1.36238 0.170255
-37.8234 -36.6965 1.36263 0.319107
-37.676 -36.7953 1.36238 0.170255
-37.8234 -36.6965 1.36263 0.319107
-37.7278 -36.5228 1.36034 0.186589
-37.676 -36.7953 1.36238 0.170255
-37.676 -36.7953 1.36238 0.170255
-37.7069 -36.8884 1.35859 0.0112359
-37.8499 -36.7855 1.36319 0.187195
-37.8234 -36.6965 1.36263 0.319107
-37.676 -36.7953 1.36238 0.170255
-37.8234 -36.6965 1.36263 0.319107
-37.8234 -36.6965 1.36263 0.319107
-37.7278 -36.5228 1.36034 0.186589
-37.8234 -36.6965 1.36263 0.319107
-37.676 -36.7953 1.36238 0.170255
-37.8234 -36.6965 1.36263 0.319107
-37.7278 -36.5228 1.36034 0.186589
-37.676 -36.7953 1.36238 0.170255
-37.8234 -36.6965 1.36263 0.319107
-37.8234 -36.6965 1.36263 0.319107
-37.7069 -36.8884 1.35859 0.0112359
-37.8499 -36.7855 1.36319 0.187195
-37.8234 -36.6965 1.36263 0.319107
-37.8234 -36.6965 1.36263 0.319107
-37.676 -36.7953 1.36238 0.170255
-37.8499 -36.7855 1.36319 0.187195
-37.8234 -36.6965 1.36263 0.319107
-37.676 -36.7953 1.36238 0.170255
-37.8234 -36.6965 1.36263 0.319107
-37.7278 -36.5228 1.36034 0.186589
-37.5433 -36.9383 1.37377 0.00229139
-37.7069 -36.8884 1.35859 0.0112359
-37.8499 -36.7855 1.36319 0.187195
-37.7842 -36.6893 1.35462 0.03345
-37.8499 -36.7855 1.36319 0.187195
-37.8234 -36.6965 1.36263 0.319107
-37.7278 -36.5228 1.36034 0.186589
-37.8499 -36.7855 1.36319 0.187195
-37.8234 -36.6965 1.36263 0.319107
-37.676 -36.7953 1.36238 0.170255
-37.8499 -36.7855 1.36319 0.187195
-37.8234 -36.6965 1.36263 0.319107
-37.8234 -36.6965 1.36263 0.319107
-37.7278 -36.5228 1.36034 0.186589
-37.8499 -36.7855 1.36319 0.187195
-37.8499 -36.7855 1.36319 0.187195
-37.8234 -36.6965 1.36263 0.319107
-37.8234 -36.6965 1.36263 0.319107
-37.676 -36.7953 1.36238 0.170255
-37.8234 -36.6965 1.36263 0.319107
-37.7278 -36.5228 1.36034 0.186589
-37.7278 -36.5228 1.36034 0.186589
-37.8234 -36.6965 1.36263 0.319107
-37.7278 -36.5228 1.36034 0.186589
-37.676 -36.7953 1.36238 0.170255
-37.8234 -36.6965 1.36263 0.319107
-37.676 -36.7953 1.36238 0.170255
-37.8234 -36.6965 1.36263 0.319107
-37.676 -36.7953 1.36238 0.170255
-37.8234 -36.6965 1.36263 0.319107
-37.676 -36.7953 1.36238 0.170255
-37.676 -36.7953 1.36238 0.170255
-37.8234 -36.6965 1.36263 0.319107
-37.7278 -36.5228 1.36034 0.186589
-37.8499 -36.7855 1.36319 0.187195
-37.8234 -36.6965 1.36263 0.319107
-37.7278 -36.5228 1.36034 0.186589
-37.676 -36.7953 1.36238 0.170255
-37.8234 -36.6965 1.36263 0.319107
-37.676 -36.7953 1.36238 0.170255
-37.8234 -36.6965 1.36263 0.319107
-37.676 -36.7953 1.36238 0.170255
-37.8499 -36.7855 1.36319 0.187195
-37.7278 -36.5228 1.36034 0.186589
-37.4818 -36.6532 1.36492 0.0157958
-37.7069 -36.8884 1.35859 0.0112359
-37.8234 -36.6965 1.36263 0.319107
-37.8234 -36.6965 1.36263 0.319107
-37.7278 -36.5228 1.36034 0.186589
-37.676 -36.7953 1.36238 0.170255
-37.8499 -36.7855 1.36319 0.187195
-37.5737 -36.9035 1.36836 0.0270496
