-20.9532 -7.76873 0.739572 0.103611
-20.9049 -7.73635 0.742235 0.233696
-20.9193 -7.51322 0.743271 0.0443791
-20.9532 -7.76873 0.739572 0.103611
-20.9532 -7.76873 0.739572 0.103611
-20.9049 -7.73635 0.742235 0.233696
-20.9193 -7.51322 0.743271 0.0443791
-20.8394 -7.77249 0.744955 0.129105
-20.9532 -7.76873 0.739572 0.103611
-21.1434 -7.61242 0.741288 0.020821
-20.8618 -7.68078 0.736915 0.0945554
-20.8394 -7.77249 0.744955 0.129105
-20.7454 -7.83929 0.744808 0.0260454
-20.9049 -7.73635 0.742235 0.233696
-20.9193 -7.51322 0.743271 0.0443791
-20.8394 -7.77249 0.744955 0.129105
-20.9532 -7.76873 0.739572 0.103611
-20.8618 -7.68078 0.736915 0.0945554
-20.8394 -7.77249 0.744955 0.129105
-20.9532 -7.76873 0.739572 0.103611
-20.9049 -7.73635 0.742235 0.233696
-20.9049 -7.73635 0.742235 0.233696
-20.9193 -7.51322 0.743271 0.0443791
-21.0077 -7.87142 0.743417 0.0602451
-20.8618 -7.68078 0.736915 0.0945554
-20.9049 -7.73635 0.742235 0.233696
-20.9633 -7.83588 0.749331 0.0633198
-21.0077 -7.87142 0.743417 0.0602451
-20.8618 -7.68078 0.736915 0.0945554
-20.8394 -7.77249 0.744955 0.129105
-21.1434 -7.61242 0.741288 0.020821
-20.9049 -7.73635 0.742235 0.233696
-20.9049 -7.73635 0.742235 0.233696
-21.0077 -7.87142 0.743417 0.0602451
-20.7454 -7.83929 0.744808 0.0260454
-20.7454 -7.83929 0.744808 0.0260454
-20.7203 -7.59733 0.74053 0.0390482
-20.9049 -7.73635 0.742235 0.233696
-20.9193 -7.51322 0.743271 0.0443791
-20.6694 -7.67449 0.737047 0.0122287
-20.8618 -7.68078 0.736915 0.0945554
-20.9049 -7.73635 0.742235 0.233696
-21.1434 -7.61242 0.741288 0.020821
-21.0153 -7.66221 0.738148 0.0856983
-20.9049 -7.73635 0.742235 0.233696
-20.9532 -7.76873 0.739572 0.103611
-21.0153 -7.66221 0.738148 0.0856983
-20.9049 -7.73635 0.742235 0.233696
-20.9633 -7.83588 0.749331 0.0633198
-20.8394 -7.77249 0.744955 0.129105
-21.101 -7.89154 0.747325 0.0256884
-20.9049 -7.73635 0.742235 0.233696
-20.8394 -7.77249 0.744955 0.129105
-20.9532 -7.76873 0.739572 0.103611
-21.0153 -7.66221 0.738148 0.0856983
-20.9049 -7.73635 0.742235 0.233696
-20.9049 -7.73635 0.742235 0.233696
-20.9193 -7.51322 0.743271 0.0443791
-20.8394 -7.77249 0.744955 0.129105
-20.9532 -7.76873 0.739572 0.103611
-20.7454 -7.83929 0.744808 0.0260454
-20.9049 -7.73635 0.742235 0.233696
-21.0077 -7.87142 0.743417 0.0602451
-20.9532 -7.76873 0.739572 0.103611
-20.9532 -7.76873 0.739572 0.103611
-20.8618 -7.68078 0.736915 0.0945554
-20.9049 -7.73635 0.742235 0.233696
-20.8394 -7.77249 0.744955 0.129105
-21.0153 -7.66221 0.738148 0.0856983
-21.101 -7.89154 0.747325 0.0256884
-20.7203 -7.59733 0.74053 0.0390482
-20.9049 -7.73635 0.742235 0.233696
-21.0077 -7.87142 0.743417 0.0602451
-20.7203 -7.59733 0.74053 0.0390482
-20.6919 -7.79679 0.738661 0.00846705
-20.9532 -7.76873 0.739572 0.103611
-20.8618 -7.68078 0.736915 0.0945554
-20.9049 -7.73635 0.742235 0.233696
-20.8394 -7.77249 0.744955 0.129105
-20.9532 -7.76873 0.739572 0.103611
-20.6694 -7.67449 0.737047 0.0122287
-20.8618 -7.68078 0.736915 0.0945554
-20.9193 -7.51322 0.743271 0.0443791
-20.8394 -7.77249 0.744955 0.129105
-20.9532 -7.76873 0.739572 0.103611
-20.9532 -7.76873 0.739572 0.103611
-20.9049 -7.73635 0.742235 0.233696
-20.6919 -7.79679 0.738661 0.00846705
-20.8394 -7.77249 0.744955 0.129105
-21.0077 -7.87142 0.743417 0.0602451
-21.1434 -7.61242 0.741288 0.020821
-21.1704 -7.54469 0.735364 0.00172537
-20.9049 -7.73635 0.742235 0.233696
-21.0077 -7.87142 0.743417 0.0602451
-20.9532 -7.76873 0.739572 0.103611
-20.7203 -7.59733 0.74053 0.0390482
-20.9633 -7.83588 0.749331 0.0633198
-21.0153 -7.66221 0.738148 0.0856983
-20.9049 -7.73635 0.742235 0.233696
-20.9532 -7.76873 0.739572 0.103611
