172.346 -10.1415 3.21715 0.058446
172.264 -10.2257 3.21483 0.0818132
172.455 -10.5879 3.21195 0.01322
172.445 -10.3721 3.21231 0.126893
172.327 -10.4278 3.22296 0.0725553
172.264 -10.2257 3.21483 0.0818132
172.264 -10.2257 3.21483 0.0818132
172.609 -10.4475 3.2183 0.261394
172.609 -10.4475 3.2183 0.261394
172.778 -10.4694 3.22305 0.0349121
172.445 -10.3721 3.21231 0.126893
172.609 -10.4475 3.2183 0.261394
172.346 -10.1415 3.21715 0.058446
172.346 -10.1415 3.21715 0.058446
172.346 -10.1415 3.21715 0.058446
172.264 -10.2257 3.21483 0.0818132
172.609 -10.4475 3.2183 0.261394
172.609 -10.4475 3.2183 0.261394
172.346 -10.1415 3.21715 0.058446
172.531 -10.5556 3.22948 0.0041034
172.65 -10.4101 3.22657 0.0975803
172.609 -10.4475 3.2183 0.261394
172.435 -10.5356 3.21213 0.0374812
172.36 -10.2657 3.20927 0.0196185
172.624 -10.2606 3.21411 0.0298781
172.609 -10.4475 3.2183 0.261394
172.511 -10.6155 3.22291 0.0502915
172.778 -10.4694 3.22305 0.0349121
172.624 -10.2606 3.21411 0.0298781
172.264 -10.2257 3.21483 0.0818132
172.609 -10.4475 3.2183 0.261394
172.445 -10.3721 3.21231 0.126893
172.264 -10.2257 3.21483 0.0818132
172.528 -10.0146 3.22368 0.00200511
172.346 -10.1415 3.21715 0.058446
172.264 -10.2257 3.21483 0.0818132
172.609 -10.4475 3.2183 0.261394
172.619 -10.4767 3.21269 0.0115984
172.445 -10.3721 3.21231 0.126893
172.65 -10.4101 3.22657 0.0975803
172.46 -10.7191 3.21979 0.00694975
172.346 -10.1415 3.21715 0.058446
172.327 -10.4278 3.22296 0.0725553
172.609 -10.4475 3.2183 0.261394
172.643 -10.6194 3.22654 0.012175
172.445 -10.3721 3.21231 0.126893
172.327 -10.4278 3.22296 0.0725553
172.609 -10.4475 3.2183 0.261394
172.511 -10.6155 3.22291 0.0502915
172.364 -10.0704 3.2197 0.0114005
172.609 -10.4475 3.2183 0.261394
172.445 -10.3721 3.21231 0.126893
172.445 -10.3721 3.21231 0.126893
172.445 -10.3721 3.21231 0.126893
172.609 -10.4475 3.2183 0.261394
172.778 -10.4694 3.22305 0.0349121
172.264 -10.2257 3.21483 0.0818132
172.609 -10.4475 3.2183 0.261394
172.643 -10.6194 3.22654 0.012175
172.346 -10.1415 3.21715 0.058446
172.65 -10.4101 3.22657 0.0975803
172.435 -10.5356 3.21213 0.0374812
172.264 -10.2257 3.21483 0.0818132
172.619 -10.4767 3.21269 0.0115984
172.36 -10.2657 3.20927 0.0196185
172.346 -10.1415 3.21715 0.058446
172.327 -10.4278 3.22296 0.0725553
172.264 -10.2257 3.21483 0.0818132
172.511 -10.6155 3.22291 0.0502915
172.327 -10.4278 3.22296 0.0725553
172.609 -10.4475 3.2183 0.261394
172.511 -10.6155 3.22291 0.0502915
172.445 -10.3721 3.21231 0.126893
172.65 -10.4101 3.22657 0.0975803
172.609 -10.4475 3.2183 0.261394
172.778 -10.4694 3.22305 0.0349121
172.445 -10.3721 3.21231 0.126893
172.327 -10.4278 3.22296 0.0725553
172.264 -10.2257 3.21483 0.0818132
172.609 -10.4475 3.2183 0.261394
172.445 -10.3721 3.21231 0.126893
172.264 -10.2257 3.21483 0.0818132
172.609 -10.4475 3.2183 0.261394
172.511 -10.6155 3.22291 0.0502915
172.778 -10.4694 3.22305 0.0349121
172.445 -10.3721 3.21231 0.126893
172.713 -10.6317 3.2217 0.0109349
172.609 -10.4475 3.2183 0.261394
172.251 -10.3366 3.22408 0.00817328
172.435 -10.5356 3.21213 0.0374812
172.445 -10.3721 3.21231 0.126893
172.327 -10.4278 3.22296 0.0725553
172.264 -10.2257 3.21483 0.0818132
172.264 -10.2257 3.21483 0.0818132
172.609 -10.4475 3.2183 0.261394
172.445 -10.3721 3.21231 0.126893
172.327 -10.4278 3.22296 0.0725553
172.609 -10.4475 3.2183 0.261394
172.778 -10.4694 3.22305 0.0349121
172.445 -10.3721 3.21231 0.126893
