256.809 28.9417 6.25187 0.178428
256.818 28.9973 6.25482 0.0245251
256.831 28.7405 6.25021 0.210187
256.627 28.8302 6.25583 0.216726
256.627 28.8302 6.25583 0.216726
256.809 28.9417 6.25187 0.178428
256.831 28.7405 6.25021 0.210187
256.612 28.6308 6.25862 0.0605295
256.627 28.8302 6.25583 0.216726
256.627 28.8302 6.25583 0.216726
256.627 28.8302 6.25583 0.216726
256.627 28.8302 6.25583 0.216726
256.627 28.8302 6.25583 0.216726
256.831 28.7405 6.25021 0.210187
256.61 28.7023 6.26118 0.0455761
256.627 28.8302 6.25583 0.216726
256.831 28.7405 6.25021 0.210187
256.61 28.7023 6.26118 0.0455761
256.809 28.9417 6.25187 0.178428
256.831 28.7405 6.25021 0.210187
256.831 28.7405 6.25021 0.210187
256.831 28.7405 6.25021 0.210187
256.583 28.6963 6.25931 0.0776574
256.583 28.6963 6.25931 0.0776574
256.627 28.8302 6.25583 0.216726
256.678 28.8318 6.26133 0.0217811
256.831 28.7405 6.25021 0.210187
256.627 28.8302 6.25583 0.216726
256.627 28.8302 6.25583 0.216726
256.627 28.8302 6.25583 0.216726
256.498 28.6891 6.25553 0.0429251
256.831 28.7405 6.25021 0.210187
256.695 29.121 6.24917 0.0163511
256.387 28.8486 6.25541 0.00532771
256.818 28.9973 6.25482 0.0245251
256.498 28.6891 6.25553 0.0429251
256.612 28.6308 6.25862 0.0605295
256.387 28.8486 6.25541 0.00532771
256.627 28.8302 6.25583 0.216726
256.831 28.7405 6.25021 0.210187
256.612 28.6308 6.25862 0.0605295
256.627 28.8302 6.25583 0.216726
256.818 28.9973 6.25482 0.0245251
256.831 28.7405 6.25021 0.210187
256.665 29.0072 6.25654 0.0209018
256.61 28.7023 6.26118 0.0455761
256.61 28.7023 6.26118 0.0455761
256.809 28.9417 6.25187 0.178428
256.818 28.9973 6.25482 0.0245251
256.831 28.7405 6.25021 0.210187
256.612 28.6308 6.25862 0.0605295
256.809 28.9417 6.25187 0.178428
256.809 28.9417 6.25187 0.178428
256.678 28.8318 6.26133 0.0217811
256.583 28.6963 6.25931 0.0776574
256.627 28.8302 6.25583 0.216726
256.627 28.8302 6.25583 0.216726
256.831 28.7405 6.25021 0.210187
256.612 28.6308 6.25862 0.0605295
256.627 28.8302 6.25583 0.216726
256.809 28.9417 6.25187 0.178428
256.809 28.9417 6.25187 0.178428
256.498 28.6891 6.25553 0.0429251
256.831 28.7405 6.25021 0.210187
256.583 28.6963 6.25931 0.0776574
256.627 28.8302 6.25583 0.216726
256.809 28.9417 6.25187 0.178428
256.818 28.9973 6.25482 0.0245251
256.498 28.6891 6.25553 0.0429251
256.498 28.6891 6.25553 0.0429251
256.583 28.6963 6.25931 0.0776574
256.627 28.8302 6.25583 0.216726
256.809 28.9417 6.25187 0.178428
256.498 28.6891 6.25553 0.0429251
256.678 28.8318 6.26133 0.0217811
256.831 28.7405 6.25021 0.210187
256.831 28.7405 6.25021 0.210187
256.627 28.8302 6.25583 0.216726
256.809 28.9417 6.25187 0.178428
256.831 28.7405 6.25021 0.210187
256.627 28.8302 6.25583 0.216726
256.627 28.8302 6.25583 0.216726
256.809 28.9417 6.25187 0.178428
256.498 28.6891 6.25553 0.0429251
256.583 28.6963 6.25931 0.0776574
256.583 28.6963 6.25931 0.0776574
256.627 28.8302 6.25583 0.216726
256.831 28.7405 6.25021 0.210187
256.612 28.6308 6.25862 0.0605295
256.627 28.8302 6.25583 0.216726
256.678 28.8318 6.26133 0.0217811
256.562 28.8693 6.26113 0.0172774
256.733 28.5368 6.2544 0.0154105
256.627 28.8302 6.25583 0.216726
256.818 28.9973 6.25482 0.0245251
256.678 28.8318 6.26133 0.0217811
256.831 28.7405 6.25021 0.210187
256.61 28.7023 6.26118 0.0455761
256.627 28.8302 6.25583 0.216726
256.627 28.8302 6.25583 0.216726
