1.1002 3.29811 0.311015 0.0513472
1.2558 3.42332 0.306193 0.262218
1.2558 3.42332 0.306193 0.262218
1.11092 3.38331 0.312827 0.0274259
1.04741 3.44817 0.305654 0.253054
1.2558 3.42332 0.306193 0.262218
1.2558 3.42332 0.306193 0.262218
1.04741 3.44817 0.305654 0.253054
1.04741 3.44817 0.305654 0.253054
0.948996 3.39522 0.310563 0.0525996
1.2658 3.43601 0.305202 0.288924
1.2558 3.42332 0.306193 0.262218
0.948996 3.39522 0.310563 0.0525996
1.2658 3.43601 0.305202 0.288924
1.2558 3.42332 0.306193 0.262218
1.04741 3.44817 0.305654 0.253054
1.2658 3.43601 0.305202 0.288924
1.18531 3.17957 0.306529 0.0154696
1.2558 3.42332 0.306193 0.262218
1.04741 3.44817 0.305654 0.253054
1.04741 3.44817 0.305654 0.253054
1.2658 3.43601 0.305202 0.288924
1.2558 3.42332 0.306193 0.262218
1.04741 3.44817 0.305654 0.253054
1.2558 3.42332 0.306193 0.262218
1.2558 3.42332 0.306193 0.262218
1.04741 3.44817 0.305654 0.253054
1.2658 3.43601 0.305202 0.288924
1.04741 3.44817 0.305654 0.253054
1.2658 3.43601 0.305202 0.288924
1.2558 3.42332 0.306193 0.262218
1.2658 3.43601 0.305202 0.288924
1.2558 3.42332 0.306193 0.262218
1.2558 3.42332 0.306193 0.262218
1.2658 3.43601 0.305202 0.288924
1.2558 3.42332 0.306193 0.262218
1.04741 3.44817 0.305654 0.253054
1.18531 3.17957 0.306529 0.0154696
1.2558 3.42332 0.306193 0.262218
1.2558 3.42332 0.306193 0.262218
1.11602 3.67633 0.305416 0.014602
1.1002 3.29811 0.311015 0.0513472
1.04741 3.44817 0.305654 0.253054
1.1002 3.29811 0.311015 0.0513472
1.04741 3.44817 0.305654 0.253054
1.04741 3.44817 0.305654 0.253054
1.2658 3.43601 0.305202 0.288924
1.04741 3.44817 0.305654 0.253054
0.948996 3.39522 0.310563 0.0525996
1.2658 3.43601 0.305202 0.288924
1.18531 3.17957 0.306529 0.0154696
1.1002 3.29811 0.311015 0.0513472
1.2558 3.42332 0.306193 0.262218
1.04741 3.44817 0.305654 0.253054
1.2658 3.43601 0.305202 0.288924
1.1002 3.29811 0.311015 0.0513472
1.04741 3.44817 0.305654 0.253054
1.04741 3.44817 0.305654 0.253054
1.2658 3.43601 0.305202 0.288924
1.18531 3.17957 0.306529 0.0154696
1.2558 3.42332 0.306193 0.262218
0.948996 3.39522 0.310563 0.0525996
1.2658 3.43601 0.305202 0.288924
1.2558 3.42332 0.306193 0.262218
1.04741 3.44817 0.305654 0.253054
1.2658 3.43601 0.305202 0.288924
1.2558 3.42332 0.306193 0.262218
1.2558 3.42332 0.306193 0.262218
1.11602 3.67633 0.305416 0.014602
0.948996 3.39522 0.310563 0.0525996
1.18531 3.17957 0.306529 0.0154696
1.2558 3.42332 0.306193 0.262218
1.11092 3.38331 0.312827 0.0274259
1.04741 3.44817 0.305654 0.253054
1.04741 3.44817 0.305654 0.253054
1.35031 3.59997 0.298534 0.0108191
1.04741 3.44817 0.305654 0.253054
1.2658 3.43601 0.305202 0.288924
1.2558 3.42332 0.306193 0.262218
0.948996 3.39522 0.310563 0.0525996
1.2558 3.42332 0.306193 0.262218
1.04741 3.44817 0.305654 0.253054
1.2658 3.43601 0.305202 0.288924
1.2558 3.42332 0.306193 0.262218
1.2558 3.42332 0.306193 0.262218
1.04741 3.44817 0.305654 0.253054
1.2658 3.43601 0.305202 0.288924
1.2558 3.42332 0.306193 0.262218
1.2558 3.42332 0.306193 0.262218
1.2658 3.43601 0.305202 0.288924
1.2658 3.43601 0.305202 0.288924
1.04741 3.44817 0.305654 0.253054
1.04741 3.44817 0.305654 0.253054
1.2658 3.43601 0.305202 0.288924
1.18531 3.17957 0.306529 0.0154696
1.2558 3.42332 0.306193 0.262218
1.2558 3.42332 0.306193 0.262218
0.948996 3.39522 0.310563 0.0525996
1.2658 3.43601 0.305202 0.288924
1.2558 3.42332 0.306193 0.262218
