8.53273 -94.5821 3.4194 0.0292606
8.36162 -94.5109 3.43421 0.0364216
8.63267 -94.5632 3.43016 0.12257
8.63267 -94.5632 3.43016 0.12257
8.26659 -94.7663 3.42286 0.0505032
8.26659 -94.7663 3.42286 0.0505032
8.4181 -94.4317 3.42494 0.0766926
8.52945 -94.3549 3.42335 0.0193298
8.53273 -94.5821 3.4194 0.0292606
8.63267 -94.5632 3.43016 0.12257
8.26659 -94.7663 3.42286 0.0505032
8.26659 -94.7663 3.42286 0.0505032
8.4181 -94.4317 3.42494 0.0766926
8.63262 -94.6697 3.42184 0.0387734
8.63262 -94.6697 3.42184 0.0387734
8.52945 -94.3549 3.42335 0.0193298
8.37046 -94.782 3.42891 0.0400544
8.22221 -94.5136 3.42129 0.0254431
8.45911 -94.4995 3.42263 0.0742361
8.77721 -94.4987 3.43335 0.0356462
8.4181 -94.4317 3.42494 0.0766926
8.51331 -94.7647 3.42551 0.0932058
8.27883 -94.7455 3.41822 0.0340463
8.42496 -94.2908 3.42616 0.0216333
8.38909 -94.4691 3.43728 0.0148801
8.68939 -94.777 3.43384 0.010094
8.34055 -94.3355 3.43308 0.0245729
8.4181 -94.4317 3.42494 0.0766926
8.51331 -94.7647 3.42551 0.0932058
8.37046 -94.782 3.42891 0.0400544
8.49318 -94.7261 3.42935 0.0888331
8.53273 -94.5821 3.4194 0.0292606
8.22221 -94.5136 3.42129 0.0254431
8.45911 -94.4995 3.42263 0.0742361
8.45911 -94.4995 3.42263 0.0742361
8.63267 -94.5632 3.43016 0.12257
8.77721 -94.4987 3.43335 0.0356462
8.4181 -94.4317 3.42494 0.0766926
8.77042 -94.3715 3.4315 0.0254464
8.77042 -94.3715 3.4315 0.0254464
8.49318 -94.7261 3.42935 0.0888331
8.22221 -94.5136 3.42129 0.0254431
8.36162 -94.5109 3.43421 0.0364216
8.45911 -94.4995 3.42263 0.0742361
8.63267 -94.5632 3.43016 0.12257
8.58989 -94.0047 3.43171 0.00040408
8.4181 -94.4317 3.42494 0.0766926
8.51331 -94.7647 3.42551 0.0932058
8.52945 -94.3549 3.42335 0.0193298
8.22221 -94.5136 3.42129 0.0254431
8.63267 -94.5632 3.43016 0.12257
8.63267 -94.5632 3.43016 0.12257
8.26659 -94.7663 3.42286 0.0505032
8.6647 -94.6686 3.44001 0.00272121
8.51331 -94.7647 3.42551 0.0932058
8.52945 -94.3549 3.42335 0.0193298
8.27883 -94.7455 3.41822 0.0340463
8.49318 -94.7261 3.42935 0.0888331
8.36162 -94.5109 3.43421 0.0364216
8.63267 -94.5632 3.43016 0.12257
8.63267 -94.5632 3.43016 0.12257
8.26659 -94.7663 3.42286 0.0505032
8.68939 -94.777 3.43384 0.010094
8.63297 -94.7675 3.4303 0.0376107
8.63297 -94.7675 3.4303 0.0376107
8.25321 -94.759 3.41042 0.00124722
8.63262 -94.6697 3.42184 0.0387734
8.49318 -94.7261 3.42935 0.0888331
8.49318 -94.7261 3.42935 0.0888331
8.45911 -94.4995 3.42263 0.0742361
8.38909 -94.4691 3.43728 0.0148801
8.63267 -94.5632 3.43016 0.12257
8.35408 -94.1486 3.42795 0.00237809
8.05327 -94.6392 3.42095 0.00527298
8.51331 -94.7647 3.42551 0.0932058
8.52945 -94.3549 3.42335 0.0193298
8.27883 -94.7455 3.41822 0.0340463
8.60192 -94.7733 3.41923 0.0185437
8.60192 -94.7733 3.41923 0.0185437
8.36162 -94.5109 3.43421 0.0364216
8.45911 -94.4995 3.42263 0.0742361
8.45911 -94.4995 3.42263 0.0742361
8.26659 -94.7663 3.42286 0.0505032
8.77721 -94.4987 3.43335 0.0356462
8.63297 -94.7675 3.4303 0.0376107
8.34055 -94.3355 3.43308 0.0245729
8.51331 -94.7647 3.42551 0.0932058
8.51331 -94.7647 3.42551 0.0932058
8.63262 -94.6697 3.42184 0.0387734
8.27883 -94.7455 3.41822 0.0340463
8.53273 -94.5821 3.4194 0.0292606
8.45911 -94.4995 3.42263 0.0742361
8.63267 -94.5632 3.43016 0.12257
8.26659 -94.7663 3.42286 0.0505032
8.4181 -94.4317 3.42494 0.0766926
8.4181 -94.4317 3.42494 0.0766926
8.51331 -94.7647 3.42551 0.0932058
8.27883 -94.7455 3.41822 0.0340463
8.36162 -94.5109 3.43421 0.0364216
8.38909 -94.4691 3.43728 0.0148801
