103.175 -25.9489 3.43668 0.077737
103.129 -25.7176 3.44538 0.0711343
103.129 -25.7176 3.44538 0.0711343
103.248 -25.9942 3.4341 0.0147257
103.123 -25.831 3.43566 0.106048
103.016 -26.0966 3.44022 0.0141833
103.269 -25.8671 3.43396 0.0165059
103.305 -25.8049 3.44594 0.0220395
103.202 -25.6951 3.44357 0.095267
103.202 -25.6951 3.44357 0.095267
102.925 -25.8792 3.44073 0.0721713
103.175 -25.9489 3.43668 0.077737
102.954 -25.8951 3.44376 0.0319683
103.164 -25.7981 3.44427 0.0928594
103.123 -25.831 3.43566 0.106048
103.354 -25.8403 3.43736 0.018066
103.164 -25.9455 3.43676 0.0859293
103.305 -25.8049 3.44594 0.0220395
103.305 -25.8049 3.44594 0.0220395
102.969 -25.6373 3.43632 0.0354289
103.202 -25.6951 3.44357 0.095267
103.237 -25.9813 3.43344 0.0139155
102.982 -25.821 3.44557 0.0277694
102.954 -25.8951 3.44376 0.0319683
103.123 -25.831 3.43566 0.106048
103.038 -26.2409 3.43119 0.000788377
102.981 -25.7166 3.43357 0.0271697
103.164 -25.9455 3.43676 0.0859293
103.202 -25.6951 3.44357 0.095267
103.202 -25.6951 3.44357 0.095267
103.202 -25.6951 3.44357 0.095267
103.189 -25.7466 3.43348 0.0190436
103.026 -25.8814 3.44671 0.01305
102.982 -25.821 3.44557 0.0277694
103.129 -25.7176 3.44538 0.0711343
103.164 -25.7981 3.44427 0.0928594
103.269 -25.8671 3.43396 0.0165059
103.164 -25.9455 3.43676 0.0859293
103.237 -25.9813 3.43344 0.0139155
103.175 -25.9489 3.43668 0.077737
103.086 -26.1142 3.44207 0.00672722
103.123 -25.831 3.43566 0.106048
103.123 -25.831 3.43566 0.106048
103.354 -25.8403 3.43736 0.018066
102.969 -25.6373 3.43632 0.0354289
103.237 -25.9813 3.43344 0.0139155
103.175 -25.9489 3.43668 0.077737
102.954 -25.8951 3.44376 0.0319683
103.164 -25.7981 3.44427 0.0928594
103.123 -25.831 3.43566 0.106048
103.164 -25.9455 3.43676 0.0859293
103.202 -25.6951 3.44357 0.095267
102.982 -25.821 3.44557 0.0277694
103.129 -25.7176 3.44538 0.0711343
103.164 -25.7981 3.44427 0.0928594
103.123 -25.831 3.43566 0.106048
103.016 -26.0966 3.44022 0.0141833
103.164 -25.9455 3.43676 0.0859293
103.202 -25.6951 3.44357 0.095267
103.202 -25.6951 3.44357 0.095267
102.925 -25.8792 3.44073 0.0721713
102.982 -25.821 3.44557 0.0277694
103.129 -25.7176 3.44538 0.0711343
103.164 -25.7981 3.44427 0.0928594
103.123 -25.831 3.43566 0.106048
103.269 -25.8671 3.43396 0.0165059
103.354 -25.8403 3.43736 0.018066
103.164 -25.9455 3.43676 0.0859293
103.164 -25.9455 3.43676 0.0859293
103.202 -25.6951 3.44357 0.095267
102.925 -25.8792 3.44073 0.0721713
102.982 -25.821 3.44557 0.0277694
103.129 -25.7176 3.44538 0.0711343
103.129 -25.7176 3.44538 0.0711343
103.164 -25.7981 3.44427 0.0928594
103.123 -25.831 3.43566 0.106048
103.123 -25.831 3.43566 0.106048
103.164 -25.9455 3.43676 0.0859293
103.164 -25.9455 3.43676 0.0859293
103.202 -25.6951 3.44357 0.095267
102.925 -25.8792 3.44073 0.0721713
103.175 -25.9489 3.43668 0.077737
103.164 -25.7981 3.44427 0.0928594
103.164 -25.7981 3.44427 0.0928594
103.248 -25.9942 3.4341 0.0147257
103.123 -25.831 3.43566 0.106048
103.123 -25.831 3.43566 0.106048
103.164 -25.9455 3.43676 0.0859293
103.202 -25.6951 3.44357 0.095267
102.925 -25.8792 3.44073 0.0721713
103.175 -25.9489 3.43668 0.077737
103.129 -25.7176 3.44538 0.0711343
103.164 -25.7981 3.44427 0.0928594
103.123 -25.831 3.43566 0.106048
102.981 -25.7166 3.43357 0.0271697
103.354 -25.8403 3.43736 0.018066
102.969 -25.6373 3.43632 0.0354289
103.189 -25.7466 3.43348 0.0190436
103.075 -25.9811 3.43271 0.0301838
102.982 -25.821 3.44557 0.0277694
