20.9765 -89.4753 3.70294 0.0934299
20.6328 -89.7178 3.70792 0.0243546
20.6338 -89.6684 3.70563 0.0684966
20.7877 -89.6698 3.70156 0.179735
20.9765 -89.4753 3.70294 0.0934299
20.6263 -89.5892 3.6982 0.0346243
20.6338 -89.6684 3.70563 0.0684966
20.7877 -89.6698 3.70156 0.179735
20.7197 -89.6138 3.71007 0.0418973
20.7672 -89.6419 3.70048 0.130739
20.7672 -89.6419 3.70048 0.130739
20.9765 -89.4753 3.70294 0.0934299
20.7159 -89.4718 3.70313 0.143453
20.7877 -89.6698 3.70156 0.179735
20.7877 -89.6698 3.70156 0.179735
20.9765 -89.4753 3.70294 0.0934299
20.6263 -89.5892 3.6982 0.0346243
20.6338 -89.6684 3.70563 0.0684966
20.7877 -89.6698 3.70156 0.179735
20.7672 -89.6419 3.70048 0.130739
21.1192 -89.4373 3.70373 0.0114552
20.7159 -89.4718 3.70313 0.143453
20.6338 -89.6684 3.70563 0.0684966
20.7877 -89.6698 3.70156 0.179735
20.7877 -89.6698 3.70156 0.179735
20.7877 -89.6698 3.70156 0.179735
20.7672 -89.6419 3.70048 0.130739
20.7672 -89.6419 3.70048 0.130739
20.9765 -89.4753 3.70294 0.0934299
20.9765 -89.4753 3.70294 0.0934299
20.6436 -89.5494 3.70558 0.0747331
20.6338 -89.6684 3.70563 0.0684966
20.7877 -89.6698 3.70156 0.179735
20.7708 -89.7121 3.6978 0.0147149
20.6338 -89.6684 3.70563 0.0684966
20.6338 -89.6684 3.70563 0.0684966
20.7877 -89.6698 3.70156 0.179735
20.7672 -89.6419 3.70048 0.130739
20.7672 -89.6419 3.70048 0.130739
20.6263 -89.5892 3.6982 0.0346243
20.7159 -89.4718 3.70313 0.143453
20.7877 -89.6698 3.70156 0.179735
20.7877 -89.6698 3.70156 0.179735
20.7197 -89.6138 3.71007 0.0418973
20.9765 -89.4753 3.70294 0.0934299
20.6436 -89.5494 3.70558 0.0747331
20.6338 -89.6684 3.70563 0.0684966
20.7877 -89.6698 3.70156 0.179735
20.7877 -89.6698 3.70156 0.179735
20.9765 -89.4753 3.70294 0.0934299
20.9765 -89.4753 3.70294 0.0934299
20.7159 -89.4718 3.70313 0.143453
20.7159 -89.4718 3.70313 0.143453
20.7877 -89.6698 3.70156 0.179735
20.9765 -89.4753 3.70294 0.0934299
20.7159 -89.4718 3.70313 0.143453
21.097 -89.9731 3.71609 0.0021546
20.6338 -89.6684 3.70563 0.0684966
20.7877 -89.6698 3.70156 0.179735
20.7197 -89.6138 3.71007 0.0418973
20.7672 -89.6419 3.70048 0.130739
20.9765 -89.4753 3.70294 0.0934299
20.7159 -89.4718 3.70313 0.143453
20.7877 -89.6698 3.70156 0.179735
20.7877 -89.6698 3.70156 0.179735
20.7877 -89.6698 3.70156 0.179735
20.7672 -89.6419 3.70048 0.130739
20.6263 -89.5892 3.6982 0.0346243
20.7159 -89.4718 3.70313 0.143453
20.7877 -89.6698 3.70156 0.179735
20.9765 -89.4753 3.70294 0.0934299
20.6263 -89.5892 3.6982 0.0346243
20.6263 -89.5892 3.6982 0.0346243
20.6263 -89.5892 3.6982 0.0346243
20.6338 -89.6684 3.70563 0.0684966
20.6945 -89.7499 3.70211 0.078646
20.7877 -89.6698 3.70156 0.179735
20.9765 -89.4753 3.70294 0.0934299
20.6263 -89.5892 3.6982 0.0346243
20.6338 -89.6684 3.70563 0.0684966
20.7877 -89.6698 3.70156 0.179735
20.7197 -89.6138 3.71007 0.0418973
20.9765 -89.4753 3.70294 0.0934299
20.6436 -89.5494 3.70558 0.0747331
20.6338 -89.6684 3.70563 0.0684966
21.2477 -89.431 3.7141 0.00229233
20.7877 -89.6698 3.70156 0.179735
20.7197 -89.6138 3.71007 0.0418973
20.7672 -89.6419 3.70048 0.130739
20.8945 -89.8793 3.70358 0.027268
20.7159 -89.4718 3.70313 0.143453
20.7159 -89.4718 3.70313 0.143453
20.6945 -89.7499 3.70211 0.078646
20.7672 -89.6419 3.70048 0.130739
20.9765 -89.4753 3.70294 0.0934299
20.9765 -89.4753 3.70294 0.0934299
20.6263 -89.5892 3.6982 0.0346243
20.6945 -89.7499 3.70211 0.078646
20.7672 -89.6419 3.70048 0.130739
20.8945 -89.8793 3.70358 0.027268
