-39.41 -50.3204 1.55359 0.1021
-39.3322 -50.19 1.55206 0.304244
-38.9879 -50.225 1.54719 0.0522774
-39.1388 -50.3929 1.55714 0.169997
-39.41 -50.3204 1.55359 0.1021
-39.3021 -50.5983 1.55277 0.0060572
-39.1388 -50.3929 1.55714 0.169997
-39.3322 -50.19 1.55206 0.304244
-39.3017 -50.1696 1.54415 0.0474675
-38.9879 -50.225 1.54719 0.0522774
-39.1664 -50.4469 1.56145 0.0213906
-39.3322 -50.19 1.55206 0.304244
-39.1388 -50.3929 1.55714 0.169997
-39.1388 -50.3929 1.55714 0.169997
-39.3322 -50.19 1.55206 0.304244
-39.3322 -50.19 1.55206 0.304244
-39.2424 -50.4482 1.55311 0.140649
-39.3322 -50.19 1.55206 0.304244
-39.3017 -50.1696 1.54415 0.0474675
-39.41 -50.3204 1.55359 0.1021
-39.3322 -50.19 1.55206 0.304244
-39.2424 -50.4482 1.55311 0.140649
-39.1388 -50.3929 1.55714 0.169997
-39.3322 -50.19 1.55206 0.304244
-39.2424 -50.4482 1.55311 0.140649
-39.2424 -50.4482 1.55311 0.140649
-39.41 -50.3204 1.55359 0.1021
-39.3322 -50.19 1.55206 0.304244
-38.9879 -50.225 1.54719 0.0522774
-39.3322 -50.19 1.55206 0.304244
-39.3322 -50.19 1.55206 0.304244
-39.3017 -50.1696 1.54415 0.0474675
-39.41 -50.3204 1.55359 0.1021
-39.2424 -50.4482 1.55311 0.140649
-39.41 -50.3204 1.55359 0.1021
-39.3322 -50.19 1.55206 0.304244
-38.9879 -50.225 1.54719 0.0522774
-39.41 -50.3204 1.55359 0.1021
-39.2424 -50.4482 1.55311 0.140649
-39.4004 -50.2712 1.55862 0.0315117
-39.3322 -50.19 1.55206 0.304244
-39.4777 -50.3087 1.55114 0.0334201
-39.1388 -50.3929 1.55714 0.169997
-39.3322 -50.19 1.55206 0.304244
-39.3322 -50.19 1.55206 0.304244
-39.2424 -50.4482 1.55311 0.140649
-39.1388 -50.3929 1.55714 0.169997
-39.3322 -50.19 1.55206 0.304244
-39.1388 -50.3929 1.55714 0.169997
-39.1388 -50.3929 1.55714 0.169997
-38.9946 -50.4975 1.55908 0.0109662
-39.2424 -50.4482 1.55311 0.140649
-39.4004 -50.2712 1.55862 0.0315117
-39.3322 -50.19 1.55206 0.304244
-39.3017 -50.1696 1.54415 0.0474675
-39.41 -50.3204 1.55359 0.1021
-39.2424 -50.4482 1.55311 0.140649
-39.3284 -50.0222 1.55596 0.0229988
-39.2424 -50.4482 1.55311 0.140649
-39.3322 -50.19 1.55206 0.304244
-39.3017 -50.1696 1.54415 0.0474675
-38.9946 -50.4975 1.55908 0.0109662
-39.4777 -50.3087 1.55114 0.0334201
-38.9879 -50.225 1.54719 0.0522774
-39.3322 -50.19 1.55206 0.304244
-39.3322 -50.19 1.55206 0.304244
-39.1388 -50.3929 1.55714 0.169997
-39.41 -50.3204 1.55359 0.1021
-39.3284 -50.0222 1.55596 0.0229988
-39.2424 -50.4482 1.55311 0.140649
-38.9879 -50.225 1.54719 0.0522774
-39.3322 -50.19 1.55206 0.304244
-39.2424 -50.4482 1.55311 0.140649
-38.9879 -50.225 1.54719 0.0522774
-38.9879 -50.225 1.54719 0.0522774
-39.1388 -50.3929 1.55714 0.169997
-39.3322 -50.19 1.55206 0.304244
-39.4004 -50.2712 1.55862 0.0315117
-39.41 -50.3204 1.55359 0.1021
-39.3017 -50.1696 1.54415 0.0474675
-39.41 -50.3204 1.55359 0.1021
-39.3322 -50.19 1.55206 0.304244
-39.1388 -50.3929 1.55714 0.169997
-39.4004 -50.2712 1.55862 0.0315117
-39.41 -50.3204 1.55359 0.1021
-39.4777 -50.3087 1.55114 0.0334201
-39.4777 -50.3087 1.55114 0.0334201
-39.2424 -50.4482 1.55311 0.140649
-39.1388 -50.3929 1.55714 0.169997
-39.3322 -50.19 1.55206 0.304244
-39.3322 -50.19 1.55206 0.304244
-39.1388 -50.3929 1.55714 0.169997
-39.3322 -50.19 1.55206 0.304244
-39.2424 -50.4482 1.55311 0.140649
-39.1388 -50.3929 1.55714 0.169997
-39.3322 -50.19 1.55206 0.304244
-39.3322 -50.19 1.55206 0.304244
-39.1388 -50.3929 1.55714 0.169997
-39.3322 -50.19 1.55206 0.304244
-39.3322 -50.19 1.55206 0.304244
