262.903 27.9067 6.08364 0.0777454
262.903 27.9067 6.08364 0.0777454
262.781 27.8303 6.09506 0.456395
262.769 27.7098 6.08834 0.0575128
263.008 27.9393 6.08335 0.04418
262.781 27.8303 6.09506 0.456395
262.769 27.7098 6.08834 0.0575128
262.781 27.8303 6.09506 0.456395
262.923 28.0154 6.08394 0.0481179
262.781 27.8303 6.09506 0.456395
262.781 27.8303 6.09506 0.456395
262.781 27.8303 6.09506 0.456395
262.953 28.1219 6.09053 0.0144941
262.781 27.8303 6.09506 0.456395
262.838 27.6246 6.09413 0.0424233
262.769 27.7098 6.08834 0.0575128
262.781 27.8303 6.09506 0.456395
262.903 27.9067 6.08364 0.0777454
262.781 27.8303 6.09506 0.456395
262.903 27.9067 6.08364 0.0777454
262.781 27.8303 6.09506 0.456395
262.781 27.8303 6.09506 0.456395
262.923 28.0154 6.08394 0.0481179
262.781 27.8303 6.09506 0.456395
262.903 27.9067 6.08364 0.0777454
262.781 27.8303 6.09506 0.456395
262.913 28.1387 6.09285 0.0102212
262.781 27.8303 6.09506 0.456395
263.05 27.9385 6.09218 0.0347628
262.909 27.6758 6.09844 0.0302782
262.838 27.6246 6.09413 0.0424233
262.781 27.8303 6.09506 0.456395
262.781 27.8303 6.09506 0.456395
262.781 27.8303 6.09506 0.456395
262.781 27.8303 6.09506 0.456395
262.769 27.7098 6.08834 0.0575128
263.124 27.8416 6.08503 0.0109795
263.07 27.7964 6.08527 0.0224196
262.769 27.7098 6.08834 0.0575128
262.781 27.8303 6.09506 0.456395
263.008 27.9393 6.08335 0.04418
262.781 27.8303 6.09506 0.456395
262.923 28.0154 6.08394 0.0481179
262.781 27.8303 6.09506 0.456395
262.769 27.7098 6.08834 0.0575128
262.781 27.8303 6.09506 0.456395
262.838 27.6246 6.09413 0.0424233
263.007 27.8311 6.09323 0.0805833
262.781 27.8303 6.09506 0.456395
262.769 27.7098 6.08834 0.0575128
262.923 28.0154 6.08394 0.0481179
263.008 27.9393 6.08335 0.04418
263.007 27.8311 6.09323 0.0805833
263.008 27.9393 6.08335 0.04418
262.781 27.8303 6.09506 0.456395
262.781 27.8303 6.09506 0.456395
262.781 27.8303 6.09506 0.456395
262.605 27.6778 6.0979 0.0370273
262.903 27.9067 6.08364 0.0777454
262.781 27.8303 6.09506 0.456395
263.104 28.0463 6.08171 0.00402557
262.903 27.9067 6.08364 0.0777454
262.781 27.8303 6.09506 0.456395
262.605 27.6778 6.0979 0.0370273
262.781 27.8303 6.09506 0.456395
263.007 27.8311 6.09323 0.0805833
262.781 27.8303 6.09506 0.456395
262.769 27.7098 6.08834 0.0575128
262.781 27.8303 6.09506 0.456395
263.07 27.7964 6.08527 0.0224196
262.781 27.8303 6.09506 0.456395
263.008 27.9393 6.08335 0.04418
262.838 27.6246 6.09413 0.0424233
262.781 27.8303 6.09506 0.456395
262.781 27.8303 6.09506 0.456395
263.007 27.8311 6.09323 0.0805833
262.923 28.0154 6.08394 0.0481179
262.769 27.7098 6.08834 0.0575128
262.781 27.8303 6.09506 0.456395
262.605 27.6778 6.0979 0.0370273
262.923 28.0154 6.08394 0.0481179
262.781 27.8303 6.09506 0.456395
262.781 27.8303 6.09506 0.456395
262.923 28.0154 6.08394 0.0481179
262.781 27.8303 6.09506 0.456395
263.05 27.9385 6.09218 0.0347628
262.923 28.0154 6.08394 0.0481179
262.781 27.8303 6.09506 0.456395
263.008 27.9393 6.08335 0.04418
262.781 27.8303 6.09506 0.456395
262.781 27.8303 6.09506 0.456395
262.781 27.8303 6.09506 0.456395
262.781 27.8303 6.09506 0.456395
263.018 27.9362 6.09935 0.00473904
262.769 27.7098 6.08834 0.0575128
262.781 27.8303 6.09506 0.456395
262.923 28.0154 6.08394 0.0481179
262.903 27.9067 6.08364 0.0777454
262.838 27.6246 6.09413 0.0424233
262.781 27.8303 6.09506 0.456395
