42.7088 -69.4804 3.93539 0.186085
42.5842 -69.1478 3.94054 0.00595112
42.7244 -69.3931 3.94607 0.0515349
42.7244 -69.3931 3.94607 0.0515349
42.7883 -69.2702 3.94214 0.0588944
42.7088 -69.4804 3.93539 0.186085
42.5231 -69.3713 3.93587 0.223728
42.7258 -69.3004 3.93792 0.141206
42.7779 -69.4469 3.94648 0.0386633
42.5231 -69.3713 3.93587 0.223728
42.5231 -69.3713 3.93587 0.223728
42.7732 -69.4059 3.94449 0.110321
42.7088 -69.4804 3.93539 0.186085
42.9319 -69.3057 3.9417 0.00834383
42.7244 -69.3931 3.94607 0.0515349
42.7244 -69.3931 3.94607 0.0515349
42.7258 -69.3004 3.93792 0.141206
42.7732 -69.4059 3.94449 0.110321
42.4687 -69.4016 3.94343 0.010359
42.7779 -69.4469 3.94648 0.0386633
42.5231 -69.3713 3.93587 0.223728
42.7732 -69.4059 3.94449 0.110321
42.7088 -69.4804 3.93539 0.186085
42.5231 -69.3713 3.93587 0.223728
42.7244 -69.3931 3.94607 0.0515349
42.7732 -69.4059 3.94449 0.110321
42.7883 -69.2702 3.94214 0.0588944
42.7088 -69.4804 3.93539 0.186085
42.7088 -69.4804 3.93539 0.186085
42.7258 -69.3004 3.93792 0.141206
42.7695 -69.6674 3.93786 0.0132562
42.7883 -69.2702 3.94214 0.0588944
42.5231 -69.3713 3.93587 0.223728
42.7258 -69.3004 3.93792 0.141206
42.4687 -69.4016 3.94343 0.010359
42.7088 -69.4804 3.93539 0.186085
42.5231 -69.3713 3.93587 0.223728
42.8685 -69.2838 3.94177 0.0242517
42.7732 -69.4059 3.94449 0.110321
42.7732 -69.4059 3.94449 0.110321
42.7088 -69.4804 3.93539 0.186085
42.5842 -69.1478 3.94054 0.00595112
42.7258 -69.3004 3.93792 0.141206
42.7883 -69.2702 3.94214 0.0588944
42.7088 -69.4804 3.93539 0.186085
42.5231 -69.3713 3.93587 0.223728
42.7732 -69.4059 3.94449 0.110321
42.7088 -69.4804 3.93539 0.186085
42.5231 -69.3713 3.93587 0.223728
42.7258 -69.3004 3.93792 0.141206
42.7883 -69.2702 3.94214 0.0588944
42.4101 -69.6162 3.9338 0.0115419
42.7088 -69.4804 3.93539 0.186085
42.7258 -69.3004 3.93792 0.141206
42.7695 -69.6674 3.93786 0.0132562
42.7883 -69.2702 3.94214 0.0588944
42.7779 -69.4469 3.94648 0.0386633
42.5231 -69.3713 3.93587 0.223728
42.5842 -69.1478 3.94054 0.00595112
42.7258 -69.3004 3.93792 0.141206
42.6646 -69.684 3.9382 0.0210465
42.7732 -69.4059 3.94449 0.110321
42.4687 -69.4016 3.94343 0.010359
42.5118 -69.5743 3.94148 0.0269952
42.5231 -69.3713 3.93587 0.223728
42.7258 -69.3004 3.93792 0.141206
42.4274 -69.4751 3.93168 0.0394004
42.5231 -69.3713 3.93587 0.223728
42.5231 -69.3713 3.93587 0.223728
42.7732 -69.4059 3.94449 0.110321
42.4274 -69.4751 3.93168 0.0394004
42.7088 -69.4804 3.93539 0.186085
42.5231 -69.3713 3.93587 0.223728
42.7244 -69.3931 3.94607 0.0515349
42.7732 -69.4059 3.94449 0.110321
42.7883 -69.2702 3.94214 0.0588944
42.4101 -69.6162 3.9338 0.0115419
42.7088 -69.4804 3.93539 0.186085
42.5231 -69.3713 3.93587 0.223728
42.7258 -69.3004 3.93792 0.141206
42.7779 -69.4469 3.94648 0.0386633
42.5231 -69.3713 3.93587 0.223728
42.4015 -69.1811 3.93492 0.00174421
42.7258 -69.3004 3.93792 0.141206
42.7732 -69.4059 3.94449 0.110321
42.7088 -69.4804 3.93539 0.186085
42.5231 -69.3713 3.93587 0.223728
42.5231 -69.3713 3.93587 0.223728
42.5231 -69.3713 3.93587 0.223728
42.7244 -69.3931 3.94607 0.0515349
42.7732 -69.4059 3.94449 0.110321
42.7732 -69.4059 3.94449 0.110321
42.5231 -69.3713 3.93587 0.223728
42.5231 -69.3713 3.93587 0.223728
42.6646 -69.684 3.9382 0.0210465
42.7779 -69.4469 3.94648 0.0386633
42.7088 -69.4804 3.93539 0.186085
42.8685 -69.2838 3.94177 0.0242517
42.7732 -69.4059 3.94449 0.110321
42.7695 -69.6674 3.93786 0.0132562
