226.318 -12.9992 2.91166 0.193458
226.43 -12.9184 2.91063 0.106274
226.047 -13.1077 2.90247 0.0453317
226.334 -12.9001 2.91241 0.0823084
226.427 -13.0239 2.90534 0.0415819
226.318 -12.9992 2.91166 0.193458
226.624 -12.822 2.91718 0.00217793
226.43 -12.9184 2.91063 0.106274
226.17 -13.1256 2.90589 0.153237
226.606 -13.1401 2.91168 0.0216453
226.318 -12.9992 2.91166 0.193458
226.477 -13.0319 2.90538 0.0193178
226.482 -12.8842 2.9127 0.0478571
226.318 -12.9992 2.91166 0.193458
226.318 -12.9992 2.91166 0.193458
226.43 -12.9184 2.91063 0.106274
226.17 -13.1256 2.90589 0.153237
226.17 -13.1256 2.90589 0.153237
226.318 -12.9992 2.91166 0.193458
226.686 -13.0002 2.90803 0.000914011
226.43 -12.9184 2.91063 0.106274
226.047 -13.1077 2.90247 0.0453317
226.17 -13.1256 2.90589 0.153237
226.334 -12.9001 2.91241 0.0823084
226.374 -13.2082 2.90755 0.0729786
226.318 -12.9992 2.91166 0.193458
226.318 -12.9992 2.91166 0.193458
226.047 -13.1077 2.90247 0.0453317
226.17 -13.1256 2.90589 0.153237
226.334 -12.9001 2.91241 0.0823084
226.606 -13.1401 2.91168 0.0216453
226.143 -13.1412 2.8995 0.00936639
226.43 -12.9184 2.91063 0.106274
226.17 -13.1256 2.90589 0.153237
226.374 -13.2082 2.90755 0.0729786
226.202 -13.2973 2.906 0.0237561
226.318 -12.9992 2.91166 0.193458
226.318 -12.9992 2.91166 0.193458
226.318 -12.9992 2.91166 0.193458
226.43 -12.9184 2.91063 0.106274
226.17 -13.1256 2.90589 0.153237
226.17 -13.1256 2.90589 0.153237
226.202 -13.2973 2.906 0.0237561
226.318 -12.9992 2.91166 0.193458
226.318 -12.9992 2.91166 0.193458
226.43 -12.9184 2.91063 0.106274
226.047 -13.1077 2.90247 0.0453317
226.17 -13.1256 2.90589 0.153237
226.334 -12.9001 2.91241 0.0823084
226.318 -12.9992 2.91166 0.193458
226.43 -12.9184 2.91063 0.106274
226.17 -13.1256 2.90589 0.153237
226.334 -12.9001 2.91241 0.0823084
226.318 -12.9992 2.91166 0.193458
225.998 -12.9593 2.90122 0.0228464
226.43 -12.9184 2.91063 0.106274
226.334 -12.9001 2.91241 0.0823084
226.318 -12.9992 2.91166 0.193458
225.998 -12.9593 2.90122 0.0228464
226.686 -13.0002 2.90803 0.000914011
226.17 -13.1256 2.90589 0.153237
226.374 -13.2082 2.90755 0.0729786
226.318 -12.9992 2.91166 0.193458
226.477 -13.0319 2.90538 0.0193178
226.477 -13.0319 2.90538 0.0193178
226.334 -12.9001 2.91241 0.0823084
226.374 -13.2082 2.90755 0.0729786
226.318 -12.9992 2.91166 0.193458
226.143 -12.7979 2.90277 0.013849
226.248 -13.04 2.91614 0.0115484
226.17 -13.1256 2.90589 0.153237
226.482 -12.8842 2.9127 0.0478571
226.427 -13.0239 2.90534 0.0415819
226.143 -13.1412 2.8995 0.00936639
226.047 -13.1077 2.90247 0.0453317
226.334 -12.9001 2.91241 0.0823084
226.318 -12.9992 2.91166 0.193458
226.43 -12.9184 2.91063 0.106274
226.17 -13.1256 2.90589 0.153237
226.482 -12.8842 2.9127 0.0478571
226.374 -13.2082 2.90755 0.0729786
226.318 -12.9992 2.91166 0.193458
226.318 -12.9992 2.91166 0.193458
226.143 -13.1412 2.8995 0.00936639
226.43 -12.9184 2.91063 0.106274
226.482 -12.8842 2.9127 0.0478571
226.318 -12.9992 2.91166 0.193458
226.318 -12.9992 2.91166 0.193458
226.318 -12.9992 2.91166 0.193458
225.998 -12.9593 2.90122 0.0228464
226.43 -12.9184 2.91063 0.106274
226.047 -13.1077 2.90247 0.0453317
226.334 -12.9001 2.91241 0.0823084
226.318 -12.9992 2.91166 0.193458
226.477 -13.0319 2.90538 0.0193178
226.334 -12.9001 2.91241 0.0823084
226.374 -13.2082 2.90755 0.0729786
226.143 -13.1412 2.8995 0.00936639
226.43 -12.9184 2.91063 0.106274
226.17 -13.1256 2.90589 0.153237
