232.044 27.2701 0.0777853 0.0780047
232.197 27.1592 0.0820821 0.180671
232.186 27.1012 0.0799493 0.0705901
232.174 27.2279 0.0791951 0.221771
232.205 27.2396 0.0787936 0.184589
232.23 27.401 0.0856519 0.00551788
232.186 27.1012 0.0799493 0.0705901
232.174 27.2279 0.0791951 0.221771
232.143 27.0479 0.0822843 0.0526686
232.197 27.1592 0.0820821 0.180671
232.186 27.1012 0.0799493 0.0705901
231.937 27.2122 0.0869971 0.0198306
232.205 27.2396 0.0787936 0.184589
232.044 27.2701 0.0777853 0.0780047
231.832 27.1595 0.0876032 0.00207701
232.205 27.2396 0.0787936 0.184589
232.224 27.1555 0.0783559 0.0689891
232.044 27.2701 0.0777853 0.0780047
232.008 27.4185 0.0825808 0.0301237
232.186 27.1012 0.0799493 0.0705901
232.205 27.2396 0.0787936 0.184589
232.224 27.1555 0.0783559 0.0689891
232.044 27.2701 0.0777853 0.0780047
232.197 27.1592 0.0820821 0.180671
232.174 27.2279 0.0791951 0.221771
232.205 27.2396 0.0787936 0.184589
232.044 27.2701 0.0777853 0.0780047
231.937 27.2122 0.0869971 0.0198306
231.937 27.2122 0.0869971 0.0198306
232.205 27.2396 0.0787936 0.184589
232.008 27.4185 0.0825808 0.0301237
232.197 27.1592 0.0820821 0.180671
232.174 27.2279 0.0791951 0.221771
232.174 27.2279 0.0791951 0.221771
232.205 27.2396 0.0787936 0.184589
232.197 27.1592 0.0820821 0.180671
231.973 27.1961 0.076583 0.00666367
232.026 27.4104 0.0755368 0.00928895
232.205 27.2396 0.0787936 0.184589
232.044 27.2701 0.0777853 0.0780047
232.197 27.1592 0.0820821 0.180671
232.312 27.5222 0.0756683 0.00279687
232.205 27.2396 0.0787936 0.184589
232.143 27.0479 0.0822843 0.0526686
232.197 27.1592 0.0820821 0.180671
232.186 27.1012 0.0799493 0.0705901
232.174 27.2279 0.0791951 0.221771
232.174 27.2279 0.0791951 0.221771
232.195 27.3172 0.0745449 0.0235874
232.143 27.0479 0.0822843 0.0526686
232.143 27.0479 0.0822843 0.0526686
232.197 27.1592 0.0820821 0.180671
232.174 27.2279 0.0791951 0.221771
232.174 27.2279 0.0791951 0.221771
232.224 27.1555 0.0783559 0.0689891
232.197 27.1592 0.0820821 0.180671
232.026 27.4104 0.0755368 0.00928895
232.205 27.2396 0.0787936 0.184589
232.143 27.0479 0.0822843 0.0526686
232.008 27.4185 0.0825808 0.0301237
232.197 27.1592 0.0820821 0.180671
232.174 27.2279 0.0791951 0.221771
232.205 27.2396 0.0787936 0.184589
232.224 27.1555 0.0783559 0.0689891
232.197 27.1592 0.0820821 0.180671
232.174 27.2279 0.0791951 0.221771
232.224 27.1555 0.0783559 0.0689891
232.197 27.1592 0.0820821 0.180671
231.945 27.1909 0.0780091 0.0107491
232.174 27.2279 0.0791951 0.221771
232.205 27.2396 0.0787936 0.184589
232.224 27.1555 0.0783559 0.0689891
232.265 26.9756 0.0830644 0.00391785
232.186 27.1012 0.0799493 0.0705901
232.205 27.2396 0.0787936 0.184589
232.098 27.0053 0.0769388 0.00103072
232.044 27.2701 0.0777853 0.0780047
232.197 27.1592 0.0820821 0.180671
232.186 27.1012 0.0799493 0.0705901
232.174 27.2279 0.0791951 0.221771
232.174 27.2279 0.0791951 0.221771
232.224 27.1555 0.0783559 0.0689891
232.197 27.1592 0.0820821 0.180671
232.197 27.1592 0.0820821 0.180671
232.186 27.1012 0.0799493 0.0705901
232.205 27.2396 0.0787936 0.184589
232.205 27.2396 0.0787936 0.184589
232.044 27.2701 0.0777853 0.0780047
232.197 27.1592 0.0820821 0.180671
231.945 27.1909 0.0780091 0.0107491
232.195 27.3172 0.0745449 0.0235874
232.044 27.2701 0.0777853 0.0780047
232.174 27.2279 0.0791951 0.221771
232.205 27.2396 0.0787936 0.184589
232.044 27.2701 0.0777853 0.0780047
232.174 27.2279 0.0791951 0.221771
232.11 26.9819 0.0852191 0.0132939
232.197 27.1592 0.0820821 0.180671
232.197 27.1592 0.0820821 0.180671
232.186 27.1012 0.0799493 0.0705901
