38.708 -72.865 3.92462 0.814943
38.708 -72.865 3.92462 0.814943
38.708 -72.865 3.92462 0.814943
38.708 -72.865 3.92462 0.814943
38.708 -72.865 3.92462 0.814943
38.708 -72.865 3.92462 0.814943
38.8452 -73.225 3.93157 0.000731669
38.708 -72.865 3.92462 0.814943
38.708 -72.865 3.92462 0.814943
38.708 -72.865 3.92462 0.814943
38.708 -72.865 3.92462 0.814943
38.8164 -73.0767 3.93447 0.0111516
38.708 -72.865 3.92462 0.814943
38.708 -72.865 3.92462 0.814943
38.708 -72.865 3.92462 0.814943
38.708 -72.865 3.92462 0.814943
38.708 -72.865 3.92462 0.814943
38.708 -72.865 3.92462 0.814943
38.708 -72.865 3.92462 0.814943
38.708 -72.865 3.92462 0.814943
38.708 -72.865 3.92462 0.814943
38.708 -72.865 3.92462 0.814943
38.5037 -73.1673 3.92282 0.022445
38.5037 -73.1673 3.92282 0.022445
38.7504 -73.0336 3.93171 0.119648
38.708 -72.865 3.92462 0.814943
38.7504 -73.0336 3.93171 0.119648
38.708 -72.865 3.92462 0.814943
38.7504 -73.0336 3.93171 0.119648
38.708 -72.865 3.92462 0.814943
38.708 -72.865 3.92462 0.814943
38.708 -72.865 3.92462 0.814943
38.708 -72.865 3.92462 0.814943
38.708 -72.865 3.92462 0.814943
38.708 -72.865 3.92462 0.814943
38.708 -72.865 3.92462 0.814943
38.708 -72.865 3.92462 0.814943
38.708 -72.865 3.92462 0.814943
38.708 -72.865 3.92462 0.814943
38.708 -72.865 3.92462 0.814943
38.708 -72.865 3.92462 0.814943
38.708 -72.865 3.92462 0.814943
38.708 -72.865 3.92462 0.814943
38.708 -72.865 3.92462 0.814943
38.708 -72.865 3.92462 0.814943
38.708 -72.865 3.92462 0.814943
38.9847 -72.8997 3.92923 0.00611227
38.708 -72.865 3.92462 0.814943
38.708 -72.865 3.92462 0.814943
38.708 -72.865 3.92462 0.814943
38.708 -72.865 3.92462 0.814943
38.708 -72.865 3.92462 0.814943
38.708 -72.865 3.92462 0.814943
38.708 -72.865 3.92462 0.814943
38.708 -72.865 3.92462 0.814943
38.708 -72.865 3.92462 0.814943
38.708 -72.865 3.92462 0.814943
38.708 -72.865 3.92462 0.814943
38.708 -72.865 3.92462 0.814943
38.708 -72.865 3.92462 0.814943
38.708 -72.865 3.92462 0.814943
38.708 -72.865 3.92462 0.814943
38.5037 -73.1673 3.92282 0.022445
38.708 -72.865 3.92462 0.814943
38.708 -72.865 3.92462 0.814943
38.708 -72.865 3.92462 0.814943
38.708 -72.865 3.92462 0.814943
38.9847 -72.8997 3.92923 0.00611227
38.708 -72.865 3.92462 0.814943
38.708 -72.865 3.92462 0.814943
38.708 -72.865 3.92462 0.814943
38.708 -72.865 3.92462 0.814943
38.708 -72.865 3.92462 0.814943
38.708 -72.865 3.92462 0.814943
38.708 -72.865 3.92462 0.814943
38.708 -72.865 3.92462 0.814943
38.708 -72.865 3.92462 0.814943
38.708 -72.865 3.92462 0.814943
38.708 -72.865 3.92462 0.814943
38.708 -72.865 3.92462 0.814943
38.708 -72.865 3.92462 0.814943
38.708 -72.865 3.92462 0.814943
38.5037 -73.1673 3.92282 0.022445
38.708 -72.865 3.92462 0.814943
38.708 -72.865 3.92462 0.814943
38.708 -72.865 3.92462 0.814943
38.708 -72.865 3.92462 0.814943
38.708 -72.865 3.92462 0.814943
38.708 -72.865 3.92462 0.814943
38.708 -72.865 3.92462 0.814943
38.708 -72.865 3.92462 0.814943
38.708 -72.865 3.92462 0.814943
38.708 -72.865 3.92462 0.814943
38.708 -72.865 3.92462 0.814943
38.708 -72.865 3.92462 0.814943
38.708 -72.865 3.92462 0.814943
38.708 -72.865 3.92462 0.814943
38.708 -72.865 3.92462 0.814943
38.708 -72.865 3.92462 0.814943
38.708 -72.865 3.92462 0.814943
