24.9467 -86.6352 3.7791 0.0753131
25.0393 -86.6434 3.77845 0.136305
25.0957 -86.5602 3.78311 0.044355
25.0174 -86.6478 3.77503 0.0720841
25.0764 -86.7165 3.77861 0.103391
24.9547 -86.6692 3.77929 0.0737377
24.9547 -86.6692 3.77929 0.0737377
24.9547 -86.6692 3.77929 0.0737377
25.0214 -86.8099 3.7807 0.0291812
25.0912 -86.7431 3.78234 0.0543947
24.9467 -86.6352 3.7791 0.0753131
24.9467 -86.6352 3.7791 0.0753131
25.0393 -86.6434 3.77845 0.136305
25.1699 -86.752 3.78236 0.0550479
24.9547 -86.6692 3.77929 0.0737377
25.0214 -86.8099 3.7807 0.0291812
25.0214 -86.8099 3.7807 0.0291812
25.0393 -86.6434 3.77845 0.136305
25.1511 -86.5499 3.78135 0.0784362
25.1699 -86.752 3.78236 0.0550479
25.0764 -86.7165 3.77861 0.103391
25.0764 -86.7165 3.77861 0.103391
24.8727 -86.4823 3.77461 0.0238673
25.0912 -86.7431 3.78234 0.0543947
24.9467 -86.6352 3.7791 0.0753131
24.9467 -86.6352 3.7791 0.0753131
25.0393 -86.6434 3.77845 0.136305
25.1441 -86.5852 3.77236 0.00408328
25.1511 -86.5499 3.78135 0.0784362
25.1699 -86.752 3.78236 0.0550479
25.0764 -86.7165 3.77861 0.103391
25.2084 -86.6534 3.78162 0.0819185
25.2084 -86.6534 3.78162 0.0819185
25.0393 -86.6434 3.77845 0.136305
25.1511 -86.5499 3.78135 0.0784362
25.0764 -86.7165 3.77861 0.103391
24.8933 -86.7249 3.7799 0.0215937
25.2084 -86.6534 3.78162 0.0819185
25.2084 -86.6534 3.78162 0.0819185
25.0393 -86.6434 3.77845 0.136305
25.0393 -86.6434 3.77845 0.136305
25.0174 -86.6478 3.77503 0.0720841
25.1031 -86.4494 3.77371 0.00782353
25.0764 -86.7165 3.77861 0.103391
24.9547 -86.6692 3.77929 0.0737377
24.9547 -86.6692 3.77929 0.0737377
25.0063 -86.6355 3.7858 0.00361515
25.2084 -86.6534 3.78162 0.0819185
25.0912 -86.7431 3.78234 0.0543947
25.0393 -86.6434 3.77845 0.136305
25.1699 -86.752 3.78236 0.0550479
25.0764 -86.7165 3.77861 0.103391
24.9547 -86.6692 3.77929 0.0737377
25.184 -86.6218 3.77602 0.0294931
25.0214 -86.8099 3.7807 0.0291812
25.0393 -86.6434 3.77845 0.136305
25.0393 -86.6434 3.77845 0.136305
25.1511 -86.5499 3.78135 0.0784362
25.1699 -86.752 3.78236 0.0550479
25.0174 -86.6478 3.77503 0.0720841
25.0764 -86.7165 3.77861 0.103391
25.163 -86.8392 3.77992 0.0216958
24.8933 -86.7249 3.7799 0.0215937
24.8933 -86.7249 3.7799 0.0215937
24.9467 -86.6352 3.7791 0.0753131
24.9467 -86.6352 3.7791 0.0753131
25.2112 -86.4013 3.77953 0.00902912
25.0957 -86.5602 3.78311 0.044355
25.1511 -86.5499 3.78135 0.0784362
25.0764 -86.7165 3.77861 0.103391
25.0764 -86.7165 3.77861 0.103391
24.8933 -86.7249 3.7799 0.0215937
24.9467 -86.6352 3.7791 0.0753131
25.0393 -86.6434 3.77845 0.136305
25.0957 -86.5602 3.78311 0.044355
25.0174 -86.6478 3.77503 0.0720841
25.0174 -86.6478 3.77503 0.0720841
24.9547 -86.6692 3.77929 0.0737377
25.2084 -86.6534 3.78162 0.0819185
25.0715 -86.6308 3.78553 0.0111144
25.0393 -86.6434 3.77845 0.136305
25.0957 -86.5602 3.78311 0.044355
25.1511 -86.5499 3.78135 0.0784362
25.0174 -86.6478 3.77503 0.0720841
25.0174 -86.6478 3.77503 0.0720841
24.9547 -86.6692 3.77929 0.0737377
24.8933 -86.7249 3.7799 0.0215937
25.2084 -86.6534 3.78162 0.0819185
25.0214 -86.8099 3.7807 0.0291812
24.9467 -86.6352 3.7791 0.0753131
25.0957 -86.5602 3.78311 0.044355
25.1511 -86.5499 3.78135 0.0784362
25.1572 -86.9951 3.78211 0.000761482
25.1031 -86.4494 3.77371 0.00782353
24.9547 -86.6692 3.77929 0.0737377
25.163 -86.8392 3.77992 0.0216958
25.0063 -86.6355 3.7858 0.00361515
25.2084 -86.6534 3.78162 0.0819185
25.0912 -86.7431 3.78234 0.0543947
25.0393 -86.6434 3.77845 0.136305
