138.096 20.3645 0.0695009 0.232016
138.096 20.3645 0.0695009 0.232016
138.096 20.3645 0.0695009 0.232016
138.011 20.4902 0.0731096 0.0593246
138.154 20.1948 0.0696765 0.111316
138.083 20.2413 0.0670739 0.0690471
138.03 20.2385 0.0681014 0.0827118
138.068 20.3414 0.0668161 0.0944504
138.03 20.0671 0.0792806 0.0120485
138.096 20.3645 0.0695009 0.232016
138.011 20.4902 0.0731096 0.0593246
138.083 20.2413 0.0670739 0.0690471
138.044 20.3615 0.0673825 0.105597
138.044 20.3615 0.0673825 0.105597
138.096 20.3645 0.0695009 0.232016
138.096 20.3645 0.0695009 0.232016
138.154 20.1948 0.0696765 0.111316
138.03 20.2385 0.0681014 0.0827118
138.207 20.3725 0.0756606 0.0383665
138.323 20.2386 0.0718361 0.02457
138.03 20.2385 0.0681014 0.0827118
138.242 20.4863 0.067416 0.0410454
138.044 20.3615 0.0673825 0.105597
138.044 20.3615 0.0673825 0.105597
138.207 20.3725 0.0756606 0.0383665
138.244 20.1448 0.0723541 0.0361764
138.068 20.3414 0.0668161 0.0944504
138.207 20.3725 0.0756606 0.0383665
138.096 20.3645 0.0695009 0.232016
138.083 20.2413 0.0670739 0.0690471
138.083 20.2413 0.0670739 0.0690471
138.068 20.3414 0.0668161 0.0944504
138.044 20.3615 0.0673825 0.105597
138.096 20.3645 0.0695009 0.232016
138.011 20.4902 0.0731096 0.0593246
138.244 20.1448 0.0723541 0.0361764
138.068 20.3414 0.0668161 0.0944504
138.068 20.3414 0.0668161 0.0944504
138.096 20.3645 0.0695009 0.232016
138.244 20.1448 0.0723541 0.0361764
138.083 20.2413 0.0670739 0.0690471
138.232 20.0886 0.0719493 0.0185272
138.044 20.3615 0.0673825 0.105597
138.318 20.373 0.0694059 0.0384151
138.244 20.1448 0.0723541 0.0361764
138.154 20.1948 0.0696765 0.111316
138.044 20.3615 0.0673825 0.105597
138.096 20.3645 0.0695009 0.232016
138.154 20.1948 0.0696765 0.111316
138.083 20.2413 0.0670739 0.0690471
138.03 20.0671 0.0792806 0.0120485
138.154 20.1948 0.0696765 0.111316
138.044 20.3615 0.0673825 0.105597
138.096 20.3645 0.0695009 0.232016
138.03 20.2385 0.0681014 0.0827118
138.318 20.373 0.0694059 0.0384151
138.096 20.3645 0.0695009 0.232016
138.083 20.2413 0.0670739 0.0690471
138.044 20.3615 0.0673825 0.105597
138.096 20.3645 0.0695009 0.232016
138.154 20.1948 0.0696765 0.111316
138.154 20.1948 0.0696765 0.111316
138.03 20.2385 0.0681014 0.0827118
138.242 20.4863 0.067416 0.0410454
138.096 20.3645 0.0695009 0.232016
138.154 20.1948 0.0696765 0.111316
138.242 20.4863 0.067416 0.0410454
138.318 20.373 0.0694059 0.0384151
138.154 20.1948 0.0696765 0.111316
138.068 20.3414 0.0668161 0.0944504
138.096 20.3645 0.0695009 0.232016
138.083 20.2413 0.0670739 0.0690471
138.03 20.2385 0.0681014 0.0827118
138.044 20.3615 0.0673825 0.105597
138.096 20.3645 0.0695009 0.232016
138.011 20.4902 0.0731096 0.0593246
138.011 20.4902 0.0731096 0.0593246
138.154 20.1948 0.0696765 0.111316
138.317 20.3275 0.0762384 0.00521791
138.318 20.373 0.0694059 0.0384151
138.03 20.0671 0.0792806 0.0120485
138.011 20.4902 0.0731096 0.0593246
138.154 20.1948 0.0696765 0.111316
138.044 20.3615 0.0673825 0.105597
138.096 20.3645 0.0695009 0.232016
138.096 20.3645 0.0695009 0.232016
138.096 20.3645 0.0695009 0.232016
138.244 20.1448 0.0723541 0.0361764
138.323 20.2386 0.0718361 0.02457
138.154 20.1948 0.0696765 0.111316
138.068 20.3414 0.0668161 0.0944504
138.096 20.3645 0.0695009 0.232016
138.154 20.1948 0.0696765 0.111316
138.232 20.0886 0.0719493 0.0185272
138.291 20.6079 0.066604 0.00366766
138.207 20.3725 0.0756606 0.0383665
138.154 20.1948 0.0696765 0.111316
138.044 20.3615 0.0673825 0.105597
138.318 20.373 0.0694059 0.0384151
138.011 20.4902 0.0731096 0.0593246
