-27.924 -84.2752 2.40299 0.218984
-27.924 -84.2752 2.40299 0.218984
-27.7092 -84.0557 2.399 0.126256
-27.9842 -84.4282 2.4027 0.0853024
-27.9244 -84.3068 2.40596 0.123481
-27.924 -84.2752 2.40299 0.218984
-27.7092 -84.0557 2.399 0.126256
-27.9215 -84.0423 2.39334 0.0365016
-27.9842 -84.4282 2.4027 0.0853024
-27.924 -84.2752 2.40299 0.218984
-27.7092 -84.0557 2.399 0.126256
-27.9892 -84.0644 2.39779 0.0421406
-27.9824 -84.1887 2.40063 0.105282
-27.924 -84.2752 2.40299 0.218984
-27.924 -84.2752 2.40299 0.218984
-27.9215 -84.0423 2.39334 0.0365016
-27.9605 -84.5948 2.40336 0.0203514
-27.924 -84.2752 2.40299 0.218984
-27.7092 -84.0557 2.399 0.126256
-27.9304 -83.9327 2.39956 0.00959522
-27.9842 -84.4282 2.4027 0.0853024
-27.9824 -84.1887 2.40063 0.105282
-27.9244 -84.3068 2.40596 0.123481
-27.924 -84.2752 2.40299 0.218984
-27.7092 -84.0557 2.399 0.126256
-28.0499 -84.3383 2.40923 0.00560051
-27.8578 -83.947 2.40296 0.00811154
-27.9842 -84.4282 2.4027 0.0853024
-27.9244 -84.3068 2.40596 0.123481
-27.924 -84.2752 2.40299 0.218984
-27.924 -84.2752 2.40299 0.218984
-27.924 -84.2752 2.40299 0.218984
-27.7092 -84.0557 2.399 0.126256
-27.9648 -84.1253 2.40536 0.0221093
-27.924 -84.2752 2.40299 0.218984
-28.104 -84.341 2.40305 0.015633
-27.6261 -83.9642 2.39806 0.0222867
-27.9304 -83.9327 2.39956 0.00959522
-27.9824 -84.1887 2.40063 0.105282
-27.9244 -84.3068 2.40596 0.123481
-27.7092 -84.0557 2.399 0.126256
-27.9824 -84.1887 2.40063 0.105282
-27.9244 -84.3068 2.40596 0.123481
-27.924 -84.2752 2.40299 0.218984
-27.7092 -84.0557 2.399 0.126256
-27.9842 -84.4282 2.4027 0.0853024
-27.924 -84.2752 2.40299 0.218984
-27.7092 -84.0557 2.399 0.126256
-27.9215 -84.0423 2.39334 0.0365016
-27.9842 -84.4282 2.4027 0.0853024
-27.9824 -84.1887 2.40063 0.105282
-27.924 -84.2752 2.40299 0.218984
-27.6261 -83.9642 2.39806 0.0222867
-28.0612 -84.2597 2.38986 0.00202034
-27.924 -84.2752 2.40299 0.218984
-27.7092 -84.0557 2.399 0.126256
-27.9824 -84.1887 2.40063 0.105282
-27.9244 -84.3068 2.40596 0.123481
-27.924 -84.2752 2.40299 0.218984
-27.9215 -84.0423 2.39334 0.0365016
-27.9892 -84.0644 2.39779 0.0421406
-27.639 -83.9723 2.3941 0.0167058
-27.7092 -84.0557 2.399 0.126256
-27.9842 -84.4282 2.4027 0.0853024
-27.9824 -84.1887 2.40063 0.105282
-27.7372 -83.9921 2.40419 0.0179967
-27.924 -84.2752 2.40299 0.218984
-27.7092 -84.0557 2.399 0.126256
-27.7092 -84.0557 2.399 0.126256
-27.9215 -84.0423 2.39334 0.0365016
-27.9244 -84.3068 2.40596 0.123481
-27.924 -84.2752 2.40299 0.218984
-27.9842 -84.4282 2.4027 0.0853024
-27.9244 -84.3068 2.40596 0.123481
-27.639 -83.9723 2.3941 0.0167058
-27.924 -84.2752 2.40299 0.218984
-27.7092 -84.0557 2.399 0.126256
-27.9842 -84.4282 2.4027 0.0853024
-27.9244 -84.3068 2.40596 0.123481
-27.7092 -84.0557 2.399 0.126256
-28.0246 -84.5255 2.40204 0.019362
-27.9605 -84.5948 2.40336 0.0203514
-27.924 -84.2752 2.40299 0.218984
-27.924 -84.2752 2.40299 0.218984
-27.9842 -84.4282 2.4027 0.0853024
-27.639 -83.9723 2.3941 0.0167058
-27.924 -84.2752 2.40299 0.218984
-27.9215 -84.0423 2.39334 0.0365016
-27.9605 -84.5948 2.40336 0.0203514
-27.924 -84.2752 2.40299 0.218984
-27.7092 -84.0557 2.399 0.126256
-27.7092 -84.0557 2.399 0.126256
-27.6261 -83.9642 2.39806 0.0222867
-27.9824 -84.1887 2.40063 0.105282
-28.0666 -84.3528 2.39176 0.00252252
-27.7092 -84.0557 2.399 0.126256
-27.7092 -84.0557 2.399 0.126256
-27.9824 -84.1887 2.40063 0.105282
-27.9244 -84.3068 2.40596 0.123481
-27.639 -83.9723 2.3941 0.0167058
