55.5326 -54.9589 3.89923 0.264668
55.5326 -54.9589 3.89923 0.264668
55.4316 -54.9889 3.89939 0.317474
55.5326 -54.9589 3.89923 0.264668
55.6603 -55.0516 3.90287 0.112822
55.5823 -54.9391 3.89743 0.0699022
55.5326 -54.9589 3.89923 0.264668
55.4316 -54.9889 3.89939 0.317474
55.5326 -54.9589 3.89923 0.264668
55.6603 -55.0516 3.90287 0.112822
55.4316 -54.9889 3.89939 0.317474
55.628 -55.1083 3.89478 0.017973
55.5326 -54.9589 3.89923 0.264668
55.5823 -54.9391 3.89743 0.0699022
55.5326 -54.9589 3.89923 0.264668
55.5326 -54.9589 3.89923 0.264668
55.491 -55.2563 3.89419 0.0156397
55.628 -55.1083 3.89478 0.017973
55.5326 -54.9589 3.89923 0.264668
55.6031 -55.0002 3.89784 0.118812
55.5326 -54.9589 3.89923 0.264668
55.3736 -54.894 3.89507 0.0124633
55.5326 -54.9589 3.89923 0.264668
55.4316 -54.9889 3.89939 0.317474
55.4316 -54.9889 3.89939 0.317474
55.5326 -54.9589 3.89923 0.264668
55.5823 -54.9391 3.89743 0.0699022
55.4316 -54.9889 3.89939 0.317474
55.4316 -54.9889 3.89939 0.317474
55.6031 -55.0002 3.89784 0.118812
55.4316 -54.9889 3.89939 0.317474
55.5326 -54.9589 3.89923 0.264668
55.5326 -54.9589 3.89923 0.264668
55.5823 -54.9391 3.89743 0.0699022
55.4316 -54.9889 3.89939 0.317474
55.4316 -54.9889 3.89939 0.317474
55.3075 -54.8728 3.90312 0.00935122
55.4316 -54.9889 3.89939 0.317474
55.6603 -55.0516 3.90287 0.112822
55.4316 -54.9889 3.89939 0.317474
55.5326 -54.9589 3.89923 0.264668
55.6603 -55.0516 3.90287 0.112822
55.6031 -55.0002 3.89784 0.118812
55.4316 -54.9889 3.89939 0.317474
55.5326 -54.9589 3.89923 0.264668
55.6603 -55.0516 3.90287 0.112822
55.4316 -54.9889 3.89939 0.317474
55.4316 -54.9889 3.89939 0.317474
55.5326 -54.9589 3.89923 0.264668
55.6031 -55.0002 3.89784 0.118812
55.5652 -54.946 3.90935 0.0127851
55.491 -55.2563 3.89419 0.0156397
55.4316 -54.9889 3.89939 0.317474
55.6031 -55.0002 3.89784 0.118812
55.4316 -54.9889 3.89939 0.317474
55.628 -55.1083 3.89478 0.017973
55.5823 -54.9391 3.89743 0.0699022
55.5326 -54.9589 3.89923 0.264668
55.6031 -55.0002 3.89784 0.118812
55.4316 -54.9889 3.89939 0.317474
55.7579 -54.976 3.90464 0.0138377
55.6603 -55.0516 3.90287 0.112822
55.4316 -54.9889 3.89939 0.317474
55.5326 -54.9589 3.89923 0.264668
55.6603 -55.0516 3.90287 0.112822
55.7355 -55.155 3.90015 0.00908167
55.4316 -54.9889 3.89939 0.317474
55.6603 -55.0516 3.90287 0.112822
55.491 -55.2563 3.89419 0.0156397
55.7901 -55.0213 3.9075 0.00234735
55.4316 -54.9889 3.89939 0.317474
55.4316 -54.9889 3.89939 0.317474
55.6603 -55.0516 3.90287 0.112822
55.4316 -54.9889 3.89939 0.317474
55.5326 -54.9589 3.89923 0.264668
55.5326 -54.9589 3.89923 0.264668
55.6603 -55.0516 3.90287 0.112822
55.4316 -54.9889 3.89939 0.317474
55.7579 -54.976 3.90464 0.0138377
55.6031 -55.0002 3.89784 0.118812
55.4316 -54.9889 3.89939 0.317474
55.6031 -55.0002 3.89784 0.118812
55.6031 -55.0002 3.89784 0.118812
55.4316 -54.9889 3.89939 0.317474
55.4316 -54.9889 3.89939 0.317474
55.6031 -55.0002 3.89784 0.118812
55.6031 -55.0002 3.89784 0.118812
55.5652 -54.946 3.90935 0.0127851
55.5326 -54.9589 3.89923 0.264668
55.5326 -54.9589 3.89923 0.264668
55.7579 -54.976 3.90464 0.0138377
55.6603 -55.0516 3.90287 0.112822
55.4316 -54.9889 3.89939 0.317474
55.5326 -54.9589 3.89923 0.264668
55.4316 -54.9889 3.89939 0.317474
55.6603 -55.0516 3.90287 0.112822
55.4316 -54.9889 3.89939 0.317474
55.5326 -54.9589 3.89923 0.264668
55.4316 -54.9889 3.89939 0.317474
55.4316 -54.9889 3.89939 0.317474
