114.072 -23.0885 3.41438 0.0250717
114.409 -22.5662 3.42292 0.00159935
113.976 -22.9431 3.41625 0.172393
113.87 -22.7723 3.41431 0.184539
113.976 -22.9431 3.41625 0.172393
113.87 -22.7723 3.41431 0.184539
114.04 -22.7882 3.41648 0.297141
113.976 -22.9431 3.41625 0.172393
114.089 -22.8803 3.42197 0.0990622
113.87 -22.7723 3.41431 0.184539
114.04 -22.7882 3.41648 0.297141
113.976 -22.9431 3.41625 0.172393
114.092 -22.6343 3.41895 0.0786203
114.04 -22.7882 3.41648 0.297141
113.87 -22.7723 3.41431 0.184539
114.092 -22.6343 3.41895 0.0786203
113.976 -22.9431 3.41625 0.172393
114.092 -22.6343 3.41895 0.0786203
113.976 -22.9431 3.41625 0.172393
114.089 -22.8803 3.42197 0.0990622
114.04 -22.7882 3.41648 0.297141
114.193 -23.0213 3.42648 0.00920391
114.04 -22.7882 3.41648 0.297141
114.031 -22.9669 3.42206 0.0501131
114.089 -22.8803 3.42197 0.0990622
113.87 -22.7723 3.41431 0.184539
114.04 -22.7882 3.41648 0.297141
114.089 -22.8803 3.42197 0.0990622
114.04 -22.7882 3.41648 0.297141
114.04 -22.7882 3.41648 0.297141
114.04 -22.7882 3.41648 0.297141
113.976 -22.9431 3.41625 0.172393
114.089 -22.8803 3.42197 0.0990622
114.072 -23.0885 3.41438 0.0250717
113.634 -22.6212 3.41539 0.00189731
113.87 -22.7723 3.41431 0.184539
114.04 -22.7882 3.41648 0.297141
113.976 -22.9431 3.41625 0.172393
113.87 -22.7723 3.41431 0.184539
114.04 -22.7882 3.41648 0.297141
114.089 -22.8803 3.42197 0.0990622
114.089 -22.8803 3.42197 0.0990622
114.04 -22.7882 3.41648 0.297141
114.04 -22.7882 3.41648 0.297141
114.031 -22.9669 3.42206 0.0501131
114.04 -22.7882 3.41648 0.297141
113.976 -22.9431 3.41625 0.172393
113.983 -22.7038 3.405 0.00751734
114.092 -22.6343 3.41895 0.0786203
114.04 -22.7882 3.41648 0.297141
114.04 -22.7882 3.41648 0.297141
114.089 -22.8803 3.42197 0.0990622
114.092 -22.6343 3.41895 0.0786203
114.04 -22.7882 3.41648 0.297141
113.976 -22.9431 3.41625 0.172393
113.87 -22.7723 3.41431 0.184539
114.04 -22.7882 3.41648 0.297141
113.87 -22.7723 3.41431 0.184539
114.092 -22.6343 3.41895 0.0786203
114.04 -22.7882 3.41648 0.297141
113.976 -22.9431 3.41625 0.172393
114.089 -22.8803 3.42197 0.0990622
114.04 -22.7882 3.41648 0.297141
113.976 -22.9431 3.41625 0.172393
113.976 -22.9431 3.41625 0.172393
113.976 -22.9431 3.41625 0.172393
114.04 -22.7882 3.41648 0.297141
114.04 -22.7882 3.41648 0.297141
114.089 -22.8803 3.42197 0.0990622
114.072 -23.0885 3.41438 0.0250717
114.04 -22.7882 3.41648 0.297141
114.193 -23.0213 3.42648 0.00920391
114.193 -23.0213 3.42648 0.00920391
113.87 -22.7723 3.41431 0.184539
114.092 -22.6343 3.41895 0.0786203
114.04 -22.7882 3.41648 0.297141
114.04 -22.7882 3.41648 0.297141
113.976 -22.9431 3.41625 0.172393
113.87 -22.7723 3.41431 0.184539
114.092 -22.6343 3.41895 0.0786203
113.976 -22.9431 3.41625 0.172393
113.976 -22.9431 3.41625 0.172393
114.092 -22.6343 3.41895 0.0786203
113.976 -22.9431 3.41625 0.172393
113.87 -22.7723 3.41431 0.184539
114.04 -22.7882 3.41648 0.297141
114.089 -22.8803 3.42197 0.0990622
114.072 -23.0885 3.41438 0.0250717
114.04 -22.7882 3.41648 0.297141
113.87 -22.7723 3.41431 0.184539
114.04 -22.7882 3.41648 0.297141
113.976 -22.9431 3.41625 0.172393
113.87 -22.7723 3.41431 0.184539
114.092 -22.6343 3.41895 0.0786203
113.976 -22.9431 3.41625 0.172393
114.089 -22.8803 3.42197 0.0990622
113.87 -22.7723 3.41431 0.184539
114.04 -22.7882 3.41648 0.297141
113.976 -22.9431 3.41625 0.172393
113.87 -22.7723 3.41431 0.184539
