264.579 -15.8553 3.63846 0.107041
264.746 -15.9659 3.64251 0.178075
264.746 -15.9659 3.64251 0.178075
264.96 -16.0434 3.64806 0.104789
264.873 -15.9986 3.64711 0.124438
264.873 -15.9986 3.64711 0.124438
264.579 -15.8553 3.63846 0.107041
264.746 -15.9659 3.64251 0.178075
264.746 -15.9659 3.64251 0.178075
264.607 -16.3273 3.64269 0.000739396
264.873 -15.9986 3.64711 0.124438
264.941 -16.1711 3.64635 0.0417679
264.445 -15.8185 3.63343 0.0637931
265.077 -15.9679 3.64149 0.00128476
264.805 -15.9403 3.64815 0.0481021
264.579 -15.8553 3.63846 0.107041
264.727 -15.7367 3.6391 0.0208011
264.746 -15.9659 3.64251 0.178075
264.372 -16.0077 3.63263 0.0429586
264.624 -16.1237 3.64293 0.0387024
264.579 -15.8553 3.63846 0.107041
264.981 -16.1507 3.65355 0.0166818
264.746 -15.9659 3.64251 0.178075
264.746 -15.9659 3.64251 0.178075
264.746 -15.9659 3.64251 0.178075
264.96 -16.0434 3.64806 0.104789
264.43 -16.0668 3.63699 0.0325332
264.873 -15.9986 3.64711 0.124438
264.579 -15.8553 3.63846 0.107041
264.727 -15.7367 3.6391 0.0208011
264.445 -15.8185 3.63343 0.0637931
264.805 -15.9403 3.64815 0.0481021
264.873 -15.9986 3.64711 0.124438
264.579 -15.8553 3.63846 0.107041
264.746 -15.9659 3.64251 0.178075
264.445 -15.8185 3.63343 0.0637931
264.624 -16.1237 3.64293 0.0387024
264.873 -15.9986 3.64711 0.124438
264.727 -15.7367 3.6391 0.0208011
264.746 -15.9659 3.64251 0.178075
264.43 -16.0668 3.63699 0.0325332
264.372 -16.0077 3.63263 0.0429586
264.624 -16.1237 3.64293 0.0387024
264.579 -15.8553 3.63846 0.107041
264.746 -15.9659 3.64251 0.178075
264.909 -16.1758 3.64193 0.0117147
264.676 -16.1911 3.6371 0.00932961
264.349 -15.9919 3.63022 0.0301618
264.873 -15.9986 3.64711 0.124438
264.579 -15.8553 3.63846 0.107041
264.941 -16.1711 3.64635 0.0417679
264.746 -15.9659 3.64251 0.178075
264.96 -16.0434 3.64806 0.104789
264.96 -16.0434 3.64806 0.104789
264.349 -15.9919 3.63022 0.0301618
264.579 -15.8553 3.63846 0.107041
264.579 -15.8553 3.63846 0.107041
264.746 -15.9659 3.64251 0.178075
264.445 -15.8185 3.63343 0.0637931
264.96 -16.0434 3.64806 0.104789
264.96 -16.0434 3.64806 0.104789
264.349 -15.9919 3.63022 0.0301618
264.991 -15.8506 3.6435 0.0152112
264.981 -16.1507 3.65355 0.0166818
264.746 -15.9659 3.64251 0.178075
264.746 -15.9659 3.64251 0.178075
264.445 -15.8185 3.63343 0.0637931
264.805 -15.9403 3.64815 0.0481021
264.873 -15.9986 3.64711 0.124438
264.579 -15.8553 3.63846 0.107041
265.011 -15.8905 3.65201 0.0188626
264.746 -15.9659 3.64251 0.178075
264.746 -15.9659 3.64251 0.178075
264.96 -16.0434 3.64806 0.104789
264.624 -16.1237 3.64293 0.0387024
264.579 -15.8553 3.63846 0.107041
264.557 -15.9062 3.64688 0.00122524
264.96 -16.0434 3.64806 0.104789
264.719 -15.7459 3.63979 0.0266053
264.873 -15.9986 3.64711 0.124438
264.579 -15.8553 3.63846 0.107041
264.579 -15.8553 3.63846 0.107041
264.941 -16.1711 3.64635 0.0417679
264.922 -15.9047 3.63833 0.00461842
264.372 -16.0077 3.63263 0.0429586
264.805 -15.9403 3.64815 0.0481021
264.579 -15.8553 3.63846 0.107041
264.55 -16.0466 3.62978 0.00361185
264.445 -15.8185 3.63343 0.0637931
264.719 -15.7459 3.63979 0.0266053
264.991 -15.8506 3.6435 0.0152112
264.746 -15.9659 3.64251 0.178075
264.746 -15.9659 3.64251 0.178075
264.746 -15.9659 3.64251 0.178075
264.96 -16.0434 3.64806 0.104789
264.43 -16.0668 3.63699 0.0325332
264.805 -15.9403 3.64815 0.0481021
264.624 -16.1237 3.64293 0.0387024
264.873 -15.9986 3.64711 0.124438
264.873 -15.9986 3.64711 0.124438
