272.085 22.3933 5.53759 0.0828474
272.349 22.2768 5.53547 0.0975985
272.278 22.2573 5.5404 0.109002
272.228 22.1418 5.53534 0.111543
272.412 22.3524 5.53449 0.0275191
272.277 22.2076 5.54144 0.0621446
272.383 22.3249 5.53257 0.0472244
272.187 22.1724 5.52618 0.0220588
272.21 22.2604 5.54302 0.0846122
272.162 22.3112 5.52822 0.0379905
272.085 22.3933 5.53759 0.0828474
272.349 22.2768 5.53547 0.0975985
272.349 22.2768 5.53547 0.0975985
272.37 22.4449 5.53082 0.0102049
272.278 22.2573 5.5404 0.109002
272.221 22.4959 5.53504 0.0250611
272.228 22.1418 5.53534 0.111543
272.228 22.1418 5.53534 0.111543
272.412 22.3524 5.53449 0.0275191
272.383 22.3249 5.53257 0.0472244
272.162 22.3112 5.52822 0.0379905
272.178 22.1142 5.53015 0.0457197
272.278 22.2573 5.5404 0.109002
272.278 22.2573 5.5404 0.109002
272.25 22.159 5.52873 0.0571392
272.151 22.1262 5.53564 0.0822149
272.396 22.3314 5.5333 0.0396184
272.21 22.2604 5.54302 0.0846122
272.085 22.3933 5.53759 0.0828474
272.085 22.3933 5.53759 0.0828474
272.349 22.2768 5.53547 0.0975985
272.349 22.2768 5.53547 0.0975985
272.178 22.1142 5.53015 0.0457197
272.386 22.326 5.52795 0.0170011
272.228 22.1418 5.53534 0.111543
272.396 22.3314 5.5333 0.0396184
272.277 22.2076 5.54144 0.0621446
272.383 22.3249 5.53257 0.0472244
272.383 22.3249 5.53257 0.0472244
272.21 22.2604 5.54302 0.0846122
272.162 22.3112 5.52822 0.0379905
272.349 22.2768 5.53547 0.0975985
272.278 22.2573 5.5404 0.109002
272.278 22.2573 5.5404 0.109002
272.221 22.4959 5.53504 0.0250611
272.25 22.159 5.52873 0.0571392
272.228 22.1418 5.53534 0.111543
272.412 22.3524 5.53449 0.0275191
272.383 22.3249 5.53257 0.0472244
272.383 22.3249 5.53257 0.0472244
272.21 22.2604 5.54302 0.0846122
272.21 22.2604 5.54302 0.0846122
272.085 22.3933 5.53759 0.0828474
272.349 22.2768 5.53547 0.0975985
272.089 21.9522 5.52611 0.000315566
272.221 22.4959 5.53504 0.0250611
272.221 22.4959 5.53504 0.0250611
272.228 22.1418 5.53534 0.111543
272.228 22.1418 5.53534 0.111543
272.412 22.3524 5.53449 0.0275191
272.396 22.3314 5.5333 0.0396184
272.383 22.3249 5.53257 0.0472244
272.21 22.2604 5.54302 0.0846122
272.085 22.3933 5.53759 0.0828474
272.349 22.2768 5.53547 0.0975985
272.386 22.326 5.52795 0.0170011
272.228 22.1418 5.53534 0.111543
272.412 22.3524 5.53449 0.0275191
272.277 22.2076 5.54144 0.0621446
272.21 22.2604 5.54302 0.0846122
272.162 22.3112 5.52822 0.0379905
272.178 22.1142 5.53015 0.0457197
272.278 22.2573 5.5404 0.109002
272.386 22.326 5.52795 0.0170011
272.25 22.159 5.52873 0.0571392
272.151 22.1262 5.53564 0.0822149
272.396 22.3314 5.5333 0.0396184
272.187 22.1724 5.52618 0.0220588
272.085 22.3933 5.53759 0.0828474
272.349 22.2768 5.53547 0.0975985
272.278 22.2573 5.5404 0.109002
272.25 22.159 5.52873 0.0571392
272.151 22.1262 5.53564 0.0822149
272.412 22.3524 5.53449 0.0275191
272.396 22.3314 5.5333 0.0396184
272.383 22.3249 5.53257 0.0472244
272.383 22.3249 5.53257 0.0472244
272.085 22.3933 5.53759 0.0828474
272.178 22.1142 5.53015 0.0457197
272.302 22.452 5.54351 0.0161743
272.278 22.2573 5.5404 0.109002
272.386 22.326 5.52795 0.0170011
272.228 22.1418 5.53534 0.111543
272.151 22.1262 5.53564 0.0822149
272.151 22.1262 5.53564 0.0822149
272.383 22.3249 5.53257 0.0472244
272.21 22.2604 5.54302 0.0846122
272.349 22.2768 5.53547 0.0975985
272.349 22.2768 5.53547 0.0975985
272.278 22.2573 5.5404 0.109002
