-35.7682 -76.8633 2.14362 0.032596
-35.7931 -76.8057 2.13321 0.12912
-35.7931 -76.8057 2.13321 0.12912
-35.8662 -76.9829 2.12931 0.0204681
-35.9027 -76.6848 2.12988 0.0614323
-35.9074 -76.7886 2.13406 0.0929376
-35.5108 -76.8139 2.13125 0.0185479
-35.7509 -76.7907 2.13698 0.112645
-35.7509 -76.7907 2.13698 0.112645
-35.7214 -76.7962 2.1224 0.00491334
-35.8671 -76.4564 2.12352 0.0062079
-35.7931 -76.8057 2.13321 0.12912
-35.7406 -76.6058 2.12495 0.0213717
-35.9027 -76.6848 2.12988 0.0614323
-35.9074 -76.7886 2.13406 0.0929376
-35.5108 -76.8139 2.13125 0.0185479
-35.7594 -76.9548 2.13166 0.057106
-35.7509 -76.7907 2.13698 0.112645
-35.7509 -76.7907 2.13698 0.112645
-35.7509 -76.7907 2.13698 0.112645
-35.9216 -76.7515 2.13338 0.0798397
-35.8473 -76.6895 2.14086 0.0198918
-35.7682 -76.8633 2.14362 0.032596
-35.7931 -76.8057 2.13321 0.12912
-35.7931 -76.8057 2.13321 0.12912
-35.5194 -76.8143 2.13294 0.0263494
-35.9074 -76.7886 2.13406 0.0929376
-35.9074 -76.7886 2.13406 0.0929376
-35.6932 -76.6184 2.13873 0.0185041
-35.7594 -76.9548 2.13166 0.057106
-35.7509 -76.7907 2.13698 0.112645
-35.739 -76.6754 2.12285 0.0107868
-35.7682 -76.8633 2.14362 0.032596
-35.8662 -76.9829 2.12931 0.0204681
-35.9027 -76.6848 2.12988 0.0614323
-35.9027 -76.6848 2.12988 0.0614323
-35.7594 -76.9548 2.13166 0.057106
-35.8219 -76.6568 2.136 0.0567022
-35.8219 -76.6568 2.136 0.0567022
-35.7015 -76.9117 2.14533 0.0201941
-35.8817 -76.5675 2.13304 0.0303748
-35.9216 -76.7515 2.13338 0.0798397
-35.7931 -76.8057 2.13321 0.12912
-35.7931 -76.8057 2.13321 0.12912
-35.7406 -76.6058 2.12495 0.0213717
-36.0132 -76.737 2.13432 0.0348333
-35.5108 -76.8139 2.13125 0.0185479
-35.7509 -76.7907 2.13698 0.112645
-35.7509 -76.7907 2.13698 0.112645
-35.8817 -76.5675 2.13304 0.0303748
-35.8473 -76.6895 2.14086 0.0198918
-35.7931 -76.8057 2.13321 0.12912
-35.7931 -76.8057 2.13321 0.12912
-35.7406 -76.6058 2.12495 0.0213717
-35.9074 -76.7886 2.13406 0.0929376
-35.7594 -76.9548 2.13166 0.057106
-35.8219 -76.6568 2.136 0.0567022
-35.8817 -76.5675 2.13304 0.0303748
-35.7682 -76.8633 2.14362 0.032596
-35.7931 -76.8057 2.13321 0.12912
-36.0139 -76.6521 2.13535 0.0183683
-36.0139 -76.6521 2.13535 0.0183683
-35.9074 -76.7886 2.13406 0.0929376
-35.6932 -76.6184 2.13873 0.0185041
-35.7509 -76.7907 2.13698 0.112645
-35.7509 -76.7907 2.13698 0.112645
-35.7509 -76.7907 2.13698 0.112645
-35.7682 -76.8633 2.14362 0.032596
-35.7931 -76.8057 2.13321 0.12912
-35.8662 -76.9829 2.12931 0.0204681
-35.9074 -76.7886 2.13406 0.0929376
-35.7594 -76.9548 2.13166 0.057106
-35.8219 -76.6568 2.136 0.0567022
-35.8219 -76.6568 2.136 0.0567022
-35.7214 -76.7962 2.1224 0.00491334
-35.8671 -76.4564 2.12352 0.0062079
-35.7931 -76.8057 2.13321 0.12912
-35.9027 -76.6848 2.12988 0.0614323
-35.9074 -76.7886 2.13406 0.0929376
-35.8219 -76.6568 2.136 0.0567022
-35.7015 -76.9117 2.14533 0.0201941
-35.9216 -76.7515 2.13338 0.0798397
-35.7931 -76.8057 2.13321 0.12912
-35.7931 -76.8057 2.13321 0.12912
-35.7406 -76.6058 2.12495 0.0213717
-35.9074 -76.7886 2.13406 0.0929376
-35.6932 -76.6184 2.13873 0.0185041
-35.7509 -76.7907 2.13698 0.112645
-35.8817 -76.5675 2.13304 0.0303748
-35.8817 -76.5675 2.13304 0.0303748
-35.7682 -76.8633 2.14362 0.032596
-35.7931 -76.8057 2.13321 0.12912
-35.4152 -76.9659 2.13154 0.00231469
-35.9027 -76.6848 2.12988 0.0614323
-35.9074 -76.7886 2.13406 0.0929376
-35.5108 -76.8139 2.13125 0.0185479
-35.7594 -76.9548 2.13166 0.057106
-35.8122 -76.4528 2.11411 0.000107019
-35.9216 -76.7515 2.13338 0.0798397
-36.0167 -76.5373 2.12811 0.00988031
