279.961 10.3344 4.94299 0.221849
279.749 10.323 4.94829 0.0228041
280.39 10.2858 4.93268 4.52662e-06
280.037 10.3023 4.94565 0.158244
280.037 10.3023 4.94565 0.158244
280.037 10.3023 4.94565 0.158244
279.862 10.44 4.94097 0.107733
279.868 10.1934 4.93854 0.0574003
279.868 10.1934 4.93854 0.0574003
279.961 10.3344 4.94299 0.221849
279.961 10.3344 4.94299 0.221849
279.843 10.3012 4.94446 0.113889
280.037 10.3023 4.94565 0.158244
279.961 10.3344 4.94299 0.221849
279.981 10.322 4.95338 0.0729485
279.749 10.323 4.94829 0.0228041
279.862 10.44 4.94097 0.107733
279.961 10.3344 4.94299 0.221849
279.961 10.3344 4.94299 0.221849
279.749 10.323 4.94829 0.0228041
280.035 10.4329 4.93734 0.0459371
279.769 10.4459 4.94738 0.0426552
279.961 10.3344 4.94299 0.221849
280.091 10.5313 4.93802 0.00954469
279.769 10.4459 4.94738 0.0426552
279.981 10.322 4.95338 0.0729485
279.749 10.323 4.94829 0.0228041
279.862 10.44 4.94097 0.107733
279.981 10.322 4.95338 0.0729485
279.749 10.323 4.94829 0.0228041
280.035 10.4329 4.93734 0.0459371
279.769 10.4459 4.94738 0.0426552
279.843 10.3012 4.94446 0.113889
279.749 10.323 4.94829 0.0228041
280.194 10.5799 4.94702 0.0099304
280.037 10.3023 4.94565 0.158244
279.868 10.1934 4.93854 0.0574003
279.961 10.3344 4.94299 0.221849
279.843 10.3012 4.94446 0.113889
280.037 10.3023 4.94565 0.158244
279.862 10.44 4.94097 0.107733
279.961 10.3344 4.94299 0.221849
279.843 10.3012 4.94446 0.113889
280.037 10.3023 4.94565 0.158244
279.862 10.44 4.94097 0.107733
279.961 10.3344 4.94299 0.221849
279.981 10.322 4.95338 0.0729485
279.843 10.3012 4.94446 0.113889
279.851 10.1492 4.94342 0.0236635
279.851 10.1492 4.94342 0.0236635
279.762 10.5749 4.94882 0.0120351
279.862 10.44 4.94097 0.107733
279.868 10.1934 4.93854 0.0574003
279.843 10.3012 4.94446 0.113889
279.843 10.3012 4.94446 0.113889
280.054 10.5002 4.93587 0.0107018
280.035 10.4329 4.93734 0.0459371
280.037 10.3023 4.94565 0.158244
280.037 10.3023 4.94565 0.158244
280.09 10.4749 4.93473 0.00643372
279.868 10.1934 4.93854 0.0574003
279.981 10.322 4.95338 0.0729485
279.843 10.3012 4.94446 0.113889
280.037 10.3023 4.94565 0.158244
279.769 10.4459 4.94738 0.0426552
280.142 10.5345 4.93998 0.00854383
279.961 10.3344 4.94299 0.221849
279.749 10.323 4.94829 0.0228041
280.037 10.3023 4.94565 0.158244
279.961 10.3344 4.94299 0.221849
279.843 10.3012 4.94446 0.113889
279.843 10.3012 4.94446 0.113889
279.762 10.5749 4.94882 0.0120351
280.037 10.3023 4.94565 0.158244
280.037 10.3023 4.94565 0.158244
279.868 10.1934 4.93854 0.0574003
279.961 10.3344 4.94299 0.221849
279.843 10.3012 4.94446 0.113889
279.851 10.1817 4.93708 0.0418911
280.037 10.3023 4.94565 0.158244
279.862 10.44 4.94097 0.107733
279.961 10.3344 4.94299 0.221849
279.961 10.3344 4.94299 0.221849
279.961 10.3344 4.94299 0.221849
279.843 10.3012 4.94446 0.113889
279.851 10.1492 4.94342 0.0236635
279.769 10.4459 4.94738 0.0426552
280.142 10.5345 4.93998 0.00854383
279.961 10.3344 4.94299 0.221849
279.873 10.4452 4.92638 0.000769291
279.862 10.44 4.94097 0.107733
279.961 10.3344 4.94299 0.221849
279.749 10.323 4.94829 0.0228041
280.037 10.3023 4.94565 0.158244
279.862 10.44 4.94097 0.107733
279.961 10.3344 4.94299 0.221849
280.054 10.5002 4.93587 0.0107018
279.762 10.5749 4.94882 0.0120351
280.037 10.3023 4.94565 0.158244
279.961 10.3344 4.94299 0.221849
