-19.594 -7.109 0.704292 0.0105458
-19.6284 -6.91759 0.701618 0.030426
-19.2564 -6.87028 0.699325 0.0887766
-19.3834 -6.91079 0.697962 0.15513
-19.4355 -6.76008 0.690018 0.00974367
-19.2441 -7.01745 0.702358 0.0250311
-19.2564 -6.87028 0.699325 0.0887766
-19.3534 -6.93908 0.702394 0.153188
-19.3834 -6.91079 0.697962 0.15513
-19.4303 -6.89013 0.702864 0.196864
-19.4303 -6.89013 0.702864 0.196864
-19.2564 -6.87028 0.699325 0.0887766
-19.3834 -6.91079 0.697962 0.15513
-19.4303 -6.89013 0.702864 0.196864
-19.2564 -6.87028 0.699325 0.0887766
-19.3834 -6.91079 0.697962 0.15513
-19.4303 -6.89013 0.702864 0.196864
-19.2564 -6.87028 0.699325 0.0887766
-19.3834 -6.91079 0.697962 0.15513
-19.4303 -6.89013 0.702864 0.196864
-19.4833 -6.64416 0.700074 0.0246772
-19.5745 -7.00796 0.709708 0.0133729
-19.4245 -6.76831 0.698782 0.18005
-19.4303 -6.89013 0.702864 0.196864
-19.4833 -6.64416 0.700074 0.0246772
-19.3834 -6.91079 0.697962 0.15513
-19.3834 -6.91079 0.697962 0.15513
-19.4245 -6.76831 0.698782 0.18005
-19.6278 -6.71595 0.702804 0.00749089
-19.4303 -6.89013 0.702864 0.196864
-19.2564 -6.87028 0.699325 0.0887766
-19.3534 -6.93908 0.702394 0.153188
-19.4245 -6.76831 0.698782 0.18005
-19.4303 -6.89013 0.702864 0.196864
-19.4833 -6.64416 0.700074 0.0246772
-19.3534 -6.93908 0.702394 0.153188
-19.3834 -6.91079 0.697962 0.15513
-19.4245 -6.76831 0.698782 0.18005
-19.4355 -6.76008 0.690018 0.00974367
-19.4509 -6.90776 0.708312 0.0320114
-19.3534 -6.93908 0.702394 0.153188
-19.4245 -6.76831 0.698782 0.18005
-19.4355 -6.76008 0.690018 0.00974367
-19.5779 -6.91913 0.697423 0.0267645
-19.4303 -6.89013 0.702864 0.196864
-19.4509 -6.90776 0.708312 0.0320114
-19.3834 -6.91079 0.697962 0.15513
-19.4245 -6.76831 0.698782 0.18005
-19.4303 -6.89013 0.702864 0.196864
-19.2564 -6.87028 0.699325 0.0887766
-19.3834 -6.91079 0.697962 0.15513
-19.4245 -6.76831 0.698782 0.18005
-19.4303 -6.89013 0.702864 0.196864
-19.4833 -6.64416 0.700074 0.0246772
-19.3534 -6.93908 0.702394 0.153188
-19.5978 -6.92335 0.693873 0.0026526
-19.4303 -6.89013 0.702864 0.196864
-19.4303 -6.89013 0.702864 0.196864
-19.4833 -6.64416 0.700074 0.0246772
-19.2564 -6.87028 0.699325 0.0887766
-19.3834 -6.91079 0.697962 0.15513
-19.4303 -6.89013 0.702864 0.196864
-19.4303 -6.89013 0.702864 0.196864
-19.3534 -6.93908 0.702394 0.153188
-19.3834 -6.91079 0.697962 0.15513
-19.4245 -6.76831 0.698782 0.18005
-19.4303 -6.89013 0.702864 0.196864
-19.2564 -6.87028 0.699325 0.0887766
-19.3534 -6.93908 0.702394 0.153188
-19.4245 -6.76831 0.698782 0.18005
-19.4378 -7.20854 0.705315 0.00437866
-19.4303 -6.89013 0.702864 0.196864
-19.4509 -6.90776 0.708312 0.0320114
-19.3834 -6.91079 0.697962 0.15513
-19.3834 -6.91079 0.697962 0.15513
-19.4303 -6.89013 0.702864 0.196864
-19.4303 -6.89013 0.702864 0.196864
-19.4833 -6.64416 0.700074 0.0246772
-19.3534 -6.93908 0.702394 0.153188
-19.3834 -6.91079 0.697962 0.15513
-19.4245 -6.76831 0.698782 0.18005
-19.4303 -6.89013 0.702864 0.196864
-19.2564 -6.87028 0.699325 0.0887766
-19.3834 -6.91079 0.697962 0.15513
-19.3834 -6.91079 0.697962 0.15513
-19.3834 -6.91079 0.697962 0.15513
-19.3834 -6.91079 0.697962 0.15513
-19.4303 -6.89013 0.702864 0.196864
-19.2564 -6.87028 0.699325 0.0887766
-19.5745 -7.00796 0.709708 0.0133729
-19.3834 -6.91079 0.697962 0.15513
-19.4303 -6.89013 0.702864 0.196864
-19.2564 -6.87028 0.699325 0.0887766
-19.3834 -6.91079 0.697962 0.15513
-19.5779 -6.91913 0.697423 0.0267645
-19.6284 -6.91759 0.701618 0.030426
-19.3534 -6.93908 0.702394 0.153188
-19.3834 -6.91079 0.697962 0.15513
-19.4245 -6.76831 0.698782 0.18005
-19.4303 -6.89013 0.702864 0.196864
