154.41 -13.2748 3.30358 0.287015
154.177 -13.2836 3.29661 0.0944034
154.281 -13.3868 3.30435 0.357802
154.281 -13.3868 3.30435 0.357802
154.281 -13.3868 3.30435 0.357802
154.281 -13.3868 3.30435 0.357802
154.281 -13.3868 3.30435 0.357802
154.177 -13.2836 3.29661 0.0944034
154.177 -13.2836 3.29661 0.0944034
154.41 -13.2748 3.30358 0.287015
154.177 -13.2836 3.29661 0.0944034
154.281 -13.3868 3.30435 0.357802
154.281 -13.3868 3.30435 0.357802
154.281 -13.3868 3.30435 0.357802
154.41 -13.2748 3.30358 0.287015
154.177 -13.2836 3.29661 0.0944034
154.281 -13.3868 3.30435 0.357802
154.281 -13.3868 3.30435 0.357802
154.281 -13.3868 3.30435 0.357802
154.491 -13.4767 3.31335 0.012686
154.177 -13.2836 3.29661 0.0944034
154.502 -13.3538 3.3045 0.100456
154.512 -13.0174 3.30369 0.00440836
154.41 -13.2748 3.30358 0.287015
154.099 -13.5079 3.29914 0.0184611
153.946 -13.3055 3.29989 0.0266468
154.177 -13.2836 3.29661 0.0944034
154.281 -13.3868 3.30435 0.357802
154.41 -13.2748 3.30358 0.287015
154.41 -13.2748 3.30358 0.287015
154.281 -13.3868 3.30435 0.357802
154.41 -13.2748 3.30358 0.287015
154.281 -13.3868 3.30435 0.357802
154.41 -13.2748 3.30358 0.287015
154.281 -13.3868 3.30435 0.357802
154.099 -13.5079 3.29914 0.0184611
154.41 -13.2748 3.30358 0.287015
154.281 -13.3868 3.30435 0.357802
154.099 -13.5079 3.29914 0.0184611
154.502 -13.3538 3.3045 0.100456
154.41 -13.2748 3.30358 0.287015
154.41 -13.2748 3.30358 0.287015
154.502 -13.3538 3.3045 0.100456
154.502 -13.3538 3.3045 0.100456
154.177 -13.2836 3.29661 0.0944034
154.281 -13.3868 3.30435 0.357802
154.41 -13.2748 3.30358 0.287015
154.281 -13.3868 3.30435 0.357802
154.804 -13.7665 3.31436 1.09468e-05
154.41 -13.2748 3.30358 0.287015
154.177 -13.2836 3.29661 0.0944034
154.099 -13.5079 3.29914 0.0184611
154.41 -13.2748 3.30358 0.287015
153.946 -13.3055 3.29989 0.0266468
154.099 -13.5079 3.29914 0.0184611
154.366 -13.5648 3.30313 0.0175213
154.177 -13.2836 3.29661 0.0944034
154.281 -13.3868 3.30435 0.357802
154.189 -13.2545 3.29209 0.00237181
154.281 -13.3868 3.30435 0.357802
154.281 -13.3868 3.30435 0.357802
154.177 -13.2836 3.29661 0.0944034
154.502 -13.3538 3.3045 0.100456
154.41 -13.2748 3.30358 0.287015
154.177 -13.2836 3.29661 0.0944034
154.41 -13.2748 3.30358 0.287015
154.41 -13.2748 3.30358 0.287015
154.491 -13.4767 3.31335 0.012686
154.281 -13.3868 3.30435 0.357802
154.281 -13.3868 3.30435 0.357802
154.099 -13.5079 3.29914 0.0184611
154.49 -13.3426 3.29951 0.00744618
154.177 -13.2836 3.29661 0.0944034
154.281 -13.3868 3.30435 0.357802
154.502 -13.3538 3.3045 0.100456
154.41 -13.2748 3.30358 0.287015
154.41 -13.2748 3.30358 0.287015
154.502 -13.3538 3.3045 0.100456
154.41 -13.2748 3.30358 0.287015
154.41 -13.2748 3.30358 0.287015
154.281 -13.3868 3.30435 0.357802
154.502 -13.3538 3.3045 0.100456
154.281 -13.3868 3.30435 0.357802
154.41 -13.2748 3.30358 0.287015
154.099 -13.5079 3.29914 0.0184611
154.502 -13.3538 3.3045 0.100456
154.177 -13.2836 3.29661 0.0944034
154.281 -13.3868 3.30435 0.357802
154.281 -13.3868 3.30435 0.357802
154.502 -13.3538 3.3045 0.100456
154.281 -13.3868 3.30435 0.357802
154.41 -13.2748 3.30358 0.287015
154.281 -13.3868 3.30435 0.357802
154.281 -13.3868 3.30435 0.357802
154.41 -13.2748 3.30358 0.287015
154.281 -13.3868 3.30435 0.357802
154.41 -13.2748 3.30358 0.287015
154.281 -13.3868 3.30435 0.357802
154.41 -13.2748 3.30358 0.287015
154.41 -13.2748 3.30358 0.287015
