263.586 27.5476 6.06343 0.0105661
263.713 27.9493 6.06524 0.0360741
263.656 27.812 6.06452 0.148977
263.628 27.8386 6.06319 0.0928594
263.518 27.6828 6.06564 0.037747
263.698 27.7115 6.07235 0.0555534
263.775 27.8518 6.06508 0.100082
263.775 27.8518 6.06508 0.100082
263.601 27.7254 6.06308 0.0846946
263.656 27.812 6.06452 0.148977
263.609 27.636 6.06955 0.0757779
263.628 27.8386 6.06319 0.0928594
263.698 27.7115 6.07235 0.0555534
263.601 27.7254 6.06308 0.0846946
263.656 27.812 6.06452 0.148977
263.656 27.812 6.06452 0.148977
263.656 27.812 6.06452 0.148977
263.563 27.6148 6.06727 0.0450236
263.469 27.7163 6.06673 0.022569
263.775 27.8518 6.06508 0.100082
263.362 27.7892 6.07135 0.00303949
263.713 27.9493 6.06524 0.0360741
263.656 27.812 6.06452 0.148977
263.609 27.636 6.06955 0.0757779
263.563 27.6148 6.06727 0.0450236
263.563 27.6148 6.06727 0.0450236
263.779 27.9632 6.06651 0.0172432
263.818 27.6127 6.0644 0.0428284
263.656 27.812 6.06452 0.148977
263.656 27.812 6.06452 0.148977
263.656 27.812 6.06452 0.148977
263.628 27.8386 6.06319 0.0928594
263.518 27.6828 6.06564 0.037747
263.575 27.8084 6.06532 0.0856494
263.775 27.8518 6.06508 0.100082
263.747 27.8908 6.06754 0.0554007
263.882 27.6896 6.06441 0.0402144
263.656 27.812 6.06452 0.148977
263.628 27.8386 6.06319 0.0928594
263.563 27.6148 6.06727 0.0450236
263.563 27.6148 6.06727 0.0450236
263.518 27.6828 6.06564 0.037747
263.775 27.8518 6.06508 0.100082
263.747 27.8908 6.06754 0.0554007
263.882 27.6896 6.06441 0.0402144
263.656 27.812 6.06452 0.148977
263.609 27.636 6.06955 0.0757779
263.935 27.6277 6.05923 0.00930439
263.775 27.8518 6.06508 0.100082
263.601 27.7254 6.06308 0.0846946
263.656 27.812 6.06452 0.148977
263.935 27.6277 6.05923 0.00930439
263.775 27.8518 6.06508 0.100082
263.818 27.6127 6.0644 0.0428284
263.601 27.7254 6.06308 0.0846946
263.882 27.6896 6.06441 0.0402144
263.609 27.636 6.06955 0.0757779
263.628 27.8386 6.06319 0.0928594
263.935 27.6277 6.05923 0.00930439
263.575 27.8084 6.06532 0.0856494
263.775 27.8518 6.06508 0.100082
263.747 27.8908 6.06754 0.0554007
263.818 27.6127 6.0644 0.0428284
263.377 27.4571 6.07093 0.000157578
263.656 27.812 6.06452 0.148977
263.628 27.8386 6.06319 0.0928594
263.575 27.8084 6.06532 0.0856494
263.775 27.8518 6.06508 0.100082
263.775 27.8518 6.06508 0.100082
263.601 27.7254 6.06308 0.0846946
263.713 27.9493 6.06524 0.0360741
263.609 27.636 6.06955 0.0757779
263.628 27.8386 6.06319 0.0928594
263.628 27.8386 6.06319 0.0928594
263.575 27.8084 6.06532 0.0856494
263.775 27.8518 6.06508 0.100082
263.601 27.7254 6.06308 0.0846946
263.609 27.636 6.06955 0.0757779
263.575 27.8084 6.06532 0.0856494
263.779 27.9632 6.06651 0.0172432
263.775 27.8518 6.06508 0.100082
263.601 27.7254 6.06308 0.0846946
263.601 27.7254 6.06308 0.0846946
263.656 27.812 6.06452 0.148977
263.628 27.8386 6.06319 0.0928594
263.935 27.6277 6.05923 0.00930439
263.698 27.7115 6.07235 0.0555534
263.601 27.7254 6.06308 0.0846946
263.601 27.7254 6.06308 0.0846946
263.609 27.636 6.06955 0.0757779
263.628 27.8386 6.06319 0.0928594
263.563 27.6148 6.06727 0.0450236
263.698 27.7115 6.07235 0.0555534
263.818 27.6127 6.0644 0.0428284
263.601 27.7254 6.06308 0.0846946
263.656 27.812 6.06452 0.148977
263.609 27.636 6.06955 0.0757779
263.628 27.8386 6.06319 0.0928594
263.575 27.8084 6.06532 0.0856494
263.575 27.8084 6.06532 0.0856494
