59.6429 13.2843 0.13112 0.0138396
59.2455 13.1154 0.137597 0.00638542
59.4485 13.3343 0.134173 0.095544
59.4485 13.3343 0.134173 0.095544
59.223 13.3372 0.136075 0.0535558
59.2225 13.3344 0.135434 0.0557792
59.2225 13.3344 0.135434 0.0557792
59.5316 13.1206 0.13106 0.0112775
59.3081 13.4177 0.13391 0.0888351
59.4303 13.5037 0.136525 0.0327576
59.2932 13.3295 0.137386 0.0611065
59.6429 13.2843 0.13112 0.0138396
59.357 13.2739 0.136999 0.0572389
59.357 13.2739 0.136999 0.0572389
59.4375 13.2544 0.130126 0.0617928
59.4594 13.3754 0.128969 0.0530363
59.2701 13.1663 0.136821 0.0188485
59.3755 13.4919 0.135855 0.0518228
59.3081 13.4177 0.13391 0.0888351
59.1974 13.3116 0.136274 0.0391304
59.3722 13.4436 0.137223 0.0536145
59.2932 13.3295 0.137386 0.0611065
59.2932 13.3295 0.137386 0.0611065
59.2011 13.4322 0.133354 0.0324853
59.4005 13.2988 0.135349 0.0882759
59.2589 13.2583 0.13834 0.0291403
59.3823 13.3774 0.143016 0.00248455
59.4375 13.2544 0.130126 0.0617928
59.4485 13.3343 0.134173 0.095544
59.2701 13.1663 0.136821 0.0188485
59.3081 13.4177 0.13391 0.0888351
59.3081 13.4177 0.13391 0.0888351
59.4303 13.5037 0.136525 0.0327576
59.4303 13.5037 0.136525 0.0327576
59.3722 13.4436 0.137223 0.0536145
59.2932 13.3295 0.137386 0.0611065
59.6429 13.2843 0.13112 0.0138396
59.4005 13.2988 0.135349 0.0882759
59.357 13.2739 0.136999 0.0572389
59.4375 13.2544 0.130126 0.0617928
59.223 13.3372 0.136075 0.0535558
59.223 13.3372 0.136075 0.0535558
59.4594 13.3754 0.128969 0.0530363
59.4594 13.3754 0.128969 0.0530363
59.3755 13.4919 0.135855 0.0518228
59.3081 13.4177 0.13391 0.0888351
59.1974 13.3116 0.136274 0.0391304
59.1974 13.3116 0.136274 0.0391304
59.3722 13.4436 0.137223 0.0536145
59.397 13.5757 0.129828 0.0112264
59.4005 13.2988 0.135349 0.0882759
59.4375 13.2544 0.130126 0.0617928
59.4375 13.2544 0.130126 0.0617928
59.4485 13.3343 0.134173 0.095544
59.4594 13.3754 0.128969 0.0530363
59.3755 13.4919 0.135855 0.0518228
59.3081 13.4177 0.13391 0.0888351
59.1974 13.3116 0.136274 0.0391304
59.2932 13.3295 0.137386 0.0611065
59.4005 13.2988 0.135349 0.0882759
59.2151 13.5014 0.141934 0.00411645
59.223 13.3372 0.136075 0.0535558
59.2225 13.3344 0.135434 0.0557792
59.3755 13.4919 0.135855 0.0518228
59.3081 13.4177 0.13391 0.0888351
59.3081 13.4177 0.13391 0.0888351
59.3722 13.4436 0.137223 0.0536145
59.4534 13.5586 0.137536 0.0108648
59.2371 13.3464 0.129248 0.0180979
59.4005 13.2988 0.135349 0.0882759
59.2151 13.5014 0.141934 0.00411645
59.4485 13.3343 0.134173 0.095544
59.2701 13.1663 0.136821 0.0188485
59.3081 13.4177 0.13391 0.0888351
59.1974 13.3116 0.136274 0.0391304
59.3722 13.4436 0.137223 0.0536145
59.2371 13.3464 0.129248 0.0180979
59.4005 13.2988 0.135349 0.0882759
59.2151 13.5014 0.141934 0.00411645
59.4375 13.2544 0.130126 0.0617928
59.4485 13.3343 0.134173 0.095544
59.4485 13.3343 0.134173 0.095544
59.223 13.3372 0.136075 0.0535558
59.2701 13.1663 0.136821 0.0188485
59.3755 13.4919 0.135855 0.0518228
59.3081 13.4177 0.13391 0.0888351
59.3081 13.4177 0.13391 0.0888351
59.3722 13.4436 0.137223 0.0536145
59.2932 13.3295 0.137386 0.0611065
59.2011 13.4322 0.133354 0.0324853
59.2371 13.3464 0.129248 0.0180979
59.4005 13.2988 0.135349 0.0882759
59.3823 13.3774 0.143016 0.00248455
59.4375 13.2544 0.130126 0.0617928
59.223 13.3372 0.136075 0.0535558
59.223 13.3372 0.136075 0.0535558
59.4594 13.3754 0.128969 0.0530363
59.4594 13.3754 0.128969 0.0530363
59.4594 13.3754 0.128969 0.0530363
59.3081 13.4177 0.13391 0.0888351
