264.345 27.6868 6.03702 0.132991
264.231 27.5718 6.03454 0.0848744
264.489 27.7081 6.01618 0.0168392
264.483 27.5752 6.03586 0.139523
264.483 27.5752 6.03586 0.139523
264.483 27.5752 6.03586 0.139523
264.707 27.5602 6.02572 0.0483659
264.291 27.761 6.03124 0.120053
264.345 27.6868 6.03702 0.132991
264.546 27.4736 6.03244 0.079919
264.588 27.5338 6.02078 0.0789202
264.483 27.5752 6.03586 0.139523
264.291 27.761 6.03124 0.120053
264.345 27.6868 6.03702 0.132991
264.345 27.6868 6.03702 0.132991
264.546 27.4736 6.03244 0.079919
264.546 27.4736 6.03244 0.079919
264.483 27.5752 6.03586 0.139523
264.805 27.6429 6.0265 0.00589496
264.291 27.761 6.03124 0.120053
264.345 27.6868 6.03702 0.132991
264.345 27.6868 6.03702 0.132991
264.368 27.8282 6.02358 0.0417604
264.368 27.8282 6.02358 0.0417604
264.568 27.88 6.0185 0.0118702
264.38 27.8607 6.02849 0.0615197
264.345 27.6868 6.03702 0.132991
264.345 27.6868 6.03702 0.132991
264.345 27.6868 6.03702 0.132991
264.231 27.5718 6.03454 0.0848744
264.67 27.3886 6.02916 0.00482987
264.588 27.5338 6.02078 0.0789202
264.483 27.5752 6.03586 0.139523
264.244 27.5142 6.02949 0.0468622
264.244 27.5142 6.02949 0.0468622
264.38 27.8607 6.02849 0.0615197
264.345 27.6868 6.03702 0.132991
264.231 27.5718 6.03454 0.0848744
264.368 27.8282 6.02358 0.0417604
264.588 27.5338 6.02078 0.0789202
264.568 27.88 6.0185 0.0118702
264.244 27.5142 6.02949 0.0468622
264.475 27.9658 6.03176 0.00389764
264.231 27.5718 6.03454 0.0848744
264.368 27.8282 6.02358 0.0417604
264.244 27.4645 6.02548 0.00692427
264.483 27.5752 6.03586 0.139523
264.483 27.5752 6.03586 0.139523
264.291 27.761 6.03124 0.120053
264.291 27.761 6.03124 0.120053
264.345 27.6868 6.03702 0.132991
264.231 27.5718 6.03454 0.0848744
264.546 27.4736 6.03244 0.079919
264.483 27.5752 6.03586 0.139523
264.707 27.5602 6.02572 0.0483659
264.291 27.761 6.03124 0.120053
264.345 27.6868 6.03702 0.132991
264.306 27.698 6.03962 0.0418691
264.588 27.5338 6.02078 0.0789202
264.483 27.5752 6.03586 0.139523
264.707 27.5602 6.02572 0.0483659
264.212 27.6049 6.04063 0.0200865
264.231 27.5718 6.03454 0.0848744
264.231 27.5718 6.03454 0.0848744
264.306 27.698 6.03962 0.0418691
264.588 27.5338 6.02078 0.0789202
264.483 27.5752 6.03586 0.139523
264.38 27.8607 6.02849 0.0615197
264.345 27.6868 6.03702 0.132991
264.231 27.5718 6.03454 0.0848744
264.306 27.698 6.03962 0.0418691
264.588 27.5338 6.02078 0.0789202
264.483 27.5752 6.03586 0.139523
264.483 27.5752 6.03586 0.139523
264.244 27.5142 6.02949 0.0468622
264.291 27.761 6.03124 0.120053
264.345 27.6868 6.03702 0.132991
264.231 27.5718 6.03454 0.0848744
264.368 27.8282 6.02358 0.0417604
264.368 27.8282 6.02358 0.0417604
264.67 27.3886 6.02916 0.00482987
264.483 27.5752 6.03586 0.139523
264.707 27.5602 6.02572 0.0483659
264.244 27.5142 6.02949 0.0468622
264.345 27.6868 6.03702 0.132991
264.306 27.698 6.03962 0.0418691
264.588 27.5338 6.02078 0.0789202
264.588 27.5338 6.02078 0.0789202
264.483 27.5752 6.03586 0.139523
264.38 27.8607 6.02849 0.0615197
264.291 27.761 6.03124 0.120053
264.345 27.6868 6.03702 0.132991
264.306 27.698 6.03962 0.0418691
264.588 27.5338 6.02078 0.0789202
264.483 27.5752 6.03586 0.139523
264.38 27.8607 6.02849 0.0615197
264.291 27.761 6.03124 0.120053
264.345 27.6868 6.03702 0.132991
264.242 27.5069 6.02196 0.00221094
264.792 27.7709 6.02787 0.00310413
