72.3214 -40.8079 3.77777 0.370308
72.4876 -40.6804 3.78065 0.192831
72.4022 -40.7857 3.7803 0.207921
72.4139 -40.4414 3.78536 0.0121473
72.3214 -40.8079 3.77777 0.370308
72.3653 -40.8934 3.78298 0.00409884
72.4876 -40.6804 3.78065 0.192831
72.4876 -40.6804 3.78065 0.192831
72.4876 -40.6804 3.78065 0.192831
72.2819 -40.6032 3.77061 0.00583656
72.3214 -40.8079 3.77777 0.370308
72.6058 -40.5776 3.78064 0.0173045
72.3214 -40.8079 3.77777 0.370308
72.3214 -40.8079 3.77777 0.370308
72.4022 -40.7857 3.7803 0.207921
72.3214 -40.8079 3.77777 0.370308
72.4022 -40.7857 3.7803 0.207921
72.3214 -40.8079 3.77777 0.370308
72.3214 -40.8079 3.77777 0.370308
72.3214 -40.8079 3.77777 0.370308
72.4876 -40.6804 3.78065 0.192831
72.3214 -40.8079 3.77777 0.370308
72.4876 -40.6804 3.78065 0.192831
72.4022 -40.7857 3.7803 0.207921
72.4022 -40.7857 3.7803 0.207921
72.3214 -40.8079 3.77777 0.370308
72.3214 -40.8079 3.77777 0.370308
72.4022 -40.7857 3.7803 0.207921
72.3214 -40.8079 3.77777 0.370308
72.3214 -40.8079 3.77777 0.370308
72.4876 -40.6804 3.78065 0.192831
72.3214 -40.8079 3.77777 0.370308
72.3214 -40.8079 3.77777 0.370308
72.3214 -40.8079 3.77777 0.370308
72.3214 -40.8079 3.77777 0.370308
72.7026 -40.8358 3.78087 0.000388285
72.3214 -40.8079 3.77777 0.370308
72.4022 -40.7857 3.7803 0.207921
72.3214 -40.8079 3.77777 0.370308
72.4022 -40.7857 3.7803 0.207921
72.4814 -40.8277 3.7789 0.140379
72.4876 -40.6804 3.78065 0.192831
72.4876 -40.6804 3.78065 0.192831
72.4022 -40.7857 3.7803 0.207921
72.571 -40.4826 3.77993 0.00923382
72.4022 -40.7857 3.7803 0.207921
72.4814 -40.8277 3.7789 0.140379
72.4876 -40.6804 3.78065 0.192831
72.3214 -40.8079 3.77777 0.370308
72.3214 -40.8079 3.77777 0.370308
72.4022 -40.7857 3.7803 0.207921
72.4022 -40.7857 3.7803 0.207921
72.4814 -40.8277 3.7789 0.140379
72.4876 -40.6804 3.78065 0.192831
72.3214 -40.8079 3.77777 0.370308
72.4876 -40.6804 3.78065 0.192831
72.4022 -40.7857 3.7803 0.207921
72.4814 -40.8277 3.7789 0.140379
72.3214 -40.8079 3.77777 0.370308
72.4814 -40.8277 3.7789 0.140379
72.6919 -40.8089 3.77756 0.00319246
72.4876 -40.6804 3.78065 0.192831
72.4022 -40.7857 3.7803 0.207921
72.4814 -40.8277 3.7789 0.140379
72.3214 -40.8079 3.77777 0.370308
72.4814 -40.8277 3.7789 0.140379
72.3214 -40.8079 3.77777 0.370308
72.4814 -40.8277 3.7789 0.140379
72.4139 -40.4414 3.78536 0.0121473
72.4022 -40.7857 3.7803 0.207921
72.6058 -40.5776 3.78064 0.0173045
72.4653 -41.1055 3.77233 0.0036803
72.4876 -40.6804 3.78065 0.192831
72.3214 -40.8079 3.77777 0.370308
72.4022 -40.7857 3.7803 0.207921
72.3214 -40.8079 3.77777 0.370308
72.3214 -40.8079 3.77777 0.370308
72.3214 -40.8079 3.77777 0.370308
72.4876 -40.6804 3.78065 0.192831
72.4022 -40.7857 3.7803 0.207921
72.4876 -40.6804 3.78065 0.192831
72.4022 -40.7857 3.7803 0.207921
72.4022 -40.7857 3.7803 0.207921
72.4814 -40.8277 3.7789 0.140379
72.4876 -40.6804 3.78065 0.192831
72.3214 -40.8079 3.77777 0.370308
72.3214 -40.8079 3.77777 0.370308
72.4876 -40.6804 3.78065 0.192831
72.3214 -40.8079 3.77777 0.370308
72.4814 -40.8277 3.7789 0.140379
72.4876 -40.6804 3.78065 0.192831
72.3214 -40.8079 3.77777 0.370308
72.4814 -40.8277 3.7789 0.140379
72.4022 -40.7857 3.7803 0.207921
72.3214 -40.8079 3.77777 0.370308
72.4022 -40.7857 3.7803 0.207921
72.4814 -40.8277 3.7789 0.140379
72.4814 -40.8277 3.7789 0.140379
72.4814 -40.8277 3.7789 0.140379
72.3214 -40.8079 3.77777 0.370308
