122.364 -20.4795 3.41074 0.145649
122.364 -20.4795 3.41074 0.145649
122.206 -20.6107 3.40033 0.0269185
122.21 -20.6833 3.40401 0.0999348
122.21 -20.6833 3.40401 0.0999348
122.169 -20.3806 3.40392 0.0173363
122.208 -20.6563 3.40138 0.0432878
122.117 -20.7517 3.40732 0.0537717
122.364 -20.4795 3.41074 0.145649
122.206 -20.6107 3.40033 0.0269185
122.447 -20.6579 3.41466 0.140281
122.354 -20.6691 3.40184 0.0270462
122.208 -20.6563 3.40138 0.0432878
122.242 -20.5394 3.40158 0.0362956
122.21 -20.6833 3.40401 0.0999348
122.447 -20.6579 3.41466 0.140281
122.354 -20.6691 3.40184 0.0270462
121.92 -20.7561 3.39356 0.00016132
122.253 -20.4863 3.40801 0.126062
122.364 -20.4795 3.41074 0.145649
122.21 -20.6833 3.40401 0.0999348
122.21 -20.6833 3.40401 0.0999348
122.447 -20.6579 3.41466 0.140281
122.169 -20.3806 3.40392 0.0173363
122.253 -20.4863 3.40801 0.126062
122.117 -20.7517 3.40732 0.0537717
122.086 -20.4558 3.40532 0.0280667
122.08 -20.8014 3.40109 0.012577
122.08 -20.8014 3.40109 0.012577
122.447 -20.6579 3.41466 0.140281
122.045 -20.658 3.40112 0.0219572
122.208 -20.6563 3.40138 0.0432878
122.497 -20.8905 3.40689 0.00963091
122.364 -20.4795 3.41074 0.145649
122.216 -20.626 3.40042 0.027923
122.354 -20.6691 3.40184 0.0270462
122.208 -20.6563 3.40138 0.0432878
122.242 -20.5394 3.40158 0.0362956
122.086 -20.4558 3.40532 0.0280667
122.206 -20.6107 3.40033 0.0269185
122.447 -20.6579 3.41466 0.140281
122.447 -20.6579 3.41466 0.140281
122.169 -20.3806 3.40392 0.0173363
122.665 -20.4707 3.4141 0.0195001
122.253 -20.4863 3.40801 0.126062
122.242 -20.5394 3.40158 0.0362956
122.364 -20.4795 3.41074 0.145649
122.206 -20.6107 3.40033 0.0269185
122.21 -20.6833 3.40401 0.0999348
122.216 -20.626 3.40042 0.027923
122.185 -20.653 3.40249 0.0657385
122.208 -20.6563 3.40138 0.0432878
122.117 -20.7517 3.40732 0.0537717
122.364 -20.4795 3.41074 0.145649
122.21 -20.6833 3.40401 0.0999348
122.447 -20.6579 3.41466 0.140281
122.377 -21.0193 3.41123 0.00300231
122.185 -20.653 3.40249 0.0657385
122.185 -20.653 3.40249 0.0657385
122.253 -20.4863 3.40801 0.126062
122.364 -20.4795 3.41074 0.145649
122.206 -20.6107 3.40033 0.0269185
122.447 -20.6579 3.41466 0.140281
122.447 -20.6579 3.41466 0.140281
122.185 -20.653 3.40249 0.0657385
122.253 -20.4863 3.40801 0.126062
122.364 -20.4795 3.41074 0.145649
122.21 -20.6833 3.40401 0.0999348
122.447 -20.6579 3.41466 0.140281
122.208 -20.6563 3.40138 0.0432878
122.253 -20.4863 3.40801 0.126062
122.364 -20.4795 3.41074 0.145649
122.08 -20.8014 3.40109 0.012577
122.447 -20.6579 3.41466 0.140281
122.253 -20.4863 3.40801 0.126062
122.253 -20.4863 3.40801 0.126062
122.364 -20.4795 3.41074 0.145649
122.122 -20.5385 3.3996 0.0147311
122.447 -20.6579 3.41466 0.140281
122.045 -20.658 3.40112 0.0219572
122.253 -20.4863 3.40801 0.126062
122.117 -20.7517 3.40732 0.0537717
122.364 -20.4795 3.41074 0.145649
122.21 -20.6833 3.40401 0.0999348
122.447 -20.6579 3.41466 0.140281
122.447 -20.6579 3.41466 0.140281
122.169 -20.3806 3.40392 0.0173363
122.665 -20.4707 3.4141 0.0195001
122.364 -20.4795 3.41074 0.145649
122.21 -20.6833 3.40401 0.0999348
122.442 -20.6341 3.40051 0.00439051
122.253 -20.4863 3.40801 0.126062
122.364 -20.4795 3.41074 0.145649
122.364 -20.4795 3.41074 0.145649
122.21 -20.6833 3.40401 0.0999348
122.447 -20.6579 3.41466 0.140281
122.185 -20.653 3.40249 0.0657385
122.185 -20.653 3.40249 0.0657385
122.253 -20.4863 3.40801 0.126062
122.364 -20.4795 3.41074 0.145649
