13.2993 7.13961 0.23713 0.36857
13.2993 7.13961 0.23713 0.36857
13.2588 6.9655 0.231929 0.166174
13.2993 7.13961 0.23713 0.36857
13.2588 6.9655 0.231929 0.166174
13.2588 6.9655 0.231929 0.166174
13.2993 7.13961 0.23713 0.36857
13.5233 7.03834 0.22829 0.0585697
13.2612 6.9652 0.230597 0.093566
13.4634 7.03541 0.232569 0.148432
13.2993 7.13961 0.23713 0.36857
13.5338 7.24876 0.230245 0.0697969
13.2993 7.13961 0.23713 0.36857
13.2588 6.9655 0.231929 0.166174
13.3615 7.14109 0.23852 0.0534892
13.3615 7.14109 0.23852 0.0534892
13.2993 7.13961 0.23713 0.36857
13.4634 7.03541 0.232569 0.148432
13.2993 7.13961 0.23713 0.36857
13.3615 7.14109 0.23852 0.0534892
13.2612 6.9652 0.230597 0.093566
13.2993 7.13961 0.23713 0.36857
13.2588 6.9655 0.231929 0.166174
13.2993 7.13961 0.23713 0.36857
13.2588 6.9655 0.231929 0.166174
13.3615 7.14109 0.23852 0.0534892
13.2993 7.13961 0.23713 0.36857
13.2993 7.13961 0.23713 0.36857
13.2588 6.9655 0.231929 0.166174
13.2993 7.13961 0.23713 0.36857
13.2588 6.9655 0.231929 0.166174
13.2993 7.13961 0.23713 0.36857
13.4634 7.03541 0.232569 0.148432
13.2993 7.13961 0.23713 0.36857
13.2374 7.37331 0.22858 0.0138858
13.4634 7.03541 0.232569 0.148432
13.2993 7.13961 0.23713 0.36857
13.2612 6.9652 0.230597 0.093566
13.2588 6.9655 0.231929 0.166174
13.4634 7.03541 0.232569 0.148432
13.2612 6.9652 0.230597 0.093566
13.2993 7.13961 0.23713 0.36857
13.2588 6.9655 0.231929 0.166174
13.2993 7.13961 0.23713 0.36857
13.4634 7.03541 0.232569 0.148432
13.2993 7.13961 0.23713 0.36857
13.4634 7.03541 0.232569 0.148432
13.5233 7.03834 0.22829 0.0585697
13.2866 7.42381 0.231363 0.0131838
13.2993 7.13961 0.23713 0.36857
13.4634 7.03541 0.232569 0.148432
13.2993 7.13961 0.23713 0.36857
13.2374 7.37331 0.22858 0.0138858
13.5338 7.24876 0.230245 0.0697969
13.2993 7.13961 0.23713 0.36857
13.2993 7.13961 0.23713 0.36857
13.2588 6.9655 0.231929 0.166174
13.2993 7.13961 0.23713 0.36857
13.2993 7.13961 0.23713 0.36857
13.5338 7.24876 0.230245 0.0697969
13.2993 7.13961 0.23713 0.36857
13.2612 6.9652 0.230597 0.093566
13.2588 6.9655 0.231929 0.166174
13.5233 7.03834 0.22829 0.0585697
13.2866 7.42381 0.231363 0.0131838
13.5338 7.24876 0.230245 0.0697969
13.2612 6.9652 0.230597 0.093566
13.2588 6.9655 0.231929 0.166174
13.4634 7.03541 0.232569 0.148432
13.2993 7.13961 0.23713 0.36857
13.5233 7.03834 0.22829 0.0585697
13.5338 7.24876 0.230245 0.0697969
13.2993 7.13961 0.23713 0.36857
13.2993 7.13961 0.23713 0.36857
13.5233 7.03834 0.22829 0.0585697
13.2866 7.42381 0.231363 0.0131838
13.2993 7.13961 0.23713 0.36857
13.2993 7.13961 0.23713 0.36857
13.5233 7.03834 0.22829 0.0585697
13.5233 7.03834 0.22829 0.0585697
13.2588 6.9655 0.231929 0.166174
13.2993 7.13961 0.23713 0.36857
13.4634 7.03541 0.232569 0.148432
13.5338 7.24876 0.230245 0.0697969
13.2612 6.9652 0.230597 0.093566
13.2993 7.13961 0.23713 0.36857
13.4634 7.03541 0.232569 0.148432
13.2993 7.13961 0.23713 0.36857
13.2993 7.13961 0.23713 0.36857
13.2588 6.9655 0.231929 0.166174
13.2993 7.13961 0.23713 0.36857
13.2588 6.9655 0.231929 0.166174
13.5338 7.24876 0.230245 0.0697969
13.5338 7.24876 0.230245 0.0697969
13.2588 6.9655 0.231929 0.166174
13.3615 7.14109 0.23852 0.0534892
13.2588 6.9655 0.231929 0.166174
13.2588 6.9655 0.231929 0.166174
13.4634 7.03541 0.232569 0.148432
13.2993 7.13961 0.23713 0.36857
