155.969 21.5209 0.0894759 0.00146684
155.57 21.7171 0.0835931 0.0387699
155.848 21.8117 0.0756194 0.0841504
155.777 21.6455 0.0800341 0.240017
156.049 21.7152 0.0824566 0.0252796
155.57 21.7171 0.0835931 0.0387699
155.848 21.8117 0.0756194 0.0841504
155.777 21.6455 0.0800341 0.240017
155.748 21.6643 0.083124 0.247729
156.125 21.6147 0.080492 0.00684902
155.681 21.8051 0.0862241 0.0507625
155.777 21.6455 0.0800341 0.240017
155.777 21.6455 0.0800341 0.240017
155.821 21.5196 0.0867813 0.039852
155.748 21.6643 0.083124 0.247729
155.81 21.947 0.0808848 0.0263956
155.777 21.6455 0.0800341 0.240017
155.748 21.6643 0.083124 0.247729
155.781 21.8875 0.0773396 0.0483431
155.777 21.6455 0.0800341 0.240017
155.748 21.6643 0.083124 0.247729
155.777 21.6455 0.0800341 0.240017
155.57 21.7171 0.0835931 0.0387699
155.748 21.6643 0.083124 0.247729
155.989 21.7262 0.083565 0.0482007
155.989 21.7262 0.083565 0.0482007
155.777 21.6455 0.0800341 0.240017
155.748 21.6643 0.083124 0.247729
155.748 21.6643 0.083124 0.247729
155.848 21.8117 0.0756194 0.0841504
155.777 21.6455 0.0800341 0.240017
155.777 21.6455 0.0800341 0.240017
155.748 21.6643 0.083124 0.247729
155.748 21.6643 0.083124 0.247729
155.748 21.6643 0.083124 0.247729
155.777 21.6455 0.0800341 0.240017
155.821 21.5196 0.0867813 0.039852
155.748 21.6643 0.083124 0.247729
155.759 21.5045 0.0886695 0.0198242
155.777 21.6455 0.0800341 0.240017
155.777 21.6455 0.0800341 0.240017
155.777 21.6455 0.0800341 0.240017
155.777 21.6455 0.0800341 0.240017
155.748 21.6643 0.083124 0.247729
155.748 21.6643 0.083124 0.247729
155.681 21.8051 0.0862241 0.0507625
155.748 21.6643 0.083124 0.247729
156.081 21.6742 0.0784954 0.0280469
155.989 21.7262 0.083565 0.0482007
155.777 21.6455 0.0800341 0.240017
155.777 21.6455 0.0800341 0.240017
155.821 21.5196 0.0867813 0.039852
155.748 21.6643 0.083124 0.247729
156.144 21.7282 0.0731804 0.00490911
155.848 21.8117 0.0756194 0.0841504
155.777 21.6455 0.0800341 0.240017
155.81 21.947 0.0808848 0.0263956
155.777 21.6455 0.0800341 0.240017
155.601 21.6837 0.0852329 0.0606939
155.748 21.6643 0.083124 0.247729
155.748 21.6643 0.083124 0.247729
155.681 21.8051 0.0862241 0.0507625
155.748 21.6643 0.083124 0.247729
155.748 21.6643 0.083124 0.247729
155.748 21.6643 0.083124 0.247729
155.748 21.6643 0.083124 0.247729
156.125 21.6147 0.080492 0.00684902
155.759 21.5045 0.0886695 0.0198242
155.681 21.8051 0.0862241 0.0507625
156.239 21.7135 0.0806872 0.000345294
155.777 21.6455 0.0800341 0.240017
155.57 21.7171 0.0835931 0.0387699
155.748 21.6643 0.083124 0.247729
155.748 21.6643 0.083124 0.247729
155.777 21.6455 0.0800341 0.240017
155.748 21.6643 0.083124 0.247729
155.748 21.6643 0.083124 0.247729
155.681 21.8051 0.0862241 0.0507625
155.777 21.6455 0.0800341 0.240017
155.777 21.6455 0.0800341 0.240017
155.748 21.6643 0.083124 0.247729
155.748 21.6643 0.083124 0.247729
155.989 21.7262 0.083565 0.0482007
155.777 21.6455 0.0800341 0.240017
155.748 21.6643 0.083124 0.247729
155.748 21.6643 0.083124 0.247729
155.777 21.6455 0.0800341 0.240017
155.748 21.6643 0.083124 0.247729
155.748 21.6643 0.083124 0.247729
155.646 21.5306 0.0752 0.00247932
156.081 21.6742 0.0784954 0.0280469
155.777 21.6455 0.0800341 0.240017
155.601 21.6837 0.0852329 0.0606939
155.57 21.7171 0.0835931 0.0387699
155.57 21.7171 0.0835931 0.0387699
156.081 21.6742 0.0784954 0.0280469
155.681 21.8051 0.0862241 0.0507625
155.748 21.6643 0.083124 0.247729
155.781 21.8875 0.0773396 0.0483431
155.777 21.6455 0.0800341 0.240017
