243.094 28.6552 0.0752529 0.111736
243.094 28.6552 0.0752529 0.111736
243.076 28.5874 0.0736195 0.141129
243.226 28.6637 0.0726886 0.131743
243.154 28.658 0.0707491 0.264409
243.061 28.6636 0.078022 0.017726
242.835 28.6716 0.07388 0.00357233
243.224 28.6845 0.0774277 0.00537478
243.061 28.6636 0.078022 0.017726
243.076 28.5874 0.0736195 0.141129
243.094 28.6552 0.0752529 0.111736
243.076 28.5874 0.0736195 0.141129
243.226 28.6637 0.0726886 0.131743
243.04 28.7174 0.068075 0.0635522
243.154 28.658 0.0707491 0.264409
243.06 28.7143 0.0700537 0.174929
243.04 28.7174 0.068075 0.0635522
243.154 28.658 0.0707491 0.264409
243.06 28.7143 0.0700537 0.174929
243.094 28.6552 0.0752529 0.111736
243.076 28.5874 0.0736195 0.141129
243.226 28.6637 0.0726886 0.131743
243.226 28.6637 0.0726886 0.131743
243.06 28.7143 0.0700537 0.174929
243.154 28.658 0.0707491 0.264409
242.835 28.6716 0.07388 0.00357233
243.184 28.3595 0.0763754 0.000549078
243.154 28.658 0.0707491 0.264409
243.06 28.7143 0.0700537 0.174929
243.154 28.658 0.0707491 0.264409
243.076 28.5874 0.0736195 0.141129
243.226 28.6637 0.0726886 0.131743
243.226 28.6637 0.0726886 0.131743
243.06 28.7143 0.0700537 0.174929
243.154 28.658 0.0707491 0.264409
243.154 28.658 0.0707491 0.264409
243.226 28.6637 0.0726886 0.131743
243.06 28.7143 0.0700537 0.174929
243.36 28.8125 0.065967 0.0167644
243.061 28.6636 0.078022 0.017726
243.06 28.7143 0.0700537 0.174929
243.04 28.7174 0.068075 0.0635522
243.154 28.658 0.0707491 0.264409
243.154 28.658 0.0707491 0.264409
243.076 28.5874 0.0736195 0.141129
243.06 28.7143 0.0700537 0.174929
243.023 28.3855 0.0764596 0.00203714
243.254 28.4803 0.0729637 0.0106309
243.076 28.5874 0.0736195 0.141129
243.094 28.6552 0.0752529 0.111736
243.154 28.658 0.0707491 0.264409
243.184 28.5668 0.0669256 0.0188744
243.06 28.7143 0.0700537 0.174929
243.154 28.658 0.0707491 0.264409
243.06 28.7143 0.0700537 0.174929
242.785 28.7083 0.0706493 0.000227384
243.154 28.658 0.0707491 0.264409
243.06 28.7143 0.0700537 0.174929
243.154 28.658 0.0707491 0.264409
243.061 28.6636 0.078022 0.017726
242.932 28.4884 0.07505 0.00810737
243.154 28.658 0.0707491 0.264409
243.154 28.658 0.0707491 0.264409
243.076 28.5874 0.0736195 0.141129
243.224 28.6845 0.0774277 0.00537478
243.154 28.658 0.0707491 0.264409
243.154 28.658 0.0707491 0.264409
243.154 28.658 0.0707491 0.264409
243.154 28.658 0.0707491 0.264409
242.96 28.493 0.0725586 0.00950296
243.226 28.6637 0.0726886 0.131743
243.154 28.658 0.0707491 0.264409
243.154 28.658 0.0707491 0.264409
243.154 28.658 0.0707491 0.264409
243.06 28.7143 0.0700537 0.174929
243.154 28.658 0.0707491 0.264409
243.226 28.6637 0.0726886 0.131743
243.04 28.7174 0.068075 0.0635522
242.915 28.4348 0.0730015 0.0011647
243.06 28.7143 0.0700537 0.174929
243.04 28.7174 0.068075 0.0635522
243.154 28.658 0.0707491 0.264409
243.061 28.6636 0.078022 0.017726
243.06 28.7143 0.0700537 0.174929
243.154 28.658 0.0707491 0.264409
243.154 28.658 0.0707491 0.264409
243.076 28.5874 0.0736195 0.141129
243.06 28.7143 0.0700537 0.174929
243.094 28.6552 0.0752529 0.111736
243.154 28.658 0.0707491 0.264409
243.076 28.5874 0.0736195 0.141129
243.226 28.6637 0.0726886 0.131743
243.06 28.7143 0.0700537 0.174929
243.154 28.658 0.0707491 0.264409
242.999 28.375 0.0763217 0.00133263
243.076 28.5874 0.0736195 0.141129
243.226 28.6637 0.0726886 0.131743
243.06 28.7143 0.0700537 0.174929
243.094 28.6552 0.0752529 0.111736
243.154 28.658 0.0707491 0.264409
