8.33544 -93.0561 3.44869 0.112678
8.1987 -93.3857 3.4401 0.0164198
7.98926 -93.3698 3.43914 0.00851514
8.50702 -93.2089 3.45363 0.0661952
8.0591 -93.5096 3.44115 0.00905412
8.20223 -93.4901 3.45301 0.0119835
8.41476 -92.9817 3.4449 0.00745622
8.25362 -93.2301 3.45188 0.223457
8.42768 -93.33 3.44948 0.0571935
8.33544 -93.0561 3.44869 0.112678
8.20223 -93.4901 3.45301 0.0119835
8.25362 -93.2301 3.45188 0.223457
8.1235 -93.3534 3.44483 0.068606
8.11245 -93.4941 3.44737 0.0208988
8.25362 -93.2301 3.45188 0.223457
8.25362 -93.2301 3.45188 0.223457
8.1235 -93.3534 3.44483 0.068606
8.39406 -93.3842 3.451 0.0481812
8.41476 -92.9817 3.4449 0.00745622
8.25362 -93.2301 3.45188 0.223457
8.25362 -93.2301 3.45188 0.223457
8.42768 -93.33 3.44948 0.0571935
8.50702 -93.2089 3.45363 0.0661952
7.96396 -93.1764 3.44254 0.0176032
8.46368 -93.1026 3.45862 0.0913171
8.02918 -93.2894 3.4486 0.0704023
8.25362 -93.2301 3.45188 0.223457
8.1235 -93.3534 3.44483 0.068606
8.33544 -93.0561 3.44869 0.112678
8.33544 -93.0561 3.44869 0.112678
8.02918 -93.2894 3.4486 0.0704023
8.25362 -93.2301 3.45188 0.223457
8.1235 -93.3534 3.44483 0.068606
8.20223 -93.4901 3.45301 0.0119835
8.25362 -93.2301 3.45188 0.223457
8.42768 -93.33 3.44948 0.0571935
8.1235 -93.3534 3.44483 0.068606
8.13385 -93.3149 3.44126 0.0318977
8.39406 -93.3842 3.451 0.0481812
8.37258 -93.4008 3.44216 0.011403
8.50702 -93.2089 3.45363 0.0661952
8.61831 -93.0822 3.45608 0.0237041
7.96396 -93.1764 3.44254 0.0176032
8.25362 -93.2301 3.45188 0.223457
8.25362 -93.2301 3.45188 0.223457
8.61831 -93.0822 3.45608 0.0237041
8.02918 -93.2894 3.4486 0.0704023
8.42768 -93.33 3.44948 0.0571935
8.33544 -93.0561 3.44869 0.112678
8.41476 -92.9817 3.4449 0.00745622
8.25362 -93.2301 3.45188 0.223457
8.33544 -93.0561 3.44869 0.112678
8.20223 -93.4901 3.45301 0.0119835
8.25362 -93.2301 3.45188 0.223457
8.25362 -93.2301 3.45188 0.223457
8.42768 -93.33 3.44948 0.0571935
8.50702 -93.2089 3.45363 0.0661952
8.33544 -93.0561 3.44869 0.112678
8.09477 -93.5132 3.44601 0.0158237
8.50702 -93.2089 3.45363 0.0661952
8.33544 -93.0561 3.44869 0.112678
8.02918 -93.2894 3.4486 0.0704023
8.50702 -93.2089 3.45363 0.0661952
8.44039 -93.3248 3.4428 0.00951403
8.39406 -93.3842 3.451 0.0481812
8.54948 -93.2213 3.44275 0.00190719
8.25362 -93.2301 3.45188 0.223457
8.13385 -93.3149 3.44126 0.0318977
8.39406 -93.3842 3.451 0.0481812
8.02918 -93.2894 3.4486 0.0704023
8.50702 -93.2089 3.45363 0.0661952
8.0591 -93.5096 3.44115 0.00905412
8.25362 -93.2301 3.45188 0.223457
8.13385 -93.3149 3.44126 0.0318977
7.96396 -93.1764 3.44254 0.0176032
8.25362 -93.2301 3.45188 0.223457
8.42768 -93.33 3.44948 0.0571935
8.33544 -93.0561 3.44869 0.112678
7.96396 -93.1764 3.44254 0.0176032
8.11245 -93.4941 3.44737 0.0208988
8.02918 -93.2894 3.4486 0.0704023
8.25362 -93.2301 3.45188 0.223457
8.25362 -93.2301 3.45188 0.223457
8.42768 -93.33 3.44948 0.0571935
8.33544 -93.0561 3.44869 0.112678
8.0591 -93.5096 3.44115 0.00905412
8.39406 -93.3842 3.451 0.0481812
8.25362 -93.2301 3.45188 0.223457
8.25362 -93.2301 3.45188 0.223457
8.25362 -93.2301 3.45188 0.223457
8.1235 -93.3534 3.44483 0.068606
8.0591 -93.5096 3.44115 0.00905412
8.11245 -93.4941 3.44737 0.0208988
8.46368 -93.1026 3.45862 0.0913171
8.25362 -93.2301 3.45188 0.223457
8.61831 -93.0822 3.45608 0.0237041
8.33544 -93.0561 3.44869 0.112678
8.33544 -93.0561 3.44869 0.112678
8.43844 -93.5335 3.44167 0.00152912
8.25362 -93.2301 3.45188 0.223457
