253.954 29.5083 -0.000394509 0.513128
253.954 29.5083 -0.000394509 0.513128
254.311 29.3509 -0.00115848 0.294263
253.954 29.5083 -0.000394509 0.513128
254.311 29.3509 -0.00115848 0.294263
254.311 29.3509 -0.00115848 0.294263
253.954 29.5083 -0.000394509 0.513128
253.954 29.5083 -0.000394509 0.513128
254.175 29.1229 -0.000183858 0.128502
253.954 29.5083 -0.000394509 0.513128
253.954 29.5083 -0.000394509 0.513128
253.954 29.5083 -0.000394509 0.513128
254.311 29.3509 -0.00115848 0.294263
254.311 29.3509 -0.00115848 0.294263
253.954 29.5083 -0.000394509 0.513128
253.954 29.5083 -0.000394509 0.513128
253.954 29.5083 -0.000394509 0.513128
253.954 29.5083 -0.000394509 0.513128
253.954 29.5083 -0.000394509 0.513128
253.954 29.5083 -0.000394509 0.513128
254.311 29.3509 -0.00115848 0.294263
253.954 29.5083 -0.000394509 0.513128
253.954 29.5083 -0.000394509 0.513128
254.091 29.1564 -0.00418431 0.0460158
253.954 29.5083 -0.000394509 0.513128
254.311 29.3509 -0.00115848 0.294263
253.954 29.5083 -0.000394509 0.513128
253.954 29.5083 -0.000394509 0.513128
253.954 29.5083 -0.000394509 0.513128
253.954 29.5083 -0.000394509 0.513128
254.091 29.1564 -0.00418431 0.0460158
253.954 29.5083 -0.000394509 0.513128
254.311 29.3509 -0.00115848 0.294263
253.954 29.5083 -0.000394509 0.513128
253.954 29.5083 -0.000394509 0.513128
254.311 29.3509 -0.00115848 0.294263
254.175 29.1229 -0.000183858 0.128502
254.175 29.1229 -0.000183858 0.128502
253.954 29.5083 -0.000394509 0.513128
254.311 29.3509 -0.00115848 0.294263
253.954 29.5083 -0.000394509 0.513128
253.954 29.5083 -0.000394509 0.513128
254.311 29.3509 -0.00115848 0.294263
253.954 29.5083 -0.000394509 0.513128
253.954 29.5083 -0.000394509 0.513128
254.362 29.6725 -0.00294528 0.00120192
254.175 29.1229 -0.000183858 0.128502
253.954 29.5083 -0.000394509 0.513128
253.954 29.5083 -0.000394509 0.513128
253.954 29.5083 -0.000394509 0.513128
254.311 29.3509 -0.00115848 0.294263
254.311 29.3509 -0.00115848 0.294263
253.954 29.5083 -0.000394509 0.513128
253.954 29.5083 -0.000394509 0.513128
254.175 29.1229 -0.000183858 0.128502
253.954 29.5083 -0.000394509 0.513128
253.954 29.5083 -0.000394509 0.513128
254.311 29.3509 -0.00115848 0.294263
253.954 29.5083 -0.000394509 0.513128
254.311 29.3509 -0.00115848 0.294263
253.954 29.5083 -0.000394509 0.513128
253.954 29.5083 -0.000394509 0.513128
253.954 29.5083 -0.000394509 0.513128
253.954 29.5083 -0.000394509 0.513128
253.954 29.5083 -0.000394509 0.513128
253.954 29.5083 -0.000394509 0.513128
254.175 29.1229 -0.000183858 0.128502
253.954 29.5083 -0.000394509 0.513128
254.311 29.3509 -0.00115848 0.294263
254.175 29.1229 -0.000183858 0.128502
253.954 29.5083 -0.000394509 0.513128
253.954 29.5083 -0.000394509 0.513128
253.954 29.5083 -0.000394509 0.513128
254.311 29.3509 -0.00115848 0.294263
253.954 29.5083 -0.000394509 0.513128
253.954 29.5083 -0.000394509 0.513128
253.954 29.5083 -0.000394509 0.513128
254.311 29.3509 -0.00115848 0.294263
253.954 29.5083 -0.000394509 0.513128
253.954 29.5083 -0.000394509 0.513128
253.954 29.5083 -0.000394509 0.513128
253.954 29.5083 -0.000394509 0.513128
254.175 29.1229 -0.000183858 0.128502
253.954 29.5083 -0.000394509 0.513128
253.954 29.5083 -0.000394509 0.513128
254.311 29.3509 -0.00115848 0.294263
254.311 29.3509 -0.00115848 0.294263
254.311 29.3509 -0.00115848 0.294263
254.311 29.3509 -0.00115848 0.294263
254.311 29.3509 -0.00115848 0.294263
253.954 29.5083 -0.000394509 0.513128
253.954 29.5083 -0.000394509 0.513128
254.311 29.3509 -0.00115848 0.294263
253.954 29.5083 -0.000394509 0.513128
254.311 29.3509 -0.00115848 0.294263
253.954 29.5083 -0.000394509 0.513128
253.954 29.5083 -0.000394509 0.513128
254.175 29.1229 -0.000183858 0.128502
254.311 29.3509 -0.00115848 0.294263
253.954 29.5083 -0.000394509 0.513128
