-31.1781 -80.3711 2.27942 0.242732
-31.0077 -80.5902 2.27349 0.121171
-31.1849 -80.2679 2.27282 0.439563
-31.1781 -80.3711 2.27942 0.242732
-31.2004 -80.0482 2.27481 0.0685647
-31.0077 -80.5902 2.27349 0.121171
-31.0077 -80.5902 2.27349 0.121171
-31.1849 -80.2679 2.27282 0.439563
-31.1849 -80.2679 2.27282 0.439563
-31.1781 -80.3711 2.27942 0.242732
-31.1849 -80.2679 2.27282 0.439563
-31.1849 -80.2679 2.27282 0.439563
-31.0077 -80.5902 2.27349 0.121171
-31.1849 -80.2679 2.27282 0.439563
-31.1849 -80.2679 2.27282 0.439563
-31.1849 -80.2679 2.27282 0.439563
-31.1935 -80.6215 2.27823 0.0349974
-30.9209 -80.7054 2.28119 0.0674509
-31.1849 -80.2679 2.27282 0.439563
-31.3714 -80.5217 2.28262 0.00148162
-31.1849 -80.2679 2.27282 0.439563
-31.1781 -80.3711 2.27942 0.242732
-31.0077 -80.5902 2.27349 0.121171
-31.1849 -80.2679 2.27282 0.439563
-31.1781 -80.3711 2.27942 0.242732
-31.1849 -80.2679 2.27282 0.439563
-31.1849 -80.2679 2.27282 0.439563
-31.2004 -80.0482 2.27481 0.0685647
-31.0077 -80.5902 2.27349 0.121171
-31.1849 -80.2679 2.27282 0.439563
-31.1781 -80.3711 2.27942 0.242732
-31.1849 -80.2679 2.27282 0.439563
-31.1781 -80.3711 2.27942 0.242732
-31.1849 -80.2679 2.27282 0.439563
-31.2004 -80.0482 2.27481 0.0685647
-31.1849 -80.2679 2.27282 0.439563
-31.1781 -80.3711 2.27942 0.242732
-31.2004 -80.0482 2.27481 0.0685647
-31.1849 -80.2679 2.27282 0.439563
-31.1781 -80.3711 2.27942 0.242732
-31.0741 -80.6805 2.28865 0.00510871
-31.1935 -80.6215 2.27823 0.0349974
-31.1781 -80.3711 2.27942 0.242732
-31.1849 -80.2679 2.27282 0.439563
-31.1849 -80.2679 2.27282 0.439563
-31.1781 -80.3711 2.27942 0.242732
-31.1849 -80.2679 2.27282 0.439563
-31.1781 -80.3711 2.27942 0.242732
-31.1849 -80.2679 2.27282 0.439563
-31.1781 -80.3711 2.27942 0.242732
-31.1781 -80.3711 2.27942 0.242732
-31.1781 -80.3711 2.27942 0.242732
-31.1781 -80.3711 2.27942 0.242732
-31.1781 -80.3711 2.27942 0.242732
-31.0077 -80.5902 2.27349 0.121171
-31.1935 -80.6215 2.27823 0.0349974
-31.0077 -80.5902 2.27349 0.121171
-31.1849 -80.2679 2.27282 0.439563
-30.9209 -80.7054 2.28119 0.0674509
-31.1849 -80.2679 2.27282 0.439563
-31.1781 -80.3711 2.27942 0.242732
-31.2004 -80.0482 2.27481 0.0685647
-31.1849 -80.2679 2.27282 0.439563
-31.0077 -80.5902 2.27349 0.121171
-31.1781 -80.3711 2.27942 0.242732
-31.0077 -80.5902 2.27349 0.121171
-31.1849 -80.2679 2.27282 0.439563
-31.1849 -80.2679 2.27282 0.439563
-31.0077 -80.5902 2.27349 0.121171
-31.1849 -80.2679 2.27282 0.439563
-31.1849 -80.2679 2.27282 0.439563
-31.0077 -80.5902 2.27349 0.121171
-31.1781 -80.3711 2.27942 0.242732
-31.0077 -80.5902 2.27349 0.121171
-31.1849 -80.2679 2.27282 0.439563
-31.1781 -80.3711 2.27942 0.242732
-31.1849 -80.2679 2.27282 0.439563
-30.7057 -80.8162 2.28269 0.00211387
-31.1935 -80.6215 2.27823 0.0349974
-31.0077 -80.5902 2.27349 0.121171
-31.1781 -80.3711 2.27942 0.242732
-31.1849 -80.2679 2.27282 0.439563
-31.1935 -80.6215 2.27823 0.0349974
-31.1849 -80.2679 2.27282 0.439563
-31.1849 -80.2679 2.27282 0.439563
-31.1849 -80.2679 2.27282 0.439563
-31.1781 -80.3711 2.27942 0.242732
-31.1849 -80.2679 2.27282 0.439563
-31.1781 -80.3711 2.27942 0.242732
-31.1849 -80.2679 2.27282 0.439563
-31.0077 -80.5902 2.27349 0.121171
-30.9209 -80.7054 2.28119 0.0674509
-31.2004 -80.0482 2.27481 0.0685647
-31.1935 -80.6215 2.27823 0.0349974
-31.1781 -80.3711 2.27942 0.242732
-31.1781 -80.3711 2.27942 0.242732
-31.1849 -80.2679 2.27282 0.439563
-31.2004 -80.0482 2.27481 0.0685647
-31.1935 -80.6215 2.27823 0.0349974
-31.1781 -80.3711 2.27942 0.242732
