-41.0509 -55.6834 1.636 0.04832
-40.8482 -55.3628 1.63543 0.0230623
-41.2202 -55.3218 1.62905 0.113695
-41.1795 -55.6522 1.63367 0.0563542
-41.0117 -55.619 1.63148 0.112355
-41.0314 -55.8253 1.63686 0.00428677
-40.8904 -55.351 1.62827 0.0573621
-41.2202 -55.3218 1.62905 0.113695
-40.9441 -55.4089 1.62532 0.0416163
-40.9699 -55.3312 1.62904 0.136924
-40.9664 -55.3255 1.63448 0.0668107
-40.9938 -55.2135 1.63363 0.0208575
-41.2995 -55.3514 1.63361 0.0209048
-40.9441 -55.4089 1.62532 0.0416163
-40.9699 -55.3312 1.62904 0.136924
-40.9699 -55.3312 1.62904 0.136924
-40.9699 -55.3312 1.62904 0.136924
-41.1649 -55.2712 1.6299 0.10381
-41.0314 -55.8253 1.63686 0.00428677
-40.9938 -55.2135 1.63363 0.0208575
-40.9938 -55.2135 1.63363 0.0208575
-41.0509 -55.6834 1.636 0.04832
-41.2202 -55.3218 1.62905 0.113695
-41.2309 -55.3376 1.63684 0.00924283
-40.9699 -55.3312 1.62904 0.136924
-41.0117 -55.619 1.63148 0.112355
-40.9664 -55.3255 1.63448 0.0668107
-40.9664 -55.3255 1.63448 0.0668107
-41.4255 -55.4168 1.63006 0.00594775
-41.0509 -55.6834 1.636 0.04832
-41.2202 -55.3218 1.62905 0.113695
-40.9699 -55.3312 1.62904 0.136924
-40.9699 -55.3312 1.62904 0.136924
-40.9699 -55.3312 1.62904 0.136924
-41.0117 -55.619 1.63148 0.112355
-40.9664 -55.3255 1.63448 0.0668107
-40.8315 -55.4929 1.63471 0.039965
-41.0509 -55.6834 1.636 0.04832
-40.9441 -55.4089 1.62532 0.0416163
-40.7962 -55.3143 1.63622 0.00462177
-41.1649 -55.2712 1.6299 0.10381
-41.1649 -55.2712 1.6299 0.10381
-41.2986 -55.4068 1.63232 0.0449362
-40.9441 -55.4089 1.62532 0.0416163
-41.0117 -55.619 1.63148 0.112355
-41.0117 -55.619 1.63148 0.112355
-40.9938 -55.2135 1.63363 0.0208575
-40.8315 -55.4929 1.63471 0.039965
-41.2986 -55.4068 1.63232 0.0449362
-41.2986 -55.4068 1.63232 0.0449362
-41.2202 -55.3218 1.62905 0.113695
-40.9699 -55.3312 1.62904 0.136924
-40.9699 -55.3312 1.62904 0.136924
-41.2214 -55.1427 1.6285 0.0126085
-40.9664 -55.3255 1.63448 0.0668107
-40.9664 -55.3255 1.63448 0.0668107
-41.1649 -55.2712 1.6299 0.10381
-40.8904 -55.351 1.62827 0.0573621
-41.2202 -55.3218 1.62905 0.113695
-41.1795 -55.6522 1.63367 0.0563542
-41.0117 -55.619 1.63148 0.112355
-41.0117 -55.619 1.63148 0.112355
-40.9664 -55.3255 1.63448 0.0668107
-41.1649 -55.2712 1.6299 0.10381
-41.1649 -55.2712 1.6299 0.10381
-40.8904 -55.351 1.62827 0.0573621
-41.2986 -55.4068 1.63232 0.0449362
-41.2202 -55.3218 1.62905 0.113695
-41.2202 -55.3218 1.62905 0.113695
-40.9699 -55.3312 1.62904 0.136924
-40.9664 -55.3255 1.63448 0.0668107
-41.1649 -55.2712 1.6299 0.10381
-41.1649 -55.2712 1.6299 0.10381
-41.0509 -55.6834 1.636 0.04832
-41.0509 -55.6834 1.636 0.04832
-41.2202 -55.3218 1.62905 0.113695
-40.9441 -55.4089 1.62532 0.0416163
-41.1795 -55.6522 1.63367 0.0563542
-40.9699 -55.3312 1.62904 0.136924
-40.9664 -55.3255 1.63448 0.0668107
-41.1649 -55.2712 1.6299 0.10381
-40.8315 -55.4929 1.63471 0.039965
-40.8904 -55.351 1.62827 0.0573621
-40.8314 -55.2377 1.63727 0.00133454
-41.2202 -55.3218 1.62905 0.113695
-40.9699 -55.3312 1.62904 0.136924
-40.9699 -55.3312 1.62904 0.136924
-41.0117 -55.619 1.63148 0.112355
-41.1649 -55.2712 1.6299 0.10381
-41.1649 -55.2712 1.6299 0.10381
-41.4255 -55.4168 1.63006 0.00594775
-41.2986 -55.4068 1.63232 0.0449362
-41.2202 -55.3218 1.62905 0.113695
-40.9699 -55.3312 1.62904 0.136924
-41.0117 -55.619 1.63148 0.112355
-41.0117 -55.619 1.63148 0.112355
-41.1391 -55.2197 1.63306 0.0269676
-41.0509 -55.6834 1.636 0.04832
-41.2202 -55.3218 1.62905 0.113695
-40.9441 -55.4089 1.62532 0.0416163
