4.06393 -95.3954 3.3013 0.112845
3.9313 -95.4231 3.29546 0.0728521
3.9313 -95.4231 3.29546 0.0728521
3.9313 -95.4231 3.29546 0.0728521
3.9195 -95.5621 3.30082 0.0724697
4.08578 -95.4173 3.29913 0.0996675
3.77392 -95.5599 3.30036 0.0251832
4.18475 -95.4381 3.30533 0.0626994
4.18475 -95.4381 3.30533 0.0626994
4.18475 -95.4381 3.30533 0.0626994
4.05822 -95.4379 3.29947 0.114933
4.05822 -95.4379 3.29947 0.114933
4.12354 -95.2159 3.31063 0.01401
4.1658 -95.4051 3.29957 0.0670353
4.25213 -95.5947 3.29714 0.0158292
4.29723 -95.4804 3.29915 0.0182211
3.84713 -95.508 3.29195 0.0358286
3.77392 -95.5599 3.30036 0.0251832
4.05822 -95.4379 3.29947 0.114933
4.05822 -95.4379 3.29947 0.114933
3.92458 -95.7801 3.29104 0.00935607
4.06393 -95.3954 3.3013 0.112845
3.89815 -95.3181 3.29969 0.0587908
3.9313 -95.4231 3.29546 0.0728521
3.9195 -95.5621 3.30082 0.0724697
3.84713 -95.508 3.29195 0.0358286
4.18475 -95.4381 3.30533 0.0626994
4.18475 -95.4381 3.30533 0.0626994
4.23015 -95.1561 3.29863 0.00394455
3.80557 -95.15 3.30584 0.0031573
3.99037 -95.1345 3.30805 0.00876221
3.89815 -95.3181 3.29969 0.0587908
3.9195 -95.5621 3.30082 0.0724697
4.08578 -95.4173 3.29913 0.0996675
4.18475 -95.4381 3.30533 0.0626994
4.05822 -95.4379 3.29947 0.114933
4.03128 -95.0944 3.30291 0.0091355
4.06393 -95.3954 3.3013 0.112845
3.89815 -95.3181 3.29969 0.0587908
3.9313 -95.4231 3.29546 0.0728521
4.08578 -95.4173 3.29913 0.0996675
3.77392 -95.5599 3.30036 0.0251832
4.05822 -95.4379 3.29947 0.114933
4.04162 -95.0129 3.30524 0.00261067
4.1988 -95.1511 3.30633 0.0143544
3.9313 -95.4231 3.29546 0.0728521
3.84713 -95.508 3.29195 0.0358286
4.08578 -95.4173 3.29913 0.0996675
4.20157 -95.2797 3.29775 0.0165407
4.19495 -95.4846 3.3121 0.007423
4.06393 -95.3954 3.3013 0.112845
4.06393 -95.3954 3.3013 0.112845
4.1988 -95.1511 3.30633 0.0143544
3.9313 -95.4231 3.29546 0.0728521
3.9195 -95.5621 3.30082 0.0724697
4.08578 -95.4173 3.29913 0.0996675
4.18475 -95.4381 3.30533 0.0626994
4.05822 -95.4379 3.29947 0.114933
3.91075 -95.5236 3.30722 0.0156371
4.1658 -95.4051 3.29957 0.0670353
4.06393 -95.3954 3.3013 0.112845
3.89815 -95.3181 3.29969 0.0587908
3.9195 -95.5621 3.30082 0.0724697
4.08578 -95.4173 3.29913 0.0996675
4.18475 -95.4381 3.30533 0.0626994
4.21317 -95.3599 3.29421 0.00789109
4.05822 -95.4379 3.29947 0.114933
4.05822 -95.4379 3.29947 0.114933
4.06393 -95.3954 3.3013 0.112845
3.89815 -95.3181 3.29969 0.0587908
3.9195 -95.5621 3.30082 0.0724697
3.9195 -95.5621 3.30082 0.0724697
3.81313 -95.5318 3.30941 0.00170206
4.05822 -95.4379 3.29947 0.114933
4.23015 -95.1561 3.29863 0.00394455
4.06393 -95.3954 3.3013 0.112845
3.9195 -95.5621 3.30082 0.0724697
4.08578 -95.4173 3.29913 0.0996675
4.18475 -95.4381 3.30533 0.0626994
4.05822 -95.4379 3.29947 0.114933
3.91075 -95.5236 3.30722 0.0156371
4.06393 -95.3954 3.3013 0.112845
3.9313 -95.4231 3.29546 0.0728521
3.9195 -95.5621 3.30082 0.0724697
4.08578 -95.4173 3.29913 0.0996675
4.18475 -95.4381 3.30533 0.0626994
4.05822 -95.4379 3.29947 0.114933
4.1658 -95.4051 3.29957 0.0670353
4.06393 -95.3954 3.3013 0.112845
3.89815 -95.3181 3.29969 0.0587908
3.9313 -95.4231 3.29546 0.0728521
3.9195 -95.5621 3.30082 0.0724697
3.8826 -95.2695 3.29395 0.0151989
3.77392 -95.5599 3.30036 0.0251832
4.05822 -95.4379 3.29947 0.114933
4.05822 -95.4379 3.29947 0.114933
3.72287 -95.7406 3.29805 0.00499231
4.06393 -95.3954 3.3013 0.112845
3.9313 -95.4231 3.29546 0.0728521
4.19009 -95.7606 3.30128 0.00766495
