236.6 28.356 0.0729635 0.442147
236.6 28.356 0.0729635 0.442147
236.6 28.356 0.0729635 0.442147
236.696 28.5398 0.0722841 0.0961006
236.605 28.5532 0.066785 0.126184
236.6 28.356 0.0729635 0.442147
236.6 28.356 0.0729635 0.442147
236.6 28.356 0.0729635 0.442147
236.762 28.5765 0.0766671 0.000556861
236.6 28.356 0.0729635 0.442147
236.663 28.502 0.0647987 0.115641
236.6 28.356 0.0729635 0.442147
236.753 28.3772 0.0734113 0.118497
236.6 28.356 0.0729635 0.442147
236.534 28.5409 0.0656131 0.0416138
236.6 28.356 0.0729635 0.442147
236.605 28.5532 0.066785 0.126184
236.663 28.502 0.0647987 0.115641
236.6 28.356 0.0729635 0.442147
236.663 28.502 0.0647987 0.115641
236.605 28.5532 0.066785 0.126184
236.6 28.356 0.0729635 0.442147
236.605 28.5532 0.066785 0.126184
236.6 28.356 0.0729635 0.442147
236.605 28.5532 0.066785 0.126184
236.6 28.356 0.0729635 0.442147
236.663 28.502 0.0647987 0.115641
236.6 28.356 0.0729635 0.442147
236.6 28.356 0.0729635 0.442147
236.753 28.3772 0.0734113 0.118497
236.696 28.5398 0.0722841 0.0961006
236.6 28.356 0.0729635 0.442147
236.696 28.5398 0.0722841 0.0961006
236.605 28.5532 0.066785 0.126184
236.6 28.356 0.0729635 0.442147
236.6 28.356 0.0729635 0.442147
236.753 28.3772 0.0734113 0.118497
236.663 28.502 0.0647987 0.115641
236.6 28.356 0.0729635 0.442147
236.605 28.5532 0.066785 0.126184
236.534 28.5409 0.0656131 0.0416138
236.715 28.2115 0.0652774 0.0186495
236.753 28.3772 0.0734113 0.118497
236.6 28.356 0.0729635 0.442147
236.534 28.5409 0.0656131 0.0416138
236.534 28.5409 0.0656131 0.0416138
236.663 28.502 0.0647987 0.115641
236.6 28.356 0.0729635 0.442147
236.6 28.356 0.0729635 0.442147
236.605 28.5532 0.066785 0.126184
236.6 28.356 0.0729635 0.442147
236.605 28.5532 0.066785 0.126184
236.6 28.356 0.0729635 0.442147
236.696 28.5398 0.0722841 0.0961006
236.663 28.502 0.0647987 0.115641
236.6 28.356 0.0729635 0.442147
236.6 28.356 0.0729635 0.442147
236.6 28.356 0.0729635 0.442147
236.6 28.356 0.0729635 0.442147
236.6 28.356 0.0729635 0.442147
236.6 28.356 0.0729635 0.442147
236.6 28.356 0.0729635 0.442147
236.6 28.356 0.0729635 0.442147
236.605 28.5532 0.066785 0.126184
236.6 28.356 0.0729635 0.442147
236.663 28.502 0.0647987 0.115641
236.663 28.502 0.0647987 0.115641
236.753 28.3772 0.0734113 0.118497
236.6 28.356 0.0729635 0.442147
236.6 28.356 0.0729635 0.442147
236.6 28.356 0.0729635 0.442147
236.696 28.5398 0.0722841 0.0961006
236.605 28.5532 0.066785 0.126184
236.6 28.356 0.0729635 0.442147
236.753 28.3772 0.0734113 0.118497
236.605 28.5532 0.066785 0.126184
236.534 28.5409 0.0656131 0.0416138
236.6 28.356 0.0729635 0.442147
236.753 28.3772 0.0734113 0.118497
236.6 28.356 0.0729635 0.442147
236.663 28.502 0.0647987 0.115641
236.715 28.2115 0.0652774 0.0186495
236.753 28.3772 0.0734113 0.118497
236.6 28.356 0.0729635 0.442147
236.715 28.2115 0.0652774 0.0186495
236.6 28.356 0.0729635 0.442147
236.663 28.502 0.0647987 0.115641
236.6 28.356 0.0729635 0.442147
236.753 28.3772 0.0734113 0.118497
236.534 28.5409 0.0656131 0.0416138
236.6 28.356 0.0729635 0.442147
236.6 28.356 0.0729635 0.442147
236.6 28.356 0.0729635 0.442147
236.663 28.502 0.0647987 0.115641
236.6 28.356 0.0729635 0.442147
236.715 28.2115 0.0652774 0.0186495
236.663 28.502 0.0647987 0.115641
236.605 28.5532 0.066785 0.126184
236.6 28.356 0.0729635 0.442147
236.534 28.5409 0.0656131 0.0416138
