98.8934 19.087 0.0684945 0.0113102
99.0909 18.938 0.0665936 0.080615
99.1878 18.452 0.0683159 0.00379436
99.1662 18.7173 0.063445 0.114323
99.3018 18.8236 0.0605294 0.0467212
98.9617 18.9129 0.0541541 0.013663
98.8256 18.5091 0.065291 0.0072331
98.8934 19.087 0.0684945 0.0113102
99.1222 18.6469 0.0628718 0.100314
99.1519 18.6015 0.0670571 0.0396197
98.8732 18.7516 0.0669154 0.0586328
99.1628 18.766 0.0682174 0.07318
99.3018 18.8236 0.0605294 0.0467212
99.0676 18.8737 0.0737176 0.0283745
99.2771 18.83 0.0677714 0.0333363
98.991 18.8777 0.0616386 0.0971831
98.991 18.8777 0.0616386 0.0971831
99.0909 18.938 0.0665936 0.080615
99.1222 18.6469 0.0628718 0.100314
99.1662 18.7173 0.063445 0.114323
99.1735 18.493 0.0655209 0.0142179
99.1628 18.766 0.0682174 0.07318
99.21 18.7303 0.0631864 0.095236
99.1886 18.5614 0.0603164 0.0458495
99.1222 18.6469 0.0628718 0.100314
98.8732 18.7516 0.0669154 0.0586328
98.8732 18.7516 0.0669154 0.0586328
99.1628 18.766 0.0682174 0.07318
99.21 18.7303 0.0631864 0.095236
98.8256 18.5091 0.065291 0.0072331
99.1886 18.5614 0.0603164 0.0458495
98.8934 19.087 0.0684945 0.0113102
99.0909 18.938 0.0665936 0.080615
99.0909 18.938 0.0665936 0.080615
99.1222 18.6469 0.0628718 0.100314
98.8732 18.7516 0.0669154 0.0586328
98.8732 18.7516 0.0669154 0.0586328
99.1628 18.766 0.0682174 0.07318
99.21 18.7303 0.0631864 0.095236
98.8755 18.3245 0.0600309 0.000736553
99.343 18.9238 0.074693 0.00160543
99.0909 18.938 0.0665936 0.080615
99.1222 18.6469 0.0628718 0.100314
98.8732 18.7516 0.0669154 0.0586328
98.8732 18.7516 0.0669154 0.0586328
99.1628 18.766 0.0682174 0.07318
99.3786 18.6668 0.0672378 0.00700401
99.21 18.7303 0.0631864 0.095236
99.2771 18.83 0.0677714 0.0333363
98.991 18.8777 0.0616386 0.0971831
99.1222 18.6469 0.0628718 0.100314
99.1222 18.6469 0.0628718 0.100314
99.1299 18.6968 0.0722448 0.0237665
99.1662 18.7173 0.063445 0.114323
99.1662 18.7173 0.063445 0.114323
99.1662 18.7173 0.063445 0.114323
99.1628 18.766 0.0682174 0.07318
99.21 18.7303 0.0631864 0.095236
99.21 18.7303 0.0631864 0.095236
98.8309 18.7641 0.0612471 0.0363051
98.8934 19.087 0.0684945 0.0113102
99.0909 18.938 0.0665936 0.080615
99.1299 18.6968 0.0722448 0.0237665
99.1519 18.6015 0.0670571 0.0396197
99.1662 18.7173 0.063445 0.114323
99.3018 18.8236 0.0605294 0.0467212
99.21 18.7303 0.0631864 0.095236
98.8256 18.5091 0.065291 0.0072331
99.0909 18.938 0.0665936 0.080615
99.1299 18.6968 0.0722448 0.0237665
98.8732 18.7516 0.0669154 0.0586328
99.1662 18.7173 0.063445 0.114323
99.3786 18.6668 0.0672378 0.00700401
99.3786 18.6668 0.0672378 0.00700401
99.21 18.7303 0.0631864 0.095236
98.8256 18.5091 0.065291 0.0072331
98.8934 19.087 0.0684945 0.0113102
98.991 18.8777 0.0616386 0.0971831
99.1222 18.6469 0.0628718 0.100314
99.1662 18.7173 0.063445 0.114323
99.1628 18.766 0.0682174 0.07318
99.21 18.7303 0.0631864 0.095236
98.991 18.8777 0.0616386 0.0971831
98.991 18.8777 0.0616386 0.0971831
99.1878 18.452 0.0683159 0.00379436
99.1662 18.7173 0.063445 0.114323
99.3018 18.8236 0.0605294 0.0467212
99.21 18.7303 0.0631864 0.095236
98.991 18.8777 0.0616386 0.0971831
99.0909 18.938 0.0665936 0.080615
99.1222 18.6469 0.0628718 0.100314
99.1299 18.6968 0.0722448 0.0237665
99.1662 18.7173 0.063445 0.114323
99.3018 18.8236 0.0605294 0.0467212
99.3018 18.8236 0.0605294 0.0467212
99.21 18.7303 0.0631864 0.095236
98.8975 18.8969 0.0770759 0.00788778
99.2771 18.83 0.0677714 0.0333363
98.8934 19.087 0.0684945 0.0113102
99.1222 18.6469 0.0628718 0.100314
