193.971 -9.92296 3.13992 0.132656
194.085 -9.69265 3.14542 0.105815
194.085 -9.69265 3.14542 0.105815
194.031 -9.80143 3.14186 0.147238
194.018 -9.70106 3.14971 0.0706297
193.971 -9.92296 3.13992 0.132656
194.085 -9.69265 3.14542 0.105815
194.085 -9.69265 3.14542 0.105815
194.031 -9.80143 3.14186 0.147238
193.913 -9.73515 3.14418 0.144976
193.913 -9.73515 3.14418 0.144976
193.938 -9.67674 3.14356 0.0814265
193.971 -9.92296 3.13992 0.132656
194.188 -9.80792 3.15071 0.0787165
194.085 -9.69265 3.14542 0.105815
194.031 -9.80143 3.14186 0.147238
194.031 -9.80143 3.14186 0.147238
193.913 -9.73515 3.14418 0.144976
193.938 -9.67674 3.14356 0.0814265
194.188 -9.80792 3.15071 0.0787165
194.145 -10.0974 3.14318 0.00866516
194.024 -9.77404 3.13606 0.00312737
193.913 -9.73515 3.14418 0.144976
193.938 -9.67674 3.14356 0.0814265
193.971 -9.92296 3.13992 0.132656
193.971 -9.92296 3.13992 0.132656
194.188 -9.80792 3.15071 0.0787165
194.188 -9.80792 3.15071 0.0787165
194.085 -9.69265 3.14542 0.105815
194.145 -10.0974 3.14318 0.00866516
193.913 -9.73515 3.14418 0.144976
193.913 -9.73515 3.14418 0.144976
193.971 -9.92296 3.13992 0.132656
194.188 -9.80792 3.15071 0.0787165
194.031 -9.80143 3.14186 0.147238
194.031 -9.80143 3.14186 0.147238
194.018 -9.70106 3.14971 0.0706297
194.018 -9.70106 3.14971 0.0706297
193.971 -9.92296 3.13992 0.132656
193.971 -9.92296 3.13992 0.132656
194.085 -9.69265 3.14542 0.105815
193.953 -10.0535 3.1442 0.0532549
193.653 -9.85515 3.13789 0.0177984
194.031 -9.80143 3.14186 0.147238
193.656 -9.77582 3.14279 0.0060109
194.018 -9.70106 3.14971 0.0706297
194.018 -9.70106 3.14971 0.0706297
193.938 -9.67674 3.14356 0.0814265
193.971 -9.92296 3.13992 0.132656
194.085 -9.69265 3.14542 0.105815
193.953 -10.0535 3.1442 0.0532549
194.042 -9.93522 3.13919 0.0489252
193.653 -9.85515 3.13789 0.0177984
194.031 -9.80143 3.14186 0.147238
193.913 -9.73515 3.14418 0.144976
193.664 -9.66851 3.14188 0.00276054
193.938 -9.67674 3.14356 0.0814265
193.938 -9.67674 3.14356 0.0814265
194.085 -9.69265 3.14542 0.105815
193.953 -10.0535 3.1442 0.0532549
193.653 -9.85515 3.13789 0.0177984
194.024 -9.77404 3.13606 0.00312737
194.018 -9.70106 3.14971 0.0706297
193.971 -9.92296 3.13992 0.132656
194.071 -9.76729 3.13568 0.000821606
194.188 -9.80792 3.15071 0.0787165
194.042 -9.93522 3.13919 0.0489252
194.031 -9.80143 3.14186 0.147238
194.031 -9.80143 3.14186 0.147238
193.913 -9.73515 3.14418 0.144976
193.938 -9.67674 3.14356 0.0814265
193.971 -9.92296 3.13992 0.132656
194.085 -9.69265 3.14542 0.105815
194.085 -9.69265 3.14542 0.105815
193.769 -10.0046 3.14645 0.00457863
193.653 -9.85515 3.13789 0.0177984
193.913 -9.73515 3.14418 0.144976
194.018 -9.70106 3.14971 0.0706297
193.971 -9.92296 3.13992 0.132656
194.188 -9.80792 3.15071 0.0787165
194.188 -9.80792 3.15071 0.0787165
194.188 -9.80792 3.15071 0.0787165
194.188 -9.80792 3.15071 0.0787165
194.042 -9.93522 3.13919 0.0489252
193.913 -9.73515 3.14418 0.144976
194.018 -9.70106 3.14971 0.0706297
194.17 -9.64156 3.14639 0.0344134
193.971 -9.92296 3.13992 0.132656
194.188 -9.80792 3.15071 0.0787165
194.188 -9.80792 3.15071 0.0787165
194.085 -9.69265 3.14542 0.105815
194.042 -9.93522 3.13919 0.0489252
193.913 -9.73515 3.14418 0.144976
194.018 -9.70106 3.14971 0.0706297
194.018 -9.70106 3.14971 0.0706297
194.17 -9.64156 3.14639 0.0344134
194.188 -9.80792 3.15071 0.0787165
193.73 -9.68324 3.1443 0.00749089
194.031 -9.80143 3.14186 0.147238
194.031 -9.80143 3.14186 0.147238
