-29.3502 -15.3133 0.951914 0.146492
-29.4421 -15.2536 0.949888 0.0439281
-29.3246 -15.348 0.957301 0.19008
-29.3454 -15.2873 0.953362 0.331373
-29.4421 -15.2536 0.949888 0.0439281
-29.3502 -15.3133 0.951914 0.146492
-29.3246 -15.348 0.957301 0.19008
-29.3246 -15.348 0.957301 0.19008
-29.3502 -15.3133 0.951914 0.146492
-29.3454 -15.2873 0.953362 0.331373
-29.3374 -15.0444 0.955199 0.0301678
-29.3454 -15.2873 0.953362 0.331373
-29.3246 -15.348 0.957301 0.19008
-29.3502 -15.3133 0.951914 0.146492
-29.4767 -15.4852 0.959561 0.0259938
-29.2089 -15.3671 0.958091 0.0253852
-29.5149 -15.2885 0.954824 0.125316
-29.3454 -15.2873 0.953362 0.331373
-29.3246 -15.348 0.957301 0.19008
-29.3246 -15.348 0.957301 0.19008
-29.3502 -15.3133 0.951914 0.146492
-29.5325 -15.412 0.95584 0.0347788
-29.5149 -15.2885 0.954824 0.125316
-29.3454 -15.2873 0.953362 0.331373
-29.4421 -15.2536 0.949888 0.0439281
-29.3502 -15.3133 0.951914 0.146492
-29.4421 -15.2536 0.949888 0.0439281
-29.5149 -15.2885 0.954824 0.125316
-29.3454 -15.2873 0.953362 0.331373
-29.3454 -15.2873 0.953362 0.331373
-29.2089 -15.3671 0.958091 0.0253852
-29.3502 -15.3133 0.951914 0.146492
-29.3454 -15.2873 0.953362 0.331373
-29.3454 -15.2873 0.953362 0.331373
-29.3246 -15.348 0.957301 0.19008
-29.3454 -15.2873 0.953362 0.331373
-29.3246 -15.348 0.957301 0.19008
-29.3454 -15.2873 0.953362 0.331373
-29.4421 -15.2536 0.949888 0.0439281
-29.3246 -15.348 0.957301 0.19008
-29.3454 -15.2873 0.953362 0.331373
-29.3246 -15.348 0.957301 0.19008
-29.3454 -15.2873 0.953362 0.331373
-29.3106 -15.3664 0.950605 0.0225479
-29.3246 -15.348 0.957301 0.19008
-29.3246 -15.348 0.957301 0.19008
-29.3374 -15.0444 0.955199 0.0301678
-29.3246 -15.348 0.957301 0.19008
-29.3454 -15.2873 0.953362 0.331373
-29.3246 -15.348 0.957301 0.19008
-29.3502 -15.3133 0.951914 0.146492
-29.3246 -15.348 0.957301 0.19008
-29.3454 -15.2873 0.953362 0.331373
-29.3454 -15.2873 0.953362 0.331373
-29.3502 -15.3133 0.951914 0.146492
-29.3374 -15.0444 0.955199 0.0301678
-29.3246 -15.348 0.957301 0.19008
-29.3374 -15.0444 0.955199 0.0301678
-29.3454 -15.2873 0.953362 0.331373
-29.3454 -15.2873 0.953362 0.331373
-29.2216 -15.4291 0.950782 0.00263896
-29.3246 -15.348 0.957301 0.19008
-29.3454 -15.2873 0.953362 0.331373
-29.3454 -15.2873 0.953362 0.331373
-29.5149 -15.2885 0.954824 0.125316
-29.3454 -15.2873 0.953362 0.331373
-29.3454 -15.2873 0.953362 0.331373
-29.3502 -15.3133 0.951914 0.146492
-29.4421 -15.2536 0.949888 0.0439281
-29.3246 -15.348 0.957301 0.19008
-29.3454 -15.2873 0.953362 0.331373
-29.4421 -15.2536 0.949888 0.0439281
-29.3502 -15.3133 0.951914 0.146492
-29.3454 -15.2873 0.953362 0.331373
-29.3246 -15.348 0.957301 0.19008
-29.5742 -15.088 0.955971 0.00650704
-29.2089 -15.3671 0.958091 0.0253852
-29.5149 -15.2885 0.954824 0.125316
-29.3454 -15.2873 0.953362 0.331373
-29.5149 -15.2885 0.954824 0.125316
-29.3502 -15.3133 0.951914 0.146492
-29.3454 -15.2873 0.953362 0.331373
-29.5149 -15.2885 0.954824 0.125316
-29.3502 -15.3133 0.951914 0.146492
-29.4421 -15.2536 0.949888 0.0439281
-29.2089 -15.3671 0.958091 0.0253852
-29.3454 -15.2873 0.953362 0.331373
-29.3246 -15.348 0.957301 0.19008
-29.3454 -15.2873 0.953362 0.331373
-29.5325 -15.412 0.95584 0.0347788
-29.4767 -15.4852 0.959561 0.0259938
-29.3454 -15.2873 0.953362 0.331373
-29.3246 -15.348 0.957301 0.19008
-29.3502 -15.3133 0.951914 0.146492
-29.5325 -15.412 0.95584 0.0347788
-29.3246 -15.348 0.957301 0.19008
-29.3502 -15.3133 0.951914 0.146492
-29.3246 -15.348 0.957301 0.19008
-29.3246 -15.348 0.957301 0.19008
-29.5742 -15.088 0.955971 0.00650704
