31.4629 -81.0468 3.87 0.132448
31.6278 -81.2565 3.86958 0.136565
31.5989 -80.9687 3.86876 0.0264198
31.4797 -81.2539 3.87004 0.303962
31.6278 -81.2565 3.86958 0.136565
31.6141 -81.1082 3.86895 0.134515
31.5529 -81.0354 3.86572 0.0657266
31.4629 -81.0468 3.87 0.132448
31.4629 -81.0468 3.87 0.132448
31.6141 -81.1082 3.86895 0.134515
31.3075 -81.3215 3.86567 0.0555153
31.4797 -81.2539 3.87004 0.303962
31.6278 -81.2565 3.86958 0.136565
31.6278 -81.2565 3.86958 0.136565
31.5651 -81.2747 3.86574 0.0533235
31.5529 -81.0354 3.86572 0.0657266
31.6141 -81.1082 3.86895 0.134515
31.3075 -81.3215 3.86567 0.0555153
31.4797 -81.2539 3.87004 0.303962
31.6278 -81.2565 3.86958 0.136565
31.3577 -81.2282 3.85973 0.0102112
31.5989 -80.9687 3.86876 0.0264198
31.4797 -81.2539 3.87004 0.303962
31.6141 -81.1082 3.86895 0.134515
31.4629 -81.0468 3.87 0.132448
31.3227 -81.0038 3.87106 0.00889288
31.4797 -81.2539 3.87004 0.303962
31.4797 -81.2539 3.87004 0.303962
31.6278 -81.2565 3.86958 0.136565
31.6141 -81.1082 3.86895 0.134515
31.6141 -81.1082 3.86895 0.134515
31.4797 -81.2539 3.87004 0.303962
31.4629 -81.0468 3.87 0.132448
31.5651 -81.2747 3.86574 0.0533235
31.4797 -81.2539 3.87004 0.303962
31.3227 -81.0038 3.87106 0.00889288
31.3227 -81.0038 3.87106 0.00889288
31.5989 -80.9687 3.86876 0.0264198
31.6141 -81.1082 3.86895 0.134515
31.7184 -81.0826 3.868 0.0130747
31.5651 -81.2747 3.86574 0.0533235
31.4797 -81.2539 3.87004 0.303962
31.6278 -81.2565 3.86958 0.136565
31.4797 -81.2539 3.87004 0.303962
31.4797 -81.2539 3.87004 0.303962
31.6141 -81.1082 3.86895 0.134515
31.4797 -81.2539 3.87004 0.303962
31.6141 -81.1082 3.86895 0.134515
31.5651 -81.2747 3.86574 0.0533235
31.4797 -81.2539 3.87004 0.303962
31.6141 -81.1082 3.86895 0.134515
31.4797 -81.2539 3.87004 0.303962
31.4797 -81.2539 3.87004 0.303962
31.5529 -81.0354 3.86572 0.0657266
31.6141 -81.1082 3.86895 0.134515
31.4797 -81.2539 3.87004 0.303962
31.5529 -81.0354 3.86572 0.0657266
31.6141 -81.1082 3.86895 0.134515
31.4797 -81.2539 3.87004 0.303962
31.6278 -81.2565 3.86958 0.136565
31.6141 -81.1082 3.86895 0.134515
31.4797 -81.2539 3.87004 0.303962
31.5529 -81.0354 3.86572 0.0657266
31.6278 -81.2565 3.86958 0.136565
31.3075 -81.3215 3.86567 0.0555153
31.4797 -81.2539 3.87004 0.303962
31.4797 -81.2539 3.87004 0.303962
31.4797 -81.2539 3.87004 0.303962
31.6278 -81.2565 3.86958 0.136565
31.5684 -81.1785 3.87827 0.005734
31.5651 -81.2747 3.86574 0.0533235
31.4797 -81.2539 3.87004 0.303962
31.6278 -81.2565 3.86958 0.136565
31.4797 -81.2539 3.87004 0.303962
31.6278 -81.2565 3.86958 0.136565
31.5989 -80.9687 3.86876 0.0264198
31.4797 -81.2539 3.87004 0.303962
31.6278 -81.2565 3.86958 0.136565
31.6278 -81.2565 3.86958 0.136565
31.3075 -81.3215 3.86567 0.0555153
31.4797 -81.2539 3.87004 0.303962
31.3841 -81.2142 3.87471 0.0119197
31.4797 -81.2539 3.87004 0.303962
31.6278 -81.2565 3.86958 0.136565
31.6278 -81.2565 3.86958 0.136565
31.4797 -81.2539 3.87004 0.303962
31.5989 -80.9687 3.86876 0.0264198
31.5651 -81.2747 3.86574 0.0533235
31.4629 -81.0468 3.87 0.132448
31.6278 -81.2565 3.86958 0.136565
31.5651 -81.2747 3.86574 0.0533235
31.3075 -81.3215 3.86567 0.0555153
31.4629 -81.0468 3.87 0.132448
31.6278 -81.2565 3.86958 0.136565
31.3841 -81.2142 3.87471 0.0119197
31.3841 -81.2142 3.87471 0.0119197
31.5874 -81.2699 3.87838 0.00908164
31.6278 -81.2565 3.86958 0.136565
31.6278 -81.2565 3.86958 0.136565
31.4797 -81.2539 3.87004 0.303962
