-6.26817 -95.6226 3.02929 0.0483599
-6.04931 -95.2663 3.03061 0.0657979
-6.17056 -95.2503 3.02408 0.0555316
-6.17422 -95.0473 3.02198 0.000807589
-6.16828 -95.5822 3.02446 0.101341
-6.27073 -95.3022 3.02279 0.0944434
-6.27073 -95.3022 3.02279 0.0944434
-6.33124 -95.3032 3.02169 0.0730481
-6.15739 -95.3588 3.02943 0.179491
-6.16828 -95.5822 3.02446 0.101341
-6.16828 -95.5822 3.02446 0.101341
-6.27073 -95.3022 3.02279 0.0944434
-6.04931 -95.2663 3.03061 0.0657979
-6.35362 -95.2645 3.02162 0.0471693
-6.15739 -95.3588 3.02943 0.179491
-6.29303 -95.4817 3.03003 0.10396
-6.45853 -95.2254 3.01989 0.0115569
-6.2884 -95.6014 3.03141 0.0247834
-6.26817 -95.6226 3.02929 0.0483599
-6.15739 -95.3588 3.02943 0.179491
-6.29303 -95.4817 3.03003 0.10396
-6.16828 -95.5822 3.02446 0.101341
-6.16828 -95.5822 3.02446 0.101341
-6.27073 -95.3022 3.02279 0.0944434
-6.27073 -95.3022 3.02279 0.0944434
-6.33124 -95.3032 3.02169 0.0730481
-6.40799 -95.328 3.01912 0.0354155
-6.15739 -95.3588 3.02943 0.179491
-6.2884 -95.6014 3.03141 0.0247834
-6.27073 -95.3022 3.02279 0.0944434
-6.04931 -95.2663 3.03061 0.0657979
-6.35362 -95.2645 3.02162 0.0471693
-6.15739 -95.3588 3.02943 0.179491
-6.29303 -95.4817 3.03003 0.10396
-6.25959 -95.3877 3.03323 0.0469219
-6.33124 -95.3032 3.02169 0.0730481
-6.33124 -95.3032 3.02169 0.0730481
-6.35362 -95.2645 3.02162 0.0471693
-6.40799 -95.328 3.01912 0.0354155
-6.29303 -95.4817 3.03003 0.10396
-6.26817 -95.6226 3.02929 0.0483599
-6.35362 -95.2645 3.02162 0.0471693
-6.15739 -95.3588 3.02943 0.179491
-6.27073 -95.3022 3.02279 0.0944434
-6.25959 -95.3877 3.03323 0.0469219
-6.35362 -95.2645 3.02162 0.0471693
-6.15739 -95.3588 3.02943 0.179491
-6.45853 -95.2254 3.01989 0.0115569
-6.45853 -95.2254 3.01989 0.0115569
-6.16828 -95.5822 3.02446 0.101341
-6.25959 -95.3877 3.03323 0.0469219
-6.04931 -95.2663 3.03061 0.0657979
-6.15739 -95.3588 3.02943 0.179491
-6.29303 -95.4817 3.03003 0.10396
-6.26817 -95.6226 3.02929 0.0483599
-6.40799 -95.328 3.01912 0.0354155
-6.15739 -95.3588 3.02943 0.179491
-6.09637 -95.6231 3.02659 0.0515808
-6.16828 -95.5822 3.02446 0.101341
-6.16828 -95.5822 3.02446 0.101341
-6.27073 -95.3022 3.02279 0.0944434
-6.31682 -95.3349 3.03453 0.0129712
-6.33124 -95.3032 3.02169 0.0730481
-6.15739 -95.3588 3.02943 0.179491
-6.16828 -95.5822 3.02446 0.101341
-6.27073 -95.3022 3.02279 0.0944434
-6.17056 -95.2503 3.02408 0.0555316
-6.15739 -95.3588 3.02943 0.179491
-6.29303 -95.4817 3.03003 0.10396
-6.16828 -95.5822 3.02446 0.101341
-6.25959 -95.3877 3.03323 0.0469219
-6.18899 -95.0212 3.02044 0.000210323
-6.17056 -95.2503 3.02408 0.0555316
-6.09637 -95.6231 3.02659 0.0515808
-6.16828 -95.5822 3.02446 0.101341
-6.04931 -95.2663 3.03061 0.0657979
-6.04931 -95.2663 3.03061 0.0657979
-6.17056 -95.2503 3.02408 0.0555316
-6.09637 -95.6231 3.02659 0.0515808
-5.94167 -95.3895 3.03758 0.00821799
-6.16828 -95.5822 3.02446 0.101341
-6.27073 -95.3022 3.02279 0.0944434
-6.33124 -95.3032 3.02169 0.0730481
-6.35362 -95.2645 3.02162 0.0471693
-6.60756 -95.3914 3.02395 0.00989577
-6.15739 -95.3588 3.02943 0.179491
-6.29303 -95.4817 3.03003 0.10396
-6.27073 -95.3022 3.02279 0.0944434
-6.17056 -95.2503 3.02408 0.0555316
-6.15739 -95.3588 3.02943 0.179491
-6.09637 -95.6231 3.02659 0.0515808
-6.16828 -95.5822 3.02446 0.101341
-6.27073 -95.3022 3.02279 0.0944434
-6.33124 -95.3032 3.02169 0.0730481
-6.40799 -95.328 3.01912 0.0354155
-6.40799 -95.328 3.01912 0.0354155
-6.40799 -95.328 3.01912 0.0354155
-6.29303 -95.4817 3.03003 0.10396
-6.16828 -95.5822 3.02446 0.101341
-6.2884 -95.6014 3.03141 0.0247834
