204.43 -9.66515 3.0749 0.0738636
204.249 -9.60907 3.07341 0.143288
204.109 -9.54945 3.08339 0.00380849
204.147 -9.63172 3.06852 0.0690049
204.471 -9.59724 3.08093 0.0653324
204.492 -9.70867 3.07382 0.0267377
204.292 -9.88507 3.07267 0.0482916
204.335 -9.76566 3.0686 0.032212
204.249 -9.60907 3.07341 0.143288
204.249 -9.60907 3.07341 0.143288
204.249 -9.60907 3.07341 0.143288
204.249 -9.60907 3.07341 0.143288
203.99 -9.96208 3.07272 0.00515314
204.254 -9.78448 3.06932 0.0754945
204.495 -9.82454 3.08064 0.014359
204.375 -9.78518 3.07235 0.0586957
204.371 -9.40111 3.08202 0.0268121
204.249 -9.60907 3.07341 0.143288
204.37 -9.88825 3.07129 0.0233035
204.147 -9.63172 3.06852 0.0690049
204.103 -9.58717 3.07512 0.0739238
204.471 -9.59724 3.08093 0.0653324
204.481 -9.76013 3.07794 0.040668
204.335 -9.76566 3.0686 0.032212
204.249 -9.60907 3.07341 0.143288
204.21 -9.46931 3.07373 0.0493426
204.147 -9.63172 3.06852 0.0690049
204.103 -9.58717 3.07512 0.0739238
204.471 -9.59724 3.08093 0.0653324
204.471 -9.59724 3.08093 0.0653324
204.375 -9.78518 3.07235 0.0586957
204.43 -9.66515 3.0749 0.0738636
204.249 -9.60907 3.07341 0.143288
204.526 -9.97888 3.0763 0.00154911
204.471 -9.59724 3.08093 0.0653324
204.481 -9.76013 3.07794 0.040668
204.371 -9.40111 3.08202 0.0268121
204.249 -9.60907 3.07341 0.143288
204.147 -9.63172 3.06852 0.0690049
204.254 -9.78448 3.06932 0.0754945
204.254 -9.78448 3.06932 0.0754945
204.254 -9.78448 3.06932 0.0754945
204.471 -9.59724 3.08093 0.0653324
204.375 -9.78518 3.07235 0.0586957
204.371 -9.40111 3.08202 0.0268121
204.371 -9.40111 3.08202 0.0268121
204.21 -9.46931 3.07373 0.0493426
204.254 -9.78448 3.06932 0.0754945
204.471 -9.59724 3.08093 0.0653324
204.371 -9.40111 3.08202 0.0268121
204.249 -9.60907 3.07341 0.143288
204.249 -9.60907 3.07341 0.143288
204.151 -9.52682 3.08008 0.0290737
204.254 -9.78448 3.06932 0.0754945
204.254 -9.78448 3.06932 0.0754945
204.044 -9.45835 3.06795 0.00716863
204.471 -9.59724 3.08093 0.0653324
204.481 -9.76013 3.07794 0.040668
204.335 -9.76566 3.0686 0.032212
204.37 -9.88825 3.07129 0.0233035
204.103 -9.58717 3.07512 0.0739238
204.342 -9.8261 3.08176 0.0149111
204.492 -9.70867 3.07382 0.0267377
204.481 -9.76013 3.07794 0.040668
204.43 -9.66515 3.0749 0.0738636
204.151 -9.52682 3.08008 0.0290737
204.147 -9.63172 3.06852 0.0690049
204.342 -9.8261 3.08176 0.0149111
204.471 -9.59724 3.08093 0.0653324
204.603 -9.39209 3.08574 0.00631729
204.481 -9.76013 3.07794 0.040668
204.335 -9.76566 3.0686 0.032212
204.37 -9.88825 3.07129 0.0233035
204.103 -9.58717 3.07512 0.0739238
204.375 -9.78518 3.07235 0.0586957
204.43 -9.66515 3.0749 0.0738636
204.249 -9.60907 3.07341 0.143288
204.254 -9.78448 3.06932 0.0754945
204.065 -9.52867 3.07687 0.0262588
204.292 -9.88507 3.07267 0.0482916
204.292 -9.88507 3.07267 0.0482916
204.43 -9.66515 3.0749 0.0738636
204.21 -9.46931 3.07373 0.0493426
204.147 -9.63172 3.06852 0.0690049
204.103 -9.58717 3.07512 0.0739238
204.471 -9.59724 3.08093 0.0653324
204.481 -9.76013 3.07794 0.040668
204.481 -9.76013 3.07794 0.040668
204.249 -9.60907 3.07341 0.143288
204.21 -9.46931 3.07373 0.0493426
204.62 -9.87072 3.08228 0.00151567
204.471 -9.59724 3.08093 0.0653324
204.481 -9.76013 3.07794 0.040668
204.249 -9.60907 3.07341 0.143288
204.147 -9.63172 3.06852 0.0690049
204.065 -9.52867 3.07687 0.0262588
204.324 -9.36926 3.08339 0.012754
204.43 -9.66515 3.0749 0.0738636
204.249 -9.60907 3.07341 0.143288
203.883 -9.83673 3.0703 0.00867702
