-17.5793 -5.12326 0.645392 0.348152
-17.5793 -5.12326 0.645392 0.348152
-17.6242 -5.30442 0.64937 0.152501
-17.5793 -5.12326 0.645392 0.348152
-17.6242 -5.30442 0.64937 0.152501
-17.6647 -5.08529 0.646601 0.151278
-17.5793 -5.12326 0.645392 0.348152
-17.6242 -5.30442 0.64937 0.152501
-17.6621 -4.9392 0.639332 0.0273741
-17.5793 -5.12326 0.645392 0.348152
-17.5793 -5.12326 0.645392 0.348152
-17.6549 -5.24397 0.64466 0.204239
-17.5793 -5.12326 0.645392 0.348152
-17.6549 -5.24397 0.64466 0.204239
-17.6549 -5.24397 0.64466 0.204239
-17.6242 -5.30442 0.64937 0.152501
-17.6549 -5.24397 0.64466 0.204239
-17.6242 -5.30442 0.64937 0.152501
-17.6549 -5.24397 0.64466 0.204239
-17.5793 -5.12326 0.645392 0.348152
-17.6647 -5.08529 0.646601 0.151278
-17.6549 -5.24397 0.64466 0.204239
-17.5793 -5.12326 0.645392 0.348152
-17.6647 -5.08529 0.646601 0.151278
-17.5793 -5.12326 0.645392 0.348152
-17.6242 -5.30442 0.64937 0.152501
-17.5793 -5.12326 0.645392 0.348152
-17.5793 -5.12326 0.645392 0.348152
-17.5945 -4.97639 0.634207 0.0127606
-17.5793 -5.12326 0.645392 0.348152
-17.5793 -5.12326 0.645392 0.348152
-17.4914 -4.8546 0.645239 0.00353345
-17.6549 -5.24397 0.64466 0.204239
-17.6242 -5.30442 0.64937 0.152501
-17.7229 -4.94639 0.640702 0.0149428
-17.5793 -5.12326 0.645392 0.348152
-17.6242 -5.30442 0.64937 0.152501
-17.6549 -5.24397 0.64466 0.204239
-17.6549 -5.24397 0.64466 0.204239
-17.6242 -5.30442 0.64937 0.152501
-17.6647 -5.08529 0.646601 0.151278
-17.6549 -5.24397 0.64466 0.204239
-17.6647 -5.08529 0.646601 0.151278
-17.5793 -5.12326 0.645392 0.348152
-17.5793 -5.12326 0.645392 0.348152
-17.5793 -5.12326 0.645392 0.348152
-17.6647 -5.08529 0.646601 0.151278
-17.5143 -5.0474 0.64973 0.029538
-17.6549 -5.24397 0.64466 0.204239
-17.6549 -5.24397 0.64466 0.204239
-17.5793 -5.12326 0.645392 0.348152
-17.6549 -5.24397 0.64466 0.204239
-17.5793 -5.12326 0.645392 0.348152
-17.6549 -5.24397 0.64466 0.204239
-17.6242 -5.30442 0.64937 0.152501
-17.6549 -5.24397 0.64466 0.204239
-17.6549 -5.24397 0.64466 0.204239
-17.5793 -5.12326 0.645392 0.348152
-17.6242 -5.30442 0.64937 0.152501
-17.6647 -5.08529 0.646601 0.151278
-17.6549 -5.24397 0.64466 0.204239
-17.5793 -5.12326 0.645392 0.348152
-17.6647 -5.08529 0.646601 0.151278
-17.5793 -5.12326 0.645392 0.348152
-17.5793 -5.12326 0.645392 0.348152
-17.5793 -5.12326 0.645392 0.348152
-17.6549 -5.24397 0.64466 0.204239
-17.6242 -5.30442 0.64937 0.152501
-17.6549 -5.24397 0.64466 0.204239
-17.5793 -5.12326 0.645392 0.348152
-17.6549 -5.24397 0.64466 0.204239
-17.5793 -5.12326 0.645392 0.348152
-17.6549 -5.24397 0.64466 0.204239
-17.5793 -5.12326 0.645392 0.348152
-17.6242 -5.30442 0.64937 0.152501
-17.6549 -5.24397 0.64466 0.204239
-17.5793 -5.12326 0.645392 0.348152
-17.5793 -5.12326 0.645392 0.348152
-17.6647 -5.08529 0.646601 0.151278
-17.5793 -5.12326 0.645392 0.348152
-17.6647 -5.08529 0.646601 0.151278
-17.5793 -5.12326 0.645392 0.348152
-17.6647 -5.08529 0.646601 0.151278
-17.6621 -4.9392 0.639332 0.0273741
-17.6549 -5.24397 0.64466 0.204239
-17.5793 -5.12326 0.645392 0.348152
-17.6242 -5.30442 0.64937 0.152501
-17.6647 -5.08529 0.646601 0.151278
-17.5793 -5.12326 0.645392 0.348152
-17.6549 -5.24397 0.64466 0.204239
-17.5793 -5.12326 0.645392 0.348152
-17.5793 -5.12326 0.645392 0.348152
-17.6549 -5.24397 0.64466 0.204239
-17.6549 -5.24397 0.64466 0.204239
-17.7229 -4.94639 0.640702 0.0149428
-17.5793 -5.12326 0.645392 0.348152
-17.6242 -5.30442 0.64937 0.152501
-17.6242 -5.30442 0.64937 0.152501
-17.6549 -5.24397 0.64466 0.204239
-17.6242 -5.30442 0.64937 0.152501
