-38.1823 -39.2859 1.41033 0.151133
-38.29 -39.2978 1.4049 0.114359
-38.1218 -39.3039 1.41405 0.0463038
-38.2037 -39.3398 1.40824 0.174333
-38.2687 -39.3584 1.40434 0.0590791
-38.1823 -39.2859 1.41033 0.151133
-38.29 -39.2978 1.4049 0.114359
-38.1218 -39.3039 1.41405 0.0463038
-38.2037 -39.3398 1.40824 0.174333
-38.1823 -39.2859 1.41033 0.151133
-38.1971 -39.4872 1.41284 0.098596
-38.1092 -39.2613 1.41207 0.0540393
-38.0654 -39.3659 1.41482 0.0320581
-38.0654 -39.3659 1.41482 0.0320581
-38.2037 -39.3398 1.40824 0.174333
-38.1823 -39.2859 1.41033 0.151133
-38.1971 -39.4872 1.41284 0.098596
-38.1092 -39.2613 1.41207 0.0540393
-38.1613 -39.2632 1.4141 0.0373681
-38.2037 -39.3398 1.40824 0.174333
-38.2687 -39.3584 1.40434 0.0590791
-38.1823 -39.2859 1.41033 0.151133
-38.281 -39.3503 1.4052 0.093387
-38.1092 -39.2613 1.41207 0.0540393
-38.0654 -39.3659 1.41482 0.0320581
-38.2037 -39.3398 1.40824 0.174333
-38.2037 -39.3398 1.40824 0.174333
-38.1823 -39.2859 1.41033 0.151133
-38.29 -39.2978 1.4049 0.114359
-38.1092 -39.2613 1.41207 0.0540393
-38.1451 -38.9259 1.40346 0.00103678
-38.2037 -39.3398 1.40824 0.174333
-38.1823 -39.2859 1.41033 0.151133
-38.281 -39.3503 1.4052 0.093387
-38.1971 -39.4872 1.41284 0.098596
-38.3278 -39.2116 1.40985 0.0903744
-38.2687 -39.3584 1.40434 0.0590791
-38.281 -39.3503 1.4052 0.093387
-38.29 -39.2978 1.4049 0.114359
-38.1218 -39.3039 1.41405 0.0463038
-38.2687 -39.3584 1.40434 0.0590791
-38.1823 -39.2859 1.41033 0.151133
-38.1971 -39.4872 1.41284 0.098596
-38.1613 -39.2632 1.4141 0.0373681
-38.0654 -39.3659 1.41482 0.0320581
-38.1055 -39.1586 1.40427 0.0196841
-38.1971 -39.4872 1.41284 0.098596
-38.1971 -39.4872 1.41284 0.098596
-38.29 -39.2978 1.4049 0.114359
-38.2037 -39.3398 1.40824 0.174333
-38.2037 -39.3398 1.40824 0.174333
-38.1823 -39.2859 1.41033 0.151133
-38.1971 -39.4872 1.41284 0.098596
-38.3278 -39.2116 1.40985 0.0903744
-38.1218 -39.3039 1.41405 0.0463038
-38.2037 -39.3398 1.40824 0.174333
-38.1823 -39.2859 1.41033 0.151133
-38.29 -39.2978 1.4049 0.114359
-38.1613 -39.2632 1.4141 0.0373681
-38.2037 -39.3398 1.40824 0.174333
-38.1823 -39.2859 1.41033 0.151133
-38.29 -39.2978 1.4049 0.114359
-38.1218 -39.3039 1.41405 0.0463038
-38.2037 -39.3398 1.40824 0.174333
-38.1823 -39.2859 1.41033 0.151133
-38.1971 -39.4872 1.41284 0.098596
-38.29 -39.2978 1.4049 0.114359
-38.3278 -39.2116 1.40985 0.0903744
-38.2037 -39.3398 1.40824 0.174333
-38.2687 -39.3584 1.40434 0.0590791
-38.1823 -39.2859 1.41033 0.151133
-38.281 -39.3503 1.4052 0.093387
-38.1092 -39.2613 1.41207 0.0540393
-38.2037 -39.3398 1.40824 0.174333
-38.2687 -39.3584 1.40434 0.0590791
-38.281 -39.3503 1.4052 0.093387
-38.1971 -39.4872 1.41284 0.098596
-38.29 -39.2978 1.4049 0.114359
-38.1092 -39.2613 1.41207 0.0540393
-38.1218 -39.3039 1.41405 0.0463038
-38.0654 -39.3659 1.41482 0.0320581
-38.1823 -39.2859 1.41033 0.151133
-38.1823 -39.2859 1.41033 0.151133
-38.281 -39.3503 1.4052 0.093387
-38.281 -39.3503 1.4052 0.093387
-38.1613 -39.2632 1.4141 0.0373681
-38.1218 -39.3039 1.41405 0.0463038
-38.0654 -39.3659 1.41482 0.0320581
-38.3014 -39.2647 1.41835 0.00123038
-38.1823 -39.2859 1.41033 0.151133
-38.281 -39.3503 1.4052 0.093387
-38.29 -39.2978 1.4049 0.114359
-38.29 -39.2978 1.4049 0.114359
-38.1092 -39.2613 1.41207 0.0540393
-38.3278 -39.2116 1.40985 0.0903744
-38.0952 -39.4246 1.40442 0.00581675
-38.2037 -39.3398 1.40824 0.174333
-38.2687 -39.3584 1.40434 0.0590791
-38.1971 -39.4872 1.41284 0.098596
-38.3278 -39.2116 1.40985 0.0903744
