149.635 21.6302 0.0696805 0.126478
149.635 21.6302 0.0696805 0.126478
149.635 21.6302 0.0696805 0.126478
149.841 21.6416 0.0713796 0.215574
149.841 21.6416 0.0713796 0.215574
149.911 21.6827 0.0719551 0.0763315
149.635 21.6302 0.0696805 0.126478
149.635 21.6302 0.0696805 0.126478
149.841 21.6416 0.0713796 0.215574
149.69 21.6629 0.0671436 0.0745954
149.505 21.5075 0.0712815 0.0265153
149.635 21.6302 0.0696805 0.126478
149.988 21.5294 0.0673628 0.0219449
149.69 21.6629 0.0671436 0.0745954
149.814 21.7577 0.0719856 0.0810104
149.635 21.6302 0.0696805 0.126478
149.736 21.2875 0.065805 0.000380964
149.829 21.5595 0.0668998 0.0888103
149.841 21.6416 0.0713796 0.215574
149.788 21.4328 0.0799826 0.0338411
149.814 21.7577 0.0719856 0.0810104
149.829 21.5595 0.0668998 0.0888103
149.841 21.6416 0.0713796 0.215574
149.814 21.7577 0.0719856 0.0810104
149.814 21.7577 0.0719856 0.0810104
149.829 21.5595 0.0668998 0.0888103
149.829 21.5595 0.0668998 0.0888103
149.69 21.6629 0.0671436 0.0745954
149.814 21.7577 0.0719856 0.0810104
149.635 21.6302 0.0696805 0.126478
149.841 21.6416 0.0713796 0.215574
149.841 21.6416 0.0713796 0.215574
149.911 21.6827 0.0719551 0.0763315
149.829 21.5595 0.0668998 0.0888103
149.69 21.6629 0.0671436 0.0745954
149.814 21.7577 0.0719856 0.0810104
149.635 21.6302 0.0696805 0.126478
149.829 21.5595 0.0668998 0.0888103
149.829 21.5595 0.0668998 0.0888103
149.841 21.6416 0.0713796 0.215574
149.69 21.6629 0.0671436 0.0745954
149.911 21.6827 0.0719551 0.0763315
149.829 21.5595 0.0668998 0.0888103
149.841 21.6416 0.0713796 0.215574
149.505 21.5075 0.0712815 0.0265153
149.635 21.6302 0.0696805 0.126478
149.635 21.6302 0.0696805 0.126478
149.829 21.5595 0.0668998 0.0888103
149.656 21.8584 0.064985 0.00310969
149.979 21.8801 0.0656518 0.00284956
149.542 21.5754 0.0828616 0.00724047
149.953 21.621 0.0676825 0.0553237
149.841 21.6416 0.0713796 0.215574
149.69 21.6629 0.0671436 0.0745954
149.69 21.6629 0.0671436 0.0745954
149.911 21.6827 0.0719551 0.0763315
149.988 21.5294 0.0673628 0.0219449
149.841 21.6416 0.0713796 0.215574
149.814 21.7577 0.0719856 0.0810104
149.829 21.5595 0.0668998 0.0888103
149.841 21.6416 0.0713796 0.215574
149.911 21.6827 0.0719551 0.0763315
149.988 21.5294 0.0673628 0.0219449
149.784 21.6811 0.0801572 0.00742583
149.635 21.6302 0.0696805 0.126478
149.953 21.621 0.0676825 0.0553237
149.69 21.6629 0.0671436 0.0745954
149.505 21.5075 0.0712815 0.0265153
149.814 21.7577 0.0719856 0.0810104
149.635 21.6302 0.0696805 0.126478
149.841 21.6416 0.0713796 0.215574
149.814 21.7577 0.0719856 0.0810104
149.829 21.5595 0.0668998 0.0888103
149.69 21.6629 0.0671436 0.0745954
149.814 21.7577 0.0719856 0.0810104
149.814 21.7577 0.0719856 0.0810104
149.635 21.6302 0.0696805 0.126478
149.841 21.6416 0.0713796 0.215574
149.69 21.7513 0.0650193 0.0165319
149.823 21.5594 0.0643827 0.0226499
149.635 21.6302 0.0696805 0.126478
149.829 21.5595 0.0668998 0.0888103
149.953 21.621 0.0676825 0.0553237
149.841 21.6416 0.0713796 0.215574
149.69 21.6629 0.0671436 0.0745954
149.69 21.6629 0.0671436 0.0745954
149.814 21.7577 0.0719856 0.0810104
149.703 21.7761 0.0729997 0.0623563
149.841 21.6416 0.0713796 0.215574
149.799 21.726 0.0771178 0.0232071
149.635 21.6302 0.0696805 0.126478
149.953 21.621 0.0676825 0.0553237
149.841 21.6416 0.0713796 0.215574
149.788 21.4328 0.0799826 0.0338411
149.635 21.6302 0.0696805 0.126478
149.841 21.6416 0.0713796 0.215574
149.823 21.5594 0.0643827 0.0226499
149.703 21.7761 0.0729997 0.0623563
149.953 21.621 0.0676825 0.0553237
149.69 21.6629 0.0671436 0.0745954
