279.005 12.2931 5.03828 0.205867
279.264 12.2286 5.04137 0.0482857
278.983 12.2275 5.03016 0.155724
279.219 12.3673 5.04553 0.0635412
278.956 12.3805 5.04117 0.0871879
279.125 12.4779 5.03463 0.0593358
279.032 12.0355 5.02703 0.0293667
278.909 12.1339 5.03594 0.0350882
279.319 12.4993 5.03613 0.00629735
279.264 12.2286 5.04137 0.0482857
278.826 12.2114 5.02802 0.0171917
279.125 12.4779 5.03463 0.0593358
278.909 12.1339 5.03594 0.0350882
279.062 12.3033 5.04483 0.100888
279.219 12.3673 5.04553 0.0635412
279.032 12.0355 5.02703 0.0293667
279.232 12.5884 5.03603 0.0111522
279.062 12.3033 5.04483 0.100888
279.219 12.3673 5.04553 0.0635412
278.826 12.2114 5.02802 0.0171917
279.005 12.2931 5.03828 0.205867
279.005 12.2931 5.03828 0.205867
279.062 12.3033 5.04483 0.100888
278.983 12.2275 5.03016 0.155724
278.983 12.2275 5.03016 0.155724
278.826 12.2114 5.02802 0.0171917
279.032 12.0355 5.02703 0.0293667
278.911 12.4477 5.03752 0.0363414
279.264 12.2286 5.04137 0.0482857
279.219 12.3673 5.04553 0.0635412
278.956 12.3805 5.04117 0.0871879
279.005 12.2931 5.03828 0.205867
279.005 12.2931 5.03828 0.205867
278.909 12.1339 5.03594 0.0350882
278.983 12.2275 5.03016 0.155724
279.219 12.3673 5.04553 0.0635412
278.956 12.3805 5.04117 0.0871879
279.125 12.4779 5.03463 0.0593358
279.005 12.2931 5.03828 0.205867
279.062 12.3033 5.04483 0.100888
279.062 12.3033 5.04483 0.100888
279.264 12.2286 5.04137 0.0482857
279.264 12.2286 5.04137 0.0482857
278.956 12.3805 5.04117 0.0871879
278.884 12.1634 5.03695 0.0296773
278.884 12.1634 5.03695 0.0296773
279.005 12.2931 5.03828 0.205867
279.232 12.5884 5.03603 0.0111522
279.062 12.3033 5.04483 0.100888
279.062 12.3033 5.04483 0.100888
278.983 12.2275 5.03016 0.155724
278.983 12.2275 5.03016 0.155724
278.884 12.1634 5.03695 0.0296773
279.005 12.2931 5.03828 0.205867
279.016 12.5518 5.04108 0.0309417
278.983 12.2275 5.03016 0.155724
279.005 12.2931 5.03828 0.205867
278.911 12.4477 5.03752 0.0363414
278.909 12.1339 5.03594 0.0350882
279.219 12.3673 5.04553 0.0635412
278.956 12.3805 5.04117 0.0871879
279.005 12.2931 5.03828 0.205867
278.969 12.3963 5.05348 0.00350648
278.983 12.2275 5.03016 0.155724
279.125 12.4779 5.03463 0.0593358
279.005 12.2931 5.03828 0.205867
279.264 12.2286 5.04137 0.0482857
279.219 12.3673 5.04553 0.0635412
279.125 12.4779 5.03463 0.0593358
278.911 12.4477 5.03752 0.0363414
279.264 12.2286 5.04137 0.0482857
278.983 12.2275 5.03016 0.155724
278.983 12.2275 5.03016 0.155724
279.125 12.4779 5.03463 0.0593358
279.005 12.2931 5.03828 0.205867
278.909 12.1339 5.03594 0.0350882
278.983 12.2275 5.03016 0.155724
279.005 12.2931 5.03828 0.205867
279.062 12.3033 5.04483 0.100888
279.062 12.3033 5.04483 0.100888
278.983 12.2275 5.03016 0.155724
279.005 12.2931 5.03828 0.205867
279.062 12.3033 5.04483 0.100888
278.983 12.2275 5.03016 0.155724
278.956 12.3805 5.04117 0.0871879
279.005 12.2931 5.03828 0.205867
279.062 12.3033 5.04483 0.100888
278.983 12.2275 5.03016 0.155724
278.983 12.2275 5.03016 0.155724
278.826 12.2114 5.02802 0.0171917
279.32 12.168 5.03293 0.017759
279.125 12.4779 5.03463 0.0593358
279.125 12.4779 5.03463 0.0593358
278.915 12.3345 5.01668 0.00102548
278.983 12.2275 5.03016 0.155724
278.956 12.3805 5.04117 0.0871879
279.032 12.0355 5.02703 0.0293667
278.909 12.1339 5.03594 0.0350882
279.062 12.3033 5.04483 0.100888
278.983 12.2275 5.03016 0.155724
