140.375 20.9763 0.0675802 0.232596
140.371 20.7605 0.0661867 0.0292985
140.343 20.8838 0.0689786 0.149296
140.375 20.9763 0.0675802 0.232596
140.705 20.7265 0.0686032 0.0175078
140.78 21.0387 0.0666585 0.0453665
140.713 20.7919 0.06416 0.0349789
140.452 20.9383 0.0739524 0.121094
140.343 20.8838 0.0689786 0.149296
140.407 21.0233 0.0747231 0.0480632
140.407 21.0233 0.0747231 0.0480632
140.494 20.8168 0.0653252 0.146474
140.452 20.9383 0.0739524 0.121094
140.391 20.7888 0.0647309 0.0316261
140.375 20.9763 0.0675802 0.232596
140.375 20.9763 0.0675802 0.232596
140.452 20.9383 0.0739524 0.121094
140.391 20.7888 0.0647309 0.0316261
140.343 20.8838 0.0689786 0.149296
140.78 21.0387 0.0666585 0.0453665
140.494 20.8168 0.0653252 0.146474
140.502 20.9068 0.0771322 0.0135327
140.78 21.0387 0.0666585 0.0453665
140.494 20.8168 0.0653252 0.146474
140.343 20.8838 0.0689786 0.149296
140.375 20.9763 0.0675802 0.232596
140.375 20.9763 0.0675802 0.232596
140.452 20.9383 0.0739524 0.121094
140.78 21.0387 0.0666585 0.0453665
140.375 20.9763 0.0675802 0.232596
140.375 20.9763 0.0675802 0.232596
140.375 20.9763 0.0675802 0.232596
140.494 20.8168 0.0653252 0.146474
140.452 20.9383 0.0739524 0.121094
140.407 21.0233 0.0747231 0.0480632
140.375 20.9763 0.0675802 0.232596
140.494 20.8168 0.0653252 0.146474
140.494 20.8168 0.0653252 0.146474
140.494 20.8168 0.0653252 0.146474
140.544 21.2668 0.0666152 0.0176543
140.343 20.8838 0.0689786 0.149296
140.375 20.9763 0.0675802 0.232596
140.494 20.8168 0.0653252 0.146474
140.343 20.8838 0.0689786 0.149296
140.343 20.8838 0.0689786 0.149296
140.713 20.7919 0.06416 0.0349789
140.494 20.8168 0.0653252 0.146474
140.494 20.8168 0.0653252 0.146474
140.452 20.9383 0.0739524 0.121094
140.407 21.0233 0.0747231 0.0480632
140.375 20.9763 0.0675802 0.232596
140.494 20.8168 0.0653252 0.146474
140.452 20.9383 0.0739524 0.121094
140.407 21.0233 0.0747231 0.0480632
140.494 20.8168 0.0653252 0.146474
140.544 21.2668 0.0666152 0.0176543
140.375 20.9763 0.0675802 0.232596
140.494 20.8168 0.0653252 0.146474
140.613 20.7574 0.0622852 0.0185734
140.266 20.7604 0.0759826 0.00655385
140.343 20.8838 0.0689786 0.149296
140.375 20.9763 0.0675802 0.232596
140.371 20.7605 0.0661867 0.0292985
140.343 20.8838 0.0689786 0.149296
140.375 20.9763 0.0675802 0.232596
140.371 20.7605 0.0661867 0.0292985
140.452 20.9383 0.0739524 0.121094
140.407 21.0233 0.0747231 0.0480632
140.494 20.8168 0.0653252 0.146474
140.789 21.1513 0.0675852 0.00973778
140.789 21.1513 0.0675852 0.00973778
140.375 20.9763 0.0675802 0.232596
140.494 20.8168 0.0653252 0.146474
140.494 20.8168 0.0653252 0.146474
140.371 20.7605 0.0661867 0.0292985
140.371 20.7605 0.0661867 0.0292985
140.391 20.7888 0.0647309 0.0316261
140.407 21.0233 0.0747231 0.0480632
140.494 20.8168 0.0653252 0.146474
140.494 20.8168 0.0653252 0.146474
140.384 20.606 0.0703812 0.00329415
140.375 20.9763 0.0675802 0.232596
140.375 20.9763 0.0675802 0.232596
140.375 20.9763 0.0675802 0.232596
140.452 20.9383 0.0739524 0.121094
140.531 20.6468 0.0644305 0.00427299
140.343 20.8838 0.0689786 0.149296
140.375 20.9763 0.0675802 0.232596
140.452 20.9383 0.0739524 0.121094
140.343 20.8838 0.0689786 0.149296
140.494 20.8168 0.0653252 0.146474
140.452 20.9383 0.0739524 0.121094
140.343 20.8838 0.0689786 0.149296
140.343 20.8838 0.0689786 0.149296
140.375 20.9763 0.0675802 0.232596
140.494 20.8168 0.0653252 0.146474
140.494 20.8168 0.0653252 0.146474
140.343 20.8838 0.0689786 0.149296
140.375 20.9763 0.0675802 0.232596
140.494 20.8168 0.0653252 0.146474
