276.099 -7.72493 4.1763 0.272439
275.881 -7.6475 4.17041 0.0590358
276.349 -7.66643 4.18206 0.172861
276.221 -7.56401 4.18255 0.0928915
276.098 -7.63094 4.17711 0.179742
276.099 -7.72493 4.1763 0.272439
276.099 -7.72493 4.1763 0.272439
276.098 -7.63094 4.17711 0.179742
275.881 -7.6475 4.17041 0.0590358
276.098 -7.63094 4.17711 0.179742
276.099 -7.72493 4.1763 0.272439
276.099 -7.72493 4.1763 0.272439
276.349 -7.66643 4.18206 0.172861
276.221 -7.56401 4.18255 0.0928915
275.81 -7.84992 4.17347 0.0107785
276.099 -7.72493 4.1763 0.272439
276.173 -7.98015 4.18074 0.0146397
276.057 -7.89329 4.17793 0.0581519
276.099 -7.72493 4.1763 0.272439
276.099 -7.72493 4.1763 0.272439
275.844 -7.62411 4.17335 0.0192975
276.173 -7.98015 4.18074 0.0146397
276.098 -7.63094 4.17711 0.179742
276.099 -7.72493 4.1763 0.272439
276.099 -7.72493 4.1763 0.272439
276.098 -7.63094 4.17711 0.179742
276.057 -7.89329 4.17793 0.0581519
276.099 -7.72493 4.1763 0.272439
276.349 -7.66643 4.18206 0.172861
276.098 -7.63094 4.17711 0.179742
276.057 -7.89329 4.17793 0.0581519
275.945 -7.93025 4.17667 0.013191
276.349 -7.66643 4.18206 0.172861
276.221 -7.56401 4.18255 0.0928915
276.164 -7.49464 4.18359 0.0186058
275.844 -7.62411 4.17335 0.0192975
276.098 -7.63094 4.17711 0.179742
275.81 -7.84992 4.17347 0.0107785
275.987 -7.44004 4.1794 0.00217042
276.349 -7.66643 4.18206 0.172861
276.098 -7.63094 4.17711 0.179742
276.098 -7.63094 4.17711 0.179742
276.099 -7.72493 4.1763 0.272439
276.099 -7.72493 4.1763 0.272439
276.349 -7.66643 4.18206 0.172861
276.098 -7.63094 4.17711 0.179742
276.022 -7.65097 4.18148 0.0282595
276.099 -7.72493 4.1763 0.272439
276.349 -7.66643 4.18206 0.172861
276.221 -7.56401 4.18255 0.0928915
276.099 -7.72493 4.1763 0.272439
276.349 -7.66643 4.18206 0.172861
276.221 -7.56401 4.18255 0.0928915
276.098 -7.63094 4.17711 0.179742
275.881 -7.6475 4.17041 0.0590358
276.098 -7.63094 4.17711 0.179742
276.099 -7.72493 4.1763 0.272439
276.099 -7.72493 4.1763 0.272439
276.098 -7.63094 4.17711 0.179742
276.098 -7.63094 4.17711 0.179742
276.164 -7.49464 4.18359 0.0186058
276.099 -7.72493 4.1763 0.272439
276.349 -7.66643 4.18206 0.172861
276.221 -7.56401 4.18255 0.0928915
276.099 -7.72493 4.1763 0.272439
276.349 -7.66643 4.18206 0.172861
276.098 -7.63094 4.17711 0.179742
276.099 -7.72493 4.1763 0.272439
276.221 -7.56401 4.18255 0.0928915
276.221 -7.56401 4.18255 0.0928915
276.221 -7.56401 4.18255 0.0928915
276.098 -7.63094 4.17711 0.179742
276.099 -7.72493 4.1763 0.272439
276.349 -7.66643 4.18206 0.172861
276.099 -7.72493 4.1763 0.272439
276.349 -7.66643 4.18206 0.172861
276.098 -7.63094 4.17711 0.179742
276.098 -7.63094 4.17711 0.179742
276.098 -7.63094 4.17711 0.179742
276.099 -7.72493 4.1763 0.272439
276.173 -7.98015 4.18074 0.0146397
276.349 -7.66643 4.18206 0.172861
276.349 -7.66643 4.18206 0.172861
276.057 -7.89329 4.17793 0.0581519
276.415 -7.5758 4.19129 0.0255277
276.349 -7.66643 4.18206 0.172861
276.349 -7.66643 4.18206 0.172861
276.099 -7.72493 4.1763 0.272439
276.349 -7.66643 4.18206 0.172861
276.349 -7.66643 4.18206 0.172861
276.221 -7.56401 4.18255 0.0928915
276.098 -7.63094 4.17711 0.179742
276.099 -7.72493 4.1763 0.272439
276.099 -7.72493 4.1763 0.272439
276.099 -7.72493 4.1763 0.272439
276.349 -7.66643 4.18206 0.172861
276.098 -7.63094 4.17711 0.179742
276.099 -7.72493 4.1763 0.272439
276.099 -7.72493 4.1763 0.272439
276.221 -7.56401 4.18255 0.0928915
