267.173 -13.8238 3.80754 0.177225
267.214 -13.9805 3.80908 0.0911181
267.214 -13.9805 3.80908 0.0911181
267.051 -13.8861 3.80313 0.124134
267.321 -13.6765 3.81185 0.0393347
267.127 -13.8387 3.80306 0.140851
267.228 -13.5858 3.80902 0.011836
267.228 -13.5858 3.80902 0.011836
267.32 -13.835 3.80521 0.0566579
267.173 -13.8238 3.80754 0.177225
267.051 -13.8861 3.80313 0.124134
267.36 -13.8256 3.80561 0.0380816
267.36 -13.8256 3.80561 0.0380816
267.127 -13.8387 3.80306 0.140851
267.173 -13.8238 3.80754 0.177225
266.853 -13.9095 3.79958 0.0307138
267.214 -13.9805 3.80908 0.0911181
267.188 -13.6108 3.80674 0.0248871
267.051 -13.8861 3.80313 0.124134
267.36 -13.8256 3.80561 0.0380816
267.32 -13.835 3.80521 0.0566579
267.009 -13.7632 3.81055 0.00451881
266.853 -13.9095 3.79958 0.0307138
267.051 -13.8861 3.80313 0.124134
267.093 -13.7659 3.81051 0.0241026
267.36 -13.8256 3.80561 0.0380816
267.127 -13.8387 3.80306 0.140851
267.173 -13.8238 3.80754 0.177225
267.214 -13.9805 3.80908 0.0911181
267.051 -13.8861 3.80313 0.124134
267.106 -13.8415 3.7979 0.0206662
267.36 -13.8256 3.80561 0.0380816
267.283 -13.8212 3.80462 0.0696573
267.283 -13.8212 3.80462 0.0696573
267.173 -13.8238 3.80754 0.177225
267.214 -13.9805 3.80908 0.0911181
267.051 -13.8861 3.80313 0.124134
267.051 -13.8861 3.80313 0.124134
267.36 -13.8256 3.80561 0.0380816
267.32 -13.835 3.80521 0.0566579
267.173 -13.8238 3.80754 0.177225
267.051 -13.8861 3.80313 0.124134
267.051 -13.8861 3.80313 0.124134
267.127 -13.8387 3.80306 0.140851
267.283 -13.8212 3.80462 0.0696573
267.173 -13.8238 3.80754 0.177225
267.173 -13.8238 3.80754 0.177225
267.051 -13.8861 3.80313 0.124134
267.226 -13.9458 3.81288 0.0525174
267.36 -13.8256 3.80561 0.0380816
267.127 -13.8387 3.80306 0.140851
267.173 -13.8238 3.80754 0.177225
267.051 -13.8861 3.80313 0.124134
267.093 -13.7659 3.81051 0.0241026
267.283 -13.8212 3.80462 0.0696573
267.173 -13.8238 3.80754 0.177225
267.214 -13.9805 3.80908 0.0911181
267.226 -13.9458 3.81288 0.0525174
267.127 -13.8387 3.80306 0.140851
267.283 -13.8212 3.80462 0.0696573
267.214 -13.9805 3.80908 0.0911181
267.093 -13.7659 3.81051 0.0241026
267.36 -13.8256 3.80561 0.0380816
267.283 -13.8212 3.80462 0.0696573
267.173 -13.8238 3.80754 0.177225
267.188 -13.6108 3.80674 0.0248871
267.36 -13.8256 3.80561 0.0380816
267.228 -13.5858 3.80902 0.011836
266.853 -13.9095 3.79958 0.0307138
266.853 -13.9095 3.79958 0.0307138
266.753 -13.8922 3.79808 0.0121468
267.214 -13.9805 3.80908 0.0911181
267.188 -13.6108 3.80674 0.0248871
267.226 -13.9458 3.81288 0.0525174
267.321 -13.6765 3.81185 0.0393347
267.127 -13.8387 3.80306 0.140851
267.283 -13.8212 3.80462 0.0696573
267.214 -13.9805 3.80908 0.0911181
267.226 -13.9458 3.81288 0.0525174
267.127 -13.8387 3.80306 0.140851
267.173 -13.8238 3.80754 0.177225
266.853 -13.9095 3.79958 0.0307138
267.188 -13.6108 3.80674 0.0248871
267.051 -13.8861 3.80313 0.124134
267.127 -13.8387 3.80306 0.140851
267.283 -13.8212 3.80462 0.0696573
267.009 -13.7632 3.81055 0.00451881
267.226 -13.9458 3.81288 0.0525174
267.127 -13.8387 3.80306 0.140851
267.173 -13.8238 3.80754 0.177225
267.173 -13.8238 3.80754 0.177225
267.214 -13.9805 3.80908 0.0911181
267.36 -13.8256 3.80561 0.0380816
267.283 -13.8212 3.80462 0.0696573
266.853 -13.9095 3.79958 0.0307138
267.214 -13.9805 3.80908 0.0911181
267.214 -13.9805 3.80908 0.0911181
267.106 -13.8415 3.7979 0.0206662
267.127 -13.8387 3.80306 0.140851
267.173 -13.8238 3.80754 0.177225
