162.979 22.9399 0.0791989 0.0846457
162.879 22.8558 0.0797019 0.226081
162.696 22.6627 0.0823696 0.0465713
162.779 22.8976 0.0809173 0.0673944
162.825 22.7033 0.0760546 0.0300327
162.879 22.8558 0.0797019 0.226081
162.879 22.8558 0.0797019 0.226081
162.879 22.8558 0.0797019 0.226081
162.649 22.6923 0.0832797 0.023412
162.995 22.7669 0.0767741 0.164921
162.674 22.7944 0.0873739 0.0267005
162.979 22.9399 0.0791989 0.0846457
162.879 22.8558 0.0797019 0.226081
162.754 22.756 0.0801096 0.0963792
162.995 22.7669 0.0767741 0.164921
162.995 22.7669 0.0767741 0.164921
162.995 22.7669 0.0767741 0.164921
162.879 22.8558 0.0797019 0.226081
162.692 22.8852 0.0821404 0.0221096
162.995 22.7669 0.0767741 0.164921
162.879 22.8558 0.0797019 0.226081
162.879 22.8558 0.0797019 0.226081
162.995 22.7669 0.0767741 0.164921
162.949 22.7873 0.0892416 0.0362222
162.879 22.8558 0.0797019 0.226081
162.726 22.6565 0.082337 0.0775455
162.696 22.6627 0.0823696 0.0465713
162.696 22.6627 0.0823696 0.0465713
162.707 22.6579 0.0898328 0.0180213
162.879 22.8558 0.0797019 0.226081
162.692 22.8852 0.0821404 0.0221096
162.995 22.7669 0.0767741 0.164921
162.674 22.7944 0.0873739 0.0267005
162.949 22.7873 0.0892416 0.0362222
162.726 22.6565 0.082337 0.0775455
162.649 22.6923 0.0832797 0.023412
162.995 22.7669 0.0767741 0.164921
162.879 22.8558 0.0797019 0.226081
162.754 22.756 0.0801096 0.0963792
162.995 22.7669 0.0767741 0.164921
162.696 22.4897 0.0783964 0.000562952
162.879 22.8558 0.0797019 0.226081
162.726 22.6565 0.082337 0.0775455
162.754 22.756 0.0801096 0.0963792
162.995 22.7669 0.0767741 0.164921
162.879 22.8558 0.0797019 0.226081
162.726 22.6565 0.082337 0.0775455
162.995 22.7669 0.0767741 0.164921
162.674 22.7944 0.0873739 0.0267005
162.779 22.8976 0.0809173 0.0673944
162.879 22.8558 0.0797019 0.226081
162.879 22.8558 0.0797019 0.226081
162.661 22.7601 0.0872758 0.0257449
162.726 22.6565 0.082337 0.0775455
162.674 22.7944 0.0873739 0.0267005
162.879 22.8558 0.0797019 0.226081
162.692 22.8852 0.0821404 0.0221096
162.995 22.7669 0.0767741 0.164921
162.707 22.6579 0.0898328 0.0180213
162.879 22.8558 0.0797019 0.226081
162.879 22.8558 0.0797019 0.226081
162.726 22.6565 0.082337 0.0775455
162.754 22.756 0.0801096 0.0963792
162.779 22.8976 0.0809173 0.0673944
162.879 22.8558 0.0797019 0.226081
162.661 22.7601 0.0872758 0.0257449
162.995 22.7669 0.0767741 0.164921
162.779 22.8976 0.0809173 0.0673944
162.979 22.9399 0.0791989 0.0846457
162.979 22.9399 0.0791989 0.0846457
162.979 22.9399 0.0791989 0.0846457
162.879 22.8558 0.0797019 0.226081
162.995 22.7669 0.0767741 0.164921
162.825 22.7033 0.0760546 0.0300327
162.879 22.8558 0.0797019 0.226081
162.726 22.6565 0.082337 0.0775455
162.995 22.7669 0.0767741 0.164921
162.674 22.7944 0.0873739 0.0267005
162.949 22.7873 0.0892416 0.0362222
162.879 22.8558 0.0797019 0.226081
162.879 22.8558 0.0797019 0.226081
162.879 22.8558 0.0797019 0.226081
162.995 22.7669 0.0767741 0.164921
162.779 22.8976 0.0809173 0.0673944
162.879 22.8558 0.0797019 0.226081
162.754 22.756 0.0801096 0.0963792
162.949 22.7873 0.0892416 0.0362222
162.879 22.8558 0.0797019 0.226081
162.879 22.8558 0.0797019 0.226081
162.754 22.756 0.0801096 0.0963792
162.995 22.7669 0.0767741 0.164921
162.995 22.7669 0.0767741 0.164921
162.879 22.8558 0.0797019 0.226081
162.879 22.8558 0.0797019 0.226081
162.879 22.8558 0.0797019 0.226081
162.995 22.7669 0.0767741 0.164921
162.979 22.9399 0.0791989 0.0846457
162.879 22.8558 0.0797019 0.226081
162.726 22.6565 0.082337 0.0775455
162.674 22.7944 0.0873739 0.0267005
