-13.6655 -2.69446 0.564448 0.411983
-13.4794 -2.60685 0.559565 0.0430166
-13.6655 -2.69446 0.564448 0.411983
-13.6257 -2.77663 0.566299 0.218625
-13.6655 -2.69446 0.564448 0.411983
-13.8766 -2.71417 0.55973 0.0123606
-13.6257 -2.77663 0.566299 0.218625
-13.6655 -2.69446 0.564448 0.411983
-13.6655 -2.69446 0.564448 0.411983
-13.6655 -2.69446 0.564448 0.411983
-13.6655 -2.69446 0.564448 0.411983
-13.4611 -2.62597 0.558177 0.0242118
-13.6655 -2.69446 0.564448 0.411983
-13.9862 -2.74017 0.570764 0.0352772
-13.6257 -2.77663 0.566299 0.218625
-13.6257 -2.77663 0.566299 0.218625
-13.6655 -2.69446 0.564448 0.411983
-13.6511 -2.47261 0.559955 0.0628192
-13.6655 -2.69446 0.564448 0.411983
-13.6257 -2.77663 0.566299 0.218625
-13.6257 -2.77663 0.566299 0.218625
-13.6257 -2.77663 0.566299 0.218625
-13.6655 -2.69446 0.564448 0.411983
-13.9223 -2.62831 0.565708 0.0662678
-13.6655 -2.69446 0.564448 0.411983
-13.6257 -2.77663 0.566299 0.218625
-13.6511 -2.47261 0.559955 0.0628192
-13.6655 -2.69446 0.564448 0.411983
-13.6655 -2.69446 0.564448 0.411983
-13.7808 -2.93384 0.573269 0.0271801
-13.7023 -2.72797 0.556533 0.0144178
-13.6655 -2.69446 0.564448 0.411983
-13.9862 -2.74017 0.570764 0.0352772
-13.6511 -2.47261 0.559955 0.0628192
-13.4611 -2.62597 0.558177 0.0242118
-13.6655 -2.69446 0.564448 0.411983
-13.6257 -2.77663 0.566299 0.218625
-13.6655 -2.69446 0.564448 0.411983
-13.6655 -2.69446 0.564448 0.411983
-13.6257 -2.77663 0.566299 0.218625
-13.6655 -2.69446 0.564448 0.411983
-13.6655 -2.69446 0.564448 0.411983
-13.4611 -2.62597 0.558177 0.0242118
-13.6511 -2.47261 0.559955 0.0628192
-13.6655 -2.69446 0.564448 0.411983
-13.6511 -2.47261 0.559955 0.0628192
-13.6257 -2.77663 0.566299 0.218625
-13.6655 -2.69446 0.564448 0.411983
-13.8766 -2.71417 0.55973 0.0123606
-13.7808 -2.93384 0.573269 0.0271801
-13.6655 -2.69446 0.564448 0.411983
-13.9223 -2.62831 0.565708 0.0662678
-13.6655 -2.69446 0.564448 0.411983
-13.6511 -2.47261 0.559955 0.0628192
-13.9223 -2.62831 0.565708 0.0662678
-13.6511 -2.47261 0.559955 0.0628192
-13.6655 -2.69446 0.564448 0.411983
-13.6655 -2.69446 0.564448 0.411983
-13.4794 -2.60685 0.559565 0.0430166
-13.7808 -2.93384 0.573269 0.0271801
-13.6655 -2.69446 0.564448 0.411983
-13.6655 -2.69446 0.564448 0.411983
-13.6655 -2.69446 0.564448 0.411983
-13.6257 -2.77663 0.566299 0.218625
-13.6511 -2.47261 0.559955 0.0628192
-13.6655 -2.69446 0.564448 0.411983
-13.6257 -2.77663 0.566299 0.218625
-13.4794 -2.60685 0.559565 0.0430166
-13.6655 -2.69446 0.564448 0.411983
-13.6257 -2.77663 0.566299 0.218625
-13.6655 -2.69446 0.564448 0.411983
-13.6655 -2.69446 0.564448 0.411983
-13.9223 -2.62831 0.565708 0.0662678
-13.6655 -2.69446 0.564448 0.411983
-13.6655 -2.69446 0.564448 0.411983
-13.6655 -2.69446 0.564448 0.411983
-13.6257 -2.77663 0.566299 0.218625
-13.6655 -2.69446 0.564448 0.411983
-13.6511 -2.47261 0.559955 0.0628192
-13.6655 -2.69446 0.564448 0.411983
-13.4794 -2.60685 0.559565 0.0430166
-13.9223 -2.62831 0.565708 0.0662678
-13.6257 -2.77663 0.566299 0.218625
-13.6257 -2.77663 0.566299 0.218625
-13.6655 -2.69446 0.564448 0.411983
-13.6655 -2.69446 0.564448 0.411983
-13.6655 -2.69446 0.564448 0.411983
-13.6257 -2.77663 0.566299 0.218625
-13.6655 -2.69446 0.564448 0.411983
-13.6257 -2.77663 0.566299 0.218625
-13.6655 -2.69446 0.564448 0.411983
-13.6257 -2.77663 0.566299 0.218625
-13.6257 -2.77663 0.566299 0.218625
-13.6655 -2.69446 0.564448 0.411983
-13.6655 -2.69446 0.564448 0.411983
-13.8766 -2.71417 0.55973 0.0123606
-13.6511 -2.47261 0.559955 0.0628192
-13.6511 -2.47261 0.559955 0.0628192
-13.6655 -2.69446 0.564448 0.411983
-13.6655 -2.69446 0.564448 0.411983
