271.217 22.3268 5.59423 0.109609
271.195 22.2578 5.60427 0.0069595
271.289 22.399 5.59309 0.190921
271.217 22.4232 5.59388 0.0999246
271.392 22.5092 5.5936 0.0870225
271.216 22.3081 5.59702 0.0911082
271.195 22.2578 5.60427 0.0069595
271.289 22.399 5.59309 0.190921
271.217 22.4232 5.59388 0.0999246
271.174 22.7001 5.59312 0.000370899
271.227 22.2107 5.59421 0.0447131
271.262 22.3308 5.59891 0.111549
271.262 22.3308 5.59891 0.111549
271.289 22.399 5.59309 0.190921
271.503 22.2279 5.58614 0.0249835
271.217 22.4232 5.59388 0.0999246
271.484 22.2406 5.58996 0.057995
271.217 22.3268 5.59423 0.109609
271.289 22.399 5.59309 0.190921
271.392 22.5092 5.5936 0.0870225
271.216 22.3081 5.59702 0.0911082
271.336 22.4563 5.59054 0.11504
271.217 22.3268 5.59423 0.109609
271.289 22.399 5.59309 0.190921
271.392 22.5092 5.5936 0.0870225
271.216 22.3081 5.59702 0.0911082
271.217 22.3268 5.59423 0.109609
271.262 22.3308 5.59891 0.111549
271.217 22.4232 5.59388 0.0999246
271.336 22.4563 5.59054 0.11504
271.217 22.3268 5.59423 0.109609
271.289 22.399 5.59309 0.190921
271.217 22.4232 5.59388 0.0999246
271.336 22.4563 5.59054 0.11504
271.277 22.1191 5.59888 0.00588072
271.262 22.3308 5.59891 0.111549
271.289 22.399 5.59309 0.190921
271.289 22.399 5.59309 0.190921
271.289 22.399 5.59309 0.190921
271.484 22.2406 5.58996 0.057995
271.336 22.4563 5.59054 0.11504
271.217 22.3268 5.59423 0.109609
271.289 22.399 5.59309 0.190921
271.217 22.4232 5.59388 0.0999246
271.336 22.4563 5.59054 0.11504
271.262 22.3308 5.59891 0.111549
271.262 22.3308 5.59891 0.111549
271.217 22.4232 5.59388 0.0999246
271.336 22.4563 5.59054 0.11504
271.262 22.3308 5.59891 0.111549
271.217 22.4232 5.59388 0.0999246
271.336 22.4563 5.59054 0.11504
271.217 22.3268 5.59423 0.109609
271.262 22.3308 5.59891 0.111549
271.217 22.4232 5.59388 0.0999246
271.217 22.4232 5.59388 0.0999246
271.216 22.3081 5.59702 0.0911082
271.606 22.3626 5.58378 0.00444681
271.262 22.3308 5.59891 0.111549
271.289 22.399 5.59309 0.190921
271.503 22.2279 5.58614 0.0249835
271.484 22.2406 5.58996 0.057995
271.217 22.3268 5.59423 0.109609
271.195 22.2578 5.60427 0.0069595
271.289 22.399 5.59309 0.190921
271.484 22.2406 5.58996 0.057995
271.336 22.4563 5.59054 0.11504
271.217 22.3268 5.59423 0.109609
271.227 22.2107 5.59421 0.0447131
271.227 22.2107 5.59421 0.0447131
271.289 22.399 5.59309 0.190921
271.503 22.2279 5.58614 0.0249835
271.484 22.2406 5.58996 0.057995
271.217 22.3268 5.59423 0.109609
271.217 22.3268 5.59423 0.109609
271.217 22.3268 5.59423 0.109609
271.227 22.2107 5.59421 0.0447131
271.289 22.399 5.59309 0.190921
271.289 22.399 5.59309 0.190921
271.289 22.399 5.59309 0.190921
271.217 22.4232 5.59388 0.0999246
271.392 22.5092 5.5936 0.0870225
271.217 22.3268 5.59423 0.109609
271.262 22.3308 5.59891 0.111549
271.262 22.3308 5.59891 0.111549
271.289 22.399 5.59309 0.190921
271.289 22.399 5.59309 0.190921
271.392 22.5092 5.5936 0.0870225
271.336 22.4563 5.59054 0.11504
271.217 22.3268 5.59423 0.109609
271.262 22.3308 5.59891 0.111549
271.262 22.3308 5.59891 0.111549
271.262 22.3308 5.59891 0.111549
271.217 22.4232 5.59388 0.0999246
271.336 22.4563 5.59054 0.11504
271.217 22.3268 5.59423 0.109609
271.217 22.3268 5.59423 0.109609
271.289 22.399 5.59309 0.190921
271.217 22.4232 5.59388 0.0999246
271.336 22.4563 5.59054 0.11504
