221.301 26.6416 0.0736908 0.168269
221.598 26.6443 0.0648629 0.0941631
221.249 26.4928 0.0773672 0.0258548
221.579 26.5084 0.0744697 0.216661
221.301 26.6416 0.0736908 0.168269
221.252 26.6068 0.0753582 0.0720635
221.249 26.4928 0.0773672 0.0258548
221.579 26.5084 0.0744697 0.216661
221.301 26.6416 0.0736908 0.168269
221.252 26.6068 0.0753582 0.0720635
221.252 26.6068 0.0753582 0.0720635
221.727 26.3627 0.0688724 0.0111071
221.579 26.5084 0.0744697 0.216661
221.468 26.7616 0.0657416 0.0472254
221.598 26.6443 0.0648629 0.0941631
221.724 26.5965 0.0653975 0.0441473
221.579 26.5084 0.0744697 0.216661
221.598 26.6443 0.0648629 0.0941631
221.727 26.3627 0.0688724 0.0111071
221.579 26.5084 0.0744697 0.216661
221.41 26.8372 0.076213 0.0301824
221.598 26.6443 0.0648629 0.0941631
221.588 26.7888 0.0768098 0.0258714
221.585 26.335 0.0762048 0.00911218
221.301 26.6416 0.0736908 0.168269
221.301 26.6416 0.0736908 0.168269
221.501 26.7756 0.0769251 0.0576073
221.398 26.8718 0.0761777 0.0147307
221.579 26.5084 0.0744697 0.216661
221.301 26.6416 0.0736908 0.168269
221.598 26.6443 0.0648629 0.0941631
221.393 26.3139 0.0739511 0.0182427
221.588 26.7888 0.0768098 0.0258714
221.579 26.5084 0.0744697 0.216661
221.301 26.6416 0.0736908 0.168269
221.724 26.5965 0.0653975 0.0441473
221.579 26.5084 0.0744697 0.216661
221.579 26.5084 0.0744697 0.216661
221.301 26.6416 0.0736908 0.168269
221.252 26.6068 0.0753582 0.0720635
221.249 26.4928 0.0773672 0.0258548
221.579 26.5084 0.0744697 0.216661
221.579 26.5084 0.0744697 0.216661
221.468 26.7616 0.0657416 0.0472254
221.598 26.6443 0.0648629 0.0941631
221.579 26.5084 0.0744697 0.216661
221.388 26.5504 0.0650081 0.041781
221.436 26.6532 0.0641604 0.0371736
221.501 26.7756 0.0769251 0.0576073
221.579 26.5084 0.0744697 0.216661
221.105 26.772 0.072754 0.000805696
221.436 26.6532 0.0641604 0.0371736
221.501 26.7756 0.0769251 0.0576073
221.579 26.5084 0.0744697 0.216661
221.579 26.5084 0.0744697 0.216661
221.579 26.5084 0.0744697 0.216661
221.579 26.5084 0.0744697 0.216661
221.598 26.6443 0.0648629 0.0941631
221.724 26.5965 0.0653975 0.0441473
221.468 26.7616 0.0657416 0.0472254
221.301 26.6416 0.0736908 0.168269
221.398 26.8718 0.0761777 0.0147307
221.579 26.5084 0.0744697 0.216661
221.468 26.7616 0.0657416 0.0472254
221.436 26.6532 0.0641604 0.0371736
221.579 26.5084 0.0744697 0.216661
221.579 26.5084 0.0744697 0.216661
221.301 26.6416 0.0736908 0.168269
221.301 26.6416 0.0736908 0.168269
221.398 26.8718 0.0761777 0.0147307
221.588 26.7888 0.0768098 0.0258714
221.579 26.5084 0.0744697 0.216661
221.598 26.6443 0.0648629 0.0941631
221.249 26.4928 0.0773672 0.0258548
221.388 26.5504 0.0650081 0.041781
221.301 26.6416 0.0736908 0.168269
221.301 26.6416 0.0736908 0.168269
221.252 26.6068 0.0753582 0.0720635
221.689 26.748 0.0642034 0.0153858
221.724 26.5965 0.0653975 0.0441473
221.579 26.5084 0.0744697 0.216661
221.598 26.6443 0.0648629 0.0941631
221.724 26.5965 0.0653975 0.0441473
221.585 26.335 0.0762048 0.00911218
221.579 26.5084 0.0744697 0.216661
221.301 26.6416 0.0736908 0.168269
221.301 26.6416 0.0736908 0.168269
221.301 26.6416 0.0736908 0.168269
221.252 26.6068 0.0753582 0.0720635
221.224 26.8603 0.0710391 0.00255586
221.588 26.7888 0.0768098 0.0258714
221.468 26.7616 0.0657416 0.0472254
221.301 26.6416 0.0736908 0.168269
221.393 26.3139 0.0739511 0.0182427
221.724 26.5965 0.0653975 0.0441473
221.579 26.5084 0.0744697 0.216661
221.388 26.5504 0.0650081 0.041781
221.436 26.6532 0.0641604 0.0371736
221.489 26.5626 0.0799244 0.0304979
221.579 26.5084 0.0744697 0.216661
