76.1115 -39.3115 3.72428 0.00827904
76.1023 -39.6699 3.72066 0.260953
76.1023 -39.6699 3.72066 0.260953
76.195 -39.7089 3.7247 0.0464336
76.2877 -39.7657 3.72008 0.00604237
75.9663 -39.4801 3.72387 0.251329
76.1955 -39.4913 3.72557 0.0807771
76.1023 -39.6699 3.72066 0.260953
76.195 -39.7089 3.7247 0.0464336
75.9663 -39.4801 3.72387 0.251329
75.9663 -39.4801 3.72387 0.251329
76.1466 -39.8086 3.72089 0.0563615
76.0485 -39.537 3.73376 0.00455628
76.1955 -39.4913 3.72557 0.0807771
76.1023 -39.6699 3.72066 0.260953
76.195 -39.7089 3.7247 0.0464336
76.1955 -39.4913 3.72557 0.0807771
76.2245 -39.7618 3.72429 0.0136193
76.1466 -39.8086 3.72089 0.0563615
76.1023 -39.6699 3.72066 0.260953
76.0957 -39.7948 3.72175 0.103318
75.9663 -39.4801 3.72387 0.251329
76.1023 -39.6699 3.72066 0.260953
75.9663 -39.4801 3.72387 0.251329
76.1023 -39.6699 3.72066 0.260953
76.0957 -39.7948 3.72175 0.103318
76.0957 -39.7948 3.72175 0.103318
75.9663 -39.4801 3.72387 0.251329
76.1955 -39.4913 3.72557 0.0807771
76.1023 -39.6699 3.72066 0.260953
75.9663 -39.4801 3.72387 0.251329
75.9663 -39.4801 3.72387 0.251329
76.0785 -39.8039 3.71661 0.0540539
76.2301 -39.5746 3.71917 0.0129376
76.0957 -39.7948 3.72175 0.103318
76.1955 -39.4913 3.72557 0.0807771
76.1115 -39.3115 3.72428 0.00827904
75.7788 -39.7099 3.71832 0.00824263
76.0957 -39.7948 3.72175 0.103318
76.3463 -39.756 3.7242 0.000595932
75.9663 -39.4801 3.72387 0.251329
76.1023 -39.6699 3.72066 0.260953
76.0957 -39.7948 3.72175 0.103318
76.1955 -39.4913 3.72557 0.0807771
76.1023 -39.6699 3.72066 0.260953
76.1023 -39.6699 3.72066 0.260953
75.9435 -39.8783 3.7157 0.0166511
76.195 -39.7089 3.7247 0.0464336
75.9663 -39.4801 3.72387 0.251329
75.9663 -39.4801 3.72387 0.251329
76.1466 -39.8086 3.72089 0.0563615
76.1023 -39.6699 3.72066 0.260953
76.0957 -39.7948 3.72175 0.103318
75.9663 -39.4801 3.72387 0.251329
75.9663 -39.4801 3.72387 0.251329
76.1023 -39.6699 3.72066 0.260953
76.0957 -39.7948 3.72175 0.103318
75.9663 -39.4801 3.72387 0.251329
76.1115 -39.3115 3.72428 0.00827904
76.0957 -39.7948 3.72175 0.103318
75.9663 -39.4801 3.72387 0.251329
76.1023 -39.6699 3.72066 0.260953
75.7788 -39.7099 3.71832 0.00824263
75.9663 -39.4801 3.72387 0.251329
76.1567 -39.8142 3.72833 0.000682291
76.1023 -39.6699 3.72066 0.260953
75.9663 -39.4801 3.72387 0.251329
75.9663 -39.4801 3.72387 0.251329
76.0785 -39.8039 3.71661 0.0540539
75.7788 -39.7099 3.71832 0.00824263
76.1122 -39.666 3.71628 0.0270123
76.2245 -39.7618 3.72429 0.0136193
76.0957 -39.7948 3.72175 0.103318
76.195 -39.7089 3.7247 0.0464336
75.9663 -39.4801 3.72387 0.251329
76.2493 -39.672 3.72818 0.00420575
76.0957 -39.7948 3.72175 0.103318
75.9663 -39.4801 3.72387 0.251329
76.1023 -39.6699 3.72066 0.260953
76.1023 -39.6699 3.72066 0.260953
76.2301 -39.5746 3.71917 0.0129376
75.9663 -39.4801 3.72387 0.251329
76.1023 -39.6699 3.72066 0.260953
76.1023 -39.6699 3.72066 0.260953
75.9663 -39.4801 3.72387 0.251329
76.1955 -39.4913 3.72557 0.0807771
76.0957 -39.7948 3.72175 0.103318
75.9663 -39.4801 3.72387 0.251329
76.0785 -39.8039 3.71661 0.0540539
76.0957 -39.7948 3.72175 0.103318
75.9435 -39.8783 3.7157 0.0166511
76.1955 -39.4913 3.72557 0.0807771
76.1023 -39.6699 3.72066 0.260953
76.2569 -39.5529 3.72102 0.0143754
76.1955 -39.4913 3.72557 0.0807771
76.1023 -39.6699 3.72066 0.260953
76.1023 -39.6699 3.72066 0.260953
76.0957 -39.7948 3.72175 0.103318
75.9663 -39.4801 3.72387 0.251329
76.1023 -39.6699 3.72066 0.260953
