29.2027 -82.7769 3.87845 0.151242
29.146 -82.5571 3.87619 0.113016
29.0626 -82.8153 3.88051 0.148733
28.9834 -82.646 3.87945 0.223694
29.2027 -82.7769 3.87845 0.151242
29.146 -82.5571 3.87619 0.113016
28.9834 -82.646 3.87945 0.223694
28.9834 -82.646 3.87945 0.223694
29.2027 -82.7769 3.87845 0.151242
29.0626 -82.8153 3.88051 0.148733
28.9278 -82.7495 3.88059 0.0380044
29.2027 -82.7769 3.87845 0.151242
29.2027 -82.7769 3.87845 0.151242
29.3148 -82.8237 3.88413 0.103704
28.9278 -82.7495 3.88059 0.0380044
28.9834 -82.646 3.87945 0.223694
29.4356 -82.794 3.8858 0.0296441
29.2027 -82.7769 3.87845 0.151242
29.2027 -82.7769 3.87845 0.151242
29.2027 -82.7769 3.87845 0.151242
29.2027 -82.7769 3.87845 0.151242
29.0626 -82.8153 3.88051 0.148733
28.9834 -82.646 3.87945 0.223694
28.9834 -82.646 3.87945 0.223694
28.9834 -82.646 3.87945 0.223694
29.2027 -82.7769 3.87845 0.151242
29.146 -82.5571 3.87619 0.113016
28.9834 -82.646 3.87945 0.223694
28.9631 -82.3881 3.87616 0.00695359
29.2027 -82.7769 3.87845 0.151242
29.3148 -82.8237 3.88413 0.103704
29.0626 -82.8153 3.88051 0.148733
29.4356 -82.794 3.8858 0.0296441
29.3148 -82.8237 3.88413 0.103704
29.146 -82.5571 3.87619 0.113016
29.0626 -82.8153 3.88051 0.148733
29.0626 -82.8153 3.88051 0.148733
28.9834 -82.646 3.87945 0.223694
29.4356 -82.794 3.8858 0.0296441
29.3148 -82.8237 3.88413 0.103704
28.9834 -82.646 3.87945 0.223694
28.821 -82.7075 3.8691 0.000409185
29.146 -82.5571 3.87619 0.113016
29.0626 -82.8153 3.88051 0.148733
29.0626 -82.8153 3.88051 0.148733
28.9834 -82.646 3.87945 0.223694
28.9834 -82.646 3.87945 0.223694
29.4356 -82.794 3.8858 0.0296441
29.146 -82.5571 3.87619 0.113016
29.146 -82.5571 3.87619 0.113016
28.9834 -82.646 3.87945 0.223694
29.2027 -82.7769 3.87845 0.151242
29.146 -82.5571 3.87619 0.113016
29.0626 -82.8153 3.88051 0.148733
28.9834 -82.646 3.87945 0.223694
29.3148 -82.8237 3.88413 0.103704
29.146 -82.5571 3.87619 0.113016
28.9834 -82.646 3.87945 0.223694
28.9834 -82.646 3.87945 0.223694
29.2027 -82.7769 3.87845 0.151242
29.146 -82.5571 3.87619 0.113016
28.9278 -82.7495 3.88059 0.0380044
28.9278 -82.7495 3.88059 0.0380044
28.9834 -82.646 3.87945 0.223694
29.3148 -82.8237 3.88413 0.103704
29.0626 -82.8153 3.88051 0.148733
28.9834 -82.646 3.87945 0.223694
28.9818 -82.8535 3.88013 0.0302493
29.3148 -82.8237 3.88413 0.103704
29.3169 -82.7844 3.87926 0.0415609
28.9278 -82.7495 3.88059 0.0380044
28.9834 -82.646 3.87945 0.223694
29.2027 -82.7769 3.87845 0.151242
29.146 -82.5571 3.87619 0.113016
29.146 -82.5571 3.87619 0.113016
29.3169 -82.7844 3.87926 0.0415609
28.9278 -82.7495 3.88059 0.0380044
29.2027 -82.7769 3.87845 0.151242
29.3148 -82.8237 3.88413 0.103704
29.0635 -82.6762 3.88557 0.0248527
28.9278 -82.7495 3.88059 0.0380044
28.9834 -82.646 3.87945 0.223694
29.2027 -82.7769 3.87845 0.151242
28.9818 -82.8535 3.88013 0.0302493
29.3148 -82.8237 3.88413 0.103704
29.0626 -82.8153 3.88051 0.148733
28.9834 -82.646 3.87945 0.223694
29.2027 -82.7769 3.87845 0.151242
29.146 -82.5571 3.87619 0.113016
28.9834 -82.646 3.87945 0.223694
29.2027 -82.7769 3.87845 0.151242
29.3169 -82.7844 3.87926 0.0415609
29.0626 -82.8153 3.88051 0.148733
28.9278 -82.7495 3.88059 0.0380044
29.2027 -82.7769 3.87845 0.151242
29.3169 -82.7844 3.87926 0.0415609
29.0626 -82.8153 3.88051 0.148733
28.9834 -82.646 3.87945 0.223694
28.9834 -82.646 3.87945 0.223694
28.9104 -82.6535 3.88352 0.00351382
