153.49 22.1298 0.0766042 0.0888104
153.536 22.3044 0.0827976 0.0995142
153.179 22.1678 0.0841418 0.0508222
153.577 22.1287 0.0791488 0.178872
153.478 21.9705 0.0806842 0.126299
153.45 22.3518 0.0866189 0.0284004
153.293 21.9617 0.0908514 0.0764905
153.26 22.2092 0.0799334 0.0492214
153.478 21.9705 0.0806842 0.126299
153.536 22.3044 0.0827976 0.0995142
153.179 22.1678 0.0841418 0.0508222
153.453 22.4022 0.0840712 0.0205432
153.577 22.1287 0.0791488 0.178872
153.268 21.8856 0.0807802 0.00770577
153.435 22.4272 0.0828987 0.0142872
153.478 21.9705 0.0806842 0.126299
153.293 21.9617 0.0908514 0.0764905
153.179 22.1678 0.0841418 0.0508222
153.453 22.4022 0.0840712 0.0205432
153.657 22.1868 0.0858279 0.0277787
153.508 22.422 0.085008 0.00746108
153.49 22.1298 0.0766042 0.0888104
153.293 21.9617 0.0908514 0.0764905
153.577 22.1287 0.0791488 0.178872
153.26 22.2092 0.0799334 0.0492214
153.478 21.9705 0.0806842 0.126299
153.478 21.9705 0.0806842 0.126299
153.293 21.9617 0.0908514 0.0764905
153.577 22.1287 0.0791488 0.178872
153.672 22.1408 0.077187 0.0413102
153.241 22.4973 0.0877304 0.000229769
153.478 21.9705 0.0806842 0.126299
153.536 22.3044 0.0827976 0.0995142
153.577 22.1287 0.0791488 0.178872
153.657 22.1868 0.0858279 0.0277787
153.478 21.9705 0.0806842 0.126299
153.49 22.1298 0.0766042 0.0888104
153.49 22.1298 0.0766042 0.0888104
153.378 21.903 0.0778315 0.00698242
153.681 22.0384 0.0833466 0.0362831
153.577 22.1287 0.0791488 0.178872
153.593 22.3666 0.0741806 0.00688177
153.268 21.8856 0.0807802 0.00770577
153.379 22.306 0.0918975 0.00538757
153.49 22.1298 0.0766042 0.0888104
153.179 22.1678 0.0841418 0.0508222
153.453 22.4022 0.0840712 0.0205432
153.577 22.1287 0.0791488 0.178872
153.435 22.4272 0.0828987 0.0142872
153.478 21.9705 0.0806842 0.126299
153.536 22.3044 0.0827976 0.0995142
153.681 22.0384 0.0833466 0.0362831
153.657 22.1868 0.0858279 0.0277787
153.379 22.306 0.0918975 0.00538757
153.49 22.1298 0.0766042 0.0888104
153.49 22.1298 0.0766042 0.0888104
153.293 21.9617 0.0908514 0.0764905
153.681 22.0384 0.0833466 0.0362831
153.577 22.1287 0.0791488 0.178872
153.26 22.2092 0.0799334 0.0492214
153.657 22.1868 0.0858279 0.0277787
153.478 21.9705 0.0806842 0.126299
153.49 22.1298 0.0766042 0.0888104
153.179 22.1678 0.0841418 0.0508222
153.657 22.1868 0.0858279 0.0277787
153.268 21.8856 0.0807802 0.00770577
153.478 21.9705 0.0806842 0.126299
153.536 22.3044 0.0827976 0.0995142
153.536 22.3044 0.0827976 0.0995142
153.293 21.9617 0.0908514 0.0764905
153.577 22.1287 0.0791488 0.178872
153.657 22.1868 0.0858279 0.0277787
153.12 22.0836 0.0888562 0.0261783
153.45 22.3518 0.0866189 0.0284004
153.453 22.4022 0.0840712 0.0205432
153.681 22.0384 0.0833466 0.0362831
153.681 22.0384 0.0833466 0.0362831
153.577 22.1287 0.0791488 0.178872
153.508 22.422 0.085008 0.00746108
153.478 21.9705 0.0806842 0.126299
153.45 22.3518 0.0866189 0.0284004
153.293 21.9617 0.0908514 0.0764905
153.593 22.3666 0.0741806 0.00688177
153.657 22.1868 0.0858279 0.0277787
153.12 22.0836 0.0888562 0.0261783
153.536 22.3044 0.0827976 0.0995142
153.577 22.1287 0.0791488 0.178872
153.577 22.1287 0.0791488 0.178872
153.672 22.1408 0.077187 0.0413102
153.672 22.1408 0.077187 0.0413102
153.478 21.9705 0.0806842 0.126299
153.293 21.9617 0.0908514 0.0764905
153.577 22.1287 0.0791488 0.178872
153.577 22.1287 0.0791488 0.178872
153.596 22.3396 0.085255 0.0149345
153.49 22.1298 0.0766042 0.0888104
153.293 21.9617 0.0908514 0.0764905
153.577 22.1287 0.0791488 0.178872
153.596 22.3396 0.085255 0.0149345
153.49 22.1298 0.0766042 0.0888104
