-39.2287 -47.9864 1.52332 0.078158
-39.1934 -47.6976 1.52339 0.0945175
-39.2126 -47.9228 1.51914 0.0369086
-39.0747 -47.7407 1.52882 0.0428477
-39.2262 -47.9614 1.53047 0.126287
-39.2262 -47.9614 1.53047 0.126287
-39.2262 -47.9614 1.53047 0.126287
-39.2301 -47.6381 1.51688 0.0307526
-39.4467 -48.0448 1.53049 0.0207674
-39.3239 -48.0708 1.53532 0.0182805
-39.2519 -48.0401 1.525 0.0661907
-39.2126 -47.9228 1.51914 0.0369086
-39.0747 -47.7407 1.52882 0.0428477
-39.4663 -47.7383 1.51695 0.0413303
-39.2262 -47.9614 1.53047 0.126287
-39.4041 -48.0383 1.52943 0.0406226
-39.1934 -47.6976 1.52339 0.0945175
-39.3239 -48.0708 1.53532 0.0182805
-39.3239 -48.0708 1.53532 0.0182805
-39.2126 -47.9228 1.51914 0.0369086
-39.2856 -48.1196 1.53318 0.0271938
-39.2639 -47.744 1.52813 0.105933
-39.2262 -47.9614 1.53047 0.126287
-39.2301 -47.6381 1.51688 0.0307526
-39.2287 -47.9864 1.52332 0.078158
-39.1934 -47.6976 1.52339 0.0945175
-39.3239 -48.0708 1.53532 0.0182805
-39.2126 -47.9228 1.51914 0.0369086
-39.2639 -47.744 1.52813 0.105933
-39.2639 -47.744 1.52813 0.105933
-39.2262 -47.9614 1.53047 0.126287
-39.2262 -47.9614 1.53047 0.126287
-39.2301 -47.6381 1.51688 0.0307526
-39.4467 -48.0448 1.53049 0.0207674
-39.2287 -47.9864 1.52332 0.078158
-39.1934 -47.6976 1.52339 0.0945175
-39.2678 -47.7192 1.53342 0.0150895
-39.2519 -48.0401 1.525 0.0661907
-39.0747 -47.7407 1.52882 0.0428477
-39.4663 -47.7383 1.51695 0.0413303
-39.2639 -47.744 1.52813 0.105933
-39.2262 -47.9614 1.53047 0.126287
-39.0171 -47.9304 1.53209 0.0359318
-39.1934 -47.6976 1.52339 0.0945175
-39.1067 -47.6664 1.52476 0.0391635
-39.2519 -48.0401 1.525 0.0661907
-39.2519 -48.0401 1.525 0.0661907
-39.0747 -47.7407 1.52882 0.0428477
-39.0197 -48.1023 1.52639 0.00756514
-39.4663 -47.7383 1.51695 0.0413303
-39.2301 -47.6381 1.51688 0.0307526
-39.5605 -47.5347 1.51508 0.00472415
-39.0699 -48.1138 1.51718 0.000173842
-39.1067 -47.6664 1.52476 0.0391635
-39.0747 -47.7407 1.52882 0.0428477
-39.2639 -47.744 1.52813 0.105933
-39.2262 -47.9614 1.53047 0.126287
-39.2301 -47.6381 1.51688 0.0307526
-39.2287 -47.9864 1.52332 0.078158
-39.1934 -47.6976 1.52339 0.0945175
-39.1067 -47.6664 1.52476 0.0391635
-39.2126 -47.9228 1.51914 0.0369086
-39.0747 -47.7407 1.52882 0.0428477
-39.2639 -47.744 1.52813 0.105933
-39.2639 -47.744 1.52813 0.105933
-39.2262 -47.9614 1.53047 0.126287
-39.2287 -47.9864 1.52332 0.078158
-39.2519 -48.0401 1.525 0.0661907
-39.2338 -47.6091 1.52564 0.0389184
-39.2639 -47.744 1.52813 0.105933
-39.2262 -47.9614 1.53047 0.126287
-39.4041 -48.0383 1.52943 0.0406226
-39.2287 -47.9864 1.52332 0.078158
-39.3239 -48.0708 1.53532 0.0182805
-39.2519 -48.0401 1.525 0.0661907
-39.0747 -47.7407 1.52882 0.0428477
-39.2283 -47.6211 1.51151 0.00358626
-39.2639 -47.744 1.52813 0.105933
-39.2639 -47.744 1.52813 0.105933
-39.2639 -47.744 1.52813 0.105933
-39.0171 -47.9304 1.53209 0.0359318
-39.1053 -47.8922 1.51956 0.0201963
-39.1934 -47.6976 1.52339 0.0945175
-39.1067 -47.6664 1.52476 0.0391635
-39.3459 -48.1079 1.52973 0.0320724
-39.2639 -47.744 1.52813 0.105933
-39.2639 -47.744 1.52813 0.105933
-39.2262 -47.9614 1.53047 0.126287
-39.1053 -47.8922 1.51956 0.0201963
-39.2287 -47.9864 1.52332 0.078158
-39.1934 -47.6976 1.52339 0.0945175
-39.2678 -47.7192 1.53342 0.0150895
-39.2519 -48.0401 1.525 0.0661907
-39.3459 -48.1079 1.52973 0.0320724
-39.6551 -47.764 1.52707 0.00170042
-39.2639 -47.744 1.52813 0.105933
-39.2262 -47.9614 1.53047 0.126287
-39.0171 -47.9304 1.53209 0.0359318
-39.1934 -47.6976 1.52339 0.0945175
-39.1934 -47.6976 1.52339 0.0945175
