255.247 28.5735 -0.00554767 0.0235601
255.373 28.8095 0.0062531 0.97644
255.373 28.8095 0.0062531 0.97644
255.373 28.8095 0.0062531 0.97644
255.373 28.8095 0.0062531 0.97644
255.373 28.8095 0.0062531 0.97644
255.373 28.8095 0.0062531 0.97644
255.373 28.8095 0.0062531 0.97644
255.373 28.8095 0.0062531 0.97644
255.373 28.8095 0.0062531 0.97644
255.373 28.8095 0.0062531 0.97644
255.373 28.8095 0.0062531 0.97644
255.373 28.8095 0.0062531 0.97644
255.373 28.8095 0.0062531 0.97644
255.373 28.8095 0.0062531 0.97644
255.373 28.8095 0.0062531 0.97644
255.373 28.8095 0.0062531 0.97644
255.373 28.8095 0.0062531 0.97644
255.373 28.8095 0.0062531 0.97644
255.373 28.8095 0.0062531 0.97644
255.373 28.8095 0.0062531 0.97644
255.373 28.8095 0.0062531 0.97644
255.373 28.8095 0.0062531 0.97644
255.373 28.8095 0.0062531 0.97644
255.373 28.8095 0.0062531 0.97644
255.373 28.8095 0.0062531 0.97644
255.373 28.8095 0.0062531 0.97644
255.373 28.8095 0.0062531 0.97644
255.373 28.8095 0.0062531 0.97644
255.373 28.8095 0.0062531 0.97644
255.373 28.8095 0.0062531 0.97644
255.373 28.8095 0.0062531 0.97644
255.373 28.8095 0.0062531 0.97644
255.373 28.8095 0.0062531 0.97644
255.373 28.8095 0.0062531 0.97644
255.373 28.8095 0.0062531 0.97644
255.373 28.8095 0.0062531 0.97644
255.373 28.8095 0.0062531 0.97644
255.373 28.8095 0.0062531 0.97644
255.373 28.8095 0.0062531 0.97644
255.373 28.8095 0.0062531 0.97644
255.373 28.8095 0.0062531 0.97644
255.373 28.8095 0.0062531 0.97644
255.373 28.8095 0.0062531 0.97644
255.373 28.8095 0.0062531 0.97644
255.373 28.8095 0.0062531 0.97644
255.373 28.8095 0.0062531 0.97644
255.373 28.8095 0.0062531 0.97644
255.373 28.8095 0.0062531 0.97644
255.373 28.8095 0.0062531 0.97644
255.373 28.8095 0.0062531 0.97644
255.373 28.8095 0.0062531 0.97644
255.373 28.8095 0.0062531 0.97644
255.373 28.8095 0.0062531 0.97644
255.373 28.8095 0.0062531 0.97644
255.373 28.8095 0.0062531 0.97644
255.373 28.8095 0.0062531 0.97644
255.373 28.8095 0.0062531 0.97644
255.373 28.8095 0.0062531 0.97644
255.373 28.8095 0.0062531 0.97644
255.373 28.8095 0.0062531 0.97644
255.373 28.8095 0.0062531 0.97644
255.373 28.8095 0.0062531 0.97644
255.373 28.8095 0.0062531 0.97644
255.373 28.8095 0.0062531 0.97644
255.373 28.8095 0.0062531 0.97644
255.373 28.8095 0.0062531 0.97644
255.373 28.8095 0.0062531 0.97644
255.373 28.8095 0.0062531 0.97644
255.373 28.8095 0.0062531 0.97644
255.373 28.8095 0.0062531 0.97644
255.373 28.8095 0.0062531 0.97644
255.373 28.8095 0.0062531 0.97644
255.373 28.8095 0.0062531 0.97644
255.373 28.8095 0.0062531 0.97644
255.373 28.8095 0.0062531 0.97644
255.373 28.8095 0.0062531 0.97644
255.373 28.8095 0.0062531 0.97644
255.373 28.8095 0.0062531 0.97644
255.373 28.8095 0.0062531 0.97644
255.373 28.8095 0.0062531 0.97644
255.373 28.8095 0.0062531 0.97644
255.373 28.8095 0.0062531 0.97644
255.373 28.8095 0.0062531 0.97644
255.373 28.8095 0.0062531 0.97644
255.373 28.8095 0.0062531 0.97644
255.373 28.8095 0.0062531 0.97644
255.373 28.8095 0.0062531 0.97644
255.373 28.8095 0.0062531 0.97644
255.373 28.8095 0.0062531 0.97644
255.373 28.8095 0.0062531 0.97644
255.373 28.8095 0.0062531 0.97644
255.373 28.8095 0.0062531 0.97644
255.373 28.8095 0.0062531 0.97644
255.373 28.8095 0.0062531 0.97644
255.373 28.8095 0.0062531 0.97644
255.373 28.8095 0.0062531 0.97644
255.373 28.8095 0.0062531 0.97644
255.373 28.8095 0.0062531 0.97644
255.373 28.8095 0.0062531 0.97644
