279.622 1.06803 4.557 0.141595
279.485 0.838586 4.54456 0.0315205
279.435 0.95616 4.54809 0.0744019
279.466 1.10688 4.5447 0.0535264
279.764 0.95847 4.55919 0.0452936
279.618 1.22249 4.55943 0.0542441
279.622 1.06803 4.557 0.141595
279.527 1.15344 4.55118 0.0990094
279.435 0.95616 4.54809 0.0744019
279.608 1.00718 4.54675 0.093603
279.608 1.00718 4.54675 0.093603
279.764 0.95847 4.55919 0.0452936
279.764 0.95847 4.55919 0.0452936
279.668 1.11987 4.55969 0.109131
279.711 1.00614 4.54889 0.0600593
279.527 1.15344 4.55118 0.0990094
279.435 0.95616 4.54809 0.0744019
279.608 1.00718 4.54675 0.093603
279.608 1.00718 4.54675 0.093603
279.466 1.10688 4.5447 0.0535264
279.764 0.95847 4.55919 0.0452936
279.668 1.11987 4.55969 0.109131
279.622 1.06803 4.557 0.141595
279.527 1.15344 4.55118 0.0990094
279.483 1.09437 4.54274 0.0368123
279.764 0.95847 4.55919 0.0452936
279.668 1.11987 4.55969 0.109131
279.618 1.22249 4.55943 0.0542441
279.711 1.00614 4.54889 0.0600593
279.622 1.06803 4.557 0.141595
279.527 1.15344 4.55118 0.0990094
279.527 1.15344 4.55118 0.0990094
279.485 0.838586 4.54456 0.0315205
279.435 0.95616 4.54809 0.0744019
279.608 1.00718 4.54675 0.093603
279.764 0.95847 4.55919 0.0452936
279.668 1.11987 4.55969 0.109131
279.622 1.06803 4.557 0.141595
279.622 1.06803 4.557 0.141595
279.527 1.15344 4.55118 0.0990094
279.761 0.989314 4.55145 0.0520106
279.761 0.989314 4.55145 0.0520106
279.466 1.10688 4.5447 0.0535264
279.466 1.10688 4.5447 0.0535264
279.668 1.11987 4.55969 0.109131
279.622 1.06803 4.557 0.141595
279.527 1.15344 4.55118 0.0990094
279.608 1.00718 4.54675 0.093603
279.668 1.11987 4.55969 0.109131
279.622 1.06803 4.557 0.141595
279.527 1.15344 4.55118 0.0990094
279.527 1.15344 4.55118 0.0990094
279.435 0.95616 4.54809 0.0744019
279.515 0.726181 4.54875 0.00408525
279.971 1.19724 4.56039 0.00636985
279.711 1.00614 4.54889 0.0600593
279.527 1.15344 4.55118 0.0990094
279.525 1.01545 4.56161 0.0100343
279.466 1.10688 4.5447 0.0535264
279.764 0.95847 4.55919 0.0452936
279.711 1.00614 4.54889 0.0600593
279.622 1.06803 4.557 0.141595
279.5 1.05499 4.55612 0.0630041
279.527 1.15344 4.55118 0.0990094
279.435 0.95616 4.54809 0.0744019
279.761 0.989314 4.55145 0.0520106
279.608 1.00718 4.54675 0.093603
279.764 0.95847 4.55919 0.0452936
279.668 1.11987 4.55969 0.109131
279.711 1.00614 4.54889 0.0600593
279.622 1.06803 4.557 0.141595
279.622 1.06803 4.557 0.141595
279.485 0.838586 4.54456 0.0315205
279.608 1.00718 4.54675 0.093603
279.668 1.11987 4.55969 0.109131
279.711 1.00614 4.54889 0.0600593
279.622 1.06803 4.557 0.141595
279.527 1.15344 4.55118 0.0990094
279.527 1.15344 4.55118 0.0990094
279.435 0.95616 4.54809 0.0744019
279.608 1.00718 4.54675 0.093603
279.668 1.11987 4.55969 0.109131
279.622 1.06803 4.557 0.141595
279.5 1.05499 4.55612 0.0630041
279.527 1.15344 4.55118 0.0990094
279.483 1.09437 4.54274 0.0368123
279.608 1.00718 4.54675 0.093603
279.668 1.11987 4.55969 0.109131
279.894 0.822348 4.56265 0.000725457
279.622 1.06803 4.557 0.141595
279.527 1.15344 4.55118 0.0990094
279.435 0.95616 4.54809 0.0744019
279.608 1.00718 4.54675 0.093603
279.608 1.00718 4.54675 0.093603
279.764 0.95847 4.55919 0.0452936
279.668 1.11987 4.55969 0.109131
279.618 1.22249 4.55943 0.0542441
279.711 1.00614 4.54889 0.0600593
279.622 1.06803 4.557 0.141595
279.527 1.15344 4.55118 0.0990094
