187.994 -9.50905 3.16069 0.114848
187.782 -9.59817 3.15909 0.0819397
188.111 -9.62254 3.16558 0.0319818
187.923 -9.44105 3.16887 0.0870953
188.015 -9.55509 3.16537 0.149076
187.994 -9.50905 3.16069 0.114848
187.87 -9.38484 3.16918 0.0395588
187.782 -9.59817 3.15909 0.0819397
187.777 -9.47511 3.16561 0.0656992
188.111 -9.62254 3.16558 0.0319818
187.93 -9.54596 3.1653 0.176485
187.93 -9.54596 3.1653 0.176485
188.015 -9.55509 3.16537 0.149076
187.994 -9.50905 3.16069 0.114848
187.615 -9.64805 3.15672 0.00918857
188.111 -9.62254 3.16558 0.0319818
187.923 -9.44105 3.16887 0.0870953
187.923 -9.44105 3.16887 0.0870953
187.93 -9.54596 3.1653 0.176485
187.93 -9.54596 3.1653 0.176485
188.196 -9.49427 3.16963 0.0397677
187.994 -9.50905 3.16069 0.114848
188.131 -9.26383 3.16851 0.0379748
187.782 -9.59817 3.15909 0.0819397
187.93 -9.54596 3.1653 0.176485
188.015 -9.55509 3.16537 0.149076
187.994 -9.50905 3.16069 0.114848
187.782 -9.59817 3.15909 0.0819397
187.777 -9.47511 3.16561 0.0656992
187.93 -9.54596 3.1653 0.176485
187.93 -9.54596 3.1653 0.176485
188.015 -9.55509 3.16537 0.149076
188.015 -9.55509 3.16537 0.149076
187.901 -9.21463 3.16594 0.0330156
188.131 -9.26383 3.16851 0.0379748
187.782 -9.59817 3.15909 0.0819397
187.777 -9.47511 3.16561 0.0656992
187.777 -9.47511 3.16561 0.0656992
187.923 -9.44105 3.16887 0.0870953
187.93 -9.54596 3.1653 0.176485
187.93 -9.54596 3.1653 0.176485
188.196 -9.49427 3.16963 0.0397677
187.782 -9.59817 3.15909 0.0819397
187.777 -9.47511 3.16561 0.0656992
187.869 -9.32848 3.16988 0.0194514
187.93 -9.54596 3.1653 0.176485
187.755 -9.23182 3.16557 0.00982806
187.84 -9.35039 3.1546 0.011495
187.994 -9.50905 3.16069 0.114848
187.87 -9.38484 3.16918 0.0395588
187.923 -9.44105 3.16887 0.0870953
187.93 -9.54596 3.1653 0.176485
188.015 -9.55509 3.16537 0.149076
187.84 -9.35039 3.1546 0.011495
187.994 -9.50905 3.16069 0.114848
187.994 -9.50905 3.16069 0.114848
187.782 -9.59817 3.15909 0.0819397
187.782 -9.59817 3.15909 0.0819397
187.782 -9.59817 3.15909 0.0819397
187.923 -9.44105 3.16887 0.0870953
188.015 -9.55509 3.16537 0.149076
187.755 -9.23182 3.16557 0.00982806
188.196 -9.49427 3.16963 0.0397677
187.901 -9.21463 3.16594 0.0330156
187.87 -9.38484 3.16918 0.0395588
187.782 -9.59817 3.15909 0.0819397
187.782 -9.59817 3.15909 0.0819397
187.782 -9.59817 3.15909 0.0819397
187.923 -9.44105 3.16887 0.0870953
188.015 -9.55509 3.16537 0.149076
187.994 -9.50905 3.16069 0.114848
187.994 -9.50905 3.16069 0.114848
187.782 -9.59817 3.15909 0.0819397
187.777 -9.47511 3.16561 0.0656992
187.923 -9.44105 3.16887 0.0870953
188.015 -9.55509 3.16537 0.149076
187.994 -9.50905 3.16069 0.114848
187.615 -9.64805 3.15672 0.00918857
188.131 -9.26383 3.16851 0.0379748
188.034 -9.29834 3.15988 0.0196379
187.777 -9.47511 3.16561 0.0656992
187.93 -9.54596 3.1653 0.176485
188.196 -9.49427 3.16963 0.0397677
187.782 -9.59817 3.15909 0.0819397
187.93 -9.54596 3.1653 0.176485
187.93 -9.54596 3.1653 0.176485
188.015 -9.55509 3.16537 0.149076
188.015 -9.55509 3.16537 0.149076
187.755 -9.23182 3.16557 0.00982806
187.87 -9.38484 3.16918 0.0395588
187.777 -9.47511 3.16561 0.0656992
187.93 -9.54596 3.1653 0.176485
187.93 -9.54596 3.1653 0.176485
188.015 -9.55509 3.16537 0.149076
187.994 -9.50905 3.16069 0.114848
187.994 -9.50905 3.16069 0.114848
187.901 -9.21463 3.16594 0.0330156
188.131 -9.26383 3.16851 0.0379748
187.777 -9.47511 3.16561 0.0656992
188.111 -9.62254 3.16558 0.0319818
