119.102 -21.5215 3.42097 0.0678959
118.976 -21.3615 3.40359 0.00472557
118.768 -21.3335 3.41051 0.0398026
119.019 -21.3368 3.4121 0.089858
118.733 -21.5917 3.40445 0.0183664
119.021 -21.5523 3.40812 0.0617712
118.651 -21.4112 3.41288 0.00984861
119.146 -21.3311 3.41848 0.0449104
119.102 -21.5215 3.42097 0.0678959
119.081 -21.3332 3.41746 0.0643477
119.019 -21.3368 3.4121 0.089858
119.243 -21.6837 3.41338 0.0176646
118.738 -21.5939 3.41982 0.00195232
118.733 -21.5917 3.40445 0.0183664
118.955 -21.5737 3.41021 0.156481
119.091 -21.4368 3.41264 0.136756
119.091 -21.4368 3.41264 0.136756
118.886 -21.6609 3.41773 0.0405466
118.87 -21.3733 3.42298 0.00117839
119.304 -21.4154 3.42222 0.0156943
118.668 -21.489 3.40877 0.0315648
119.056 -21.7086 3.41967 0.0406476
119.056 -21.7086 3.41967 0.0406476
118.651 -21.4112 3.41288 0.00984861
119.146 -21.3311 3.41848 0.0449104
119.102 -21.2594 3.41247 0.0242461
119.091 -21.4368 3.41264 0.136756
119.081 -21.3332 3.41746 0.0643477
119.019 -21.3368 3.4121 0.089858
119.137 -21.8758 3.41669 0.0051608
118.955 -21.5737 3.41021 0.156481
118.792 -21.3703 3.4177 0.0104937
119.091 -21.4368 3.41264 0.136756
118.886 -21.6609 3.41773 0.0405466
118.768 -21.3335 3.41051 0.0398026
119.019 -21.3368 3.4121 0.089858
119.019 -21.3368 3.4121 0.089858
118.668 -21.489 3.40877 0.0315648
118.955 -21.5737 3.41021 0.156481
118.772 -21.8803 3.41693 0.000633383
118.886 -21.6609 3.41773 0.0405466
119.09 -21.2435 3.41155 0.017497
118.955 -21.5737 3.41021 0.156481
119.091 -21.4368 3.41264 0.136756
119.091 -21.4368 3.41264 0.136756
119.081 -21.3332 3.41746 0.0643477
119.019 -21.3368 3.4121 0.089858
119.019 -21.3368 3.4121 0.089858
118.668 -21.489 3.40877 0.0315648
118.668 -21.489 3.40877 0.0315648
118.792 -21.3703 3.4177 0.0104937
119.146 -21.3311 3.41848 0.0449104
119.146 -21.3311 3.41848 0.0449104
119.102 -21.2594 3.41247 0.0242461
119.091 -21.4368 3.41264 0.136756
119.091 -21.4368 3.41264 0.136756
118.768 -21.3335 3.41051 0.0398026
118.668 -21.489 3.40877 0.0315648
118.955 -21.5737 3.41021 0.156481
119.155 -21.43 3.40906 0.0203989
119.102 -21.5215 3.42097 0.0678959
118.886 -21.6609 3.41773 0.0405466
119.019 -21.3368 3.4121 0.089858
118.955 -21.5737 3.41021 0.156481
119.155 -21.43 3.40906 0.0203989
119.091 -21.4368 3.41264 0.136756
119.102 -21.5215 3.42097 0.0678959
118.768 -21.3335 3.41051 0.0398026
119.304 -21.4154 3.42222 0.0156943
119.021 -21.5523 3.40812 0.0617712
118.955 -21.5737 3.41021 0.156481
119.091 -21.4368 3.41264 0.136756
118.886 -21.6609 3.41773 0.0405466
118.981 -21.7521 3.40784 0.013501
119.304 -21.4154 3.42222 0.0156943
118.955 -21.5737 3.41021 0.156481
118.955 -21.5737 3.41021 0.156481
118.955 -21.5737 3.41021 0.156481
119.146 -21.3311 3.41848 0.0449104
119.091 -21.4368 3.41264 0.136756
119.081 -21.3332 3.41746 0.0643477
119.081 -21.3332 3.41746 0.0643477
118.981 -21.7521 3.40784 0.013501
118.955 -21.5737 3.41021 0.156481
119.091 -21.4368 3.41264 0.136756
119.091 -21.4368 3.41264 0.136756
119.091 -21.4368 3.41264 0.136756
118.768 -21.3335 3.41051 0.0398026
119.019 -21.3368 3.4121 0.089858
118.902 -21.3289 3.42087 0.00542629
118.955 -21.5737 3.41021 0.156481
118.955 -21.5737 3.41021 0.156481
119.229 -21.4686 3.40854 0.00509011
119.091 -21.4368 3.41264 0.136756
119.081 -21.3332 3.41746 0.0643477
119.081 -21.3332 3.41746 0.0643477
118.668 -21.489 3.40877 0.0315648
118.955 -21.5737 3.41021 0.156481
119.091 -21.4368 3.41264 0.136756
119.102 -21.5215 3.42097 0.0678959
