-40.5628 -59.4894 1.67916 0.0477594
-40.4508 -59.2398 1.67983 0.133331
-40.6181 -59.1116 1.67646 0.183791
-40.7598 -59.3303 1.6698 0.00379616
-41.013 -59.0769 1.6721 0.00227128
-40.4654 -59.373 1.68843 0.0264804
-40.6181 -59.1116 1.67646 0.183791
-40.782 -59.4992 1.68472 0.0162632
-40.9018 -59.2335 1.6741 0.0308097
-40.5628 -59.4894 1.67916 0.0477594
-40.4508 -59.2398 1.67983 0.133331
-40.6181 -59.1116 1.67646 0.183791
-40.6181 -59.1116 1.67646 0.183791
-40.4892 -59.0285 1.67451 0.0173837
-40.8702 -59.4245 1.67957 0.026145
-40.8702 -59.4245 1.67957 0.026145
-40.4508 -59.2398 1.67983 0.133331
-40.4508 -59.2398 1.67983 0.133331
-40.504 -59.2639 1.69074 0.00427496
-40.6181 -59.1116 1.67646 0.183791
-40.7515 -59.3235 1.68347 0.118952
-40.5628 -59.4894 1.67916 0.0477594
-40.4508 -59.2398 1.67983 0.133331
-40.6181 -59.1116 1.67646 0.183791
-40.7941 -59.4091 1.68117 0.078331
-40.5628 -59.4894 1.67916 0.0477594
-40.4508 -59.2398 1.67983 0.133331
-40.4508 -59.2398 1.67983 0.133331
-40.4508 -59.2398 1.67983 0.133331
-40.6181 -59.1116 1.67646 0.183791
-40.6181 -59.1116 1.67646 0.183791
-40.6985 -59.1642 1.68614 0.0242686
-40.7568 -59.1669 1.68646 0.0108773
-40.4508 -59.2398 1.67983 0.133331
-40.4508 -59.2398 1.67983 0.133331
-40.6181 -59.1116 1.67646 0.183791
-40.7515 -59.3235 1.68347 0.118952
-40.7883 -59.077 1.6783 0.0887653
-40.6181 -59.1116 1.67646 0.183791
-40.6181 -59.1116 1.67646 0.183791
-40.7515 -59.3235 1.68347 0.118952
-40.7568 -59.1669 1.68646 0.0108773
-40.4508 -59.2398 1.67983 0.133331
-40.7068 -58.9844 1.68147 0.0175463
-40.9415 -59.6901 1.67883 2.8796e-05
-40.8702 -59.4245 1.67957 0.026145
-40.4508 -59.2398 1.67983 0.133331
-40.782 -59.4992 1.68472 0.0162632
-40.7941 -59.4091 1.68117 0.078331
-40.5628 -59.4894 1.67916 0.0477594
-40.7883 -59.077 1.6783 0.0887653
-40.8077 -59.0487 1.67351 0.0421775
-40.6181 -59.1116 1.67646 0.183791
-40.6181 -59.1116 1.67646 0.183791
-40.7515 -59.3235 1.68347 0.118952
-40.7883 -59.077 1.6783 0.0887653
-40.6181 -59.1116 1.67646 0.183791
-40.7941 -59.4091 1.68117 0.078331
-40.7515 -59.3235 1.68347 0.118952
-40.9018 -59.2335 1.6741 0.0308097
-40.4508 -59.2398 1.67983 0.133331
-40.4508 -59.2398 1.67983 0.133331
-40.6181 -59.1116 1.67646 0.183791
-40.7515 -59.3235 1.68347 0.118952
-40.4508 -59.2398 1.67983 0.133331
-40.6181 -59.1116 1.67646 0.183791
-40.782 -59.4992 1.68472 0.0162632
-40.7515 -59.3235 1.68347 0.118952
-40.9018 -59.2335 1.6741 0.0308097
-40.4508 -59.2398 1.67983 0.133331
-40.4654 -59.373 1.68843 0.0264804
-40.6181 -59.1116 1.67646 0.183791
-40.6181 -59.1116 1.67646 0.183791
-40.7941 -59.4091 1.68117 0.078331
-40.7515 -59.3235 1.68347 0.118952
-40.7598 -59.3303 1.6698 0.00379616
-40.7883 -59.077 1.6783 0.0887653
-40.7883 -59.077 1.6783 0.0887653
-40.4859 -59.0838 1.67486 0.0314434
-40.7941 -59.4091 1.68117 0.078331
-40.5628 -59.4894 1.67916 0.0477594
-40.8077 -59.0487 1.67351 0.0421775
-40.4654 -59.373 1.68843 0.0264804
-40.6181 -59.1116 1.67646 0.183791
-40.7941 -59.4091 1.68117 0.078331
-40.7515 -59.3235 1.68347 0.118952
-40.8251 -59.2511 1.68464 0.0247265
-40.4508 -59.2398 1.67983 0.133331
-40.6181 -59.1116 1.67646 0.183791
-40.6181 -59.1116 1.67646 0.183791
-40.4892 -59.0285 1.67451 0.0173837
-40.7515 -59.3235 1.68347 0.118952
-40.8077 -59.0487 1.67351 0.0421775
-40.4508 -59.2398 1.67983 0.133331
-40.6181 -59.1116 1.67646 0.183791
-40.7515 -59.3235 1.68347 0.118952
-40.9098 -59.6045 1.67826 0.000464703
-40.8077 -59.0487 1.67351 0.0421775
-40.4859 -59.0838 1.67486 0.0314434
-40.6181 -59.1116 1.67646 0.183791
