205.379 -9.77646 3.07655 0.0765403
205.413 -9.6085 3.07571 0.126267
205.359 -9.75028 3.07277 0.108939
205.156 -9.75907 3.07215 0.0806334
205.214 -9.71547 3.07102 0.131406
205.121 -9.74029 3.07419 0.0392348
205.085 -9.80973 3.07104 0.0338981
205.356 -9.64879 3.08275 0.00909248
205.413 -9.6085 3.07571 0.126267
205.359 -9.75028 3.07277 0.108939
205.506 -9.83264 3.0775 0.0208444
205.156 -9.75907 3.07215 0.0806334
205.214 -9.71547 3.07102 0.131406
205.256 -9.7317 3.06835 0.0650744
205.356 -9.64879 3.08275 0.00909248
205.359 -9.75028 3.07277 0.108939
205.359 -9.75028 3.07277 0.108939
205.359 -9.75028 3.07277 0.108939
205.156 -9.75907 3.07215 0.0806334
205.214 -9.71547 3.07102 0.131406
205.256 -9.7317 3.06835 0.0650744
205.256 -9.7317 3.06835 0.0650744
205.256 -9.7317 3.06835 0.0650744
205.379 -9.77646 3.07655 0.0765403
205.413 -9.6085 3.07571 0.126267
205.359 -9.75028 3.07277 0.108939
205.506 -9.83264 3.0775 0.0208444
205.573 -9.81793 3.07944 0.0109056
205.411 -9.94873 3.07208 0.00600795
205.413 -9.6085 3.07571 0.126267
205.302 -9.39867 3.08138 0.00283714
205.436 -9.74025 3.07115 0.0381204
205.214 -9.71547 3.07102 0.131406
205.256 -9.7317 3.06835 0.0650744
205.256 -9.7317 3.06835 0.0650744
205.376 -9.53192 3.07 0.0257021
205.379 -9.77646 3.07655 0.0765403
205.359 -9.75028 3.07277 0.108939
205.156 -9.75907 3.07215 0.0806334
205.214 -9.71547 3.07102 0.131406
205.256 -9.7317 3.06835 0.0650744
205.481 -9.8678 3.07496 0.0167936
205.413 -9.6085 3.07571 0.126267
205.359 -9.75028 3.07277 0.108939
205.506 -9.83264 3.0775 0.0208444
205.352 -9.87376 3.07146 0.0284783
205.523 -9.3913 3.07944 0.00846432
205.376 -9.53192 3.07 0.0257021
205.413 -9.6085 3.07571 0.126267
205.413 -9.6085 3.07571 0.126267
205.413 -9.6085 3.07571 0.126267
205.359 -9.75028 3.07277 0.108939
205.352 -9.87376 3.07146 0.0284783
205.352 -9.87376 3.07146 0.0284783
205.214 -9.71547 3.07102 0.131406
205.214 -9.71547 3.07102 0.131406
205.523 -9.3913 3.07944 0.00846432
205.042 -9.70653 3.07459 0.0111503
205.348 -9.80744 3.07953 0.0185856
205.379 -9.77646 3.07655 0.0765403
205.379 -9.77646 3.07655 0.0765403
205.413 -9.6085 3.07571 0.126267
205.436 -9.74025 3.07115 0.0381204
205.156 -9.75907 3.07215 0.0806334
205.401 -9.82339 3.07911 0.0221588
205.256 -9.7317 3.06835 0.0650744
205.379 -9.77646 3.07655 0.0765403
205.379 -9.77646 3.07655 0.0765403
205.413 -9.6085 3.07571 0.126267
205.068 -9.87629 3.06951 0.0163645
205.156 -9.75907 3.07215 0.0806334
205.269 -9.44563 3.07431 0.0354003
205.256 -9.7317 3.06835 0.0650744
205.376 -9.53192 3.07 0.0257021
205.379 -9.77646 3.07655 0.0765403
205.379 -9.77646 3.07655 0.0765403
205.359 -9.75028 3.07277 0.108939
205.156 -9.75907 3.07215 0.0806334
205.156 -9.75907 3.07215 0.0806334
205.573 -9.81793 3.07944 0.0109056
205.376 -9.53192 3.07 0.0257021
205.379 -9.77646 3.07655 0.0765403
205.413 -9.6085 3.07571 0.126267
205.436 -9.74025 3.07115 0.0381204
205.156 -9.75907 3.07215 0.0806334
205.214 -9.71547 3.07102 0.131406
205.085 -9.80973 3.07104 0.0338981
205.481 -9.8678 3.07496 0.0167936
205.35 -9.85388 3.07961 0.00962613
205.359 -9.75028 3.07277 0.108939
205.214 -9.71547 3.07102 0.131406
205.256 -9.7317 3.06835 0.0650744
205.256 -9.7317 3.06835 0.0650744
205.379 -9.77646 3.07655 0.0765403
205.413 -9.6085 3.07571 0.126267
205.359 -9.75028 3.07277 0.108939
205.156 -9.75907 3.07215 0.0806334
205.573 -9.81793 3.07944 0.0109056
205.042 -9.70653 3.07459 0.0111503
205.671 -9.75831 3.08042 0.00565805
