58.0316 -53.575 3.90632 0.00777304
58.2856 -53.4803 3.91253 0.0118317
58.0282 -53.5574 3.91368 0.196354
58.1116 -53.5149 3.91457 0.242412
58.0316 -53.575 3.90632 0.00777304
58.0241 -53.6142 3.91655 0.104774
58.0241 -53.6142 3.91655 0.104774
57.9999 -53.3208 3.91796 0.0815975
58.0282 -53.5574 3.91368 0.196354
58.1116 -53.5149 3.91457 0.242412
58.0827 -53.6994 3.91273 0.0295322
58.0282 -53.5574 3.91368 0.196354
58.0282 -53.5574 3.91368 0.196354
57.9939 -53.4982 3.91052 0.0768977
58.1116 -53.5149 3.91457 0.242412
58.1116 -53.5149 3.91457 0.242412
58.0241 -53.6142 3.91655 0.104774
58.0282 -53.5574 3.91368 0.196354
58.1116 -53.3524 3.9263 0.00817125
58.1116 -53.5149 3.91457 0.242412
58.0241 -53.6142 3.91655 0.104774
58.0108 -53.4116 3.92158 0.0829296
57.9999 -53.3208 3.91796 0.0815975
57.9999 -53.3208 3.91796 0.0815975
57.9939 -53.4982 3.91052 0.0768977
58.1116 -53.5149 3.91457 0.242412
58.1116 -53.5149 3.91457 0.242412
58.1116 -53.5149 3.91457 0.242412
58.0241 -53.6142 3.91655 0.104774
58.0807 -53.2759 3.92459 0.0119871
58.0827 -53.6994 3.91273 0.0295322
58.0962 -53.506 3.92184 0.0766373
57.9939 -53.4982 3.91052 0.0768977
58.0241 -53.6142 3.91655 0.104774
57.9999 -53.3208 3.91796 0.0815975
58.0962 -53.506 3.92184 0.0766373
57.9939 -53.4982 3.91052 0.0768977
58.0241 -53.6142 3.91655 0.104774
57.9999 -53.3208 3.91796 0.0815975
58.0282 -53.5574 3.91368 0.196354
58.1116 -53.5149 3.91457 0.242412
58.0108 -53.4116 3.92158 0.0829296
57.9999 -53.3208 3.91796 0.0815975
57.9999 -53.3208 3.91796 0.0815975
58.1116 -53.5149 3.91457 0.242412
58.0241 -53.6142 3.91655 0.104774
58.0962 -53.506 3.92184 0.0766373
58.0282 -53.5574 3.91368 0.196354
58.1116 -53.5149 3.91457 0.242412
57.9999 -53.3208 3.91796 0.0815975
58.0962 -53.506 3.92184 0.0766373
58.0282 -53.5574 3.91368 0.196354
58.1116 -53.5149 3.91457 0.242412
58.0241 -53.6142 3.91655 0.104774
58.0108 -53.4116 3.92158 0.0829296
58.0108 -53.4116 3.92158 0.0829296
58.0282 -53.5574 3.91368 0.196354
58.1116 -53.5149 3.91457 0.242412
58.0241 -53.6142 3.91655 0.104774
57.9999 -53.3208 3.91796 0.0815975
57.9939 -53.4982 3.91052 0.0768977
58.0241 -53.6142 3.91655 0.104774
58.0282 -53.5574 3.91368 0.196354
58.0282 -53.5574 3.91368 0.196354
58.1116 -53.5149 3.91457 0.242412
58.1116 -53.5149 3.91457 0.242412
58.0108 -53.4116 3.92158 0.0829296
57.9999 -53.3208 3.91796 0.0815975
58.0282 -53.5574 3.91368 0.196354
58.1116 -53.5149 3.91457 0.242412
58.0108 -53.4116 3.92158 0.0829296
58.0962 -53.506 3.92184 0.0766373
58.1116 -53.5149 3.91457 0.242412
58.0827 -53.6994 3.91273 0.0295322
58.0108 -53.4116 3.92158 0.0829296
57.9999 -53.3208 3.91796 0.0815975
58.0282 -53.5574 3.91368 0.196354
57.9939 -53.4982 3.91052 0.0768977
58.0241 -53.6142 3.91655 0.104774
58.0282 -53.5574 3.91368 0.196354
58.1116 -53.5149 3.91457 0.242412
58.1116 -53.5149 3.91457 0.242412
57.9999 -53.3208 3.91796 0.0815975
58.0962 -53.506 3.92184 0.0766373
57.9939 -53.4982 3.91052 0.0768977
58.1116 -53.5149 3.91457 0.242412
58.0827 -53.6994 3.91273 0.0295322
58.0108 -53.4116 3.92158 0.0829296
57.9939 -53.4982 3.91052 0.0768977
58.1116 -53.5149 3.91457 0.242412
57.9999 -53.3208 3.91796 0.0815975
58.1116 -53.5149 3.91457 0.242412
58.0241 -53.6142 3.91655 0.104774
58.0108 -53.4116 3.92158 0.0829296
58.0282 -53.5574 3.91368 0.196354
58.1116 -53.5149 3.91457 0.242412
57.9494 -53.1961 3.91808 0.00396024
58.0108 -53.4116 3.92158 0.0829296
58.0282 -53.5574 3.91368 0.196354
58.1116 -53.5149 3.91457 0.242412
