-31.9044 -82.1068 2.34123 0.0471207
-31.7019 -82.3072 2.35078 0.150212
-31.6702 -82.1723 2.3501 0.0921338
-31.8501 -82.6857 2.35074 0.0025299
-31.7587 -82.2528 2.34606 0.148408
-31.6973 -82.3051 2.34931 0.145099
-31.735 -82.3134 2.35489 0.0833967
-31.8412 -82.057 2.34028 0.034418
-31.7019 -82.3072 2.35078 0.150212
-31.7019 -82.3072 2.35078 0.150212
-31.6702 -82.1723 2.3501 0.0921338
-31.7587 -82.2528 2.34606 0.148408
-31.6005 -82.0884 2.34366 0.0212771
-31.6973 -82.3051 2.34931 0.145099
-32.0232 -82.3441 2.34313 0.0127281
-31.6733 -82.1373 2.34022 0.0142597
-31.7019 -82.3072 2.35078 0.150212
-31.9772 -82.0529 2.3478 0.0439358
-31.6702 -82.1723 2.3501 0.0921338
-31.6973 -82.3051 2.34931 0.145099
-31.6973 -82.3051 2.34931 0.145099
-31.735 -82.3134 2.35489 0.0833967
-31.7019 -82.3072 2.35078 0.150212
-31.9772 -82.0529 2.3478 0.0439358
-31.7587 -82.2528 2.34606 0.148408
-31.6421 -82.4066 2.34875 0.0492584
-31.7033 -82.3083 2.34308 0.0281209
-31.9772 -82.0529 2.3478 0.0439358
-31.6702 -82.1723 2.3501 0.0921338
-31.7587 -82.2528 2.34606 0.148408
-31.6421 -82.4066 2.34875 0.0492584
-32.0467 -82.196 2.34475 0.0395878
-31.6702 -82.1723 2.3501 0.0921338
-31.6973 -82.3051 2.34931 0.145099
-31.6421 -82.4066 2.34875 0.0492584
-31.6421 -82.4066 2.34875 0.0492584
-31.735 -82.3134 2.35489 0.0833967
-31.735 -82.3134 2.35489 0.0833967
-31.7033 -82.3083 2.34308 0.0281209
-31.7019 -82.3072 2.35078 0.150212
-31.8501 -82.6857 2.35074 0.0025299
-31.6973 -82.3051 2.34931 0.145099
-31.6973 -82.3051 2.34931 0.145099
-31.8412 -82.057 2.34028 0.034418
-31.7019 -82.3072 2.35078 0.150212
-31.7587 -82.2528 2.34606 0.148408
-31.6973 -82.3051 2.34931 0.145099
-31.6973 -82.3051 2.34931 0.145099
-31.735 -82.3134 2.35489 0.0833967
-32.0467 -82.196 2.34475 0.0395878
-31.7019 -82.3072 2.35078 0.150212
-31.6702 -82.1723 2.3501 0.0921338
-31.7587 -82.2528 2.34606 0.148408
-31.6973 -82.3051 2.34931 0.145099
-31.6421 -82.4066 2.34875 0.0492584
-32.0467 -82.196 2.34475 0.0395878
-31.7019 -82.3072 2.35078 0.150212
-31.6702 -82.1723 2.3501 0.0921338
-31.7587 -82.2528 2.34606 0.148408
-31.6973 -82.3051 2.34931 0.145099
-31.6421 -82.4066 2.34875 0.0492584
-31.9044 -82.1068 2.34123 0.0471207
-31.7019 -82.3072 2.35078 0.150212
-31.8025 -82.1913 2.34095 0.036612
-31.7587 -82.2528 2.34606 0.148408
-31.6973 -82.3051 2.34931 0.145099
-31.735 -82.3134 2.35489 0.0833967
-31.7019 -82.3072 2.35078 0.150212
-31.8025 -82.1913 2.34095 0.036612
-31.6973 -82.3051 2.34931 0.145099
-31.6973 -82.3051 2.34931 0.145099
-31.6421 -82.4066 2.34875 0.0492584
-31.7033 -82.3083 2.34308 0.0281209
-31.6702 -82.1723 2.3501 0.0921338
-31.6702 -82.1723 2.3501 0.0921338
-31.7587 -82.2528 2.34606 0.148408
-31.6973 -82.3051 2.34931 0.145099
-31.8412 -82.057 2.34028 0.034418
-31.7019 -82.3072 2.35078 0.150212
-31.7019 -82.3072 2.35078 0.150212
-31.6702 -82.1723 2.3501 0.0921338
-31.7587 -82.2528 2.34606 0.148408
-31.6005 -82.0884 2.34366 0.0212771
-31.735 -82.3134 2.35489 0.0833967
-31.8412 -82.057 2.34028 0.034418
-31.9044 -82.1068 2.34123 0.0471207
-31.9772 -82.0529 2.3478 0.0439358
-31.7587 -82.2528 2.34606 0.148408
-31.6973 -82.3051 2.34931 0.145099
-31.6973 -82.3051 2.34931 0.145099
-31.9044 -82.1068 2.34123 0.0471207
-31.7019 -82.3072 2.35078 0.150212
-31.8025 -82.1913 2.34095 0.036612
-31.6973 -82.3051 2.34931 0.145099
-32.0232 -82.3441 2.34313 0.0127281
-31.735 -82.3134 2.35489 0.0833967
-31.7033 -82.3083 2.34308 0.0281209
-32.0467 -82.196 2.34475 0.0395878
-32.0467 -82.196 2.34475 0.0395878
-31.9772 -82.0529 2.3478 0.0439358
