19.1945 -90.1278 3.68731 0.0490873
19.1945 -90.1278 3.68731 0.0490873
18.9523 -90.2595 3.68601 0.168237
18.7152 -90.3481 3.68106 0.0282771
19.171 -90.0856 3.68647 0.0422432
19 -90.1472 3.68394 0.120255
18.9523 -90.2595 3.68601 0.168237
18.8755 -90.1181 3.68481 0.13784
18.8755 -90.1181 3.68481 0.13784
19.171 -90.0856 3.68647 0.0422432
19.0817 -90.3769 3.68793 0.0646708
19 -90.1472 3.68394 0.120255
19.1945 -90.1278 3.68731 0.0490873
18.8755 -90.1181 3.68481 0.13784
19.171 -90.0856 3.68647 0.0422432
19.2618 -90.0956 3.69764 0.00658571
18.9033 -90.2238 3.68292 0.132184
19.1819 -90.2684 3.69603 0.0215928
18.9523 -90.2595 3.68601 0.168237
18.8755 -90.1181 3.68481 0.13784
18.9033 -90.2238 3.68292 0.132184
19 -90.1472 3.68394 0.120255
19.1945 -90.1278 3.68731 0.0490873
19.3094 -90.2273 3.69525 0.0191802
18.9033 -90.2238 3.68292 0.132184
19.0719 -90.4087 3.6948 0.0110565
19.1945 -90.1278 3.68731 0.0490873
18.9523 -90.2595 3.68601 0.168237
18.8755 -90.1181 3.68481 0.13784
18.9287 -90.0117 3.6905 0.0277559
18.9498 -90.222 3.69304 0.0313166
19.1945 -90.1278 3.68731 0.0490873
18.9523 -90.2595 3.68601 0.168237
19.171 -90.0856 3.68647 0.0422432
19.0817 -90.3769 3.68793 0.0646708
19.3962 -90.1486 3.69256 0.00749944
19.0719 -90.4087 3.6948 0.0110565
19.0503 -90.0583 3.69231 0.042004
18.9523 -90.2595 3.68601 0.168237
19.171 -90.0856 3.68647 0.0422432
18.9033 -90.2238 3.68292 0.132184
18.9033 -90.2238 3.68292 0.132184
19.0817 -90.3769 3.68793 0.0646708
19.1752 -90.4152 3.69359 0.0185242
19.3094 -90.2273 3.69525 0.0191802
19.0411 -89.9732 3.68115 0.0091489
19.171 -90.0856 3.68647 0.0422432
19.0817 -90.3769 3.68793 0.0646708
19.1945 -90.1278 3.68731 0.0490873
18.9523 -90.2595 3.68601 0.168237
19.2618 -90.0956 3.69764 0.00658571
18.9033 -90.2238 3.68292 0.132184
19.0817 -90.3769 3.68793 0.0646708
19.2853 -90.367 3.69504 0.0128662
18.9523 -90.2595 3.68601 0.168237
18.8755 -90.1181 3.68481 0.13784
18.8755 -90.1181 3.68481 0.13784
18.9033 -90.2238 3.68292 0.132184
19.0817 -90.3769 3.68793 0.0646708
19 -90.1472 3.68394 0.120255
19.2853 -90.367 3.69504 0.0128662
19.3094 -90.2273 3.69525 0.0191802
18.8755 -90.1181 3.68481 0.13784
18.8755 -90.1181 3.68481 0.13784
18.8755 -90.1181 3.68481 0.13784
18.9033 -90.2238 3.68292 0.132184
18.9033 -90.2238 3.68292 0.132184
19 -90.1472 3.68394 0.120255
19.4475 -90.3193 3.69298 0.00267066
19.1945 -90.1278 3.68731 0.0490873
18.9523 -90.2595 3.68601 0.168237
18.8755 -90.1181 3.68481 0.13784
18.8755 -90.1181 3.68481 0.13784
19.0817 -90.3769 3.68793 0.0646708
19.1819 -90.2684 3.69603 0.0215928
19.1819 -90.2684 3.69603 0.0215928
19.3094 -90.2273 3.69525 0.0191802
19.171 -90.0856 3.68647 0.0422432
18.9033 -90.2238 3.68292 0.132184
19.0817 -90.3769 3.68793 0.0646708
19.0817 -90.3769 3.68793 0.0646708
19.1752 -90.4152 3.69359 0.0185242
18.9523 -90.2595 3.68601 0.168237
19.171 -90.0856 3.68647 0.0422432
18.9033 -90.2238 3.68292 0.132184
19 -90.1472 3.68394 0.120255
18.9523 -90.2595 3.68601 0.168237
19.0411 -89.9732 3.68115 0.0091489
18.9498 -90.222 3.69304 0.0313166
19.0817 -90.3769 3.68793 0.0646708
19.1819 -90.2684 3.69603 0.0215928
19.0503 -90.0583 3.69231 0.042004
18.9523 -90.2595 3.68601 0.168237
18.8755 -90.1181 3.68481 0.13784
18.9033 -90.2238 3.68292 0.132184
19.0817 -90.3769 3.68793 0.0646708
19 -90.1472 3.68394 0.120255
19.2853 -90.367 3.69504 0.0128662
19.2853 -90.367 3.69504 0.0128662
19.1819 -90.2684 3.69603 0.0215928
