101.696 17.8273 0.0765542 0.318922
101.752 17.6585 0.080611 0.433305
101.424 17.7294 0.082511 0.0525342
101.696 17.8273 0.0765542 0.318922
101.696 17.8273 0.0765542 0.318922
101.752 17.6585 0.080611 0.433305
101.696 17.8273 0.0765542 0.318922
101.752 17.6585 0.080611 0.433305
101.424 17.7294 0.082511 0.0525342
101.752 17.6585 0.080611 0.433305
101.696 17.8273 0.0765542 0.318922
101.278 17.6381 0.0865991 0.00204388
101.752 17.6585 0.080611 0.433305
101.752 17.6585 0.080611 0.433305
101.752 17.6585 0.080611 0.433305
101.696 17.8273 0.0765542 0.318922
101.752 17.6585 0.080611 0.433305
101.752 17.6585 0.080611 0.433305
101.696 17.8273 0.0765542 0.318922
101.696 17.8273 0.0765542 0.318922
101.696 17.8273 0.0765542 0.318922
101.837 17.9478 0.0757939 0.0771612
101.752 17.6585 0.080611 0.433305
101.752 17.6585 0.080611 0.433305
101.837 17.9478 0.0757939 0.0771612
101.752 17.6585 0.080611 0.433305
101.696 17.8273 0.0765542 0.318922
101.752 17.6585 0.080611 0.433305
101.837 17.9478 0.0757939 0.0771612
101.752 17.6585 0.080611 0.433305
101.752 17.6585 0.080611 0.433305
101.696 17.8273 0.0765542 0.318922
101.696 17.8273 0.0765542 0.318922
101.752 17.6585 0.080611 0.433305
101.696 17.8273 0.0765542 0.318922
101.696 17.8273 0.0765542 0.318922
101.998 17.5297 0.0715111 0.0229996
101.837 17.9478 0.0757939 0.0771612
101.696 17.8273 0.0765542 0.318922
101.696 17.8273 0.0765542 0.318922
101.998 17.5297 0.0715111 0.0229996
101.752 17.6585 0.080611 0.433305
101.752 17.6585 0.080611 0.433305
101.696 17.8273 0.0765542 0.318922
101.696 17.8273 0.0765542 0.318922
101.696 17.8273 0.0765542 0.318922
101.752 17.6585 0.080611 0.433305
101.304 17.76 0.0736715 0.000614929
101.752 17.6585 0.080611 0.433305
101.752 17.6585 0.080611 0.433305
101.541 17.7508 0.0892698 0.0210969
101.696 17.8273 0.0765542 0.318922
101.752 17.6585 0.080611 0.433305
101.752 17.6585 0.080611 0.433305
101.837 17.9478 0.0757939 0.0771612
101.696 17.8273 0.0765542 0.318922
101.752 17.6585 0.080611 0.433305
101.696 17.8273 0.0765542 0.318922
101.752 17.6585 0.080611 0.433305
101.696 17.8273 0.0765542 0.318922
101.474 18.0772 0.0809162 0.00238917
101.752 17.6585 0.080611 0.433305
101.752 17.6585 0.080611 0.433305
101.752 17.6585 0.080611 0.433305
101.752 17.6585 0.080611 0.433305
101.752 17.6585 0.080611 0.433305
101.638 17.8163 0.0666579 0.00367993
101.752 17.6585 0.080611 0.433305
101.424 17.7294 0.082511 0.0525342
101.752 17.6585 0.080611 0.433305
101.837 17.9478 0.0757939 0.0771612
101.696 17.8273 0.0765542 0.318922
101.752 17.6585 0.080611 0.433305
101.752 17.6585 0.080611 0.433305
101.752 17.6585 0.080611 0.433305
101.696 17.8273 0.0765542 0.318922
101.837 17.9478 0.0757939 0.0771612
101.696 17.8273 0.0765542 0.318922
101.998 17.5297 0.0715111 0.0229996
101.752 17.6585 0.080611 0.433305
101.696 17.8273 0.0765542 0.318922
101.752 17.6585 0.080611 0.433305
101.752 17.6585 0.080611 0.433305
101.696 17.8273 0.0765542 0.318922
101.696 17.8273 0.0765542 0.318922
101.752 17.6585 0.080611 0.433305
101.752 17.6585 0.080611 0.433305
101.837 17.9478 0.0757939 0.0771612
101.696 17.8273 0.0765542 0.318922
101.752 17.6585 0.080611 0.433305
101.696 17.8273 0.0765542 0.318922
101.696 17.8273 0.0765542 0.318922
101.752 17.6585 0.080611 0.433305
101.752 17.6585 0.080611 0.433305
101.752 17.6585 0.080611 0.433305
101.752 17.6585 0.080611 0.433305
101.837 17.9478 0.0757939 0.0771612
101.696 17.8273 0.0765542 0.318922
101.696 17.8273 0.0765542 0.318922
101.696 17.8273 0.0765542 0.318922
