51.4632 -60.4844 3.94312 0.0428548
51.3123 -60.5225 3.94728 0.0387817
51.0579 -60.2573 3.93593 0.00303207
51.5336 -60.4157 3.9443 0.0156109
51.1675 -60.2626 3.94006 0.0301495
51.2654 -60.3267 3.94503 0.0900607
51.2654 -60.3267 3.94503 0.0900607
51.2958 -60.4232 3.94028 0.178679
51.3123 -60.5225 3.94728 0.0387817
51.342 -60.3977 3.94894 0.0367089
51.2845 -60.5438 3.93999 0.0859834
51.2234 -60.4687 3.945 0.0824366
51.3279 -60.2144 3.94525 0.0202865
51.3626 -60.4664 3.94718 0.0683509
51.2958 -60.4232 3.94028 0.178679
51.2958 -60.4232 3.94028 0.178679
51.2845 -60.5438 3.93999 0.0859834
51.2717 -60.4982 3.9442 0.117521
51.0352 -60.4826 3.94273 0.00573158
51.2958 -60.4232 3.94028 0.178679
51.342 -60.3977 3.94894 0.0367089
51.2845 -60.5438 3.93999 0.0859834
51.4151 -60.2576 3.9449 0.029721
51.2717 -60.4982 3.9442 0.117521
51.5428 -60.4145 3.94912 0.00750436
51.2654 -60.3267 3.94503 0.0900607
51.3123 -60.5225 3.94728 0.0387817
51.39 -60.391 3.93374 0.00203823
51.3994 -60.3258 3.94001 0.0439693
51.2717 -60.4982 3.9442 0.117521
51.4632 -60.4844 3.94312 0.0428548
51.3123 -60.5225 3.94728 0.0387817
51.2845 -60.5438 3.93999 0.0859834
51.5336 -60.4157 3.9443 0.0156109
51.2717 -60.4982 3.9442 0.117521
51.2717 -60.4982 3.9442 0.117521
51.2717 -60.4982 3.9442 0.117521
51.2654 -60.3267 3.94503 0.0900607
51.3043 -60.5107 3.9356 0.0219222
51.3626 -60.4664 3.94718 0.0683509
51.3123 -60.5225 3.94728 0.0387817
51.2845 -60.5438 3.93999 0.0859834
51.3047 -60.3964 3.95176 0.0044353
51.5428 -60.4145 3.94912 0.00750436
51.2654 -60.3267 3.94503 0.0900607
51.2958 -60.4232 3.94028 0.178679
51.2958 -60.4232 3.94028 0.178679
51.2958 -60.4232 3.94028 0.178679
51.3994 -60.3258 3.94001 0.0439693
51.2717 -60.4982 3.9442 0.117521
51.4632 -60.4844 3.94312 0.0428548
51.2958 -60.4232 3.94028 0.178679
51.2845 -60.5438 3.93999 0.0859834
51.2717 -60.4982 3.9442 0.117521
51.3626 -60.4664 3.94718 0.0683509
51.342 -60.3977 3.94894 0.0367089
51.2845 -60.5438 3.93999 0.0859834
51.2845 -60.5438 3.93999 0.0859834
51.2234 -60.4687 3.945 0.0824366
51.2234 -60.4687 3.945 0.0824366
51.2234 -60.4687 3.945 0.0824366
51.3279 -60.2144 3.94525 0.0202865
51.4632 -60.4844 3.94312 0.0428548
51.2958 -60.4232 3.94028 0.178679
51.3123 -60.5225 3.94728 0.0387817
51.342 -60.3977 3.94894 0.0367089
51.2845 -60.5438 3.93999 0.0859834
51.2717 -60.4982 3.9442 0.117521
51.2654 -60.3267 3.94503 0.0900607
51.3626 -60.4664 3.94718 0.0683509
51.2958 -60.4232 3.94028 0.178679
51.2845 -60.5438 3.93999 0.0859834
51.2234 -60.4687 3.945 0.0824366
51.3626 -60.4664 3.94718 0.0683509
51.2958 -60.4232 3.94028 0.178679
51.2845 -60.5438 3.93999 0.0859834
51.1675 -60.2626 3.94006 0.0301495
51.2654 -60.3267 3.94503 0.0900607
51.4632 -60.4844 3.94312 0.0428548
51.3626 -60.4664 3.94718 0.0683509
51.2958 -60.4232 3.94028 0.178679
51.2958 -60.4232 3.94028 0.178679
51.4151 -60.2576 3.9449 0.029721
51.2234 -60.4687 3.945 0.0824366
51.2958 -60.4232 3.94028 0.178679
51.3994 -60.3258 3.94001 0.0439693
51.5336 -60.4157 3.9443 0.0156109
51.2717 -60.4982 3.9442 0.117521
51.0095 -60.4529 3.93321 0.00234624
51.3626 -60.4664 3.94718 0.0683509
51.2958 -60.4232 3.94028 0.178679
51.3994 -60.3258 3.94001 0.0439693
51.2845 -60.5438 3.93999 0.0859834
51.2717 -60.4982 3.9442 0.117521
51.2234 -60.4687 3.945 0.0824366
51.3043 -60.5107 3.9356 0.0219222
51.3123 -60.5225 3.94728 0.0387817
51.2717 -60.4982 3.9442 0.117521
51.2654 -60.3267 3.94503 0.0900607
51.3626 -60.4664 3.94718 0.0683509
