117.087 -22.3301 3.40136 0.0159685
117.333 -21.9356 3.40792 0.0475346
117.151 -22.1645 3.41147 0.0689717
117.081 -22.1172 3.40769 0.124687
117.081 -22.1172 3.40769 0.124687
117.081 -22.1172 3.40769 0.124687
116.997 -22.1123 3.40379 0.0963129
116.997 -22.1123 3.40379 0.0963129
117.146 -22.0825 3.4001 0.0455059
117.186 -21.9238 3.40337 0.0540006
117.151 -22.1645 3.41147 0.0689717
117.3 -22.1477 3.41253 0.0816692
117.081 -22.1172 3.40769 0.124687
116.997 -22.1123 3.40379 0.0963129
116.997 -22.1123 3.40379 0.0963129
117.146 -22.0825 3.4001 0.0455059
117.186 -21.9238 3.40337 0.0540006
117.3 -22.1477 3.41253 0.0816692
117.026 -22.0712 3.40412 0.115364
116.997 -22.1123 3.40379 0.0963129
117.237 -22.3305 3.40336 0.0177688
117.333 -21.9356 3.40792 0.0475346
117.395 -21.9636 3.41232 0.0302863
117.151 -22.1645 3.41147 0.0689717
117.3 -22.1477 3.41253 0.0816692
117.026 -22.0712 3.40412 0.115364
116.997 -22.1123 3.40379 0.0963129
117.532 -22.0685 3.41044 0.0140596
117.111 -22.3868 3.40683 0.0179313
117.087 -22.3301 3.40136 0.0159685
117.186 -21.9238 3.40337 0.0540006
117.3 -22.1477 3.41253 0.0816692
117.081 -22.1172 3.40769 0.124687
117.081 -22.1172 3.40769 0.124687
116.997 -22.1123 3.40379 0.0963129
116.997 -22.1123 3.40379 0.0963129
117.227 -21.9672 3.40187 0.0377772
117.146 -22.0825 3.4001 0.0455059
116.753 -21.835 3.39827 0.00107814
117.186 -21.9238 3.40337 0.0540006
117.151 -22.1645 3.41147 0.0689717
117.081 -22.1172 3.40769 0.124687
116.997 -22.1123 3.40379 0.0963129
117.146 -22.0825 3.4001 0.0455059
117.395 -22.0126 3.41055 0.0543472
117.333 -21.9356 3.40792 0.0475346
117.151 -22.1645 3.41147 0.0689717
117.151 -22.1645 3.41147 0.0689717
117.074 -22.41 3.40652 0.0104431
117.026 -22.0712 3.40412 0.115364
116.997 -22.1123 3.40379 0.0963129
117.06 -22.3544 3.40355 0.0191871
117.395 -22.0126 3.41055 0.0543472
117.395 -21.9636 3.41232 0.0302863
117.3 -22.1477 3.41253 0.0816692
117.026 -22.0712 3.40412 0.115364
116.997 -22.1123 3.40379 0.0963129
116.997 -22.1123 3.40379 0.0963129
117.395 -22.0126 3.41055 0.0543472
117.395 -22.0126 3.41055 0.0543472
117.044 -21.8787 3.4033 0.0346025
117.3 -22.1477 3.41253 0.0816692
117.3 -22.1477 3.41253 0.0816692
117.026 -22.0712 3.40412 0.115364
116.997 -22.1123 3.40379 0.0963129
117.479 -22.1335 3.40595 0.0108348
117.395 -22.0126 3.41055 0.0543472
117.388 -21.9169 3.40569 0.0158831
117.3 -22.1477 3.41253 0.0816692
117.026 -22.0712 3.40412 0.115364
117.003 -22.2292 3.41213 0.00750119
117.227 -21.9672 3.40187 0.0377772
117.146 -22.0825 3.4001 0.0455059
116.778 -21.7617 3.4005 0.000515743
117.137 -22.3083 3.41836 0.0004359
117.1 -22.2241 3.39853 0.0142175
117.3 -22.1477 3.41253 0.0816692
117.081 -22.1172 3.40769 0.124687
117.081 -22.1172 3.40769 0.124687
117.026 -22.0712 3.40412 0.115364
117.026 -22.0712 3.40412 0.115364
117.441 -22.1889 3.40585 0.0162421
117.06 -22.3544 3.40355 0.0191871
117.395 -22.0126 3.41055 0.0543472
117.388 -21.9169 3.40569 0.0158831
117.151 -22.1645 3.41147 0.0689717
117.151 -22.1645 3.41147 0.0689717
117.3 -22.1477 3.41253 0.0816692
117.026 -22.0712 3.40412 0.115364
117.003 -22.2292 3.41213 0.00750119
117.395 -22.0126 3.41055 0.0543472
117.044 -21.8787 3.4033 0.0346025
117.3 -22.1477 3.41253 0.0816692
117.081 -22.1172 3.40769 0.124687
116.997 -22.1123 3.40379 0.0963129
117.532 -22.0685 3.41044 0.0140596
116.771 -22.0777 3.40384 0.00497135
117.395 -22.0126 3.41055 0.0543472
117.186 -21.9238 3.40337 0.0540006
117.3 -22.1477 3.41253 0.0816692
