250.135 29.2804 0.0593841 0.154111
250.135 29.2804 0.0593841 0.154111
250.004 29.3861 0.0608395 0.0417159
249.883 29.1845 0.0602091 0.0368977
250.135 29.2804 0.0593841 0.154111
250.228 29.3889 0.0647721 0.00180465
249.9 29.1812 0.0613773 0.0681222
249.865 29.2521 0.0675235 0.0140146
250.084 29.0875 0.0583575 0.0579249
250.071 29.0938 0.0541782 0.00442125
250.125 29.3912 0.0534306 0.0101869
250.004 29.3861 0.0608395 0.0417159
250.06 29.2657 0.0595828 0.192277
250.034 29.2727 0.0592671 0.161918
250.135 29.2804 0.0593841 0.154111
250.125 29.3912 0.0534306 0.0101869
249.9 29.1812 0.0613773 0.0681222
250.06 29.2657 0.0595828 0.192277
250.034 29.2727 0.0592671 0.161918
249.987 29.2266 0.0626844 0.18775
249.9 29.1812 0.0613773 0.0681222
250.06 29.2657 0.0595828 0.192277
250.325 29.0701 0.0553819 0.00115761
250.034 29.2727 0.0592671 0.161918
250.034 29.2727 0.0592671 0.161918
249.987 29.2266 0.0626844 0.18775
250.06 29.2657 0.0595828 0.192277
250.034 29.2727 0.0592671 0.161918
250.135 29.2804 0.0593841 0.154111
250.135 29.2804 0.0593841 0.154111
250.135 29.2804 0.0593841 0.154111
249.987 29.2266 0.0626844 0.18775
250.06 29.2657 0.0595828 0.192277
250.034 29.2727 0.0592671 0.161918
249.987 29.2266 0.0626844 0.18775
250.004 29.3861 0.0608395 0.0417159
250.06 29.2657 0.0595828 0.192277
250.084 29.0875 0.0583575 0.0579249
250.034 29.2727 0.0592671 0.161918
249.987 29.2266 0.0626844 0.18775
250.06 29.2657 0.0595828 0.192277
250.135 29.2804 0.0593841 0.154111
249.987 29.2266 0.0626844 0.18775
249.987 29.2266 0.0626844 0.18775
249.987 29.2266 0.0626844 0.18775
249.865 29.2521 0.0675235 0.0140146
250.034 29.2727 0.0592671 0.161918
249.987 29.2266 0.0626844 0.18775
250.06 29.2657 0.0595828 0.192277
250.034 29.2727 0.0592671 0.161918
250.034 29.2727 0.0592671 0.161918
250.135 29.2804 0.0593841 0.154111
250.135 29.2804 0.0593841 0.154111
250.135 29.2804 0.0593841 0.154111
249.97 29.2407 0.0536355 0.00426007
250.06 29.2657 0.0595828 0.192277
250.06 29.2657 0.0595828 0.192277
249.883 29.1845 0.0602091 0.0368977
250.034 29.2727 0.0592671 0.161918
250.034 29.2727 0.0592671 0.161918
249.987 29.2266 0.0626844 0.18775
249.987 29.2266 0.0626844 0.18775
250.084 29.0875 0.0583575 0.0579249
250.034 29.2727 0.0592671 0.161918
250.241 29.1831 0.0503495 0.000601257
250.004 29.3861 0.0608395 0.0417159
250.084 29.0875 0.0583575 0.0579249
250.135 29.2804 0.0593841 0.154111
250.135 29.2804 0.0593841 0.154111
249.987 29.2266 0.0626844 0.18775
249.9 29.1812 0.0613773 0.0681222
250.06 29.2657 0.0595828 0.192277
249.883 29.1845 0.0602091 0.0368977
250.125 29.3912 0.0534306 0.0101869
249.987 29.2266 0.0626844 0.18775
249.9 29.1812 0.0613773 0.0681222
250.06 29.2657 0.0595828 0.192277
250.06 29.2657 0.0595828 0.192277
250.034 29.2727 0.0592671 0.161918
250.135 29.2804 0.0593841 0.154111
250.004 29.3861 0.0608395 0.0417159
250.06 29.2657 0.0595828 0.192277
250.06 29.2657 0.0595828 0.192277
249.883 29.1845 0.0602091 0.0368977
250.135 29.2804 0.0593841 0.154111
249.9 29.1812 0.0613773 0.0681222
250.06 29.2657 0.0595828 0.192277
250.034 29.2727 0.0592671 0.161918
250.125 29.3912 0.0534306 0.0101869
250.115 29.5579 0.0524196 0.000262307
250.084 29.0875 0.0583575 0.0579249
250.239 29.3686 0.0560158 0.0193311
250.034 29.2727 0.0592671 0.161918
250.135 29.2804 0.0593841 0.154111
249.987 29.2266 0.0626844 0.18775
249.9 29.1812 0.0613773 0.0681222
250.06 29.2657 0.0595828 0.192277
250.084 29.0875 0.0583575 0.0579249
250.135 29.2804 0.0593841 0.154111
249.987 29.2266 0.0626844 0.18775
