251.551 -19.4065 3.07072 0.0661982
251.666 -19.7528 3.07344 0.0322749
251.814 -19.5219 3.07456 0.249812
251.551 -19.4065 3.07072 0.0661982
251.857 -19.5141 3.07704 0.16105
251.738 -19.4013 3.07146 0.165066
251.738 -19.4013 3.07146 0.165066
251.691 -19.7855 3.06989 0.0165538
251.738 -19.4013 3.07146 0.165066
251.814 -19.5219 3.07456 0.249812
251.857 -19.5141 3.07704 0.16105
251.857 -19.5141 3.07704 0.16105
252.133 -19.6073 3.07522 0.0127607
251.814 -19.5219 3.07456 0.249812
251.942 -19.7708 3.07369 0.022055
251.836 -19.4845 3.07802 0.091418
251.738 -19.4013 3.07146 0.165066
251.381 -19.4667 3.06459 0.022076
251.814 -19.5219 3.07456 0.249812
251.814 -19.5219 3.07456 0.249812
251.857 -19.5141 3.07704 0.16105
251.857 -19.5141 3.07704 0.16105
251.836 -19.4845 3.07802 0.091418
251.814 -19.5219 3.07456 0.249812
251.814 -19.5219 3.07456 0.249812
251.857 -19.5141 3.07704 0.16105
251.738 -19.4013 3.07146 0.165066
251.738 -19.4013 3.07146 0.165066
251.814 -19.5219 3.07456 0.249812
251.551 -19.4065 3.07072 0.0661982
251.857 -19.5141 3.07704 0.16105
251.857 -19.5141 3.07704 0.16105
251.738 -19.4013 3.07146 0.165066
251.814 -19.5219 3.07456 0.249812
251.551 -19.4065 3.07072 0.0661982
251.738 -19.4013 3.07146 0.165066
252.1 -19.4669 3.08289 0.0127648
251.551 -19.4065 3.07072 0.0661982
251.322 -19.1937 3.06502 0.000837616
251.738 -19.4013 3.07146 0.165066
251.738 -19.4013 3.07146 0.165066
251.414 -19.5042 3.06154 0.0116534
251.814 -19.5219 3.07456 0.249812
251.551 -19.4065 3.07072 0.0661982
251.836 -19.4845 3.07802 0.091418
251.836 -19.4845 3.07802 0.091418
251.814 -19.5219 3.07456 0.249812
251.568 -19.1946 3.07057 0.00416908
251.666 -19.7528 3.07344 0.0322749
251.738 -19.4013 3.07146 0.165066
251.814 -19.5219 3.07456 0.249812
251.814 -19.5219 3.07456 0.249812
251.857 -19.5141 3.07704 0.16105
251.738 -19.4013 3.07146 0.165066
251.814 -19.5219 3.07456 0.249812
251.857 -19.5141 3.07704 0.16105
251.72 -19.774 3.07443 0.0307902
251.411 -19.7547 3.0726 0.000666141
251.857 -19.5141 3.07704 0.16105
251.738 -19.4013 3.07146 0.165066
251.814 -19.5219 3.07456 0.249812
251.666 -19.7528 3.07344 0.0322749
251.666 -19.7528 3.07344 0.0322749
251.72 -19.774 3.07443 0.0307902
251.551 -19.4065 3.07072 0.0661982
251.666 -19.7528 3.07344 0.0322749
251.72 -19.774 3.07443 0.0307902
251.691 -19.7855 3.06989 0.0165538
251.738 -19.4013 3.07146 0.165066
251.814 -19.5219 3.07456 0.249812
251.814 -19.5219 3.07456 0.249812
251.551 -19.4065 3.07072 0.0661982
251.738 -19.4013 3.07146 0.165066
251.814 -19.5219 3.07456 0.249812
251.814 -19.5219 3.07456 0.249812
251.691 -19.7855 3.06989 0.0165538
251.738 -19.4013 3.07146 0.165066
251.814 -19.5219 3.07456 0.249812
251.836 -19.4845 3.07802 0.091418
251.381 -19.4667 3.06459 0.022076
251.814 -19.5219 3.07456 0.249812
251.942 -19.7708 3.07369 0.022055
251.551 -19.4065 3.07072 0.0661982
251.738 -19.4013 3.07146 0.165066
251.942 -19.7708 3.07369 0.022055
251.738 -19.4013 3.07146 0.165066
251.814 -19.5219 3.07456 0.249812
251.857 -19.5141 3.07704 0.16105
251.738 -19.4013 3.07146 0.165066
251.814 -19.5219 3.07456 0.249812
251.814 -19.5219 3.07456 0.249812
251.836 -19.4845 3.07802 0.091418
251.381 -19.4667 3.06459 0.022076
251.814 -19.5219 3.07456 0.249812
251.691 -19.7855 3.06989 0.0165538
251.574 -19.3154 3.06343 0.0175793
251.836 -19.4845 3.07802 0.091418
251.738 -19.4013 3.07146 0.165066
251.72 -19.774 3.07443 0.0307902
251.476 -19.6653 3.06544 0.0159061
