86.3159 -32.3217 3.58871 0.477287
86.277 -32.4353 3.58547 0.328133
86.3159 -32.3217 3.58871 0.477287
86.277 -32.4353 3.58547 0.328133
86.0854 -32.2386 3.59134 0.091548
86.3159 -32.3217 3.58871 0.477287
86.3707 -32.2969 3.59337 0.0684067
86.3159 -32.3217 3.58871 0.477287
86.277 -32.4353 3.58547 0.328133
86.0854 -32.2386 3.59134 0.091548
86.3159 -32.3217 3.58871 0.477287
86.0854 -32.2386 3.59134 0.091548
86.3159 -32.3217 3.58871 0.477287
86.3159 -32.3217 3.58871 0.477287
86.3707 -32.2969 3.59337 0.0684067
86.3159 -32.3217 3.58871 0.477287
86.3159 -32.3217 3.58871 0.477287
86.3707 -32.2969 3.59337 0.0684067
86.3159 -32.3217 3.58871 0.477287
86.277 -32.4353 3.58547 0.328133
86.3159 -32.3217 3.58871 0.477287
86.3159 -32.3217 3.58871 0.477287
86.3159 -32.3217 3.58871 0.477287
86.277 -32.4353 3.58547 0.328133
86.3159 -32.3217 3.58871 0.477287
86.277 -32.4353 3.58547 0.328133
86.277 -32.4353 3.58547 0.328133
86.3159 -32.3217 3.58871 0.477287
86.277 -32.4353 3.58547 0.328133
86.3159 -32.3217 3.58871 0.477287
86.3159 -32.3217 3.58871 0.477287
86.277 -32.4353 3.58547 0.328133
86.3159 -32.3217 3.58871 0.477287
86.3159 -32.3217 3.58871 0.477287
86.3159 -32.3217 3.58871 0.477287
86.3159 -32.3217 3.58871 0.477287
86.3707 -32.2969 3.59337 0.0684067
86.3159 -32.3217 3.58871 0.477287
86.3159 -32.3217 3.58871 0.477287
86.3707 -32.2969 3.59337 0.0684067
86.3159 -32.3217 3.58871 0.477287
86.3159 -32.3217 3.58871 0.477287
86.277 -32.4353 3.58547 0.328133
86.3159 -32.3217 3.58871 0.477287
86.277 -32.4353 3.58547 0.328133
86.277 -32.4353 3.58547 0.328133
86.3159 -32.3217 3.58871 0.477287
86.277 -32.4353 3.58547 0.328133
86.3159 -32.3217 3.58871 0.477287
86.3159 -32.3217 3.58871 0.477287
86.3159 -32.3217 3.58871 0.477287
86.3159 -32.3217 3.58871 0.477287
86.0854 -32.2386 3.59134 0.091548
86.277 -32.4353 3.58547 0.328133
86.3159 -32.3217 3.58871 0.477287
86.277 -32.4353 3.58547 0.328133
86.277 -32.4353 3.58547 0.328133
86.3159 -32.3217 3.58871 0.477287
86.277 -32.4353 3.58547 0.328133
86.3159 -32.3217 3.58871 0.477287
86.3707 -32.2969 3.59337 0.0684067
86.277 -32.4353 3.58547 0.328133
86.3159 -32.3217 3.58871 0.477287
86.3159 -32.3217 3.58871 0.477287
86.277 -32.4353 3.58547 0.328133
86.277 -32.4353 3.58547 0.328133
86.277 -32.4353 3.58547 0.328133
86.0854 -32.2386 3.59134 0.091548
86.3159 -32.3217 3.58871 0.477287
86.3159 -32.3217 3.58871 0.477287
86.3159 -32.3217 3.58871 0.477287
86.277 -32.4353 3.58547 0.328133
86.3159 -32.3217 3.58871 0.477287
86.3159 -32.3217 3.58871 0.477287
86.277 -32.4353 3.58547 0.328133
86.0854 -32.2386 3.59134 0.091548
86.277 -32.4353 3.58547 0.328133
86.3707 -32.2969 3.59337 0.0684067
86.3159 -32.3217 3.58871 0.477287
86.277 -32.4353 3.58547 0.328133
86.3159 -32.3217 3.58871 0.477287
86.277 -32.4353 3.58547 0.328133
86.3159 -32.3217 3.58871 0.477287
86.3159 -32.3217 3.58871 0.477287
86.3159 -32.3217 3.58871 0.477287
86.0854 -32.2386 3.59134 0.091548
86.3159 -32.3217 3.58871 0.477287
86.3707 -32.2969 3.59337 0.0684067
86.3159 -32.3217 3.58871 0.477287
86.3159 -32.3217 3.58871 0.477287
86.3159 -32.3217 3.58871 0.477287
86.3159 -32.3217 3.58871 0.477287
86.277 -32.4353 3.58547 0.328133
86.3159 -32.3217 3.58871 0.477287
86.277 -32.4353 3.58547 0.328133
86.3159 -32.3217 3.58871 0.477287
86.277 -32.4353 3.58547 0.328133
86.277 -32.4353 3.58547 0.328133
86.3159 -32.3217 3.58871 0.477287
86.0854 -32.2386 3.59134 0.091548
