243.303 28.1385 0.0769342 0.0806953
243.311 28.321 0.0822086 0.164733
243.311 28.321 0.0822086 0.164733
243.205 28.2501 0.0864832 0.044243
243.149 28.1879 0.0804194 0.104252
243.331 28.1307 0.0785207 0.192249
243.331 28.1307 0.0785207 0.192249
243.6 28.2895 0.0786543 0.00613571
243.431 28.0992 0.0807045 0.114005
243.431 28.0992 0.0807045 0.114005
243.29 28.3002 0.0841246 0.100889
243.331 28.1307 0.0785207 0.192249
243.431 28.0992 0.0807045 0.114005
243.225 27.9488 0.0875302 0.00991281
243.331 28.1307 0.0785207 0.192249
243.331 28.1307 0.0785207 0.192249
243.303 28.1385 0.0769342 0.0806953
243.431 28.0992 0.0807045 0.114005
243.205 28.2501 0.0864832 0.044243
243.395 28.4033 0.0831157 0.0105507
243.303 28.1385 0.0769342 0.0806953
243.311 28.321 0.0822086 0.164733
243.483 28.0869 0.0812581 0.0394557
243.205 28.2501 0.0864832 0.044243
243.331 28.1307 0.0785207 0.192249
243.303 28.1385 0.0769342 0.0806953
243.311 28.321 0.0822086 0.164733
243.483 28.0869 0.0812581 0.0394557
243.331 28.1307 0.0785207 0.192249
243.192 28.176 0.0860357 0.102545
243.311 28.321 0.0822086 0.164733
243.483 28.0869 0.0812581 0.0394557
243.483 28.0869 0.0812581 0.0394557
243.149 28.1879 0.0804194 0.104252
243.331 28.1307 0.0785207 0.192249
243.431 28.0992 0.0807045 0.114005
243.311 28.321 0.0822086 0.164733
243.29 28.3002 0.0841246 0.100889
243.149 28.1879 0.0804194 0.104252
243.331 28.1307 0.0785207 0.192249
243.331 28.1307 0.0785207 0.192249
243.311 28.321 0.0822086 0.164733
243.311 28.321 0.0822086 0.164733
243.483 28.0869 0.0812581 0.0394557
243.29 28.3002 0.0841246 0.100889
243.149 28.1879 0.0804194 0.104252
243.331 28.1307 0.0785207 0.192249
243.331 28.1307 0.0785207 0.192249
243.431 28.0992 0.0807045 0.114005
243.311 28.321 0.0822086 0.164733
243.29 28.3002 0.0841246 0.100889
243.149 28.1879 0.0804194 0.104252
243.303 28.1385 0.0769342 0.0806953
243.192 28.176 0.0860357 0.102545
243.483 28.0869 0.0812581 0.0394557
243.331 28.1307 0.0785207 0.192249
243.331 28.1307 0.0785207 0.192249
243.303 28.1385 0.0769342 0.0806953
243.311 28.321 0.0822086 0.164733
243.311 28.321 0.0822086 0.164733
243.569 28.4412 0.0756444 0.00228197
243.303 28.1385 0.0769342 0.0806953
243.192 28.176 0.0860357 0.102545
243.311 28.321 0.0822086 0.164733
243.205 28.2501 0.0864832 0.044243
243.149 28.1879 0.0804194 0.104252
243.149 28.1879 0.0804194 0.104252
243.331 28.1307 0.0785207 0.192249
243.331 28.1307 0.0785207 0.192249
243.311 28.321 0.0822086 0.164733
243.311 28.321 0.0822086 0.164733
243.395 28.4033 0.0831157 0.0105507
243.149 28.1879 0.0804194 0.104252
243.303 28.1385 0.0769342 0.0806953
243.431 28.0992 0.0807045 0.114005
243.311 28.321 0.0822086 0.164733
243.149 28.1879 0.0804194 0.104252
243.299 28.3776 0.0737554 0.0111131
243.431 28.0992 0.0807045 0.114005
243.205 28.2501 0.0864832 0.044243
243.331 28.1307 0.0785207 0.192249
243.431 28.0992 0.0807045 0.114005
243.205 28.2501 0.0864832 0.044243
243.149 28.1879 0.0804194 0.104252
243.331 28.1307 0.0785207 0.192249
243.192 28.176 0.0860357 0.102545
242.969 28.1022 0.083893 0.0016267
243.29 28.3002 0.0841246 0.100889
243.395 28.4033 0.0831157 0.0105507
243.149 28.1879 0.0804194 0.104252
243.331 28.1307 0.0785207 0.192249
243.286 28.2061 0.0895902 0.0032423
243.303 28.1385 0.0769342 0.0806953
243.192 28.176 0.0860357 0.102545
243.311 28.321 0.0822086 0.164733
243.149 28.1879 0.0804194 0.104252
243.149 28.1879 0.0804194 0.104252
243.331 28.1307 0.0785207 0.192249
243.431 28.0992 0.0807045 0.114005
243.431 28.0992 0.0807045 0.114005
