67.3649 -46.2832 3.85128 0.362485
67.2866 -46.3305 3.8561 0.171098
67.3649 -46.2832 3.85128 0.362485
67.3649 -46.2832 3.85128 0.362485
67.3337 -46.6084 3.84754 0.0801897
67.2103 -46.2988 3.84358 0.0282155
67.3649 -46.2832 3.85128 0.362485
67.0554 -46.4142 3.84489 0.026
67.3337 -46.6084 3.84754 0.0801897
67.5026 -46.2393 3.85479 0.0404674
67.2103 -46.2988 3.84358 0.0282155
67.3649 -46.2832 3.85128 0.362485
67.3649 -46.2832 3.85128 0.362485
67.2866 -46.3305 3.8561 0.171098
67.3649 -46.2832 3.85128 0.362485
67.3649 -46.2832 3.85128 0.362485
67.2103 -46.2988 3.84358 0.0282155
67.3337 -46.6084 3.84754 0.0801897
67.3337 -46.6084 3.84754 0.0801897
67.2215 -46.2466 3.8509 0.21543
67.3649 -46.2832 3.85128 0.362485
67.3649 -46.2832 3.85128 0.362485
67.2866 -46.3305 3.8561 0.171098
67.3337 -46.6084 3.84754 0.0801897
67.2866 -46.3305 3.8561 0.171098
67.3649 -46.2832 3.85128 0.362485
67.2866 -46.3305 3.8561 0.171098
67.3645 -46.5848 3.8549 0.0100548
67.2866 -46.3305 3.8561 0.171098
67.2866 -46.3305 3.8561 0.171098
67.2866 -46.3305 3.8561 0.171098
67.3337 -46.6084 3.84754 0.0801897
67.2215 -46.2466 3.8509 0.21543
67.3649 -46.2832 3.85128 0.362485
67.3649 -46.2832 3.85128 0.362485
67.2866 -46.3305 3.8561 0.171098
67.3649 -46.2832 3.85128 0.362485
67.3649 -46.2832 3.85128 0.362485
67.2866 -46.3305 3.8561 0.171098
67.5026 -46.2393 3.85479 0.0404674
67.2866 -46.3305 3.8561 0.171098
67.3649 -46.2832 3.85128 0.362485
67.3649 -46.2832 3.85128 0.362485
67.3649 -46.2832 3.85128 0.362485
67.3649 -46.2832 3.85128 0.362485
67.2215 -46.2466 3.8509 0.21543
67.0554 -46.4142 3.84489 0.026
67.2866 -46.3305 3.8561 0.171098
67.0078 -46.6233 3.84473 0.00223247
67.2215 -46.2466 3.8509 0.21543
67.3649 -46.2832 3.85128 0.362485
67.3337 -46.6084 3.84754 0.0801897
67.2215 -46.2466 3.8509 0.21543
67.3649 -46.2832 3.85128 0.362485
67.3649 -46.2832 3.85128 0.362485
67.2215 -46.2466 3.8509 0.21543
67.3649 -46.2832 3.85128 0.362485
67.2215 -46.2466 3.8509 0.21543
67.3649 -46.2832 3.85128 0.362485
67.3337 -46.6084 3.84754 0.0801897
67.2866 -46.3305 3.8561 0.171098
67.2866 -46.3305 3.8561 0.171098
67.3649 -46.2832 3.85128 0.362485
67.3649 -46.2832 3.85128 0.362485
67.5026 -46.2393 3.85479 0.0404674
67.2215 -46.2466 3.8509 0.21543
67.2866 -46.3305 3.8561 0.171098
67.3618 -46.5929 3.84334 0.0343571
67.2866 -46.3305 3.8561 0.171098
67.2866 -46.3305 3.8561 0.171098
67.3337 -46.6084 3.84754 0.0801897
67.2866 -46.3305 3.8561 0.171098
67.3337 -46.6084 3.84754 0.0801897
67.2215 -46.2466 3.8509 0.21543
67.3649 -46.2832 3.85128 0.362485
67.3618 -46.5929 3.84334 0.0343571
67.2866 -46.3305 3.8561 0.171098
67.3618 -46.5929 3.84334 0.0343571
67.3649 -46.2832 3.85128 0.362485
67.3649 -46.2832 3.85128 0.362485
67.3337 -46.6084 3.84754 0.0801897
67.3649 -46.2832 3.85128 0.362485
67.3618 -46.5929 3.84334 0.0343571
67.2215 -46.2466 3.8509 0.21543
67.2866 -46.3305 3.8561 0.171098
67.3618 -46.5929 3.84334 0.0343571
67.2215 -46.2466 3.8509 0.21543
67.3649 -46.2832 3.85128 0.362485
67.3649 -46.2832 3.85128 0.362485
67.2215 -46.2466 3.8509 0.21543
67.0554 -46.4142 3.84489 0.026
67.3645 -46.5848 3.8549 0.0100548
67.3618 -46.5929 3.84334 0.0343571
67.2215 -46.2466 3.8509 0.21543
67.3649 -46.2832 3.85128 0.362485
67.3649 -46.2832 3.85128 0.362485
67.2215 -46.2466 3.8509 0.21543
67.2215 -46.2466 3.8509 0.21543
67.3649 -46.2832 3.85128 0.362485
67.2866 -46.3305 3.8561 0.171098
