220.077 -11.5139 2.95247 0.0316633
219.688 -11.6451 2.94156 0.0506833
219.961 -11.5348 2.94205 0.0857808
220.006 -11.6551 2.94444 0.163885
219.848 -11.5625 2.94506 0.303608
219.868 -11.6043 2.95099 0.0522985
220.052 -11.5614 2.95275 0.0354167
219.848 -11.5625 2.94506 0.303608
220.031 -11.5605 2.9504 0.126173
219.848 -11.5625 2.94506 0.303608
219.848 -11.5625 2.94506 0.303608
219.961 -11.5348 2.94205 0.0857808
220.031 -11.5605 2.9504 0.126173
219.969 -11.6869 2.95459 0.00466687
219.848 -11.5625 2.94506 0.303608
219.848 -11.5625 2.94506 0.303608
220.031 -11.5605 2.9504 0.126173
219.868 -11.6043 2.95099 0.0522985
220.077 -11.5139 2.95247 0.0316633
219.932 -11.6629 2.95202 0.0374439
220.006 -11.6551 2.94444 0.163885
220.052 -11.5614 2.95275 0.0354167
219.848 -11.5625 2.94506 0.303608
220.006 -11.6551 2.94444 0.163885
219.848 -11.5625 2.94506 0.303608
220.031 -11.5605 2.9504 0.126173
220.006 -11.6551 2.94444 0.163885
219.848 -11.3439 2.94147 0.011385
219.848 -11.5625 2.94506 0.303608
220.014 -11.925 2.9513 0.00141932
219.551 -11.5129 2.94688 0.00099015
219.848 -11.5625 2.94506 0.303608
220.031 -11.5605 2.9504 0.126173
219.848 -11.5625 2.94506 0.303608
219.848 -11.5625 2.94506 0.303608
219.961 -11.5348 2.94205 0.0857808
219.793 -11.6401 2.95031 0.0294059
219.848 -11.5625 2.94506 0.303608
219.848 -11.5625 2.94506 0.303608
219.688 -11.6451 2.94156 0.0506833
220.006 -11.6551 2.94444 0.163885
219.848 -11.5625 2.94506 0.303608
220.006 -11.6551 2.94444 0.163885
219.848 -11.5625 2.94506 0.303608
220.031 -11.5605 2.9504 0.126173
219.848 -11.5625 2.94506 0.303608
219.868 -11.6043 2.95099 0.0522985
219.793 -11.6401 2.95031 0.0294059
219.688 -11.6451 2.94156 0.0506833
220.031 -11.5605 2.9504 0.126173
219.793 -11.6401 2.95031 0.0294059
219.848 -11.5625 2.94506 0.303608
219.688 -11.6451 2.94156 0.0506833
219.882 -11.8276 2.94864 0.0255633
219.961 -11.5348 2.94205 0.0857808
219.961 -11.5348 2.94205 0.0857808
219.848 -11.5625 2.94506 0.303608
219.868 -11.6043 2.95099 0.0522985
220.006 -11.6551 2.94444 0.163885
219.831 -11.6268 2.95509 0.000550552
219.793 -11.6401 2.95031 0.0294059
219.848 -11.5625 2.94506 0.303608
219.688 -11.6451 2.94156 0.0506833
220.006 -11.6551 2.94444 0.163885
219.848 -11.5625 2.94506 0.303608
220.031 -11.5605 2.9504 0.126173
220.006 -11.6551 2.94444 0.163885
220.052 -11.5614 2.95275 0.0354167
220.031 -11.5605 2.9504 0.126173
220.006 -11.6551 2.94444 0.163885
219.882 -11.8276 2.94864 0.0255633
219.848 -11.5625 2.94506 0.303608
220.189 -11.5222 2.94339 0.00395672
220.006 -11.6551 2.94444 0.163885
219.848 -11.5625 2.94506 0.303608
219.868 -11.6043 2.95099 0.0522985
220.006 -11.6551 2.94444 0.163885
219.848 -11.5625 2.94506 0.303608
219.868 -11.6043 2.95099 0.0522985
220.006 -11.6551 2.94444 0.163885
220.077 -11.5139 2.95247 0.0316633
219.848 -11.5625 2.94506 0.303608
220.031 -11.5605 2.9504 0.126173
219.869 -11.8034 2.95098 0.0102109
219.848 -11.3439 2.94147 0.011385
219.848 -11.5625 2.94506 0.303608
220.006 -11.6551 2.94444 0.163885
219.848 -11.5625 2.94506 0.303608
219.932 -11.6629 2.95202 0.0374439
220.052 -11.5614 2.95275 0.0354167
219.848 -11.5625 2.94506 0.303608
219.848 -11.5625 2.94506 0.303608
219.848 -11.5625 2.94506 0.303608
219.961 -11.5348 2.94205 0.0857808
219.961 -11.5348 2.94205 0.0857808
220.031 -11.5605 2.9504 0.126173
219.793 -11.6401 2.95031 0.0294059
219.961 -11.5348 2.94205 0.0857808
220.052 -11.5614 2.95275 0.0354167
219.848 -11.5625 2.94506 0.303608
