185.191 -9.2528 3.18708 0.00680649
185.41 -9.43375 3.19035 0.00646218
185.015 -9.57721 3.18257 0.236733
185.211 -9.81303 3.18184 0.00533988
185.034 -9.58653 3.18113 0.224707
185.034 -9.58653 3.18113 0.224707
185.015 -9.57721 3.18257 0.236733
185.015 -9.57721 3.18257 0.236733
185.229 -9.41941 3.18334 0.0584358
185.211 -9.81303 3.18184 0.00533988
184.931 -9.55439 3.18679 0.0218854
185.229 -9.50888 3.18829 0.102002
184.94 -9.49485 3.18114 0.111912
184.966 -9.43822 3.17501 0.00400201
185.125 -9.67859 3.18819 0.0315967
185.034 -9.58653 3.18113 0.224707
185.034 -9.58653 3.18113 0.224707
185.034 -9.58653 3.18113 0.224707
185.326 -9.39468 3.18444 0.0134449
185.069 -9.33748 3.18686 0.0304235
185.125 -9.67859 3.18819 0.0315967
185.034 -9.58653 3.18113 0.224707
185.069 -9.33748 3.18686 0.0304235
185.229 -9.50888 3.18829 0.102002
185.034 -9.58653 3.18113 0.224707
184.931 -9.55439 3.18679 0.0218854
185.015 -9.57721 3.18257 0.236733
185.191 -9.2528 3.18708 0.00680649
185.034 -9.58653 3.18113 0.224707
185.015 -9.57721 3.18257 0.236733
185.015 -9.57721 3.18257 0.236733
185.015 -9.57721 3.18257 0.236733
184.995 -9.23086 3.18542 0.00211028
185.125 -9.67859 3.18819 0.0315967
185.034 -9.58653 3.18113 0.224707
185.034 -9.58653 3.18113 0.224707
185.015 -9.57721 3.18257 0.236733
185.229 -9.50888 3.18829 0.102002
185.125 -9.67859 3.18819 0.0315967
185.015 -9.57721 3.18257 0.236733
185.229 -9.41941 3.18334 0.0584358
184.94 -9.49485 3.18114 0.111912
185.313 -9.61173 3.18119 0.00969297
185.015 -9.57721 3.18257 0.236733
185.015 -9.57721 3.18257 0.236733
184.986 -9.70376 3.17599 0.0164467
185.211 -9.81303 3.18184 0.00533988
184.94 -9.49485 3.18114 0.111912
185.034 -9.58653 3.18113 0.224707
185.015 -9.57721 3.18257 0.236733
185.229 -9.50888 3.18829 0.102002
184.94 -9.49485 3.18114 0.111912
185.125 -9.67859 3.18819 0.0315967
185.015 -9.57721 3.18257 0.236733
185.229 -9.50888 3.18829 0.102002
185.229 -9.41941 3.18334 0.0584358
184.94 -9.49485 3.18114 0.111912
185.034 -9.58653 3.18113 0.224707
185.015 -9.57721 3.18257 0.236733
185.229 -9.50888 3.18829 0.102002
185.034 -9.58653 3.18113 0.224707
184.931 -9.55439 3.18679 0.0218854
184.995 -9.23086 3.18542 0.00211028
184.94 -9.49485 3.18114 0.111912
185.034 -9.58653 3.18113 0.224707
185.015 -9.57721 3.18257 0.236733
185.015 -9.57721 3.18257 0.236733
185.069 -9.33748 3.18686 0.0304235
184.94 -9.49485 3.18114 0.111912
184.876 -9.69288 3.18295 0.0184132
185.326 -9.39468 3.18444 0.0134449
185.015 -9.57721 3.18257 0.236733
185.015 -9.57721 3.18257 0.236733
185.229 -9.50888 3.18829 0.102002
185.034 -9.58653 3.18113 0.224707
185.015 -9.57721 3.18257 0.236733
185.015 -9.57721 3.18257 0.236733
185.229 -9.50888 3.18829 0.102002
185.034 -9.58653 3.18113 0.224707
185.015 -9.57721 3.18257 0.236733
185.015 -9.57721 3.18257 0.236733
184.914 -9.70161 3.17641 0.0196408
184.931 -9.55439 3.18679 0.0218854
184.933 -9.74592 3.18425 0.0122334
185.229 -9.50888 3.18829 0.102002
185.125 -9.67859 3.18819 0.0315967
185.015 -9.57721 3.18257 0.236733
185.229 -9.41941 3.18334 0.0584358
185.034 -9.58653 3.18113 0.224707
185.326 -9.39468 3.18444 0.0134449
185.363 -9.39547 3.18689 0.0123418
185.229 -9.50888 3.18829 0.102002
185.034 -9.58653 3.18113 0.224707
185.034 -9.58653 3.18113 0.224707
185.034 -9.58653 3.18113 0.224707
185.034 -9.58653 3.18113 0.224707
185.015 -9.57721 3.18257 0.236733
185.069 -9.33748 3.18686 0.0304235
185.229 -9.50888 3.18829 0.102002
185.125 -9.67859 3.18819 0.0315967
