180.445 23.4372 0.0732103 0.181141
180.273 23.5009 0.079902 0.216722
180.333 23.6442 0.0858107 0.025888
180.513 23.6747 0.0781332 0.193805
180.364 23.4034 0.0890889 0.00147914
180.273 23.5009 0.079902 0.216722
180.273 23.5009 0.079902 0.216722
180.273 23.5009 0.079902 0.216722
180.513 23.6747 0.0781332 0.193805
180.326 23.6132 0.0696515 0.0674759
180.445 23.4372 0.0732103 0.181141
180.273 23.5009 0.079902 0.216722
180.445 23.4152 0.0737404 0.149738
180.513 23.6747 0.0781332 0.193805
180.445 23.4372 0.0732103 0.181141
180.445 23.4372 0.0732103 0.181141
180.445 23.4372 0.0732103 0.181141
180.445 23.4372 0.0732103 0.181141
180.273 23.5009 0.079902 0.216722
180.273 23.5009 0.079902 0.216722
180.513 23.6747 0.0781332 0.193805
180.445 23.4372 0.0732103 0.181141
180.273 23.5009 0.079902 0.216722
180.445 23.4152 0.0737404 0.149738
180.513 23.6747 0.0781332 0.193805
180.445 23.4372 0.0732103 0.181141
180.273 23.5009 0.079902 0.216722
180.273 23.5009 0.079902 0.216722
180.326 23.6132 0.0696515 0.0674759
180.445 23.4372 0.0732103 0.181141
180.445 23.4152 0.0737404 0.149738
180.695 23.5734 0.0819928 0.00168093
180.579 23.7508 0.063401 0.00415574
180.273 23.5009 0.079902 0.216722
180.273 23.5009 0.079902 0.216722
180.445 23.4152 0.0737404 0.149738
180.326 23.6132 0.0696515 0.0674759
180.359 23.7062 0.06723 0.0189247
180.273 23.5009 0.079902 0.216722
180.513 23.6747 0.0781332 0.193805
180.445 23.4372 0.0732103 0.181141
180.273 23.5009 0.079902 0.216722
180.445 23.4152 0.0737404 0.149738
180.328 23.3643 0.078714 0.0732789
180.445 23.4372 0.0732103 0.181141
180.445 23.4152 0.0737404 0.149738
180.445 23.4152 0.0737404 0.149738
180.513 23.6747 0.0781332 0.193805
180.513 23.6747 0.0781332 0.193805
180.445 23.4372 0.0732103 0.181141
180.445 23.4152 0.0737404 0.149738
180.513 23.6747 0.0781332 0.193805
180.328 23.3643 0.078714 0.0732789
180.445 23.4372 0.0732103 0.181141
180.273 23.5009 0.079902 0.216722
180.273 23.5009 0.079902 0.216722
180.513 23.6747 0.0781332 0.193805
180.513 23.6747 0.0781332 0.193805
180.445 23.4372 0.0732103 0.181141
180.273 23.5009 0.079902 0.216722
180.445 23.4152 0.0737404 0.149738
180.445 23.4152 0.0737404 0.149738
180.511 23.5894 0.0643283 0.0124445
180.722 23.4486 0.0668265 0.00440101
180.445 23.4152 0.0737404 0.149738
180.445 23.4152 0.0737404 0.149738
180.78 23.6649 0.0728943 0.00578112
180.513 23.6747 0.0781332 0.193805
180.328 23.3643 0.078714 0.0732789
180.445 23.4372 0.0732103 0.181141
180.273 23.5009 0.079902 0.216722
180.273 23.5009 0.079902 0.216722
180.445 23.4152 0.0737404 0.149738
180.513 23.6747 0.0781332 0.193805
180.513 23.6747 0.0781332 0.193805
180.445 23.4372 0.0732103 0.181141
180.445 23.4152 0.0737404 0.149738
180.513 23.6747 0.0781332 0.193805
180.513 23.6747 0.0781332 0.193805
180.445 23.4372 0.0732103 0.181141
180.273 23.5009 0.079902 0.216722
180.513 23.6747 0.0781332 0.193805
180.359 23.7062 0.06723 0.0189247
180.273 23.5009 0.079902 0.216722
180.273 23.5009 0.079902 0.216722
180.513 23.6747 0.0781332 0.193805
180.486 23.4763 0.0657242 0.0132385
180.445 23.4372 0.0732103 0.181141
180.231 23.5941 0.08713 0.0146058
180.273 23.5009 0.079902 0.216722
180.445 23.4152 0.0737404 0.149738
180.513 23.6747 0.0781332 0.193805
180.445 23.4372 0.0732103 0.181141
180.445 23.4152 0.0737404 0.149738
180.513 23.6747 0.0781332 0.193805
180.513 23.6747 0.0781332 0.193805
180.328 23.3643 0.078714 0.0732789
180.273 23.5009 0.079902 0.216722
180.273 23.5009 0.079902 0.216722
180.445 23.4152 0.0737404 0.149738
