239.536 28.5144 0.076646 0.223578
239.536 28.5144 0.076646 0.223578
239.449 28.6139 0.0808344 0.0910862
239.474 28.4405 0.08037 0.0260011
239.552 28.7171 0.076391 0.388369
239.552 28.7171 0.076391 0.388369
239.536 28.5144 0.076646 0.223578
239.39 28.8373 0.0746671 0.0580449
239.474 28.4405 0.08037 0.0260011
239.552 28.7171 0.076391 0.388369
239.536 28.5144 0.076646 0.223578
239.552 28.7171 0.076391 0.388369
239.543 28.4913 0.0735761 0.100216
239.552 28.7171 0.076391 0.388369
239.552 28.7171 0.076391 0.388369
239.486 28.5452 0.0841815 0.00257714
239.552 28.7171 0.076391 0.388369
239.552 28.7171 0.076391 0.388369
239.552 28.7171 0.076391 0.388369
239.39 28.8373 0.0746671 0.0580449
239.536 28.5144 0.076646 0.223578
239.552 28.7171 0.076391 0.388369
239.39 28.8373 0.0746671 0.0580449
239.449 28.6139 0.0808344 0.0910862
239.543 28.4913 0.0735761 0.100216
239.536 28.5144 0.076646 0.223578
239.536 28.5144 0.076646 0.223578
239.543 28.4913 0.0735761 0.100216
239.536 28.5144 0.076646 0.223578
239.474 28.4405 0.08037 0.0260011
239.552 28.7171 0.076391 0.388369
239.536 28.5144 0.076646 0.223578
239.587 28.6231 0.0690988 0.0403356
239.552 28.7171 0.076391 0.388369
239.449 28.6139 0.0808344 0.0910862
239.552 28.7171 0.076391 0.388369
239.543 28.4913 0.0735761 0.100216
239.552 28.7171 0.076391 0.388369
239.75 28.7187 0.0738994 0.0252093
239.536 28.5144 0.076646 0.223578
239.552 28.7171 0.076391 0.388369
239.536 28.5144 0.076646 0.223578
239.552 28.7171 0.076391 0.388369
239.543 28.4913 0.0735761 0.100216
239.543 28.4913 0.0735761 0.100216
239.536 28.5144 0.076646 0.223578
239.552 28.7171 0.076391 0.388369
239.552 28.7171 0.076391 0.388369
239.552 28.7171 0.076391 0.388369
239.552 28.7171 0.076391 0.388369
239.552 28.7171 0.076391 0.388369
239.543 28.4913 0.0735761 0.100216
239.552 28.7171 0.076391 0.388369
239.75 28.7187 0.0738994 0.0252093
239.449 28.6139 0.0808344 0.0910862
239.552 28.7171 0.076391 0.388369
239.536 28.5144 0.076646 0.223578
239.449 28.6139 0.0808344 0.0910862
239.536 28.5144 0.076646 0.223578
239.552 28.7171 0.076391 0.388369
239.536 28.5144 0.076646 0.223578
239.543 28.4913 0.0735761 0.100216
239.552 28.7171 0.076391 0.388369
239.552 28.7171 0.076391 0.388369
239.536 28.5144 0.076646 0.223578
239.552 28.7171 0.076391 0.388369
239.552 28.7171 0.076391 0.388369
239.445 28.5367 0.0821539 0.0260804
239.543 28.4913 0.0735761 0.100216
239.536 28.5144 0.076646 0.223578
239.536 28.5144 0.076646 0.223578
239.552 28.7171 0.076391 0.388369
239.587 28.6231 0.0690988 0.0403356
239.552 28.7171 0.076391 0.388369
239.536 28.5144 0.076646 0.223578
239.552 28.7171 0.076391 0.388369
239.39 28.8373 0.0746671 0.0580449
239.449 28.6139 0.0808344 0.0910862
239.552 28.7171 0.076391 0.388369
239.543 28.4913 0.0735761 0.100216
239.536 28.5144 0.076646 0.223578
239.449 28.6139 0.0808344 0.0910862
239.449 28.6139 0.0808344 0.0910862
239.552 28.7171 0.076391 0.388369
239.543 28.4913 0.0735761 0.100216
239.552 28.7171 0.076391 0.388369
239.552 28.7171 0.076391 0.388369
239.552 28.7171 0.076391 0.388369
239.536 28.5144 0.076646 0.223578
239.552 28.7171 0.076391 0.388369
239.543 28.4913 0.0735761 0.100216
239.39 28.8373 0.0746671 0.0580449
239.543 28.4913 0.0735761 0.100216
239.552 28.7171 0.076391 0.388369
239.587 28.6231 0.0690988 0.0403356
239.536 28.5144 0.076646 0.223578
239.552 28.7171 0.076391 0.388369
239.536 28.5144 0.076646 0.223578
239.449 28.6139 0.0808344 0.0910862
239.552 28.7171 0.076391 0.388369
