42.3511 -71.1202 3.92894 0.0683566
42.4141 -71.0342 3.93268 0.170713
42.4141 -71.0342 3.93268 0.170713
42.5383 -71.1049 3.93531 0.169824
42.6004 -71.0516 3.9357 0.16153
42.4141 -71.0342 3.93268 0.170713
42.4141 -71.0342 3.93268 0.170713
42.5383 -71.1049 3.93531 0.169824
42.6004 -71.0516 3.9357 0.16153
42.5098 -71.1463 3.93279 0.152192
42.5098 -71.1463 3.93279 0.152192
42.5098 -71.1463 3.93279 0.152192
42.4141 -71.0342 3.93268 0.170713
42.5383 -71.1049 3.93531 0.169824
42.6004 -71.0516 3.9357 0.16153
42.3511 -71.1202 3.92894 0.0683566
42.5098 -71.1463 3.93279 0.152192
42.5098 -71.1463 3.93279 0.152192
42.5847 -70.9686 3.936 0.12744
42.4459 -71.2203 3.93076 0.0477114
42.3511 -71.1202 3.92894 0.0683566
42.3511 -71.1202 3.92894 0.0683566
42.5098 -71.1463 3.93279 0.152192
42.4141 -71.0342 3.93268 0.170713
42.5847 -70.9686 3.936 0.12744
42.4459 -71.2203 3.93076 0.0477114
42.6004 -71.0516 3.9357 0.16153
42.5098 -71.1463 3.93279 0.152192
42.2573 -71.147 3.91834 3.95988e-05
42.5847 -70.9686 3.936 0.12744
42.5383 -71.1049 3.93531 0.169824
42.3767 -71.2415 3.93546 0.00735066
42.5098 -71.1463 3.93279 0.152192
42.4141 -71.0342 3.93268 0.170713
42.4141 -71.0342 3.93268 0.170713
42.4141 -71.0342 3.93268 0.170713
42.4141 -71.0342 3.93268 0.170713
42.5383 -71.1049 3.93531 0.169824
42.4459 -71.2203 3.93076 0.0477114
42.5098 -71.1463 3.93279 0.152192
42.5098 -71.1463 3.93279 0.152192
42.3648 -71.2872 3.93063 0.00743297
42.4459 -71.2203 3.93076 0.0477114
42.6004 -71.0516 3.9357 0.16153
42.6341 -71.0359 3.94201 0.011327
42.4141 -71.0342 3.93268 0.170713
42.5383 -71.1049 3.93531 0.169824
42.4459 -71.2203 3.93076 0.0477114
42.6004 -71.0516 3.9357 0.16153
42.4141 -71.0342 3.93268 0.170713
42.4141 -71.0342 3.93268 0.170713
42.5383 -71.1049 3.93531 0.169824
42.5383 -71.1049 3.93531 0.169824
42.6004 -71.0516 3.9357 0.16153
42.5098 -71.1463 3.93279 0.152192
42.5098 -71.1463 3.93279 0.152192
42.4141 -71.0342 3.93268 0.170713
42.5383 -71.1049 3.93531 0.169824
42.5383 -71.1049 3.93531 0.169824
42.6004 -71.0516 3.9357 0.16153
42.3511 -71.1202 3.92894 0.0683566
42.5098 -71.1463 3.93279 0.152192
42.5098 -71.1463 3.93279 0.152192
42.4141 -71.0342 3.93268 0.170713
42.5847 -70.9686 3.936 0.12744
42.4459 -71.2203 3.93076 0.0477114
42.6004 -71.0516 3.9357 0.16153
42.6341 -71.0359 3.94201 0.011327
42.5098 -71.1463 3.93279 0.152192
42.4141 -71.0342 3.93268 0.170713
42.5383 -71.1049 3.93531 0.169824
42.3511 -71.1202 3.92894 0.0683566
42.3511 -71.1202 3.92894 0.0683566
42.3511 -71.1202 3.92894 0.0683566
42.4141 -71.0342 3.93268 0.170713
42.3648 -71.2872 3.93063 0.00743297
42.5847 -70.9686 3.936 0.12744
42.5847 -70.9686 3.936 0.12744
42.5847 -70.9686 3.936 0.12744
42.5383 -71.1049 3.93531 0.169824
42.6004 -71.0516 3.9357 0.16153
42.5098 -71.1463 3.93279 0.152192
42.5098 -71.1463 3.93279 0.152192
42.554 -71.2186 3.93239 0.0483913
42.4141 -71.0342 3.93268 0.170713
42.8054 -71.0349 3.93802 0.00743016
42.5847 -70.9686 3.936 0.12744
42.5383 -71.1049 3.93531 0.169824
42.4459 -71.2203 3.93076 0.0477114
42.4459 -71.2203 3.93076 0.0477114
42.6341 -71.0359 3.94201 0.011327
42.4141 -71.0342 3.93268 0.170713
42.5383 -71.1049 3.93531 0.169824
42.6004 -71.0516 3.9357 0.16153
42.6004 -71.0516 3.9357 0.16153
42.6004 -71.0516 3.9357 0.16153
42.5098 -71.1463 3.93279 0.152192
42.4141 -71.0342 3.93268 0.170713
42.5847 -70.9686 3.936 0.12744
42.6004 -71.0516 3.9357 0.16153
