191.88 24.9688 0.0675192 0.191373
191.692 24.9656 0.0730813 0.0668394
191.776 24.9385 0.0684686 0.190064
191.65 24.9033 0.0686321 0.0518222
191.771 24.9653 0.0717079 0.130609
191.771 24.9653 0.0717079 0.130609
191.692 24.9656 0.0730813 0.0668394
191.776 24.9385 0.0684686 0.190064
191.65 24.9033 0.0686321 0.0518222
191.88 24.9688 0.0675192 0.191373
191.692 24.9656 0.0730813 0.0668394
191.74 25.153 0.0716862 0.0664885
191.776 24.9385 0.0684686 0.190064
191.771 24.9653 0.0717079 0.130609
191.88 24.9688 0.0675192 0.191373
191.88 24.9688 0.0675192 0.191373
191.692 24.9656 0.0730813 0.0668394
191.831 24.8735 0.0652614 0.0818114
191.776 24.9385 0.0684686 0.190064
191.85 24.9514 0.0707166 0.126992
191.88 24.9688 0.0675192 0.191373
191.88 24.9688 0.0675192 0.191373
191.74 25.153 0.0716862 0.0664885
191.831 24.8735 0.0652614 0.0818114
191.65 24.9033 0.0686321 0.0518222
191.88 24.9688 0.0675192 0.191373
191.74 25.153 0.0716862 0.0664885
191.776 24.9385 0.0684686 0.190064
191.776 24.9385 0.0684686 0.190064
191.85 24.9514 0.0707166 0.126992
191.85 24.9514 0.0707166 0.126992
191.85 24.9514 0.0707166 0.126992
191.771 24.9653 0.0717079 0.130609
191.88 24.9688 0.0675192 0.191373
191.74 25.153 0.0716862 0.0664885
191.831 24.8735 0.0652614 0.0818114
191.776 24.9385 0.0684686 0.190064
191.65 24.9033 0.0686321 0.0518222
191.692 24.9656 0.0730813 0.0668394
191.74 25.153 0.0716862 0.0664885
191.776 24.9385 0.0684686 0.190064
191.85 24.9514 0.0707166 0.126992
191.88 24.9688 0.0675192 0.191373
191.692 24.9656 0.0730813 0.0668394
191.65 24.8435 0.0747536 0.0067404
191.776 24.9385 0.0684686 0.190064
191.776 24.9385 0.0684686 0.190064
191.85 24.9514 0.0707166 0.126992
191.76 24.9899 0.0750625 0.0316108
191.88 24.9688 0.0675192 0.191373
191.776 24.9385 0.0684686 0.190064
191.776 24.9385 0.0684686 0.190064
191.65 24.9033 0.0686321 0.0518222
191.88 24.9688 0.0675192 0.191373
191.922 25.1684 0.0728725 0.0114661
191.776 24.9385 0.0684686 0.190064
191.776 24.9385 0.0684686 0.190064
191.85 24.9514 0.0707166 0.126992
191.88 24.9688 0.0675192 0.191373
191.692 24.9656 0.0730813 0.0668394
191.776 24.9385 0.0684686 0.190064
191.776 24.9385 0.0684686 0.190064
191.65 24.9033 0.0686321 0.0518222
191.88 24.9688 0.0675192 0.191373
191.74 25.153 0.0716862 0.0664885
191.85 24.9514 0.0707166 0.126992
191.566 25.2836 0.0690566 0.000933601
191.76 24.9899 0.0750625 0.0316108
191.88 24.9688 0.0675192 0.191373
191.692 24.9656 0.0730813 0.0668394
191.74 25.153 0.0716862 0.0664885
191.831 24.8735 0.0652614 0.0818114
191.85 24.9514 0.0707166 0.126992
191.85 24.9514 0.0707166 0.126992
191.88 24.9688 0.0675192 0.191373
191.831 24.8735 0.0652614 0.0818114
191.776 24.9385 0.0684686 0.190064
191.65 24.9033 0.0686321 0.0518222
191.746 24.7351 0.0614988 0.000830175
191.74 25.153 0.0716862 0.0664885
191.85 24.9514 0.0707166 0.126992
191.76 24.9899 0.0750625 0.0316108
191.786 25.1335 0.0747118 0.0227079
191.776 24.9385 0.0684686 0.190064
191.85 24.9514 0.0707166 0.126992
191.88 24.9688 0.0675192 0.191373
191.74 25.153 0.0716862 0.0664885
191.831 24.8735 0.0652614 0.0818114
191.85 24.9514 0.0707166 0.126992
191.771 24.9653 0.0717079 0.130609
191.88 24.9688 0.0675192 0.191373
191.88 24.9688 0.0675192 0.191373
191.692 24.9656 0.0730813 0.0668394
191.831 24.8735 0.0652614 0.0818114
191.776 24.9385 0.0684686 0.190064
191.65 24.9033 0.0686321 0.0518222
191.771 24.9653 0.0717079 0.130609
191.88 24.9688 0.0675192 0.191373
191.692 24.9656 0.0730813 0.0668394
191.831 24.8735 0.0652614 0.0818114
