255.018 28.5373 0.021514 0.0662915
255.005 28.6827 0.0219057 0.113862
255.202 28.6065 0.0276183 0.0189667
254.949 28.5726 0.0248749 0.209505
254.949 28.5726 0.0248749 0.209505
254.949 28.5726 0.0248749 0.209505
255.018 28.5373 0.021514 0.0662915
255.005 28.6827 0.0219057 0.113862
254.949 28.5726 0.0248749 0.209505
254.957 28.5442 0.0321447 0.0714364
255.129 28.626 0.0242885 0.112818
255.005 28.6827 0.0219057 0.113862
254.949 28.5726 0.0248749 0.209505
255.129 28.626 0.0242885 0.112818
254.882 28.4516 0.0257816 0.0418962
254.991 28.6811 0.0289563 0.153508
254.949 28.5726 0.0248749 0.209505
254.907 28.7011 0.0192121 0.0108524
255.129 28.626 0.0242885 0.112818
255.005 28.6827 0.0219057 0.113862
254.991 28.6811 0.0289563 0.153508
254.991 28.6811 0.0289563 0.153508
254.949 28.5726 0.0248749 0.209505
254.796 28.4972 0.0279446 0.0349306
255.129 28.626 0.0242885 0.112818
254.882 28.4516 0.0257816 0.0418962
254.991 28.6811 0.0289563 0.153508
254.991 28.6811 0.0289563 0.153508
254.949 28.5726 0.0248749 0.209505
254.949 28.5726 0.0248749 0.209505
254.957 28.5442 0.0321447 0.0714364
255.129 28.626 0.0242885 0.112818
255.018 28.5373 0.021514 0.0662915
254.949 28.5726 0.0248749 0.209505
254.907 28.7011 0.0192121 0.0108524
255.129 28.626 0.0242885 0.112818
254.882 28.4516 0.0257816 0.0418962
254.949 28.5726 0.0248749 0.209505
254.796 28.4972 0.0279446 0.0349306
255.129 28.626 0.0242885 0.112818
254.696 28.6717 0.0286609 0.00575773
254.991 28.6811 0.0289563 0.153508
255.058 28.4997 0.0186099 0.0078096
255.129 28.626 0.0242885 0.112818
254.882 28.4516 0.0257816 0.0418962
254.949 28.5726 0.0248749 0.209505
254.796 28.4972 0.0279446 0.0349306
254.957 28.5442 0.0321447 0.0714364
254.882 28.4516 0.0257816 0.0418962
254.848 28.3926 0.0297441 0.0148841
255.202 28.6065 0.0276183 0.0189667
254.957 28.5442 0.0321447 0.0714364
255.005 28.6827 0.0219057 0.113862
254.991 28.6811 0.0289563 0.153508
254.949 28.5726 0.0248749 0.209505
254.957 28.5442 0.0321447 0.0714364
254.882 28.4516 0.0257816 0.0418962
254.949 28.5726 0.0248749 0.209505
254.949 28.5726 0.0248749 0.209505
255.129 28.626 0.0242885 0.112818
255.005 28.6827 0.0219057 0.113862
254.949 28.5726 0.0248749 0.209505
255.129 28.626 0.0242885 0.112818
255.005 28.6827 0.0219057 0.113862
254.991 28.6811 0.0289563 0.153508
254.991 28.6811 0.0289563 0.153508
254.949 28.5726 0.0248749 0.209505
254.97 28.7033 0.0329395 0.0215278
255.018 28.5373 0.021514 0.0662915
255.005 28.6827 0.0219057 0.113862
255.005 28.6827 0.0219057 0.113862
254.949 28.5726 0.0248749 0.209505
255.134 28.7334 0.0285047 0.0231838
255.018 28.5373 0.021514 0.0662915
254.991 28.6811 0.0289563 0.153508
254.991 28.6811 0.0289563 0.153508
255.152 28.6578 0.0179577 0.0119868
254.957 28.5442 0.0321447 0.0714364
255.129 28.626 0.0242885 0.112818
254.882 28.4516 0.0257816 0.0418962
255.202 28.6065 0.0276183 0.0189667
254.949 28.5726 0.0248749 0.209505
254.97 28.7033 0.0329395 0.0215278
254.882 28.4516 0.0257816 0.0418962
254.991 28.6811 0.0289563 0.153508
254.741 28.7541 0.0330593 0.00234476
255.018 28.5373 0.021514 0.0662915
254.696 28.6717 0.0286609 0.00575773
254.949 28.5726 0.0248749 0.209505
254.949 28.5726 0.0248749 0.209505
255.129 28.626 0.0242885 0.112818
255.018 28.5373 0.021514 0.0662915
254.991 28.6811 0.0289563 0.153508
254.991 28.6811 0.0289563 0.153508
254.991 28.6811 0.0289563 0.153508
254.949 28.5726 0.0248749 0.209505
254.796 28.4972 0.0279446 0.0349306
254.957 28.5442 0.0321447 0.0714364
254.957 28.5442 0.0321447 0.0714364
254.882 28.4516 0.0257816 0.0418962
