149.126 -15.2866 3.35257 0.0660138
149.213 -15.5251 3.36034 0.104644
149.213 -15.5251 3.36034 0.104644
149.081 -15.6622 3.34819 0.041166
148.833 -15.7751 3.35123 0.0123398
148.841 -15.5142 3.34646 0.102269
148.935 -15.2191 3.35914 0.00268446
149.213 -15.5251 3.36034 0.104644
148.726 -15.587 3.34016 0.00683685
148.841 -15.5142 3.34646 0.102269
149.003 -15.5799 3.35447 0.19444
149.126 -15.2866 3.35257 0.0660138
148.794 -15.4585 3.35054 0.0815637
148.841 -15.5142 3.34646 0.102269
149.003 -15.5799 3.35447 0.19444
149.213 -15.5251 3.36034 0.104644
148.794 -15.4585 3.35054 0.0815637
148.841 -15.5142 3.34646 0.102269
149.048 -15.372 3.36252 0.00929273
149.213 -15.5251 3.36034 0.104644
148.859 -15.609 3.34893 0.100839
149.019 -15.2269 3.35363 0.0352822
148.869 -15.6812 3.35116 0.0576727
149.081 -15.6622 3.34819 0.041166
149.013 -15.5506 3.34674 0.0802264
148.859 -15.609 3.34893 0.100839
148.841 -15.5142 3.34646 0.102269
149.003 -15.5799 3.35447 0.19444
149.081 -15.6622 3.34819 0.041166
148.831 -15.6621 3.35988 0.0015397
148.832 -15.6122 3.35749 0.00969596
148.869 -15.6812 3.35116 0.0576727
149.081 -15.6622 3.34819 0.041166
148.794 -15.4585 3.35054 0.0815637
148.859 -15.609 3.34893 0.100839
149.003 -15.5799 3.35447 0.19444
149.126 -15.2866 3.35257 0.0660138
148.838 -15.3182 3.34477 0.0341817
148.859 -15.609 3.34893 0.100839
149.019 -15.2269 3.35363 0.0352822
148.869 -15.6812 3.35116 0.0576727
148.838 -15.3182 3.34477 0.0341817
148.794 -15.4585 3.35054 0.0815637
148.736 -15.2765 3.35055 0.011379
148.841 -15.5142 3.34646 0.102269
148.869 -15.6812 3.35116 0.0576727
148.838 -15.3182 3.34477 0.0341817
149.013 -15.5506 3.34674 0.0802264
148.841 -15.5142 3.34646 0.102269
149.003 -15.5799 3.35447 0.19444
149.003 -15.5799 3.35447 0.19444
149.081 -15.6622 3.34819 0.041166
148.859 -15.609 3.34893 0.100839
149.019 -15.2269 3.35363 0.0352822
148.841 -15.5142 3.34646 0.102269
148.841 -15.5142 3.34646 0.102269
148.869 -15.6812 3.35116 0.0576727
148.737 -15.7397 3.35337 0.00342313
148.859 -15.609 3.34893 0.100839
149.003 -15.5799 3.35447 0.19444
148.869 -15.6812 3.35116 0.0576727
149.213 -15.5251 3.36034 0.104644
149.081 -15.6622 3.34819 0.041166
148.838 -15.3182 3.34477 0.0341817
148.859 -15.609 3.34893 0.100839
148.841 -15.5142 3.34646 0.102269
149.126 -15.2866 3.35257 0.0660138
149.081 -15.6622 3.34819 0.041166
149.019 -15.2269 3.35363 0.0352822
149.003 -15.5799 3.35447 0.19444
149.213 -15.5251 3.36034 0.104644
148.794 -15.4585 3.35054 0.0815637
149.003 -15.5799 3.35447 0.19444
148.869 -15.6812 3.35116 0.0576727
149.213 -15.5251 3.36034 0.104644
148.833 -15.7751 3.35123 0.0123398
148.859 -15.609 3.34893 0.100839
149.003 -15.5799 3.35447 0.19444
149.213 -15.5251 3.36034 0.104644
148.794 -15.4585 3.35054 0.0815637
148.794 -15.4585 3.35054 0.0815637
149.003 -15.5799 3.35447 0.19444
149.003 -15.5799 3.35447 0.19444
149.213 -15.5251 3.36034 0.104644
149.213 -15.5251 3.36034 0.104644
148.859 -15.609 3.34893 0.100839
149.003 -15.5799 3.35447 0.19444
148.861 -15.1025 3.34799 0.00243696
149.013 -15.5506 3.34674 0.0802264
148.841 -15.5142 3.34646 0.102269
149.003 -15.5799 3.35447 0.19444
148.869 -15.6812 3.35116 0.0576727
148.838 -15.3182 3.34477 0.0341817
148.712 -15.3768 3.34037 0.00849632
148.859 -15.609 3.34893 0.100839
148.859 -15.609 3.34893 0.100839
148.841 -15.5142 3.34646 0.102269
149.048 -15.372 3.36252 0.00929273
148.59 -15.4079 3.33606 0.000751998
149.013 -15.5506 3.34674 0.0802264
