88.1323 -32.6948 3.57816 0.0090723
88.2595 -32.7135 3.57375 0.0115965
88.0679 -32.8243 3.57028 0.264795
88.0399 -32.983 3.5673 0.324063
88.0399 -32.983 3.5673 0.324063
88.0399 -32.983 3.5673 0.324063
88.0679 -32.8243 3.57028 0.264795
88.0679 -32.8243 3.57028 0.264795
88.0399 -32.983 3.5673 0.324063
88.2166 -33.0897 3.56943 0.0561447
88.0679 -32.8243 3.57028 0.264795
88.0994 -32.939 3.56547 0.135363
88.0594 -33.1692 3.56299 0.036708
88.0679 -32.8243 3.57028 0.264795
88.0399 -32.983 3.5673 0.324063
88.2166 -33.0897 3.56943 0.0561447
88.0994 -32.939 3.56547 0.135363
88.0679 -32.8243 3.57028 0.264795
88.2121 -33.1246 3.57123 0.0201631
88.2166 -33.0897 3.56943 0.0561447
88.0994 -32.939 3.56547 0.135363
88.0399 -32.983 3.5673 0.324063
88.1042 -32.7908 3.56793 0.0883709
88.0399 -32.983 3.5673 0.324063
88.1042 -32.7908 3.56793 0.0883709
88.1042 -32.7908 3.56793 0.0883709
88.0399 -32.983 3.5673 0.324063
88.0399 -32.983 3.5673 0.324063
88.0679 -32.8243 3.57028 0.264795
88.1323 -32.6948 3.57816 0.0090723
88.0679 -32.8243 3.57028 0.264795
88.0679 -32.8243 3.57028 0.264795
88.0679 -32.8243 3.57028 0.264795
88.1042 -32.7908 3.56793 0.0883709
88.2166 -33.0897 3.56943 0.0561447
88.0399 -32.983 3.5673 0.324063
88.0399 -32.983 3.5673 0.324063
88.0994 -32.939 3.56547 0.135363
88.0399 -32.983 3.5673 0.324063
88.1042 -32.7908 3.56793 0.0883709
88.0399 -32.983 3.5673 0.324063
88.0679 -32.8243 3.57028 0.264795
88.0994 -32.939 3.56547 0.135363
88.0679 -32.8243 3.57028 0.264795
88.0679 -32.8243 3.57028 0.264795
88.0399 -32.983 3.5673 0.324063
88.0679 -32.8243 3.57028 0.264795
88.0399 -32.983 3.5673 0.324063
88.0594 -33.1692 3.56299 0.036708
88.2121 -33.1246 3.57123 0.0201631
88.0399 -32.983 3.5673 0.324063
88.2166 -33.0897 3.56943 0.0561447
88.0994 -32.939 3.56547 0.135363
88.0994 -32.939 3.56547 0.135363
88.0994 -32.939 3.56547 0.135363
88.0399 -32.983 3.5673 0.324063
88.0399 -32.983 3.5673 0.324063
88.0994 -32.939 3.56547 0.135363
88.0399 -32.983 3.5673 0.324063
88.0679 -32.8243 3.57028 0.264795
88.0399 -32.983 3.5673 0.324063
88.0399 -32.983 3.5673 0.324063
88.2166 -33.0897 3.56943 0.0561447
88.0679 -32.8243 3.57028 0.264795
88.3662 -32.8446 3.56801 0.00351792
88.0399 -32.983 3.5673 0.324063
88.2166 -33.0897 3.56943 0.0561447
88.0994 -32.939 3.56547 0.135363
88.0399 -32.983 3.5673 0.324063
88.1042 -32.7908 3.56793 0.0883709
88.0399 -32.983 3.5673 0.324063
88.0399 -32.983 3.5673 0.324063
88.0994 -32.939 3.56547 0.135363
88.0994 -32.939 3.56547 0.135363
88.174 -32.7861 3.57784 0.010295
88.0399 -32.983 3.5673 0.324063
88.0994 -32.939 3.56547 0.135363
88.0399 -32.983 3.5673 0.324063
88.0994 -32.939 3.56547 0.135363
88.0594 -33.1692 3.56299 0.036708
88.0679 -32.8243 3.57028 0.264795
88.1042 -32.7908 3.56793 0.0883709
88.0399 -32.983 3.5673 0.324063
88.0679 -32.8243 3.57028 0.264795
88.0083 -33.2518 3.56926 0.0110132
88.0399 -32.983 3.5673 0.324063
88.0594 -33.1692 3.56299 0.036708
88.2121 -33.1246 3.57123 0.0201631
88.0994 -32.939 3.56547 0.135363
88.0399 -32.983 3.5673 0.324063
88.0679 -32.8243 3.57028 0.264795
88.0679 -32.8243 3.57028 0.264795
88.0399 -32.983 3.5673 0.324063
88.0679 -32.8243 3.57028 0.264795
88.0399 -32.983 3.5673 0.324063
88.0679 -32.8243 3.57028 0.264795
88.2658 -32.7059 3.56798 0.00351976
88.0399 -32.983 3.5673 0.324063
88.0679 -32.8243 3.57028 0.264795
88.2474 -32.6796 3.571 0.00820924
