80.1619 -35.1109 3.67017 0.132219
80.0985 -34.9326 3.67311 0.107235
80.0488 -35.3009 3.67327 0.119527
80.2291 -35.1375 3.67868 0.154006
80.2095 -35.2475 3.67487 0.169999
80.1619 -35.1109 3.67017 0.132219
80.0985 -34.9326 3.67311 0.107235
80.0488 -35.3009 3.67327 0.119527
80.2291 -35.1375 3.67868 0.154006
80.2095 -35.2475 3.67487 0.169999
80.1619 -35.1109 3.67017 0.132219
80.1619 -35.1109 3.67017 0.132219
80.0488 -35.3009 3.67327 0.119527
79.9842 -34.8276 3.68075 0.0335562
80.2291 -35.1375 3.67868 0.154006
80.2095 -35.2475 3.67487 0.169999
80.2095 -35.2475 3.67487 0.169999
80.1619 -35.1109 3.67017 0.132219
80.0735 -35.3125 3.67613 0.0510387
80.0488 -35.3009 3.67327 0.119527
80.2291 -35.1375 3.67868 0.154006
80.2291 -35.1375 3.67868 0.154006
80.2291 -35.1375 3.67868 0.154006
80.2095 -35.2475 3.67487 0.169999
80.2095 -35.2475 3.67487 0.169999
80.1619 -35.1109 3.67017 0.132219
80.0735 -35.3125 3.67613 0.0510387
80.0005 -35.3767 3.6716 0.0170544
80.0985 -34.9326 3.67311 0.107235
80.2291 -35.1375 3.67868 0.154006
80.2095 -35.2475 3.67487 0.169999
80.1619 -35.1109 3.67017 0.132219
80.0985 -34.9326 3.67311 0.107235
79.9842 -34.8276 3.68075 0.0335562
80.2291 -35.1375 3.67868 0.154006
80.2095 -35.2475 3.67487 0.169999
80.1619 -35.1109 3.67017 0.132219
80.0005 -35.3767 3.6716 0.0170544
80.0985 -34.9326 3.67311 0.107235
80.2314 -35.4562 3.67045 0.00176622
80.0488 -35.3009 3.67327 0.119527
80.2291 -35.1375 3.67868 0.154006
80.2095 -35.2475 3.67487 0.169999
80.1267 -35.3138 3.67442 0.0920525
80.0488 -35.3009 3.67327 0.119527
80.0584 -35.3557 3.67319 0.0409731
80.0413 -35.1931 3.68054 0.0334889
80.1267 -35.3138 3.67442 0.0920525
80.0985 -34.9326 3.67311 0.107235
80.2291 -35.1375 3.67868 0.154006
80.2291 -35.1375 3.67868 0.154006
80.0584 -35.3557 3.67319 0.0409731
80.1619 -35.1109 3.67017 0.132219
80.1267 -35.3138 3.67442 0.0920525
80.0488 -35.3009 3.67327 0.119527
80.2291 -35.1375 3.67868 0.154006
80.2291 -35.1375 3.67868 0.154006
80.2095 -35.2475 3.67487 0.169999
80.1267 -35.3138 3.67442 0.0920525
79.9842 -34.8276 3.68075 0.0335562
80.2095 -35.2475 3.67487 0.169999
80.0413 -35.1931 3.68054 0.0334889
80.1619 -35.1109 3.67017 0.132219
80.1619 -35.1109 3.67017 0.132219
80.1267 -35.3138 3.67442 0.0920525
80.1267 -35.3138 3.67442 0.0920525
80.0985 -34.9326 3.67311 0.107235
80.2267 -35.1668 3.6681 0.0198141
80.0584 -35.3557 3.67319 0.0409731
80.1619 -35.1109 3.67017 0.132219
80.1619 -35.1109 3.67017 0.132219
80.0985 -34.9326 3.67311 0.107235
80.2267 -35.1668 3.6681 0.0198141
80.0584 -35.3557 3.67319 0.0409731
80.1619 -35.1109 3.67017 0.132219
80.0985 -34.9326 3.67311 0.107235
80.3407 -35.2567 3.67667 0.00885612
80.2291 -35.1375 3.67868 0.154006
80.2291 -35.1375 3.67868 0.154006
80.1619 -35.1109 3.67017 0.132219
80.0735 -35.3125 3.67613 0.0510387
80.1267 -35.3138 3.67442 0.0920525
80.3407 -35.2567 3.67667 0.00885612
80.3407 -35.2567 3.67667 0.00885612
80.2291 -35.1375 3.67868 0.154006
80.2095 -35.2475 3.67487 0.169999
80.0735 -35.3125 3.67613 0.0510387
80.0005 -35.3767 3.6716 0.0170544
80.0005 -35.3767 3.6716 0.0170544
80.0488 -35.3009 3.67327 0.119527
79.9842 -34.8276 3.68075 0.0335562
80.2291 -35.1375 3.67868 0.154006
80.1232 -35.1775 3.66614 0.00560349
80.0735 -35.3125 3.67613 0.0510387
80.0488 -35.3009 3.67327 0.119527
80.2095 -35.2475 3.67487 0.169999
80.2095 -35.2475 3.67487 0.169999
80.0735 -35.3125 3.67613 0.0510387
80.0985 -34.9326 3.67311 0.107235
80.2291 -35.1375 3.67868 0.154006
