-8.58311 -93.9002 3.01099 0.0279663
-8.40599 -94.1476 3.00957 0.19509
-8.61622 -94.0608 3.01153 0.0654554
-8.72696 -94.1267 2.99929 0.0159778
-8.67801 -94.0894 3.00654 0.0799892
-8.42855 -94.0582 3.01498 0.0784511
-8.57424 -94.0054 3.00508 0.0804778
-8.51857 -93.9305 3.00664 0.0537678
-8.61622 -94.0608 3.01153 0.0654554
-8.61622 -94.0608 3.01153 0.0654554
-8.30431 -94.1009 3.01456 0.0834529
-8.30431 -94.1009 3.01456 0.0834529
-8.42855 -94.0582 3.01498 0.0784511
-8.57424 -94.0054 3.00508 0.0804778
-8.40599 -94.1476 3.00957 0.19509
-8.33366 -93.9245 3.01483 0.0352283
-8.48454 -94.0921 3.00309 0.0705368
-8.30431 -94.1009 3.01456 0.0834529
-8.42855 -94.0582 3.01498 0.0784511
-8.40599 -94.1476 3.00957 0.19509
-8.36119 -94.0825 3.00255 0.0197717
-8.30431 -94.1009 3.01456 0.0834529
-8.30431 -94.1009 3.01456 0.0834529
-8.67801 -94.0894 3.00654 0.0799892
-8.40599 -94.1476 3.00957 0.19509
-8.33366 -93.9245 3.01483 0.0352283
-8.59709 -94.2333 3.01337 0.0320134
-8.42855 -94.0582 3.01498 0.0784511
-8.40599 -94.1476 3.00957 0.19509
-8.76015 -94.3529 3.00405 0.012243
-8.33366 -93.9245 3.01483 0.0352283
-8.48454 -94.0921 3.00309 0.0705368
-8.30431 -94.1009 3.01456 0.0834529
-8.30431 -94.1009 3.01456 0.0834529
-8.57424 -94.0054 3.00508 0.0804778
-8.61622 -94.0608 3.01153 0.0654554
-8.30431 -94.1009 3.01456 0.0834529
-8.67801 -94.0894 3.00654 0.0799892
-8.67801 -94.0894 3.00654 0.0799892
-8.51857 -93.9305 3.00664 0.0537678
-8.40599 -94.1476 3.00957 0.19509
-8.76015 -94.3529 3.00405 0.012243
-8.30431 -94.1009 3.01456 0.0834529
-8.67801 -94.0894 3.00654 0.0799892
-8.40599 -94.1476 3.00957 0.19509
-8.76015 -94.3529 3.00405 0.012243
-8.59709 -94.2333 3.01337 0.0320134
-8.57424 -94.0054 3.00508 0.0804778
-8.57424 -94.0054 3.00508 0.0804778
-8.57424 -94.0054 3.00508 0.0804778
-8.40599 -94.1476 3.00957 0.19509
-8.30431 -94.1009 3.01456 0.0834529
-8.67801 -94.0894 3.00654 0.0799892
-8.51857 -93.9305 3.00664 0.0537678
-8.36119 -94.0825 3.00255 0.0197717
-8.30431 -94.1009 3.01456 0.0834529
-8.51857 -93.9305 3.00664 0.0537678
-8.67107 -93.8499 3.01232 0.00394184
-8.58706 -93.821 3.01317 0.00533147
-8.42855 -94.0582 3.01498 0.0784511
-8.28984 -93.8008 3.01613 0.00451085
-8.40599 -94.1476 3.00957 0.19509
-8.40599 -94.1476 3.00957 0.19509
-8.2614 -94.1251 3.00458 0.0154405
-8.67801 -94.0894 3.00654 0.0799892
-8.67801 -94.0894 3.00654 0.0799892
-8.51857 -93.9305 3.00664 0.0537678
-8.61622 -94.0608 3.01153 0.0654554
-8.30431 -94.1009 3.01456 0.0834529
-8.42855 -94.0582 3.01498 0.0784511
-8.51857 -93.9305 3.00664 0.0537678
-8.58311 -93.9002 3.01099 0.0279663
-8.61622 -94.0608 3.01153 0.0654554
-8.73979 -94.1574 3.00574 0.0461074
-8.48454 -94.0921 3.00309 0.0705368
-8.42855 -94.0582 3.01498 0.0784511
-8.54487 -93.971 2.99944 0.00645734
-8.40599 -94.1476 3.00957 0.19509
-8.36119 -94.0825 3.00255 0.0197717
-8.30431 -94.1009 3.01456 0.0834529
-8.67801 -94.0894 3.00654 0.0799892
-8.2541 -93.9128 3.01154 0.0227047
-8.51857 -93.9305 3.00664 0.0537678
-8.2614 -94.1251 3.00458 0.0154405
-8.30431 -94.1009 3.01456 0.0834529
-8.57424 -94.0054 3.00508 0.0804778
-8.40599 -94.1476 3.00957 0.19509
-8.36119 -94.0825 3.00255 0.0197717
-8.73979 -94.1574 3.00574 0.0461074
-8.67801 -94.0894 3.00654 0.0799892
-8.51857 -93.9305 3.00664 0.0537678
-8.61622 -94.0608 3.01153 0.0654554
-8.56814 -94.1629 2.99412 0.000634538
-8.42855 -94.0582 3.01498 0.0784511
-8.57424 -94.0054 3.00508 0.0804778
-8.51857 -93.9305 3.00664 0.0537678
-8.40599 -94.1476 3.00957 0.19509
-8.73979 -94.1574 3.00574 0.0461074
-8.30431 -94.1009 3.01456 0.0834529
-8.67801 -94.0894 3.00654 0.0799892
