-10.323 -0.10386 0.458707 0.250429
-10.4661 -0.161508 0.462363 0.30349
-10.4661 -0.161508 0.462363 0.30349
-10.323 -0.10386 0.458707 0.250429
-10.323 -0.10386 0.458707 0.250429
-10.4661 -0.161508 0.462363 0.30349
-10.323 -0.10386 0.458707 0.250429
-10.323 -0.10386 0.458707 0.250429
-10.4661 -0.161508 0.462363 0.30349
-10.4996 -0.0853308 0.470804 0.0148644
-10.4661 -0.161508 0.462363 0.30349
-10.323 -0.10386 0.458707 0.250429
-10.323 -0.10386 0.458707 0.250429
-10.4661 -0.161508 0.462363 0.30349
-10.4661 -0.161508 0.462363 0.30349
-10.4975 -0.0168526 0.463675 0.113874
-10.323 -0.10386 0.458707 0.250429
-10.2591 0.0303774 0.458452 0.0841355
-10.4661 -0.161508 0.462363 0.30349
-10.6323 -0.186417 0.466753 0.0276751
-10.323 -0.10386 0.458707 0.250429
-10.4996 -0.0853308 0.470804 0.0148644
-10.4975 -0.0168526 0.463675 0.113874
-10.323 -0.10386 0.458707 0.250429
-10.4661 -0.161508 0.462363 0.30349
-10.4661 -0.161508 0.462363 0.30349
-10.6323 -0.186417 0.466753 0.0276751
-10.323 -0.10386 0.458707 0.250429
-10.323 -0.10386 0.458707 0.250429
-10.4661 -0.161508 0.462363 0.30349
-10.4661 -0.161508 0.462363 0.30349
-10.2591 0.0303774 0.458452 0.0841355
-10.4975 -0.0168526 0.463675 0.113874
-10.5461 -0.197254 0.470622 0.0298087
-10.4975 -0.0168526 0.463675 0.113874
-10.2591 0.0303774 0.458452 0.0841355
-10.4661 -0.161508 0.462363 0.30349
-10.4975 -0.0168526 0.463675 0.113874
-10.4733 -0.172437 0.470496 0.0425306
-10.323 -0.10386 0.458707 0.250429
-10.4733 -0.172437 0.470496 0.0425306
-10.4661 -0.161508 0.462363 0.30349
-10.4975 -0.0168526 0.463675 0.113874
-10.323 -0.10386 0.458707 0.250429
-10.2591 0.0303774 0.458452 0.0841355
-10.2591 0.0303774 0.458452 0.0841355
-10.4582 -0.00692627 0.456338 0.0285283
-10.6323 -0.186417 0.466753 0.0276751
-10.323 -0.10386 0.458707 0.250429
-10.323 -0.10386 0.458707 0.250429
-10.5391 -0.231308 0.458595 0.0121737
-10.4661 -0.161508 0.462363 0.30349
-10.4661 -0.161508 0.462363 0.30349
-10.6323 -0.186417 0.466753 0.0276751
-10.4733 -0.172437 0.470496 0.0425306
-10.4661 -0.161508 0.462363 0.30349
-10.4661 -0.161508 0.462363 0.30349
-10.6096 -0.0330522 0.470537 0.00277989
-10.323 -0.10386 0.458707 0.250429
-10.2591 0.0303774 0.458452 0.0841355
-10.4975 -0.0168526 0.463675 0.113874
-10.323 -0.10386 0.458707 0.250429
-10.323 -0.10386 0.458707 0.250429
-10.4996 -0.0853308 0.470804 0.0148644
-10.2591 0.0303774 0.458452 0.0841355
-10.2591 0.0303774 0.458452 0.0841355
-10.4661 -0.161508 0.462363 0.30349
-10.4661 -0.161508 0.462363 0.30349
-10.4661 -0.161508 0.462363 0.30349
-10.4996 -0.0853308 0.470804 0.0148644
-10.4661 -0.161508 0.462363 0.30349
-10.4582 -0.00692627 0.456338 0.0285283
-10.323 -0.10386 0.458707 0.250429
-10.6409 -0.242884 0.46424 0.0141277
-10.4582 -0.00692627 0.456338 0.0285283
-10.4582 -0.00692627 0.456338 0.0285283
-10.323 -0.10386 0.458707 0.250429
-10.2591 0.0303774 0.458452 0.0841355
-10.4661 -0.161508 0.462363 0.30349
-10.4661 -0.161508 0.462363 0.30349
-10.323 -0.10386 0.458707 0.250429
-10.4661 -0.161508 0.462363 0.30349
-10.4661 -0.161508 0.462363 0.30349
-10.323 -0.10386 0.458707 0.250429
-10.4661 -0.161508 0.462363 0.30349
-10.4661 -0.161508 0.462363 0.30349
-10.4582 -0.00692627 0.456338 0.0285283
-10.4996 -0.0853308 0.470804 0.0148644
-10.4661 -0.161508 0.462363 0.30349
-10.2886 -0.27397 0.457286 0.021091
-10.323 -0.10386 0.458707 0.250429
-10.2591 0.0303774 0.458452 0.0841355
-10.4661 -0.161508 0.462363 0.30349
-10.4661 -0.161508 0.462363 0.30349
-10.4975 -0.0168526 0.463675 0.113874
-10.4436 -0.417621 0.464912 0.0125985
-10.2591 0.0303774 0.458452 0.0841355
-10.4975 -0.0168526 0.463675 0.113874
-10.2591 0.0303774 0.458452 0.0841355
-10.2314 -0.0728389 0.452342 0.0060718
