42.1448 -68.2018 3.93742 0.164961
42.1233 -68.244 3.93822 0.235446
41.9464 -68.3513 3.94031 0.025038
42.1645 -68.4878 3.94447 0.00413627
42.1139 -68.3067 3.93528 0.274993
42.1425 -68.4325 3.94342 0.0188107
42.1851 -68.3315 3.93241 0.0563642
42.1139 -68.3067 3.93528 0.274993
42.1233 -68.244 3.93822 0.235446
42.1851 -68.3315 3.93241 0.0563642
42.1448 -68.2018 3.93742 0.164961
42.1233 -68.244 3.93822 0.235446
42.1233 -68.244 3.93822 0.235446
42.1851 -68.3315 3.93241 0.0563642
42.1139 -68.3067 3.93528 0.274993
42.1233 -68.244 3.93822 0.235446
42.1951 -68.3515 3.93131 0.0249448
42.1448 -68.2018 3.93742 0.164961
42.1139 -68.3067 3.93528 0.274993
42.1951 -68.3515 3.93131 0.0249448
42.1139 -68.3067 3.93528 0.274993
42.1139 -68.3067 3.93528 0.274993
42.1233 -68.244 3.93822 0.235446
41.9464 -68.3513 3.94031 0.025038
42.2105 -68.4192 3.93915 0.0847857
42.1448 -68.2018 3.93742 0.164961
42.1233 -68.244 3.93822 0.235446
42.1448 -68.2018 3.93742 0.164961
42.1139 -68.3067 3.93528 0.274993
42.1233 -68.244 3.93822 0.235446
42.1851 -68.3315 3.93241 0.0563642
42.237 -68.3001 3.94484 0.0205891
42.1233 -68.244 3.93822 0.235446
42.2105 -68.4192 3.93915 0.0847857
42.1139 -68.3067 3.93528 0.274993
42.1233 -68.244 3.93822 0.235446
42.1851 -68.3315 3.93241 0.0563642
42.1448 -68.2018 3.93742 0.164961
42.1233 -68.244 3.93822 0.235446
42.1448 -68.2018 3.93742 0.164961
42.1139 -68.3067 3.93528 0.274993
42.1233 -68.244 3.93822 0.235446
42.1233 -68.244 3.93822 0.235446
42.1233 -68.244 3.93822 0.235446
42.1448 -68.2018 3.93742 0.164961
42.1448 -68.2018 3.93742 0.164961
42.1139 -68.3067 3.93528 0.274993
42.1233 -68.244 3.93822 0.235446
42.1851 -68.3315 3.93241 0.0563642
42.1139 -68.3067 3.93528 0.274993
41.9464 -68.3513 3.94031 0.025038
42.1851 -68.3315 3.93241 0.0563642
42.1139 -68.3067 3.93528 0.274993
42.1139 -68.3067 3.93528 0.274993
42.3676 -68.1945 3.93934 0.00731371
42.1139 -68.3067 3.93528 0.274993
42.1139 -68.3067 3.93528 0.274993
42.2105 -68.4192 3.93915 0.0847857
42.1139 -68.3067 3.93528 0.274993
42.1139 -68.3067 3.93528 0.274993
42.2105 -68.4192 3.93915 0.0847857
42.2105 -68.4192 3.93915 0.0847857
42.1139 -68.3067 3.93528 0.274993
42.1233 -68.244 3.93822 0.235446
42.1988 -68.0993 3.93652 0.0209528
42.1448 -68.2018 3.93742 0.164961
42.1139 -68.3067 3.93528 0.274993
42.1233 -68.244 3.93822 0.235446
42.1988 -68.0993 3.93652 0.0209528
42.1851 -68.3315 3.93241 0.0563642
42.1139 -68.3067 3.93528 0.274993
42.1645 -68.4878 3.94447 0.00413627
42.1139 -68.3067 3.93528 0.274993
42.1139 -68.3067 3.93528 0.274993
42.1233 -68.244 3.93822 0.235446
42.2105 -68.4192 3.93915 0.0847857
42.2105 -68.4192 3.93915 0.0847857
42.1448 -68.2018 3.93742 0.164961
42.1233 -68.244 3.93822 0.235446
42.1233 -68.244 3.93822 0.235446
42.1951 -68.3515 3.93131 0.0249448
42.1448 -68.2018 3.93742 0.164961
42.1448 -68.2018 3.93742 0.164961
42.1139 -68.3067 3.93528 0.274993
42.1988 -68.0993 3.93652 0.0209528
42.237 -68.3001 3.94484 0.0205891
42.1448 -68.2018 3.93742 0.164961
42.1139 -68.3067 3.93528 0.274993
42.1233 -68.244 3.93822 0.235446
42.237 -68.3001 3.94484 0.0205891
42.1139 -68.3067 3.93528 0.274993
42.1233 -68.244 3.93822 0.235446
42.1139 -68.3067 3.93528 0.274993
42.1233 -68.244 3.93822 0.235446
42.3676 -68.1945 3.93934 0.00731371
42.1851 -68.3315 3.93241 0.0563642
42.1448 -68.2018 3.93742 0.164961
42.2822 -68.4136 3.93613 0.0264594
42.2105 -68.4192 3.93915 0.0847857
42.1448 -68.2018 3.93742 0.164961
