17.536 -91.085 3.64189 0.072663
17.6049 -91.2524 3.65071 0.0160406
17.2352 -91.0867 3.64199 0.13418
17.2352 -91.0867 3.64199 0.13418
17.1519 -90.9351 3.63678 0.0461223
17.5165 -91.2079 3.6426 0.0994153
17.3708 -90.9775 3.64402 0.0726602
17.4936 -91.0403 3.64152 0.0796117
17.4936 -91.0403 3.64152 0.0796117
17.4936 -91.0403 3.64152 0.0796117
17.2502 -91.3367 3.63504 0.11182
17.2502 -91.3367 3.63504 0.11182
17.6049 -91.2524 3.65071 0.0160406
17.3987 -91.2092 3.63767 0.137135
17.2352 -91.0867 3.64199 0.13418
17.2352 -91.0867 3.64199 0.13418
17.5165 -91.2079 3.6426 0.0994153
17.3708 -90.9775 3.64402 0.0726602
17.0562 -90.9352 3.64236 0.008733
17.4936 -91.0403 3.64152 0.0796117
17.5977 -91.0736 3.64082 0.0301637
17.7642 -91.0481 3.64768 0.00730589
17.146 -90.9552 3.64037 0.0436906
17.3987 -91.2092 3.63767 0.137135
17.2352 -91.0867 3.64199 0.13418
17.2352 -91.0867 3.64199 0.13418
17.5165 -91.2079 3.6426 0.0994153
17.5165 -91.2079 3.6426 0.0994153
17.5165 -91.2079 3.6426 0.0994153
17.3708 -90.9775 3.64402 0.0726602
17.0562 -90.9352 3.64236 0.008733
17.2502 -91.3367 3.63504 0.11182
17.3987 -91.2092 3.63767 0.137135
17.3987 -91.2092 3.63767 0.137135
17.2352 -91.0867 3.64199 0.13418
17.481 -91.0646 3.63344 0.00972869
17.4936 -91.0403 3.64152 0.0796117
17.536 -91.085 3.64189 0.072663
17.536 -91.085 3.64189 0.072663
17.7039 -91.3097 3.65109 0.00569745
17.3987 -91.2092 3.63767 0.137135
17.2352 -91.0867 3.64199 0.13418
17.6022 -91.3345 3.64644 0.0237096
17.3708 -90.9775 3.64402 0.0726602
17.536 -91.085 3.64189 0.072663
17.536 -91.085 3.64189 0.072663
17.2502 -91.3367 3.63504 0.11182
17.3987 -91.2092 3.63767 0.137135
17.3987 -91.2092 3.63767 0.137135
17.1519 -90.9351 3.63678 0.0461223
17.3708 -90.9775 3.64402 0.0726602
17.536 -91.085 3.64189 0.072663
17.6049 -91.2524 3.65071 0.0160406
17.3987 -91.2092 3.63767 0.137135
17.2352 -91.0867 3.64199 0.13418
17.3708 -90.9775 3.64402 0.0726602
17.5977 -91.0736 3.64082 0.0301637
17.2502 -91.3367 3.63504 0.11182
17.525 -90.89 3.64965 0.00952055
17.3987 -91.2092 3.63767 0.137135
17.1519 -90.9351 3.63678 0.0461223
17.1519 -90.9351 3.63678 0.0461223
17.1519 -90.9351 3.63678 0.0461223
17.481 -91.0646 3.63344 0.00972869
17.4936 -91.0403 3.64152 0.0796117
17.536 -91.085 3.64189 0.072663
17.2502 -91.3367 3.63504 0.11182
17.146 -90.9552 3.64037 0.0436906
17.2352 -91.0867 3.64199 0.13418
17.5165 -91.2079 3.6426 0.0994153
17.5165 -91.2079 3.6426 0.0994153
17.4936 -91.0403 3.64152 0.0796117
17.2502 -91.3367 3.63504 0.11182
17.3987 -91.2092 3.63767 0.137135
17.2352 -91.0867 3.64199 0.13418
17.6022 -91.3345 3.64644 0.0237096
17.4936 -91.0403 3.64152 0.0796117
17.536 -91.085 3.64189 0.072663
17.2502 -91.3367 3.63504 0.11182
17.3987 -91.2092 3.63767 0.137135
17.1519 -90.9351 3.63678 0.0461223
17.0562 -90.9352 3.64236 0.008733
17.5977 -91.0736 3.64082 0.0301637
17.536 -91.085 3.64189 0.072663
17.2502 -91.3367 3.63504 0.11182
17.2502 -91.3367 3.63504 0.11182
17.629 -91.4703 3.64492 0.0046651
17.3987 -91.2092 3.63767 0.137135
17.6022 -91.3345 3.64644 0.0237096
17.5768 -90.9859 3.65311 0.00628767
17.4936 -91.0403 3.64152 0.0796117
17.4624 -91.3119 3.64966 0.0178449
17.2502 -91.3367 3.63504 0.11182
17.3987 -91.2092 3.63767 0.137135
17.2352 -91.0867 3.64199 0.13418
17.1519 -90.9351 3.63678 0.0461223
17.5165 -91.2079 3.6426 0.0994153
17.4936 -91.0403 3.64152 0.0796117
17.5977 -91.0736 3.64082 0.0301637
17.3496 -91.2523 3.65068 0.00926417
