32.0303 10.5936 0.148747 0.108026
32.2375 10.8154 0.153785 0.00882252
32.048 10.6046 0.151734 0.0927371
32.0303 10.5936 0.148747 0.108026
32.1685 10.7172 0.147149 0.314834
32.048 10.6046 0.151734 0.0927371
32.1685 10.7172 0.147149 0.314834
32.1685 10.7172 0.147149 0.314834
32.1685 10.7172 0.147149 0.314834
32.048 10.6046 0.151734 0.0927371
32.1685 10.7172 0.147149 0.314834
32.1685 10.7172 0.147149 0.314834
32.1303 10.7233 0.153631 0.0687822
32.119 10.6868 0.151011 0.222087
32.1685 10.7172 0.147149 0.314834
32.1303 10.7233 0.153631 0.0687822
32.048 10.6046 0.151734 0.0927371
32.1685 10.7172 0.147149 0.314834
32.3371 10.7509 0.147405 0.0409122
32.119 10.6868 0.151011 0.222087
32.1685 10.7172 0.147149 0.314834
32.119 10.6868 0.151011 0.222087
32.0303 10.5936 0.148747 0.108026
31.8082 10.6887 0.155977 0.0119477
32.0303 10.5936 0.148747 0.108026
32.1685 10.7172 0.147149 0.314834
32.1303 10.7233 0.153631 0.0687822
32.119 10.6868 0.151011 0.222087
32.119 10.6868 0.151011 0.222087
32.1685 10.7172 0.147149 0.314834
32.1685 10.7172 0.147149 0.314834
32.1303 10.7233 0.153631 0.0687822
32.119 10.6868 0.151011 0.222087
32.048 10.6046 0.151734 0.0927371
32.1303 10.7233 0.153631 0.0687822
32.119 10.6868 0.151011 0.222087
32.119 10.6868 0.151011 0.222087
32.1685 10.7172 0.147149 0.314834
32.1685 10.7172 0.147149 0.314834
32.119 10.6868 0.151011 0.222087
32.0303 10.5936 0.148747 0.108026
32.0303 10.5936 0.148747 0.108026
32.1303 10.7233 0.153631 0.0687822
31.9895 10.572 0.152095 0.0425301
32.0303 10.5936 0.148747 0.108026
32.0303 10.5936 0.148747 0.108026
32.1685 10.7172 0.147149 0.314834
32.048 10.6046 0.151734 0.0927371
32.1685 10.7172 0.147149 0.314834
32.119 10.6868 0.151011 0.222087
32.1685 10.7172 0.147149 0.314834
32.119 10.6868 0.151011 0.222087
32.4151 10.5946 0.148477 0.00148099
32.0285 10.6351 0.154737 0.0359914
32.048 10.6046 0.151734 0.0927371
32.1685 10.7172 0.147149 0.314834
32.1685 10.7172 0.147149 0.314834
32.119 10.6868 0.151011 0.222087
32.1685 10.7172 0.147149 0.314834
32.119 10.6868 0.151011 0.222087
32.048 10.6046 0.151734 0.0927371
32.1685 10.7172 0.147149 0.314834
32.1685 10.7172 0.147149 0.314834
32.3371 10.7509 0.147405 0.0409122
32.0285 10.6351 0.154737 0.0359914
32.0303 10.5936 0.148747 0.108026
32.1685 10.7172 0.147149 0.314834
32.1685 10.7172 0.147149 0.314834
32.048 10.6046 0.151734 0.0927371
32.1303 10.7233 0.153631 0.0687822
32.119 10.6868 0.151011 0.222087
32.1685 10.7172 0.147149 0.314834
32.119 10.6868 0.151011 0.222087
32.1685 10.7172 0.147149 0.314834
32.1685 10.7172 0.147149 0.314834
32.119 10.6868 0.151011 0.222087
31.9895 10.572 0.152095 0.0425301
31.8082 10.6887 0.155977 0.0119477
32.1685 10.7172 0.147149 0.314834
32.119 10.6868 0.151011 0.222087
32.0303 10.5936 0.148747 0.108026
32.1303 10.7233 0.153631 0.0687822
32.119 10.6868 0.151011 0.222087
32.053 10.4825 0.151401 0.00816701
32.1685 10.7172 0.147149 0.314834
32.119 10.6868 0.151011 0.222087
32.119 10.6868 0.151011 0.222087
32.048 10.6046 0.151734 0.0927371
32.1685 10.7172 0.147149 0.314834
32.0285 10.6351 0.154737 0.0359914
32.048 10.6046 0.151734 0.0927371
32.048 10.6046 0.151734 0.0927371
31.9895 10.572 0.152095 0.0425301
32.1685 10.7172 0.147149 0.314834
32.119 10.6868 0.151011 0.222087
32.048 10.6046 0.151734 0.0927371
31.7683 10.6265 0.152557 0.00326633
32.1685 10.7172 0.147149 0.314834
32.1853 10.7671 0.153624 0.0329797
32.0303 10.5936 0.148747 0.108026
