131.577 20.3671 0.0623008 0.147001
131.443 20.0561 0.0622636 0.0688944
131.619 20.3235 0.0595132 0.190544
131.576 20.3716 0.0548829 0.0389378
131.548 20.1932 0.0589069 0.248359
131.443 20.0561 0.0622636 0.0688944
131.576 20.3716 0.0548829 0.0389378
131.403 20.2581 0.0592004 0.157101
131.577 20.3671 0.0623008 0.147001
131.577 20.3671 0.0623008 0.147001
131.577 20.3671 0.0623008 0.147001
131.226 20.2714 0.0628296 0.0116395
131.443 20.0561 0.0622636 0.0688944
131.619 20.3235 0.0595132 0.190544
131.403 20.2581 0.0592004 0.157101
131.678 20.0325 0.0660956 0.00578053
131.548 20.1932 0.0589069 0.248359
131.619 20.3235 0.0595132 0.190544
131.403 20.2581 0.0592004 0.157101
131.605 20.2924 0.0546769 0.0479478
131.619 20.3235 0.0595132 0.190544
131.403 20.2581 0.0592004 0.157101
131.548 20.1932 0.0589069 0.248359
131.443 20.0561 0.0622636 0.0688944
131.619 20.3235 0.0595132 0.190544
131.577 20.3671 0.0623008 0.147001
131.548 20.1932 0.0589069 0.248359
131.619 20.3235 0.0595132 0.190544
131.403 20.2581 0.0592004 0.157101
131.548 20.1932 0.0589069 0.248359
131.73 20.3886 0.0554747 0.0137955
131.619 20.3235 0.0595132 0.190544
131.403 20.2581 0.0592004 0.157101
131.577 20.3671 0.0623008 0.147001
131.605 20.2924 0.0546769 0.0479478
131.443 20.0561 0.0622636 0.0688944
131.403 20.2581 0.0592004 0.157101
131.577 20.3671 0.0623008 0.147001
131.548 20.1932 0.0589069 0.248359
131.619 20.3235 0.0595132 0.190544
131.403 20.2581 0.0592004 0.157101
131.548 20.1932 0.0589069 0.248359
131.443 20.0561 0.0622636 0.0688944
131.619 20.3235 0.0595132 0.190544
131.619 20.3235 0.0595132 0.190544
131.548 20.1932 0.0589069 0.248359
131.548 20.1932 0.0589069 0.248359
131.605 20.2924 0.0546769 0.0479478
131.443 20.0561 0.0622636 0.0688944
131.619 20.3235 0.0595132 0.190544
131.403 20.2581 0.0592004 0.157101
131.403 20.2581 0.0592004 0.157101
131.577 20.3671 0.0623008 0.147001
131.443 20.0561 0.0622636 0.0688944
131.678 20.0325 0.0660956 0.00578053
131.294 20.2978 0.0585715 0.0252411
131.548 20.1932 0.0589069 0.248359
131.707 20.5285 0.0549639 0.00184339
131.403 20.2581 0.0592004 0.157101
131.548 20.1932 0.0589069 0.248359
131.619 20.3235 0.0595132 0.190544
131.619 20.3235 0.0595132 0.190544
131.403 20.2581 0.0592004 0.157101
131.294 20.2978 0.0585715 0.0252411
131.577 20.3671 0.0623008 0.147001
131.577 20.3671 0.0623008 0.147001
131.548 20.1932 0.0589069 0.248359
131.619 20.3235 0.0595132 0.190544
131.403 20.2581 0.0592004 0.157101
131.403 20.2581 0.0592004 0.157101
131.294 20.2978 0.0585715 0.0252411
131.548 20.1932 0.0589069 0.248359
131.443 20.0561 0.0622636 0.0688944
131.403 20.2581 0.0592004 0.157101
131.577 20.3671 0.0623008 0.147001
131.548 20.1932 0.0589069 0.248359
131.443 20.0561 0.0622636 0.0688944
131.619 20.3235 0.0595132 0.190544
131.577 20.3671 0.0623008 0.147001
131.577 20.3671 0.0623008 0.147001
131.548 20.1932 0.0589069 0.248359
131.605 20.2924 0.0546769 0.0479478
131.403 20.2581 0.0592004 0.157101
131.403 20.2581 0.0592004 0.157101
131.403 20.2581 0.0592004 0.157101
131.678 20.0325 0.0660956 0.00578053
131.577 20.3671 0.0623008 0.147001
131.548 20.1932 0.0589069 0.248359
131.548 20.1932 0.0589069 0.248359
131.316 20.0672 0.0627231 0.0210477
131.619 20.3235 0.0595132 0.190544
131.226 20.2714 0.0628296 0.0116395
131.73 20.3886 0.0554747 0.0137955
131.619 20.3235 0.0595132 0.190544
131.403 20.2581 0.0592004 0.157101
131.403 20.2581 0.0592004 0.157101
131.548 20.1932 0.0589069 0.248359
131.443 20.0561 0.0622636 0.0688944
131.403 20.2581 0.0592004 0.157101
131.548 20.1932 0.0589069 0.248359
