261.948 28.0489 5.97908 0.124253
262.095 28.0218 5.97234 0.26254
262.061 27.9106 5.97311 0.130732
261.948 28.0489 5.97908 0.124253
261.861 28.0619 5.97687 0.0460521
262.079 27.9647 5.97588 0.227358
262.079 27.9647 5.97588 0.227358
262.095 28.0218 5.97234 0.26254
262.095 28.0218 5.97234 0.26254
262.095 28.0218 5.97234 0.26254
262.061 27.9106 5.97311 0.130732
261.948 28.0489 5.97908 0.124253
262.095 28.0218 5.97234 0.26254
262.095 28.0218 5.97234 0.26254
261.861 28.0619 5.97687 0.0460521
262.061 27.9106 5.97311 0.130732
262.061 27.9106 5.97311 0.130732
262.079 27.9647 5.97588 0.227358
261.948 28.0489 5.97908 0.124253
261.861 28.0619 5.97687 0.0460521
262.079 27.9647 5.97588 0.227358
262.095 28.0218 5.97234 0.26254
262.061 27.9106 5.97311 0.130732
261.948 28.0489 5.97908 0.124253
261.861 28.0619 5.97687 0.0460521
262.069 28.2571 5.96863 0.022336
262.296 27.9277 5.97028 0.0276946
262.095 28.0218 5.97234 0.26254
262.079 27.9647 5.97588 0.227358
262.079 27.9647 5.97588 0.227358
262.095 28.0218 5.97234 0.26254
262.006 27.9224 5.98297 0.0488453
262.165 27.919 5.98107 0.0264963
261.86 28.1246 5.98033 0.0237706
262.095 28.0218 5.97234 0.26254
262.079 27.9647 5.97588 0.227358
262.095 28.0218 5.97234 0.26254
262.006 27.9224 5.98297 0.0488453
262.006 27.9224 5.98297 0.0488453
261.861 28.0619 5.97687 0.0460521
262.079 27.9647 5.97588 0.227358
262.095 28.0218 5.97234 0.26254
262.095 28.0218 5.97234 0.26254
262.006 27.9224 5.98297 0.0488453
261.86 28.1246 5.98033 0.0237706
262.095 28.0218 5.97234 0.26254
262.346 28.1904 5.96808 0.0114318
262.095 28.0218 5.97234 0.26254
262.061 27.9106 5.97311 0.130732
262.079 27.9647 5.97588 0.227358
262.079 27.9647 5.97588 0.227358
261.948 28.0489 5.97908 0.124253
262.165 27.919 5.98107 0.0264963
262.061 27.9106 5.97311 0.130732
261.948 28.0489 5.97908 0.124253
262.095 28.0218 5.97234 0.26254
262.061 27.9106 5.97311 0.130732
261.948 28.0489 5.97908 0.124253
262.095 28.0218 5.97234 0.26254
262.095 28.0218 5.97234 0.26254
262.061 27.9106 5.97311 0.130732
262.079 27.9647 5.97588 0.227358
262.095 28.0218 5.97234 0.26254
262.346 28.1904 5.96808 0.0114318
261.948 28.0489 5.97908 0.124253
262.061 27.9106 5.97311 0.130732
262.346 28.1904 5.96808 0.0114318
262.095 28.0218 5.97234 0.26254
262.095 28.0218 5.97234 0.26254
262.095 28.0218 5.97234 0.26254
262.079 27.9647 5.97588 0.227358
262.079 27.9647 5.97588 0.227358
262.095 28.0218 5.97234 0.26254
262.346 28.1904 5.96808 0.0114318
261.86 28.1246 5.98033 0.0237706
262.095 28.0218 5.97234 0.26254
262.061 27.9106 5.97311 0.130732
262.079 27.9647 5.97588 0.227358
262.079 27.9647 5.97588 0.227358
262.095 28.0218 5.97234 0.26254
262.095 28.0218 5.97234 0.26254
262.346 28.1904 5.96808 0.0114318
261.948 28.0489 5.97908 0.124253
262.095 28.0218 5.97234 0.26254
262.095 28.0218 5.97234 0.26254
262.346 28.1904 5.96808 0.0114318
262.095 28.0218 5.97234 0.26254
262.006 27.9224 5.98297 0.0488453
262.165 27.919 5.98107 0.0264963
262.079 27.9647 5.97588 0.227358
262.006 27.9224 5.98297 0.0488453
262.061 27.9106 5.97311 0.130732
262.079 27.9647 5.97588 0.227358
262.079 27.9647 5.97588 0.227358
262.095 28.0218 5.97234 0.26254
262.061 27.9106 5.97311 0.130732
261.948 28.0489 5.97908 0.124253
261.861 28.0619 5.97687 0.0460521
262.079 27.9647 5.97588 0.227358
261.86 28.1246 5.98033 0.0237706
