-33.2961 -77.5114 2.17758 0.164926
-33.2961 -77.5114 2.17758 0.164926
-33.3431 -77.5609 2.17692 0.108412
-33.0762 -77.6502 2.18029 0.0801123
-33.1645 -77.5603 2.18451 0.069995
-33.0331 -77.521 2.17303 0.0771963
-33.2456 -77.5387 2.16638 0.0183286
-33.1924 -77.743 2.1834 0.0369046
-33.3431 -77.5609 2.17692 0.108412
-33.216 -77.7146 2.1748 0.036819
-33.0731 -77.5956 2.18425 0.0589354
-33.1771 -77.5985 2.18759 0.0251909
-33.2961 -77.5114 2.17758 0.164926
-33.3431 -77.5609 2.17692 0.108412
-33.0762 -77.6502 2.18029 0.0801123
-33.0762 -77.6502 2.18029 0.0801123
-33.0731 -77.5956 2.18425 0.0589354
-33.2961 -77.5114 2.17758 0.164926
-33.2961 -77.5114 2.17758 0.164926
-33.4615 -77.3621 2.16972 0.0332348
-33.3431 -77.5609 2.17692 0.108412
-33.216 -77.7146 2.1748 0.036819
-33.1717 -77.4787 2.16382 0.00875453
-33.2961 -77.5114 2.17758 0.164926
-33.2961 -77.5114 2.17758 0.164926
-33.0762 -77.6502 2.18029 0.0801123
-33.0731 -77.5956 2.18425 0.0589354
-33.1771 -77.5985 2.18759 0.0251909
-33.4615 -77.3621 2.16972 0.0332348
-33.362 -77.5341 2.18405 0.034349
-33.0331 -77.521 2.17303 0.0771963
-33.1771 -77.5985 2.18759 0.0251909
-33.3575 -77.6521 2.1752 0.0457527
-33.0762 -77.6502 2.18029 0.0801123
-33.0331 -77.521 2.17303 0.0771963
-33.0731 -77.5956 2.18425 0.0589354
-33.3908 -77.2868 2.18073 0.0204792
-33.2961 -77.5114 2.17758 0.164926
-33.0762 -77.6502 2.18029 0.0801123
-33.1645 -77.5603 2.18451 0.069995
-33.0731 -77.5956 2.18425 0.0589354
-33.196 -77.7802 2.18285 0.0268698
-33.3908 -77.2868 2.18073 0.0204792
-33.2961 -77.5114 2.17758 0.164926
-33.4615 -77.3621 2.16972 0.0332348
-33.4615 -77.3621 2.16972 0.0332348
-33.3431 -77.5609 2.17692 0.108412
-33.3431 -77.5609 2.17692 0.108412
-33.0762 -77.6502 2.18029 0.0801123
-33.216 -77.7146 2.1748 0.036819
-33.0731 -77.5956 2.18425 0.0589354
-33.2456 -77.5387 2.16638 0.0183286
-33.2961 -77.5114 2.17758 0.164926
-33.1924 -77.743 2.1834 0.0369046
-32.847 -77.4178 2.17454 0.0137198
-33.0731 -77.5956 2.18425 0.0589354
-33.2961 -77.5114 2.17758 0.164926
-33.3431 -77.5609 2.17692 0.108412
-33.3431 -77.5609 2.17692 0.108412
-32.847 -77.4178 2.17454 0.0137198
-33.2813 -77.8051 2.18049 0.0171826
-33.1771 -77.5985 2.18759 0.0251909
-33.2456 -77.5387 2.16638 0.0183286
-33.1924 -77.743 2.1834 0.0369046
-33.1645 -77.5603 2.18451 0.069995
-33.0731 -77.5956 2.18425 0.0589354
-33.1932 -77.7208 2.18439 0.0379734
-33.4615 -77.3621 2.16972 0.0332348
-33.3431 -77.5609 2.17692 0.108412
-33.2813 -77.8051 2.18049 0.0171826
-33.3908 -77.2868 2.18073 0.0204792
-33.1771 -77.5985 2.18759 0.0251909
-33.1924 -77.743 2.1834 0.0369046
-33.3431 -77.5609 2.17692 0.108412
-33.0762 -77.6502 2.18029 0.0801123
-33.0331 -77.521 2.17303 0.0771963
-33.2974 -77.7129 2.18827 0.00941847
-33.1771 -77.5985 2.18759 0.0251909
-33.3431 -77.5609 2.17692 0.108412
-33.1519 -77.9753 2.18258 0.00133933
-33.2719 -77.6869 2.17222 0.0258413
-33.2961 -77.5114 2.17758 0.164926
-33.3431 -77.5609 2.17692 0.108412
-33.1645 -77.5603 2.18451 0.069995
-33.216 -77.7146 2.1748 0.036819
-33.0331 -77.521 2.17303 0.0771963
-33.2974 -77.7129 2.18827 0.00941847
-33.3575 -77.6521 2.1752 0.0457527
-33.3431 -77.5609 2.17692 0.108412
-33.2813 -77.8051 2.18049 0.0171826
-33.196 -77.7802 2.18285 0.0268698
-33.2961 -77.5114 2.17758 0.164926
-33.3575 -77.6521 2.1752 0.0457527
-33.3431 -77.5609 2.17692 0.108412
-33.1645 -77.5603 2.18451 0.069995
-33.196 -77.7802 2.18285 0.0268698
-33.2456 -77.5387 2.16638 0.0183286
-33.2961 -77.5114 2.17758 0.164926
-33.3431 -77.5609 2.17692 0.108412
-33.0517 -77.8761 2.17791 0.00357202
