-16.3126 -91.9925 2.74558 0.061361
-16.2579 -92.2296 2.75369 0.1213
-15.9891 -92.1549 2.75179 0.128348
-16.0583 -92.2507 2.75131 0.16576
-16.257 -92.0466 2.75201 0.126278
-16.2579 -92.2296 2.75369 0.1213
-15.9891 -92.1549 2.75179 0.128348
-16.0583 -92.2507 2.75131 0.16576
-16.257 -92.0466 2.75201 0.126278
-16.2579 -92.2296 2.75369 0.1213
-15.9891 -92.1549 2.75179 0.128348
-15.9891 -92.1549 2.75179 0.128348
-16.0583 -92.2507 2.75131 0.16576
-16.4042 -92.0876 2.75145 0.0403528
-16.5034 -92.2176 2.75166 0.00788616
-16.2579 -92.2296 2.75369 0.1213
-16.4515 -92.0712 2.747 0.0338699
-16.0583 -92.2507 2.75131 0.16576
-16.0583 -92.2507 2.75131 0.16576
-16.1994 -92.2907 2.74916 0.152908
-16.3126 -91.9925 2.74558 0.061361
-16.257 -92.0466 2.75201 0.126278
-16.291 -92.4516 2.74744 0.0139514
-15.9891 -92.1549 2.75179 0.128348
-16.0583 -92.2507 2.75131 0.16576
-16.1994 -92.2907 2.74916 0.152908
-16.3126 -91.9925 2.74558 0.061361
-16.257 -92.0466 2.75201 0.126278
-15.9891 -92.1549 2.75179 0.128348
-16.1137 -92.4885 2.75385 0.012874
-16.3126 -91.9925 2.74558 0.061361
-16.0365 -92.3019 2.7424 0.00457307
-16.257 -92.0466 2.75201 0.126278
-16.257 -92.0466 2.75201 0.126278
-15.9891 -92.1549 2.75179 0.128348
-16.0583 -92.2507 2.75131 0.16576
-16.1994 -92.2907 2.74916 0.152908
-16.4042 -92.0876 2.75145 0.0403528
-16.3126 -91.9925 2.74558 0.061361
-16.2579 -92.2296 2.75369 0.1213
-15.9891 -92.1549 2.75179 0.128348
-16.2132 -92.1712 2.76314 0.00175425
-16.1994 -92.2907 2.74916 0.152908
-16.3126 -91.9925 2.74558 0.061361
-16.2579 -92.2296 2.75369 0.1213
-16.0148 -92.1843 2.76528 0.00153495
-16.1137 -92.4885 2.75385 0.012874
-16.1994 -92.2907 2.74916 0.152908
-16.1994 -92.2907 2.74916 0.152908
-16.257 -92.0466 2.75201 0.126278
-15.9891 -92.1549 2.75179 0.128348
-16.0583 -92.2507 2.75131 0.16576
-16.1994 -92.2907 2.74916 0.152908
-16.3126 -91.9925 2.74558 0.061361
-16.2579 -92.2296 2.75369 0.1213
-15.9891 -92.1549 2.75179 0.128348
-16.0583 -92.2507 2.75131 0.16576
-16.4042 -92.0876 2.75145 0.0403528
-16.2579 -92.2296 2.75369 0.1213
-16.2579 -92.2296 2.75369 0.1213
-16.0583 -92.2507 2.75131 0.16576
-16.0583 -92.2507 2.75131 0.16576
-16.0583 -92.2507 2.75131 0.16576
-16.1137 -92.4885 2.75385 0.012874
-16.1994 -92.2907 2.74916 0.152908
-16.1994 -92.2907 2.74916 0.152908
-16.257 -92.0466 2.75201 0.126278
-15.9891 -92.1549 2.75179 0.128348
-16.0565 -92.5248 2.75718 0.00363053
-16.0583 -92.2507 2.75131 0.16576
-16.1994 -92.2907 2.74916 0.152908
-16.257 -92.0466 2.75201 0.126278
-16.257 -92.0466 2.75201 0.126278
-15.9891 -92.1549 2.75179 0.128348
-16.0565 -92.5248 2.75718 0.00363053
-15.9141 -91.9825 2.75588 0.0205901
-16.0583 -92.2507 2.75131 0.16576
-16.1994 -92.2907 2.74916 0.152908
-16.257 -92.0466 2.75201 0.126278
-15.9891 -92.1549 2.75179 0.128348
-16.0583 -92.2507 2.75131 0.16576
-16.3126 -91.9925 2.74558 0.061361
-16.257 -92.0466 2.75201 0.126278
-16.2579 -92.2296 2.75369 0.1213
-15.9891 -92.1549 2.75179 0.128348
-16.0583 -92.2507 2.75131 0.16576
-16.1994 -92.2907 2.74916 0.152908
-16.4042 -92.0876 2.75145 0.0403528
-16.4658 -92.3783 2.75415 0.00216834
-16.2579 -92.2296 2.75369 0.1213
-16.2579 -92.2296 2.75369 0.1213
-16.4515 -92.0712 2.747 0.0338699
-16.1994 -92.2907 2.74916 0.152908
-16.4042 -92.0876 2.75145 0.0403528
-16.257 -92.0466 2.75201 0.126278
-15.8863 -92.3777 2.7596 0.00746066
-16.2132 -92.1712 2.76314 0.00175425
-16.0583 -92.2507 2.75131 0.16576
-16.0583 -92.2507 2.75131 0.16576
-16.4042 -92.0876 2.75145 0.0403528
