41.1946 -72.3033 3.9396 0.0992068
41.1679 -72.3789 3.93339 0.272859
41.1442 -72.5497 3.93648 0.0359124
41.3401 -72.3344 3.94041 0.0486346
41.0042 -72.4652 3.93416 0.0704904
41.0798 -72.2581 3.93748 0.0797687
41.3401 -72.3344 3.94041 0.0486346
41.1679 -72.3789 3.93339 0.272859
41.1679 -72.3789 3.93339 0.272859
41.1946 -72.3033 3.9396 0.0992068
41.1679 -72.3789 3.93339 0.272859
41.0856 -72.3062 3.92647 0.0189243
41.2412 -72.4919 3.93288 0.0509221
41.0798 -72.2581 3.93748 0.0797687
41.0804 -72.4338 3.92611 0.0125831
41.3047 -72.3946 3.93294 0.0465933
40.9408 -72.5056 3.93248 0.021156
41.1311 -72.5152 3.93644 0.0647525
41.0042 -72.4652 3.93416 0.0704904
41.0743 -72.6227 3.93291 0.00703941
41.1679 -72.3789 3.93339 0.272859
41.1442 -72.5497 3.93648 0.0359124
41.0798 -72.2581 3.93748 0.0797687
41.1679 -72.3789 3.93339 0.272859
41.0856 -72.3062 3.92647 0.0189243
41.1311 -72.5152 3.93644 0.0647525
41.1311 -72.5152 3.93644 0.0647525
41.3401 -72.3344 3.94041 0.0486346
41.1679 -72.3789 3.93339 0.272859
41.3047 -72.3946 3.93294 0.0465933
40.9642 -72.2926 3.93751 0.0143422
40.9642 -72.2926 3.93751 0.0143422
41.0798 -72.2581 3.93748 0.0797687
40.9743 -72.3372 3.92689 0.0327633
41.0798 -72.2581 3.93748 0.0797687
41.1679 -72.3789 3.93339 0.272859
40.9642 -72.2926 3.93751 0.0143422
41.2757 -72.3258 3.94219 0.0309709
41.1679 -72.3789 3.93339 0.272859
41.1311 -72.5152 3.93644 0.0647525
41.1311 -72.5152 3.93644 0.0647525
41.1398 -72.6031 3.94232 0.000457804
41.1946 -72.3033 3.9396 0.0992068
41.0798 -72.2581 3.93748 0.0797687
41.1679 -72.3789 3.93339 0.272859
41.0042 -72.4652 3.93416 0.0704904
41.3401 -72.3344 3.94041 0.0486346
40.9743 -72.3372 3.92689 0.0327633
41.1442 -72.5497 3.93648 0.0359124
41.1946 -72.3033 3.9396 0.0992068
41.0804 -72.4338 3.92611 0.0125831
41.0042 -72.4652 3.93416 0.0704904
41.2412 -72.4919 3.93288 0.0509221
41.1946 -72.3033 3.9396 0.0992068
41.1946 -72.3033 3.9396 0.0992068
40.9743 -72.3372 3.92689 0.0327633
41.1946 -72.3033 3.9396 0.0992068
41.1679 -72.3789 3.93339 0.272859
40.9642 -72.2926 3.93751 0.0143422
41.1442 -72.5497 3.93648 0.0359124
41.0798 -72.2581 3.93748 0.0797687
41.207 -72.2177 3.94579 0.000486813
41.1311 -72.5152 3.93644 0.0647525
40.9201 -72.4656 3.93123 0.0282112
41.0798 -72.2581 3.93748 0.0797687
41.0856 -72.3062 3.92647 0.0189243
40.9201 -72.4656 3.93123 0.0282112
41.0798 -72.2581 3.93748 0.0797687
40.9743 -72.3372 3.92689 0.0327633
41.0042 -72.4652 3.93416 0.0704904
41.0042 -72.4652 3.93416 0.0704904
41.1679 -72.3789 3.93339 0.272859
41.1679 -72.3789 3.93339 0.272859
41.2412 -72.4919 3.93288 0.0509221
41.1946 -72.3033 3.9396 0.0992068
41.1679 -72.3789 3.93339 0.272859
41.0042 -72.4652 3.93416 0.0704904
41.1946 -72.3033 3.9396 0.0992068
41.1679 -72.3789 3.93339 0.272859
41.0042 -72.4652 3.93416 0.0704904
41.0042 -72.4652 3.93416 0.0704904
41.1442 -72.5497 3.93648 0.0359124
41.0804 -72.4338 3.92611 0.0125831
41.0856 -72.3062 3.92647 0.0189243
41.2412 -72.4919 3.93288 0.0509221
41.1946 -72.3033 3.9396 0.0992068
41.1679 -72.3789 3.93339 0.272859
41.1311 -72.5152 3.93644 0.0647525
41.1311 -72.5152 3.93644 0.0647525
41.1946 -72.3033 3.9396 0.0992068
41.0798 -72.2581 3.93748 0.0797687
41.3401 -72.3344 3.94041 0.0486346
41.0856 -72.3062 3.92647 0.0189243
41.0743 -72.6227 3.93291 0.00703941
41.0171 -72.2493 3.93872 0.0146273
41.1311 -72.5152 3.93644 0.0647525
41.0798 -72.2581 3.93748 0.0797687
40.9743 -72.3372 3.92689 0.0327633
41.3047 -72.3946 3.93294 0.0465933
41.0042 -72.4652 3.93416 0.0704904
