-26.5934 -86.9728 2.54261 0.0905415
-26.4296 -86.7054 2.54212 0.321804
-26.4296 -86.7054 2.54212 0.321804
-26.8054 -86.798 2.53072 0.00211463
-26.5934 -86.9728 2.54261 0.0905415
-26.74 -86.6023 2.53541 0.0402822
-26.5463 -86.557 2.53397 0.0720131
-26.5528 -86.8117 2.53389 0.0519676
-26.796 -86.5243 2.53304 0.00839858
-26.5463 -86.557 2.53397 0.0720131
-26.3926 -86.5664 2.53219 0.019122
-26.4736 -86.5836 2.54234 0.139132
-26.4296 -86.7054 2.54212 0.321804
-26.469 -86.6277 2.54826 0.0304745
-26.6447 -86.7929 2.54732 0.0487918
-26.4296 -86.7054 2.54212 0.321804
-26.5528 -86.8117 2.53389 0.0519676
-26.4296 -86.7054 2.54212 0.321804
-26.5528 -86.8117 2.53389 0.0519676
-26.6447 -86.7929 2.54732 0.0487918
-26.4296 -86.7054 2.54212 0.321804
-26.5463 -86.557 2.53397 0.0720131
-26.783 -86.8959 2.54126 0.0201934
-26.4296 -86.7054 2.54212 0.321804
-26.74 -86.6023 2.53541 0.0402822
-26.783 -86.8959 2.54126 0.0201934
-26.74 -86.6023 2.53541 0.0402822
-26.3926 -86.5664 2.53219 0.019122
-26.5934 -86.9728 2.54261 0.0905415
-26.6942 -87.2707 2.54527 0.000169077
-26.5463 -86.557 2.53397 0.0720131
-26.4296 -86.7054 2.54212 0.321804
-26.5528 -86.8117 2.53389 0.0519676
-26.4296 -86.7054 2.54212 0.321804
-26.6931 -86.3614 2.53851 0.00311904
-26.5528 -86.8117 2.53389 0.0519676
-26.4296 -86.7054 2.54212 0.321804
-26.5463 -86.557 2.53397 0.0720131
-26.5463 -86.557 2.53397 0.0720131
-26.4296 -86.7054 2.54212 0.321804
-26.74 -86.6023 2.53541 0.0402822
-26.3078 -86.8075 2.53436 0.014649
-26.4296 -86.7054 2.54212 0.321804
-26.5463 -86.557 2.53397 0.0720131
-26.4296 -86.7054 2.54212 0.321804
-26.4296 -86.7054 2.54212 0.321804
-26.6694 -86.9406 2.5429 0.0635771
-26.4736 -86.5836 2.54234 0.139132
-26.8367 -86.5755 2.53321 0.00640256
-26.4296 -86.7054 2.54212 0.321804
-26.4736 -86.5836 2.54234 0.139132
-26.5463 -86.557 2.53397 0.0720131
-26.5528 -86.8117 2.53389 0.0519676
-26.4296 -86.7054 2.54212 0.321804
-26.4736 -86.5836 2.54234 0.139132
-26.4296 -86.7054 2.54212 0.321804
-26.74 -86.6023 2.53541 0.0402822
-26.4296 -86.7054 2.54212 0.321804
-26.4736 -86.5836 2.54234 0.139132
-26.3078 -86.8075 2.53436 0.014649
-26.4296 -86.7054 2.54212 0.321804
-26.4736 -86.5836 2.54234 0.139132
-26.6694 -86.9406 2.5429 0.0635771
-26.4296 -86.7054 2.54212 0.321804
-26.5528 -86.8117 2.53389 0.0519676
-26.4296 -86.7054 2.54212 0.321804
-26.5528 -86.8117 2.53389 0.0519676
-26.8054 -86.798 2.53072 0.00211463
-26.4736 -86.5836 2.54234 0.139132
-26.4736 -86.5836 2.54234 0.139132
-26.5528 -86.8117 2.53389 0.0519676
-26.4296 -86.7054 2.54212 0.321804
-26.3078 -86.8075 2.53436 0.014649
-26.6447 -86.7929 2.54732 0.0487918
-26.74 -86.6023 2.53541 0.0402822
-26.4736 -86.5836 2.54234 0.139132
-26.6694 -86.9406 2.5429 0.0635771
-26.4296 -86.7054 2.54212 0.321804
-26.3189 -86.9291 2.53627 0.0132843
-26.6447 -86.7929 2.54732 0.0487918
-26.4296 -86.7054 2.54212 0.321804
-26.4296 -86.7054 2.54212 0.321804
-26.6931 -86.3614 2.53851 0.00311904
-26.4296 -86.7054 2.54212 0.321804
-26.4296 -86.7054 2.54212 0.321804
-26.4736 -86.5836 2.54234 0.139132
-26.4296 -86.7054 2.54212 0.321804
-26.4296 -86.7054 2.54212 0.321804
-26.5528 -86.8117 2.53389 0.0519676
-26.5528 -86.8117 2.53389 0.0519676
-26.5528 -86.8117 2.53389 0.0519676
-26.783 -86.8959 2.54126 0.0201934
-26.4296 -86.7054 2.54212 0.321804
-26.6913 -86.5078 2.54558 0.0036209
-26.4736 -86.5836 2.54234 0.139132
-26.5463 -86.557 2.53397 0.0720131
-26.4296 -86.7054 2.54212 0.321804
-26.4736 -86.5836 2.54234 0.139132
-26.4296 -86.7054 2.54212 0.321804
-26.4296 -86.7054 2.54212 0.321804
