262.096 28.3857 6.07833 0.209369
261.929 28.3657 6.07688 0.120107
262.003 28.2983 6.08051 0.241712
262.061 28.3186 6.08634 0.109242
262.096 28.3857 6.07833 0.209369
262.003 28.2983 6.08051 0.241712
262.096 28.3857 6.07833 0.209369
262.096 28.3857 6.07833 0.209369
262.089 28.4704 6.08711 0.0339965
261.923 28.4106 6.07503 0.0621096
262.061 28.3186 6.08634 0.109242
262.096 28.3857 6.07833 0.209369
262.096 28.3857 6.07833 0.209369
262.029 28.5859 6.08746 0.0104866
261.923 28.4106 6.07503 0.0621096
262.096 28.3857 6.07833 0.209369
262.096 28.3857 6.07833 0.209369
261.929 28.3657 6.07688 0.120107
261.954 28.261 6.07438 0.0210328
262.061 28.3186 6.08634 0.109242
261.929 28.3657 6.07688 0.120107
262.003 28.2983 6.08051 0.241712
262.061 28.3186 6.08634 0.109242
262.204 28.3916 6.06854 0.00621066
262.003 28.2983 6.08051 0.241712
262.096 28.3857 6.07833 0.209369
262.096 28.3857 6.07833 0.209369
262.096 28.3857 6.07833 0.209369
261.929 28.3657 6.07688 0.120107
262.003 28.2983 6.08051 0.241712
262.061 28.3186 6.08634 0.109242
262.096 28.3857 6.07833 0.209369
261.884 28.2889 6.07543 0.0213176
262.003 28.2983 6.08051 0.241712
262.003 28.2983 6.08051 0.241712
262.061 28.3186 6.08634 0.109242
262.096 28.3857 6.07833 0.209369
262.003 28.2983 6.08051 0.241712
262.096 28.3857 6.07833 0.209369
262.075 28.4527 6.08937 0.0174695
262.003 28.2983 6.08051 0.241712
262.206 28.4511 6.07669 0.053255
262.096 28.3857 6.07833 0.209369
262.003 28.2983 6.08051 0.241712
262.003 28.2983 6.08051 0.241712
261.996 28.2313 6.07416 0.0166134
262.096 28.3857 6.07833 0.209369
262.003 28.2983 6.08051 0.241712
261.923 28.4106 6.07503 0.0621096
262.206 28.4511 6.07669 0.053255
261.929 28.3657 6.07688 0.120107
262.029 28.5859 6.08746 0.0104866
262.003 28.2983 6.08051 0.241712
262.003 28.2983 6.08051 0.241712
262.206 28.4511 6.07669 0.053255
262.061 28.3186 6.08634 0.109242
262.096 28.3857 6.07833 0.209369
261.655 28.5374 6.08879 0.00208772
262.003 28.2983 6.08051 0.241712
262.003 28.2983 6.08051 0.241712
262.061 28.3186 6.08634 0.109242
262.089 28.4704 6.08711 0.0339965
262.003 28.2983 6.08051 0.241712
262.003 28.2983 6.08051 0.241712
261.923 28.4106 6.07503 0.0621096
262.061 28.3186 6.08634 0.109242
261.929 28.3657 6.07688 0.120107
261.996 28.2313 6.07416 0.0166134
262.096 28.3857 6.07833 0.209369
262.003 28.2983 6.08051 0.241712
261.744 28.5107 6.08699 0.0197844
261.744 28.5107 6.08699 0.0197844
262.061 28.3186 6.08634 0.109242
262.089 28.4704 6.08711 0.0339965
262.003 28.2983 6.08051 0.241712
262.003 28.2983 6.08051 0.241712
262.061 28.3186 6.08634 0.109242
262.096 28.3857 6.07833 0.209369
261.929 28.3657 6.07688 0.120107
261.694 28.2188 6.08949 0.0111687
262.096 28.3857 6.07833 0.209369
262.096 28.3857 6.07833 0.209369
262.003 28.2983 6.08051 0.241712
261.923 28.4106 6.07503 0.0621096
261.884 28.2889 6.07543 0.0213176
261.929 28.3657 6.07688 0.120107
261.929 28.3657 6.07688 0.120107
262.003 28.2983 6.08051 0.241712
262.096 28.3857 6.07833 0.209369
262.003 28.2983 6.08051 0.241712
262.3 28.2686 6.0769 0.00386601
262.061 28.3186 6.08634 0.109242
262.089 28.4704 6.08711 0.0339965
261.954 28.261 6.07438 0.0210328
261.649 28.4242 6.07992 0.00133207
261.923 28.4106 6.07503 0.0621096
262.206 28.4511 6.07669 0.053255
262.096 28.3857 6.07833 0.209369
262.003 28.2983 6.08051 0.241712
262.061 28.3186 6.08634 0.109242
