152.601 -13.056 3.3256 0.0340351
152.836 -13.1436 3.32126 0.20314
152.836 -13.1436 3.32126 0.20314
152.836 -13.1436 3.32126 0.20314
152.836 -13.1436 3.32126 0.20314
152.524 -13.0737 3.32116 0.113658
152.515 -13.361 3.32034 0.176398
152.515 -13.361 3.32034 0.176398
152.836 -13.1436 3.32126 0.20314
152.834 -13.2904 3.3208 0.221499
152.524 -13.0737 3.32116 0.113658
152.836 -13.1436 3.32126 0.20314
152.834 -13.2904 3.3208 0.221499
152.515 -13.361 3.32034 0.176398
152.836 -13.1436 3.32126 0.20314
152.834 -13.2904 3.3208 0.221499
152.834 -13.2904 3.3208 0.221499
152.524 -13.0737 3.32116 0.113658
152.601 -13.056 3.3256 0.0340351
152.834 -13.2904 3.3208 0.221499
152.515 -13.361 3.32034 0.176398
152.836 -13.1436 3.32126 0.20314
152.836 -13.1436 3.32126 0.20314
152.942 -13.2598 3.32064 0.0330161
152.834 -13.2904 3.3208 0.221499
152.834 -13.2904 3.3208 0.221499
153.036 -13.2804 3.33012 0.073191
152.836 -13.1436 3.32126 0.20314
152.524 -13.0737 3.32116 0.113658
152.524 -13.0737 3.32116 0.113658
152.515 -13.361 3.32034 0.176398
152.836 -13.1436 3.32126 0.20314
152.834 -13.2904 3.3208 0.221499
152.357 -13.2188 3.32199 0.0106857
152.515 -13.361 3.32034 0.176398
152.515 -13.361 3.32034 0.176398
152.836 -13.1436 3.32126 0.20314
152.834 -13.2904 3.3208 0.221499
152.524 -13.0737 3.32116 0.113658
152.515 -13.361 3.32034 0.176398
152.601 -13.056 3.3256 0.0340351
152.834 -13.2904 3.3208 0.221499
152.524 -13.0737 3.32116 0.113658
152.836 -13.1436 3.32126 0.20314
152.836 -13.1436 3.32126 0.20314
152.834 -13.2904 3.3208 0.221499
152.834 -13.2904 3.3208 0.221499
152.515 -13.361 3.32034 0.176398
152.836 -13.1436 3.32126 0.20314
152.834 -13.2904 3.3208 0.221499
153.036 -13.2804 3.33012 0.073191
152.942 -13.2598 3.32064 0.0330161
152.834 -13.2904 3.3208 0.221499
152.834 -13.2904 3.3208 0.221499
153.036 -13.2804 3.33012 0.073191
152.669 -13.5328 3.32351 0.0452618
152.357 -13.2188 3.32199 0.0106857
153.036 -13.2804 3.33012 0.073191
152.565 -12.9002 3.32396 0.00160324
152.515 -13.361 3.32034 0.176398
152.836 -13.1436 3.32126 0.20314
152.834 -13.2904 3.3208 0.221499
152.515 -13.361 3.32034 0.176398
153.036 -13.2804 3.33012 0.073191
152.836 -13.1436 3.32126 0.20314
152.836 -13.1436 3.32126 0.20314
152.834 -13.2904 3.3208 0.221499
152.515 -13.361 3.32034 0.176398
152.993 -13.2208 3.33334 0.0178949
152.582 -13.4766 3.33203 0.000347567
152.834 -13.2904 3.3208 0.221499
152.834 -13.2904 3.3208 0.221499
152.357 -13.2188 3.32199 0.0106857
153.034 -13.2819 3.32341 0.0219926
152.993 -13.2208 3.33334 0.0178949
152.834 -13.2904 3.3208 0.221499
152.524 -13.0737 3.32116 0.113658
152.515 -13.361 3.32034 0.176398
152.942 -13.2598 3.32064 0.0330161
152.834 -13.2904 3.3208 0.221499
152.834 -13.2904 3.3208 0.221499
153.034 -13.2819 3.32341 0.0219926
153.036 -13.2804 3.33012 0.073191
152.942 -13.2598 3.32064 0.0330161
152.834 -13.2904 3.3208 0.221499
152.515 -13.361 3.32034 0.176398
153.036 -13.2804 3.33012 0.073191
152.836 -13.1436 3.32126 0.20314
152.669 -13.5328 3.32351 0.0452618
152.524 -13.0737 3.32116 0.113658
152.524 -13.0737 3.32116 0.113658
153.036 -13.2804 3.33012 0.073191
152.836 -13.1436 3.32126 0.20314
152.834 -13.2904 3.3208 0.221499
152.834 -13.2904 3.3208 0.221499
152.524 -13.0737 3.32116 0.113658
152.515 -13.361 3.32034 0.176398
152.942 -13.2598 3.32064 0.0330161
152.942 -13.2598 3.32064 0.0330161
152.524 -13.0737 3.32116 0.113658
