169.088 -10.915 3.24107 0.234315
169.039 -11.0111 3.23746 0.127083
169.14 -10.8606 3.23949 0.138702
168.817 -10.7543 3.2373 0.012783
169.088 -10.915 3.24107 0.234315
169.039 -11.0111 3.23746 0.127083
169.031 -10.8491 3.24341 0.0951744
169.088 -10.915 3.24107 0.234315
169.14 -10.8606 3.23949 0.138702
169.031 -10.8491 3.24341 0.0951744
169.261 -10.7107 3.24197 0.0086079
169.088 -10.915 3.24107 0.234315
169.039 -11.0111 3.23746 0.127083
169.181 -10.974 3.23838 0.0796002
169.031 -10.8491 3.24341 0.0951744
169.195 -10.7259 3.24613 0.00869834
169.287 -10.8054 3.24854 0.00650908
169.039 -11.0111 3.23746 0.127083
169.296 -11.107 3.24269 0.0179208
169.195 -10.7259 3.24613 0.00869834
169.088 -10.915 3.24107 0.234315
169.039 -11.0111 3.23746 0.127083
169.296 -11.107 3.24269 0.0179208
168.922 -11.1996 3.24326 0.00437081
169.088 -10.915 3.24107 0.234315
169.039 -11.0111 3.23746 0.127083
169.14 -10.8606 3.23949 0.138702
169.181 -10.974 3.23838 0.0796002
169.261 -10.7107 3.24197 0.0086079
169.088 -10.915 3.24107 0.234315
169.106 -10.8363 3.23665 0.0735272
169.14 -10.8606 3.23949 0.138702
168.905 -10.9148 3.22895 0.00232201
169.296 -11.107 3.24269 0.0179208
169.088 -10.915 3.24107 0.234315
169.106 -10.8363 3.23665 0.0735272
169.181 -10.974 3.23838 0.0796002
169.088 -10.915 3.24107 0.234315
169.088 -10.915 3.24107 0.234315
169.039 -11.0111 3.23746 0.127083
169.031 -10.8491 3.24341 0.0951744
168.988 -10.8201 3.24336 0.0526106
169.106 -10.8363 3.23665 0.0735272
169.031 -10.8491 3.24341 0.0951744
169.088 -10.915 3.24107 0.234315
169.039 -11.0111 3.23746 0.127083
169.039 -11.0111 3.23746 0.127083
169.067 -10.8123 3.24515 0.0410448
169.088 -10.915 3.24107 0.234315
169.296 -11.107 3.24269 0.0179208
168.988 -10.8201 3.24336 0.0526106
169.106 -10.8363 3.23665 0.0735272
168.892 -10.8557 3.24308 0.0230111
169.031 -10.8491 3.24341 0.0951744
169.088 -10.915 3.24107 0.234315
169.106 -10.8363 3.23665 0.0735272
169.039 -11.0111 3.23746 0.127083
169.296 -11.107 3.24269 0.0179208
168.922 -11.1996 3.24326 0.00437081
169.088 -10.915 3.24107 0.234315
169.106 -10.8363 3.23665 0.0735272
169.181 -10.974 3.23838 0.0796002
168.988 -10.8201 3.24336 0.0526106
169.039 -11.0111 3.23746 0.127083
169.14 -10.8606 3.23949 0.138702
169.14 -10.8606 3.23949 0.138702
169.181 -10.974 3.23838 0.0796002
169.181 -10.974 3.23838 0.0796002
169.067 -10.8123 3.24515 0.0410448
169.088 -10.915 3.24107 0.234315
169.088 -10.915 3.24107 0.234315
169.039 -11.0111 3.23746 0.127083
169.14 -10.8606 3.23949 0.138702
168.988 -10.8201 3.24336 0.0526106
169.088 -10.915 3.24107 0.234315
169.039 -11.0111 3.23746 0.127083
169.14 -10.8606 3.23949 0.138702
168.817 -10.7543 3.2373 0.012783
168.988 -10.8201 3.24336 0.0526106
169.088 -10.915 3.24107 0.234315
169.14 -10.8606 3.23949 0.138702
169.031 -10.8491 3.24341 0.0951744
169.287 -10.8054 3.24854 0.00650908
169.039 -11.0111 3.23746 0.127083
169.14 -10.8606 3.23949 0.138702
168.771 -11.0056 3.23784 0.0126252
169.088 -10.915 3.24107 0.234315
169.088 -10.915 3.24107 0.234315
169.14 -10.8606 3.23949 0.138702
168.892 -10.8557 3.24308 0.0230111
169.031 -10.8491 3.24341 0.0951744
169.067 -10.8123 3.24515 0.0410448
169.088 -10.915 3.24107 0.234315
169.088 -10.915 3.24107 0.234315
169.039 -11.0111 3.23746 0.127083
169.14 -10.8606 3.23949 0.138702
168.988 -10.8201 3.24336 0.0526106
169.088 -10.915 3.24107 0.234315
169.039 -11.0111 3.23746 0.127083
169.031 -10.8491 3.24341 0.0951744
