277.737 13.2975 5.07667 0.0491378
277.942 13.2149 5.08555 0.0143184
277.924 13.2748 5.079 0.16226
277.776 13.237 5.07727 0.113239
277.776 13.237 5.07727 0.113239
278.047 13.2792 5.07195 0.0493783
277.668 13.2205 5.07391 0.0311552
278.039 13.3453 5.07402 0.0333894
277.924 13.2748 5.079 0.16226
277.96 13.3556 5.07741 0.0779566
277.776 13.237 5.07727 0.113239
277.776 13.237 5.07727 0.113239
277.973 13.3931 5.07688 0.0395938
277.984 13.415 5.08347 0.0145937
277.746 13.1876 5.07341 0.133891
277.746 13.1876 5.07341 0.133891
278.145 13.2288 5.07972 0.0159688
277.776 13.237 5.07727 0.113239
277.737 13.2975 5.07667 0.0491378
277.942 13.2149 5.08555 0.0143184
277.924 13.2748 5.079 0.16226
277.96 13.3556 5.07741 0.0779566
277.776 13.237 5.07727 0.113239
277.776 13.237 5.07727 0.113239
277.776 13.237 5.07727 0.113239
277.981 13.2624 5.08112 0.0899467
278.039 13.3453 5.07402 0.0333894
277.942 13.2149 5.08555 0.0143184
277.96 13.3556 5.07741 0.0779566
277.776 13.237 5.07727 0.113239
278.047 13.2792 5.07195 0.0493783
277.981 13.2624 5.08112 0.0899467
277.746 13.1876 5.07341 0.133891
277.942 13.2149 5.08555 0.0143184
277.745 13.4185 5.07824 0.00898568
277.776 13.237 5.07727 0.113239
277.776 13.237 5.07727 0.113239
277.668 13.2205 5.07391 0.0311552
277.984 13.415 5.08347 0.0145937
278.039 13.3453 5.07402 0.0333894
277.924 13.2748 5.079 0.16226
277.776 13.237 5.07727 0.113239
278.047 13.2792 5.07195 0.0493783
277.906 13.4745 5.08934 0.000714602
278.03 13.197 5.06856 0.055688
277.924 13.2748 5.079 0.16226
277.924 13.2748 5.079 0.16226
278.047 13.2792 5.07195 0.0493783
277.873 13.0367 5.08429 0.00231103
278.003 12.8424 5.07522 0.0015384
278.03 13.197 5.06856 0.055688
277.924 13.2748 5.079 0.16226
277.924 13.2748 5.079 0.16226
277.96 13.3556 5.07741 0.0779566
277.96 13.3556 5.07741 0.0779566
278.047 13.2792 5.07195 0.0493783
277.594 13.1368 5.07675 0.00328195
278.039 13.3453 5.07402 0.0333894
277.942 13.2149 5.08555 0.0143184
277.699 12.9662 5.0721 0.0184601
277.981 13.2624 5.08112 0.0899467
277.668 13.2205 5.07391 0.0311552
277.746 13.1876 5.07341 0.133891
277.924 13.2748 5.079 0.16226
277.96 13.3556 5.07741 0.0779566
277.776 13.237 5.07727 0.113239
277.776 13.237 5.07727 0.113239
278.047 13.2792 5.07195 0.0493783
278.03 13.197 5.06856 0.055688
277.924 13.2748 5.079 0.16226
277.913 13.2416 5.08633 0.0102949
278.145 13.2288 5.07972 0.0159688
277.776 13.237 5.07727 0.113239
277.801 13.5799 5.08183 0.000296708
277.746 13.1876 5.07341 0.133891
277.746 13.1876 5.07341 0.133891
278.033 12.8767 5.07877 0.000689605
277.96 13.3556 5.07741 0.0779566
277.981 13.2624 5.08112 0.0899467
278.03 13.197 5.06856 0.055688
278.123 13.1381 5.07065 0.0249155
277.924 13.2748 5.079 0.16226
277.924 13.2748 5.079 0.16226
277.96 13.3556 5.07741 0.0779566
277.981 13.2624 5.08112 0.0899467
277.746 13.1876 5.07341 0.133891
277.746 13.1876 5.07341 0.133891
277.924 13.2748 5.079 0.16226
277.924 13.2748 5.079 0.16226
278.047 13.2792 5.07195 0.0493783
278.03 13.197 5.06856 0.055688
277.746 13.1876 5.07341 0.133891
277.942 13.2149 5.08555 0.0143184
277.96 13.3556 5.07741 0.0779566
277.776 13.237 5.07727 0.113239
277.613 13.2 5.07916 0.00307127
277.981 13.2624 5.08112 0.0899467
277.981 13.2624 5.08112 0.0899467
277.746 13.1876 5.07341 0.133891
277.924 13.2748 5.079 0.16226
