269.28 25.6944 5.80424 0.221077
269.142 25.7663 5.80172 0.159462
269.312 25.5455 5.79415 0.108292
269.28 25.6944 5.80424 0.221077
269.258 25.6198 5.80498 0.19152
269.142 25.7663 5.80172 0.159462
269.28 25.6944 5.80424 0.221077
269.258 25.6198 5.80498 0.19152
269.057 25.6757 5.80946 0.0417661
269.142 25.7663 5.80172 0.159462
269.142 25.7663 5.80172 0.159462
269.142 25.7663 5.80172 0.159462
269.312 25.5455 5.79415 0.108292
269.28 25.6944 5.80424 0.221077
269.258 25.6198 5.80498 0.19152
269.142 25.7663 5.80172 0.159462
269.142 25.7663 5.80172 0.159462
269.312 25.5455 5.79415 0.108292
269.258 25.6198 5.80498 0.19152
269.142 25.7663 5.80172 0.159462
269.142 25.7663 5.80172 0.159462
269.051 25.9551 5.81119 0.000879889
269.28 25.6944 5.80424 0.221077
269.057 25.6757 5.80946 0.0417661
269.142 25.7663 5.80172 0.159462
269.312 25.5455 5.79415 0.108292
269.258 25.6198 5.80498 0.19152
269.258 25.6198 5.80498 0.19152
269.406 25.5868 5.80385 0.0429011
269.015 25.6475 5.80863 0.0292083
269.28 25.6944 5.80424 0.221077
269.258 25.6198 5.80498 0.19152
269.142 25.7663 5.80172 0.159462
269.505 25.7604 5.8007 0.01178
269.28 25.6944 5.80424 0.221077
269.28 25.6944 5.80424 0.221077
269.28 25.6944 5.80424 0.221077
269.057 25.6757 5.80946 0.0417661
269.312 25.5455 5.79415 0.108292
269.075 25.6978 5.81 0.0412708
269.258 25.6198 5.80498 0.19152
269.258 25.6198 5.80498 0.19152
269.142 25.7663 5.80172 0.159462
269.369 25.4543 5.79585 0.0314885
269.312 25.5455 5.79415 0.108292
269.28 25.6944 5.80424 0.221077
269.258 25.6198 5.80498 0.19152
269.005 25.7121 5.81428 0.00402576
269.057 25.6757 5.80946 0.0417661
269.2 25.4846 5.81147 0.0048078
269.312 25.5455 5.79415 0.108292
269.312 25.5455 5.79415 0.108292
269.28 25.6944 5.80424 0.221077
269.258 25.6198 5.80498 0.19152
269.142 25.7663 5.80172 0.159462
269.075 25.6978 5.81 0.0412708
269.258 25.6198 5.80498 0.19152
269.258 25.6198 5.80498 0.19152
269.142 25.7663 5.80172 0.159462
269.369 25.4543 5.79585 0.0314885
269.245 25.5646 5.81009 0.0225095
269.258 25.6198 5.80498 0.19152
269.258 25.6198 5.80498 0.19152
269.015 25.6475 5.80863 0.0292083
269.312 25.5455 5.79415 0.108292
269.28 25.6944 5.80424 0.221077
269.28 25.6944 5.80424 0.221077
269.258 25.6198 5.80498 0.19152
269.258 25.6198 5.80498 0.19152
269.142 25.7663 5.80172 0.159462
269.471 25.4621 5.80026 0.00668831
269.245 25.5646 5.81009 0.0225095
269.258 25.6198 5.80498 0.19152
269.015 25.6475 5.80863 0.0292083
269.075 25.6978 5.81 0.0412708
269.258 25.6198 5.80498 0.19152
269.142 25.7663 5.80172 0.159462
269.142 25.7663 5.80172 0.159462
269.284 25.8654 5.80978 0.00756119
269.245 25.5646 5.81009 0.0225095
269.258 25.6198 5.80498 0.19152
269.351 25.599 5.81137 0.00407483
269.057 25.6757 5.80946 0.0417661
269.312 25.5455 5.79415 0.108292
269.28 25.6944 5.80424 0.221077
269.28 25.6944 5.80424 0.221077
269.28 25.6944 5.80424 0.221077
269.142 25.7663 5.80172 0.159462
269.245 25.5646 5.81009 0.0225095
269.258 25.6198 5.80498 0.19152
269.142 25.7663 5.80172 0.159462
269.28 25.6944 5.80424 0.221077
269.258 25.6198 5.80498 0.19152
269.051 25.9551 5.81119 0.000879889
269.246 25.3369 5.80167 0.00294313
269.28 25.6944 5.80424 0.221077
269.406 25.5868 5.80385 0.0429011
269.312 25.5455 5.79415 0.108292
269.258 25.6198 5.80498 0.19152
269.142 25.7663 5.80172 0.159462
