279.869 10.6621 4.96421 0.0179393
279.725 11.0009 4.97056 0.0507191
279.522 10.72 4.97287 0.0235263
279.639 10.8981 4.97228 0.118154
279.543 10.767 4.96027 0.059453
279.775 10.8975 4.96877 0.100135
279.819 10.6644 4.96652 0.0401788
279.683 10.7995 4.96578 0.171112
279.683 10.7995 4.96578 0.171112
279.58 10.9475 4.95994 0.0154021
279.747 10.7932 4.97517 0.0870728
279.775 10.8975 4.96877 0.100135
279.819 10.6644 4.96652 0.0401788
279.683 10.7995 4.96578 0.171112
279.639 10.8981 4.97228 0.118154
279.766 10.7547 4.96071 0.0590125
279.758 10.8254 4.98344 0.0104637
279.683 10.7995 4.96578 0.171112
279.639 10.8981 4.97228 0.118154
279.543 10.767 4.96027 0.059453
279.541 10.7079 4.95532 0.022621
279.451 10.7199 4.96982 0.0137343
279.683 10.7995 4.96578 0.171112
279.725 11.0009 4.97056 0.0507191
279.747 10.7932 4.97517 0.0870728
279.775 10.8975 4.96877 0.100135
279.803 10.5938 4.96515 0.0196548
279.683 10.7995 4.96578 0.171112
279.639 10.8981 4.97228 0.118154
279.639 10.8981 4.97228 0.118154
279.598 10.8538 4.97915 0.0257072
279.683 10.7995 4.96578 0.171112
279.725 11.0009 4.97056 0.0507191
279.766 10.7547 4.96071 0.0590125
279.598 10.8538 4.97915 0.0257072
279.598 10.8538 4.97915 0.0257072
279.801 10.5665 4.95444 0.00323643
279.775 10.8975 4.96877 0.100135
279.683 10.7995 4.96578 0.171112
279.58 10.9475 4.95994 0.0154021
279.747 10.7932 4.97517 0.0870728
279.775 10.8975 4.96877 0.100135
279.683 10.7995 4.96578 0.171112
279.405 10.9174 4.97175 0.00463359
279.766 10.7547 4.96071 0.0590125
279.556 11.0188 4.98478 0.00170584
279.775 10.8975 4.96877 0.100135
279.683 10.7995 4.96578 0.171112
279.58 10.9475 4.95994 0.0154021
279.747 10.7932 4.97517 0.0870728
279.775 10.8975 4.96877 0.100135
279.775 10.8975 4.96877 0.100135
279.683 10.7995 4.96578 0.171112
279.683 10.7995 4.96578 0.171112
279.766 10.7547 4.96071 0.0590125
279.541 10.7079 4.95532 0.022621
279.775 10.8975 4.96877 0.100135
279.819 10.6644 4.96652 0.0401788
280.009 10.7071 4.96435 0.00129789
279.639 10.8981 4.97228 0.118154
279.639 10.8981 4.97228 0.118154
279.766 10.7547 4.96071 0.0590125
279.478 10.7321 4.95755 0.0199638
279.704 10.6475 4.95545 0.0211158
279.683 10.7995 4.96578 0.171112
279.639 10.8981 4.97228 0.118154
279.639 10.8981 4.97228 0.118154
279.766 10.7547 4.96071 0.0590125
279.775 10.8975 4.96877 0.100135
279.683 10.7995 4.96578 0.171112
279.683 10.7995 4.96578 0.171112
279.683 10.7995 4.96578 0.171112
279.639 10.8981 4.97228 0.118154
279.747 10.7932 4.97517 0.0870728
279.775 10.8975 4.96877 0.100135
279.775 10.8975 4.96877 0.100135
279.683 10.7995 4.96578 0.171112
279.683 10.7995 4.96578 0.171112
279.639 10.8981 4.97228 0.118154
279.766 10.7547 4.96071 0.0590125
279.543 10.767 4.96027 0.059453
279.758 10.8254 4.98344 0.0104637
279.683 10.7995 4.96578 0.171112
279.683 10.7995 4.96578 0.171112
279.725 11.0009 4.97056 0.0507191
279.766 10.7547 4.96071 0.0590125
279.747 10.7932 4.97517 0.0870728
279.775 10.8975 4.96877 0.100135
279.775 10.8975 4.96877 0.100135
279.683 10.7995 4.96578 0.171112
279.683 10.7995 4.96578 0.171112
279.731 11.0462 4.9794 0.0190837
279.639 10.8981 4.97228 0.118154
279.799 10.6271 4.97094 0.0224833
279.543 10.767 4.96027 0.059453
279.598 10.8538 4.97915 0.0257072
279.775 10.8975 4.96877 0.100135
279.819 10.6644 4.96652 0.0401788
279.683 10.7995 4.96578 0.171112
279.731 11.0462 4.9794 0.0190837
