273.288 21.0931 5.48508 0.14126
273.38 21.2159 5.46964 0.00430539
273.284 21.0267 5.48091 0.205661
273.448 21.0156 5.47346 0.0530805
273.448 21.0156 5.47346 0.0530805
273.272 21.0527 5.48686 0.0774339
273.328 20.995 5.48383 0.1021
273.284 21.0267 5.48091 0.205661
273.288 21.0931 5.48508 0.14126
273.123 21.2399 5.48185 0.0216838
273.284 21.0267 5.48091 0.205661
273.392 21.1139 5.48179 0.141134
273.288 21.0931 5.48508 0.14126
273.272 21.0527 5.48686 0.0774339
273.468 20.9895 5.48193 0.0375005
273.284 21.0267 5.48091 0.205661
273.284 21.0267 5.48091 0.205661
273.42 21.2392 5.47574 0.0213125
273.328 20.995 5.48383 0.1021
273.284 21.0267 5.48091 0.205661
273.392 21.1139 5.48179 0.141134
273.42 21.2392 5.47574 0.0213125
273.272 21.0527 5.48686 0.0774339
273.285 21.2478 5.47681 0.0371514
273.284 21.0267 5.48091 0.205661
273.392 21.1139 5.48179 0.141134
273.288 21.0931 5.48508 0.14126
273.52 21.2508 5.48125 0.00715157
273.285 21.2478 5.47681 0.0371514
273.284 21.0267 5.48091 0.205661
273.448 21.0156 5.47346 0.0530805
273.288 21.0931 5.48508 0.14126
273.288 21.0931 5.48508 0.14126
273.285 21.2478 5.47681 0.0371514
273.284 21.0267 5.48091 0.205661
273.448 21.0156 5.47346 0.0530805
273.288 21.0931 5.48508 0.14126
273.285 21.2478 5.47681 0.0371514
273.284 21.0267 5.48091 0.205661
273.288 21.0931 5.48508 0.14126
273.328 20.995 5.48383 0.1021
273.468 20.9895 5.48193 0.0375005
273.392 21.1139 5.48179 0.141134
273.272 21.0527 5.48686 0.0774339
273.272 21.0527 5.48686 0.0774339
273.328 20.995 5.48383 0.1021
273.284 21.0267 5.48091 0.205661
273.392 21.1139 5.48179 0.141134
273.392 21.1139 5.48179 0.141134
273.272 21.0527 5.48686 0.0774339
273.239 21.2992 5.48304 0.0274578
273.328 20.995 5.48383 0.1021
273.285 21.2478 5.47681 0.0371514
273.392 21.1139 5.48179 0.141134
273.272 21.0527 5.48686 0.0774339
273.328 20.995 5.48383 0.1021
273.284 21.0267 5.48091 0.205661
273.42 21.2392 5.47574 0.0213125
273.239 21.2992 5.48304 0.0274578
273.52 21.2508 5.48125 0.00715157
273.141 21.2158 5.47726 0.0192309
273.586 21.0435 5.47275 0.00456408
273.284 21.0267 5.48091 0.205661
273.392 21.1139 5.48179 0.141134
273.288 21.0931 5.48508 0.14126
273.288 21.0931 5.48508 0.14126
273.272 21.0527 5.48686 0.0774339
273.406 21.0446 5.46872 0.0154552
273.328 20.995 5.48383 0.1021
273.448 21.0156 5.47346 0.0530805
273.392 21.1139 5.48179 0.141134
273.239 21.2992 5.48304 0.0274578
273.328 20.995 5.48383 0.1021
273.328 20.995 5.48383 0.1021
273.448 21.0156 5.47346 0.0530805
273.392 21.1139 5.48179 0.141134
273.42 21.2392 5.47574 0.0213125
273.034 21.108 5.4798 0.00947107
273.284 21.0267 5.48091 0.205661
273.392 21.1139 5.48179 0.141134
273.52 21.2508 5.48125 0.00715157
273.527 21.2182 5.48166 0.00922074
273.392 21.1139 5.48179 0.141134
273.123 21.2399 5.48185 0.0216838
273.328 20.995 5.48383 0.1021
273.285 21.2478 5.47681 0.0371514
273.624 21.019 5.48178 0.00144054
273.284 21.0267 5.48091 0.205661
273.42 21.2392 5.47574 0.0213125
273.239 21.2992 5.48304 0.0274578
273.328 20.995 5.48383 0.1021
273.493 21.2624 5.48307 0.00867264
273.284 21.0267 5.48091 0.205661
273.288 21.0931 5.48508 0.14126
273.507 20.965 5.47905 0.0235901
273.328 20.995 5.48383 0.1021
273.284 21.0267 5.48091 0.205661
273.288 21.0931 5.48508 0.14126
273.272 21.0527 5.48686 0.0774339
273.328 20.995 5.48383 0.1021
