278.344 9.77148 4.91385 0.236979
278.344 9.77148 4.91385 0.236979
278.373 9.85663 4.91749 0.164975
278.384 9.9423 4.90846 0.060679
278.391 9.63784 4.91921 0.0531833
278.391 9.63784 4.91921 0.0531833
278.645 9.74496 4.91625 0.0662147
278.344 9.77148 4.91385 0.236979
278.373 9.85663 4.91749 0.164975
278.275 9.74147 4.91838 0.0491595
278.376 9.83963 4.92441 0.0382085
278.498 9.89868 4.92745 0.024848
278.275 9.74147 4.91838 0.0491595
278.638 9.69277 4.91183 0.056499
278.391 9.63784 4.91921 0.0531833
278.344 9.77148 4.91385 0.236979
278.373 9.85663 4.91749 0.164975
278.645 9.74496 4.91625 0.0662147
278.344 9.77148 4.91385 0.236979
278.641 10.0135 4.92624 0.00677363
278.655 9.85442 4.91202 0.037093
278.376 9.83963 4.92441 0.0382085
278.41 9.99813 4.91072 0.0336713
278.471 9.47106 4.91699 0.00490998
278.344 9.77148 4.91385 0.236979
278.373 9.85663 4.91749 0.164975
278.373 9.85663 4.91749 0.164975
278.391 9.63784 4.91921 0.0531833
278.344 9.77148 4.91385 0.236979
278.373 9.85663 4.91749 0.164975
278.391 9.63784 4.91921 0.0531833
278.645 9.74496 4.91625 0.0662147
278.344 9.77148 4.91385 0.236979
278.344 9.77148 4.91385 0.236979
278.344 9.77148 4.91385 0.236979
278.275 9.74147 4.91838 0.0491595
278.391 9.63784 4.91921 0.0531833
278.645 9.74496 4.91625 0.0662147
278.344 9.77148 4.91385 0.236979
278.154 9.68753 4.89993 0.0124285
278.373 9.85663 4.91749 0.164975
278.207 9.58834 4.90633 0.02738
278.645 9.74496 4.91625 0.0662147
278.344 9.77148 4.91385 0.236979
278.344 9.77148 4.91385 0.236979
278.632 9.97303 4.91183 0.0127742
278.384 9.9423 4.90846 0.060679
278.471 9.47106 4.91699 0.00490998
278.154 9.68753 4.89993 0.0124285
278.632 9.97303 4.91183 0.0127742
278.384 9.9423 4.90846 0.060679
278.344 9.77148 4.91385 0.236979
278.391 10.2115 4.91536 0.00021042
278.41 9.99813 4.91072 0.0336713
278.655 9.85442 4.91202 0.037093
278.376 9.83963 4.92441 0.0382085
278.344 9.77148 4.91385 0.236979
278.154 9.68753 4.89993 0.0124285
278.638 9.69277 4.91183 0.056499
278.344 9.77148 4.91385 0.236979
278.493 10.065 4.9241 0.00947857
278.638 9.69277 4.91183 0.056499
278.344 9.77148 4.91385 0.236979
278.154 9.68753 4.89993 0.0124285
278.638 9.69277 4.91183 0.056499
278.645 9.74496 4.91625 0.0662147
278.17 9.82688 4.90311 0.0142065
278.275 9.74147 4.91838 0.0491595
278.391 9.63784 4.91921 0.0531833
278.645 9.74496 4.91625 0.0662147
278.344 9.77148 4.91385 0.236979
278.373 9.85663 4.91749 0.164975
278.638 9.69277 4.91183 0.056499
278.372 9.74421 4.89441 0.00892515
278.344 9.77148 4.91385 0.236979
278.41 9.99813 4.91072 0.0336713
278.384 9.9423 4.90846 0.060679
278.384 9.9423 4.90846 0.060679
278.391 9.63784 4.91921 0.0531833
278.498 9.89868 4.92745 0.024848
278.384 9.9423 4.90846 0.060679
278.376 9.83963 4.92441 0.0382085
278.344 9.77148 4.91385 0.236979
278.373 9.85663 4.91749 0.164975
278.373 9.85663 4.91749 0.164975
278.391 9.63784 4.91921 0.0531833
278.344 9.77148 4.91385 0.236979
278.493 10.065 4.9241 0.00947857
278.275 9.74147 4.91838 0.0491595
278.391 9.63784 4.91921 0.0531833
278.41 9.99813 4.91072 0.0336713
278.608 9.99452 4.91335 0.0159901
278.207 9.58834 4.90633 0.02738
278.344 9.77148 4.91385 0.236979
278.373 9.85663 4.91749 0.164975
278.275 9.74147 4.91838 0.0491595
278.645 9.74496 4.91625 0.0662147
278.498 9.89868 4.92745 0.024848
278.373 9.85663 4.91749 0.164975
278.376 9.83963 4.92441 0.0382085
