135.493 20.6979 0.0648116 0.0684648
135.382 20.6178 0.0665087 0.076991
135.382 20.6178 0.0665087 0.076991
135.382 20.6178 0.0665087 0.076991
135.422 20.7979 0.0598468 0.0988419
135.422 20.7979 0.0598468 0.0988419
135.647 20.7997 0.0562168 0.00976646
135.45 20.6958 0.0601069 0.123841
135.271 20.6056 0.0630377 0.0815148
135.484 20.8254 0.0636301 0.0453091
135.484 20.8254 0.0636301 0.0453091
135.375 20.7833 0.0638064 0.0933043
135.375 20.7833 0.0638064 0.0933043
135.325 20.5702 0.0691112 0.0289992
135.062 20.7265 0.0685676 0.0023768
135.493 20.6979 0.0648116 0.0684648
135.422 20.7979 0.0598468 0.0988419
135.45 20.6958 0.0601069 0.123841
135.271 20.6056 0.0630377 0.0815148
135.312 20.6719 0.0655544 0.0953095
135.484 20.8254 0.0636301 0.0453091
135.375 20.7833 0.0638064 0.0933043
135.493 20.6979 0.0648116 0.0684648
135.422 20.7979 0.0598468 0.0988419
135.301 20.4465 0.06157 0.0149427
135.312 20.6719 0.0655544 0.0953095
135.484 20.8254 0.0636301 0.0453091
135.484 20.8254 0.0636301 0.0453091
135.375 20.7833 0.0638064 0.0933043
135.493 20.6979 0.0648116 0.0684648
135.422 20.7979 0.0598468 0.0988419
135.45 20.6958 0.0601069 0.123841
135.312 20.6719 0.0655544 0.0953095
135.507 20.8432 0.0657738 0.0155321
135.484 20.8254 0.0636301 0.0453091
135.493 20.6979 0.0648116 0.0684648
135.422 20.7979 0.0598468 0.0988419
135.45 20.6958 0.0601069 0.123841
135.312 20.6719 0.0655544 0.0953095
135.335 20.6949 0.0678801 0.0483423
135.484 20.8254 0.0636301 0.0453091
135.484 20.8254 0.0636301 0.0453091
135.375 20.7833 0.0638064 0.0933043
135.375 20.7833 0.0638064 0.0933043
135.409 20.8578 0.0675194 0.0116639
135.382 20.6178 0.0665087 0.076991
135.422 20.7979 0.0598468 0.0988419
135.45 20.6958 0.0601069 0.123841
135.271 20.6056 0.0630377 0.0815148
135.312 20.6719 0.0655544 0.0953095
135.325 20.5702 0.0691112 0.0289992
135.493 20.6979 0.0648116 0.0684648
135.422 20.7979 0.0598468 0.0988419
135.647 20.7997 0.0562168 0.00976646
135.271 20.6056 0.0630377 0.0815148
135.312 20.6719 0.0655544 0.0953095
135.375 20.7833 0.0638064 0.0933043
135.588 20.7181 0.061299 0.0408302
135.588 20.7181 0.061299 0.0408302
135.588 20.7181 0.061299 0.0408302
135.382 20.6178 0.0665087 0.076991
135.382 20.6178 0.0665087 0.076991
135.422 20.7979 0.0598468 0.0988419
135.604 20.8731 0.0547352 0.00731474
135.45 20.6958 0.0601069 0.123841
135.45 20.6958 0.0601069 0.123841
135.312 20.6719 0.0655544 0.0953095
135.507 20.8432 0.0657738 0.0155321
135.484 20.8254 0.0636301 0.0453091
135.325 20.5702 0.0691112 0.0289992
135.382 20.6178 0.0665087 0.076991
135.422 20.7979 0.0598468 0.0988419
135.422 20.7979 0.0598468 0.0988419
135.45 20.6958 0.0601069 0.123841
135.45 20.6958 0.0601069 0.123841
135.312 20.6719 0.0655544 0.0953095
135.335 20.6949 0.0678801 0.0483423
135.484 20.8254 0.0636301 0.0453091
135.461 20.8762 0.0534465 0.0102474
135.382 20.6178 0.0665087 0.076991
135.422 20.7979 0.0598468 0.0988419
135.45 20.6958 0.0601069 0.123841
135.45 20.6958 0.0601069 0.123841
135.271 20.6056 0.0630377 0.0815148
135.484 20.8254 0.0636301 0.0453091
135.375 20.7833 0.0638064 0.0933043
135.588 20.7181 0.061299 0.0408302
135.493 20.6979 0.0648116 0.0684648
135.422 20.7979 0.0598468 0.0988419
135.422 20.7979 0.0598468 0.0988419
135.442 20.9956 0.0540576 0.00324475
135.45 20.6958 0.0601069 0.123841
135.45 20.6958 0.0601069 0.123841
135.45 20.6958 0.0601069 0.123841
135.335 20.6949 0.0678801 0.0483423
135.484 20.8254 0.0636301 0.0453091
135.488 20.8873 0.0541097 0.0117701
135.409 20.8578 0.0675194 0.0116639
135.551 20.7615 0.0558157 0.0284763
135.551 20.7615 0.0558157 0.0284763
