38.019 -72.39 3.92815 0.131067
38.0533 -72.4448 3.92527 0.175365
38.0533 -72.4448 3.92527 0.175365
38.3298 -72.5394 3.93462 0.128213
38.3819 -72.1942 3.93179 0.0262802
38.1208 -72.3449 3.92216 0.0633186
38.343 -72.4619 3.93823 0.0414444
38.0533 -72.4448 3.92527 0.175365
38.0863 -72.3428 3.93279 0.0698494
38.1208 -72.3449 3.92216 0.0633186
38.1208 -72.3449 3.92216 0.0633186
38.019 -72.39 3.92815 0.131067
38.2434 -72.1784 3.92868 0.0494209
38.0788 -72.1855 3.93062 0.0169709
38.1054 -72.2817 3.93419 0.0228376
38.2969 -72.2258 3.92854 0.0870355
38.2969 -72.2258 3.92854 0.0870355
38.019 -72.39 3.92815 0.131067
38.2434 -72.1784 3.92868 0.0494209
38.0533 -72.4448 3.92527 0.175365
38.1054 -72.2817 3.93419 0.0228376
38.1208 -72.3449 3.92216 0.0633186
38.343 -72.4619 3.93823 0.0414444
38.1431 -72.3643 3.93621 0.0223111
38.3298 -72.5394 3.93462 0.128213
38.2969 -72.2258 3.92854 0.0870355
38.019 -72.39 3.92815 0.131067
38.2434 -72.1784 3.92868 0.0494209
38.4757 -72.4702 3.93264 0.050879
38.0533 -72.4448 3.92527 0.175365
38.3298 -72.5394 3.93462 0.128213
38.359 -72.4704 3.92575 0.0348334
38.019 -72.39 3.92815 0.131067
38.0533 -72.4448 3.92527 0.175365
38.1054 -72.2817 3.93419 0.0228376
38.1382 -72.2431 3.92265 0.0311252
38.359 -72.4704 3.92575 0.0348334
38.2969 -72.2258 3.92854 0.0870355
38.343 -72.4619 3.93823 0.0414444
38.1431 -72.3643 3.93621 0.0223111
38.0863 -72.3428 3.93279 0.0698494
38.1208 -72.3449 3.92216 0.0633186
38.343 -72.4619 3.93823 0.0414444
38.0533 -72.4448 3.92527 0.175365
38.0533 -72.4448 3.92527 0.175365
38.0863 -72.3428 3.93279 0.0698494
38.359 -72.4704 3.92575 0.0348334
38.019 -72.39 3.92815 0.131067
38.4757 -72.4702 3.93264 0.050879
38.0533 -72.4448 3.92527 0.175365
38.3819 -72.1942 3.93179 0.0262802
38.019 -72.39 3.92815 0.131067
38.0533 -72.4448 3.92527 0.175365
38.3298 -72.5394 3.93462 0.128213
38.2969 -72.2258 3.92854 0.0870355
38.019 -72.39 3.92815 0.131067
38.0533 -72.4448 3.92527 0.175365
38.1054 -72.2817 3.93419 0.0228376
38.2969 -72.2258 3.92854 0.0870355
38.4757 -72.4702 3.93264 0.050879
38.0533 -72.4448 3.92527 0.175365
38.0863 -72.3428 3.93279 0.0698494
38.1382 -72.2431 3.92265 0.0311252
38.359 -72.4704 3.92575 0.0348334
38.019 -72.39 3.92815 0.131067
38.4757 -72.4702 3.93264 0.050879
38.1431 -72.3643 3.93621 0.0223111
38.3298 -72.5394 3.93462 0.128213
38.3298 -72.5394 3.93462 0.128213
38.1208 -72.3449 3.92216 0.0633186
38.1208 -72.3449 3.92216 0.0633186
38.019 -72.39 3.92815 0.131067
38.343 -72.4619 3.93823 0.0414444
38.0533 -72.4448 3.92527 0.175365
38.3298 -72.5394 3.93462 0.128213
38.359 -72.4704 3.92575 0.0348334
38.019 -72.39 3.92815 0.131067
38.2434 -72.1784 3.92868 0.0494209
38.2149 -72.6754 3.92883 0.0161814
38.1208 -72.3449 3.92216 0.0633186
38.343 -72.4619 3.93823 0.0414444
38.0533 -72.4448 3.92527 0.175365
38.1054 -72.2817 3.93419 0.0228376
38.3298 -72.5394 3.93462 0.128213
38.3298 -72.5394 3.93462 0.128213
38.019 -72.39 3.92815 0.131067
38.2434 -72.1784 3.92868 0.0494209
38.0533 -72.4448 3.92527 0.175365
38.1054 -72.2817 3.93419 0.0228376
38.3298 -72.5394 3.93462 0.128213
38.1208 -72.3449 3.92216 0.0633186
38.2434 -72.1784 3.92868 0.0494209
38.2434 -72.1784 3.92868 0.0494209
38.4757 -72.4702 3.93264 0.050879
38.0533 -72.4448 3.92527 0.175365
38.3298 -72.5394 3.93462 0.128213
38.2969 -72.2258 3.92854 0.0870355
38.2434 -72.1784 3.92868 0.0494209
38.2434 -72.1784 3.92868 0.0494209
38.0533 -72.4448 3.92527 0.175365
