260.261 -17.6705 3.4519 0.0551051
260.184 -17.8467 3.44385 0.0280367
260.498 -17.8577 3.45854 0.0458688
260.134 -17.9782 3.44827 0.108194
260.134 -17.9782 3.44827 0.108194
260.029 -17.6589 3.446 0.0274898
259.779 -17.8146 3.44372 0.00453332
260.465 -17.905 3.45383 0.0762505
260.426 -17.92 3.45379 0.109779
260.067 -17.7677 3.4435 0.0437656
260.134 -17.7482 3.45113 0.097812
260.134 -17.7482 3.45113 0.097812
260.261 -17.6705 3.4519 0.0551051
260.261 -17.6705 3.4519 0.0551051
260.402 -17.7665 3.45583 0.0771139
260.498 -17.8577 3.45854 0.0458688
260.134 -17.9782 3.44827 0.108194
260.465 -17.905 3.45383 0.0762505
260.465 -17.905 3.45383 0.0762505
260.426 -17.92 3.45379 0.109779
259.975 -17.7794 3.44475 0.0554679
260.134 -17.7482 3.45113 0.097812
260.261 -17.6705 3.4519 0.0551051
260.402 -17.7665 3.45583 0.0771139
260.085 -17.69 3.44993 0.0452425
259.974 -17.941 3.44122 0.0116763
260.134 -17.9782 3.44827 0.108194
260.029 -17.6589 3.446 0.0274898
260.465 -17.905 3.45383 0.0762505
260.426 -17.92 3.45379 0.109779
259.975 -17.7794 3.44475 0.0554679
260.067 -17.7677 3.4435 0.0437656
260.181 -18.1899 3.45088 0.00348379
260.333 -17.8146 3.45854 0.0285473
260.184 -17.8467 3.44385 0.0280367
260.498 -17.8577 3.45854 0.0458688
260.134 -17.9782 3.44827 0.108194
260.134 -17.9782 3.44827 0.108194
259.961 -17.7645 3.44748 0.0395727
260.426 -17.92 3.45379 0.109779
260.426 -17.92 3.45379 0.109779
260.067 -17.7677 3.4435 0.0437656
260.134 -17.7482 3.45113 0.097812
260.134 -17.7482 3.45113 0.097812
260.498 -17.8469 3.45084 0.0149059
260.402 -17.7665 3.45583 0.0771139
260.402 -17.7665 3.45583 0.0771139
260.085 -17.69 3.44993 0.0452425
260.498 -17.8577 3.45854 0.0458688
260.134 -17.9782 3.44827 0.108194
260.426 -17.92 3.45379 0.109779
260.426 -17.92 3.45379 0.109779
260.426 -17.92 3.45379 0.109779
260.426 -17.92 3.45379 0.109779
260.134 -17.7482 3.45113 0.097812
259.975 -17.5896 3.44767 0.00428407
260.337 -17.6894 3.44621 0.00629441
260.085 -17.69 3.44993 0.0452425
260.192 -17.6395 3.44974 0.0368415
259.961 -17.7645 3.44748 0.0395727
259.944 -17.952 3.45603 8.72469e-05
260.465 -17.905 3.45383 0.0762505
260.067 -17.7677 3.4435 0.0437656
260.134 -17.7482 3.45113 0.097812
260.333 -17.8146 3.45854 0.0285473
260.085 -17.69 3.44993 0.0452425
260.134 -17.9782 3.44827 0.108194
260.134 -17.9782 3.44827 0.108194
259.961 -17.7645 3.44748 0.0395727
260.426 -17.92 3.45379 0.109779
260.181 -18.1899 3.45088 0.00348379
260.134 -17.7482 3.45113 0.097812
260.333 -17.8146 3.45854 0.0285473
260.402 -17.7665 3.45583 0.0771139
260.192 -17.6395 3.44974 0.0368415
259.961 -17.7645 3.44748 0.0395727
260.426 -17.92 3.45379 0.109779
260.426 -17.92 3.45379 0.109779
259.975 -17.7794 3.44475 0.0554679
260.134 -17.7482 3.45113 0.097812
260.261 -17.6705 3.4519 0.0551051
260.333 -17.8146 3.45854 0.0285473
260.402 -17.7665 3.45583 0.0771139
260.192 -17.6395 3.44974 0.0368415
259.961 -17.7645 3.44748 0.0395727
259.974 -17.8563 3.45474 0.0010521
260.426 -17.92 3.45379 0.109779
260.426 -17.92 3.45379 0.109779
260.134 -17.7482 3.45113 0.097812
260.134 -17.7482 3.45113 0.097812
260.498 -17.8469 3.45084 0.0149059
260.192 -17.6395 3.44974 0.0368415
259.974 -17.941 3.44122 0.0116763
260.029 -17.6589 3.446 0.0274898
260.426 -17.92 3.45379 0.109779
260.181 -18.1899 3.45088 0.00348379
260.261 -17.6705 3.4519 0.0551051
260.33 -18.1786 3.4536 0.0051956
260.402 -17.7665 3.45583 0.0771139
260.085 -17.69 3.44993 0.0452425
