156.936 22.1811 0.0679216 0.139654
157.028 22.1072 0.0720691 0.171138
157.028 22.1072 0.0720691 0.171138
156.827 22.2112 0.0719098 0.143503
156.827 22.2112 0.0719098 0.143503
156.936 22.1811 0.0679216 0.139654
156.936 22.1811 0.0679216 0.139654
156.779 22.2249 0.066855 0.0146298
157.028 22.1072 0.0720691 0.171138
156.8 22.2593 0.0721047 0.0780255
156.846 22.3788 0.0684663 0.0200459
156.897 22.2274 0.0666809 0.064962
157.053 22.224 0.0733113 0.0942813
156.779 22.2249 0.066855 0.0146298
156.93 21.9019 0.073723 0.0170194
157.028 22.1072 0.0720691 0.171138
156.827 22.2112 0.0719098 0.143503
157.053 22.224 0.0733113 0.0942813
156.936 22.1811 0.0679216 0.139654
156.936 22.1811 0.0679216 0.139654
156.798 22.0359 0.07413 0.0700869
157.028 22.1072 0.0720691 0.171138
156.8 22.2593 0.0721047 0.0780255
156.8 22.2593 0.0721047 0.0780255
156.897 22.2274 0.0666809 0.064962
156.936 22.1811 0.0679216 0.139654
157.028 22.1072 0.0720691 0.171138
157.028 22.1072 0.0720691 0.171138
156.941 22.2442 0.064375 0.0224354
156.897 22.2274 0.0666809 0.064962
157.109 22.3488 0.0717799 0.0172372
156.936 22.1811 0.0679216 0.139654
156.921 21.9474 0.0780517 0.0152645
157.028 22.1072 0.0720691 0.171138
156.827 22.2112 0.0719098 0.143503
156.897 22.2274 0.0666809 0.064962
156.936 22.1811 0.0679216 0.139654
156.936 22.1811 0.0679216 0.139654
156.936 22.1811 0.0679216 0.139654
157.028 22.1072 0.0720691 0.171138
157.028 22.1072 0.0720691 0.171138
157.028 22.1072 0.0720691 0.171138
156.8 22.2593 0.0721047 0.0780255
156.827 22.2112 0.0719098 0.143503
156.897 22.2274 0.0666809 0.064962
156.936 22.1811 0.0679216 0.139654
156.785 22.2061 0.0746513 0.07395
156.785 22.2061 0.0746513 0.07395
157.028 22.1072 0.0720691 0.171138
156.827 22.2112 0.0719098 0.143503
156.941 22.2442 0.064375 0.0224354
156.936 22.1811 0.0679216 0.139654
156.798 22.0359 0.07413 0.0700869
156.8 22.2593 0.0721047 0.0780255
156.846 22.3788 0.0684663 0.0200459
156.865 22.1316 0.0662819 0.027694
156.936 22.1811 0.0679216 0.139654
156.798 22.0359 0.07413 0.0700869
157.028 22.1072 0.0720691 0.171138
156.8 22.2593 0.0721047 0.0780255
157.109 22.3488 0.0717799 0.0172372
156.936 22.1811 0.0679216 0.139654
156.785 22.2061 0.0746513 0.07395
157.028 22.1072 0.0720691 0.171138
157.028 22.1072 0.0720691 0.171138
156.8 22.2593 0.0721047 0.0780255
156.827 22.2112 0.0719098 0.143503
156.936 22.1811 0.0679216 0.139654
156.779 22.2249 0.066855 0.0146298
156.785 22.2061 0.0746513 0.07395
156.785 22.2061 0.0746513 0.07395
156.798 22.0359 0.07413 0.0700869
157.028 22.1072 0.0720691 0.171138
157.028 22.1072 0.0720691 0.171138
156.827 22.2112 0.0719098 0.143503
157.053 22.224 0.0733113 0.0942813
156.779 22.2249 0.066855 0.0146298
156.844 22.0245 0.0646221 0.00138873
156.785 22.2061 0.0746513 0.07395
156.798 22.0359 0.07413 0.0700869
157.028 22.1072 0.0720691 0.171138
156.827 22.2112 0.0719098 0.143503
157.109 22.3488 0.0717799 0.0172372
156.936 22.1811 0.0679216 0.139654
156.779 22.2249 0.066855 0.0146298
156.785 22.2061 0.0746513 0.07395
156.8 22.2593 0.0721047 0.0780255
156.941 22.2442 0.064375 0.0224354
156.897 22.2274 0.0666809 0.064962
156.936 22.1811 0.0679216 0.139654
156.798 22.0359 0.07413 0.0700869
157.028 22.1072 0.0720691 0.171138
156.827 22.2112 0.0719098 0.143503
157.109 22.3488 0.0717799 0.0172372
156.785 22.2061 0.0746513 0.07395
157.028 22.1072 0.0720691 0.171138
156.827 22.2112 0.0719098 0.143503
156.936 22.1811 0.0679216 0.139654
156.798 22.0359 0.07413 0.0700869
156.8 22.2593 0.0721047 0.0780255
