15.7042 4.89713 0.294203 0.294448
15.7042 4.89713 0.294203 0.294448
15.8903 4.81748 0.288798 0.106444
15.8903 4.81748 0.288798 0.106444
15.7418 5.07496 0.289423 0.0481457
15.8903 4.81748 0.288798 0.106444
15.5495 4.99963 0.295092 0.0437181
15.7042 4.89713 0.294203 0.294448
15.7042 4.89713 0.294203 0.294448
15.8903 4.81748 0.288798 0.106444
15.6289 4.79697 0.293965 0.212398
15.6289 4.79697 0.293965 0.212398
15.6289 4.79697 0.293965 0.212398
15.7418 5.07496 0.289423 0.0481457
15.7847 4.75539 0.284883 0.0144055
15.7397 5.0809 0.290099 0.045339
15.6289 4.79697 0.293965 0.212398
15.6448 4.93795 0.295979 0.133989
15.7042 4.89713 0.294203 0.294448
15.6289 4.79697 0.293965 0.212398
15.7042 4.89713 0.294203 0.294448
15.7042 4.89713 0.294203 0.294448
15.8903 4.81748 0.288798 0.106444
15.8903 4.81748 0.288798 0.106444
15.9975 5.02532 0.287208 0.0087037
15.7847 4.75539 0.284883 0.0144055
15.8903 4.81748 0.288798 0.106444
15.5991 5.01757 0.298654 0.0104029
15.5709 4.94854 0.290192 0.0528515
15.8903 4.81748 0.288798 0.106444
15.7397 5.0809 0.290099 0.045339
15.5495 4.99963 0.295092 0.0437181
15.7042 4.89713 0.294203 0.294448
15.6289 4.79697 0.293965 0.212398
15.6448 4.93795 0.295979 0.133989
15.7397 5.0809 0.290099 0.045339
15.7042 4.89713 0.294203 0.294448
15.7397 5.0809 0.290099 0.045339
15.6289 4.79697 0.293965 0.212398
15.7042 4.89713 0.294203 0.294448
15.6289 4.79697 0.293965 0.212398
15.7042 4.89713 0.294203 0.294448
15.6289 4.79697 0.293965 0.212398
15.5991 5.01757 0.298654 0.0104029
15.7042 4.89713 0.294203 0.294448
15.8903 4.81748 0.288798 0.106444
15.6448 4.93795 0.295979 0.133989
15.7042 4.89713 0.294203 0.294448
15.8903 4.81748 0.288798 0.106444
15.6289 4.79697 0.293965 0.212398
15.6448 4.93795 0.295979 0.133989
15.8475 4.60232 0.289313 0.00249236
15.5495 4.99963 0.295092 0.0437181
15.7042 4.89713 0.294203 0.294448
15.8903 4.81748 0.288798 0.106444
15.6448 4.93795 0.295979 0.133989
15.7042 4.89713 0.294203 0.294448
15.7042 4.89713 0.294203 0.294448
15.7042 4.89713 0.294203 0.294448
15.6289 4.79697 0.293965 0.212398
15.7418 5.07496 0.289423 0.0481457
15.7042 4.89713 0.294203 0.294448
15.8903 4.81748 0.288798 0.106444
15.8903 4.81748 0.288798 0.106444
15.6289 4.79697 0.293965 0.212398
15.6289 4.79697 0.293965 0.212398
15.7042 4.89713 0.294203 0.294448
15.6289 4.79697 0.293965 0.212398
15.7042 4.89713 0.294203 0.294448
15.7397 5.0809 0.290099 0.045339
15.7042 4.89713 0.294203 0.294448
15.7216 5.16632 0.285526 0.00096016
15.6448 4.93795 0.295979 0.133989
15.7042 4.89713 0.294203 0.294448
15.7042 4.89713 0.294203 0.294448
15.6289 4.79697 0.293965 0.212398
15.6448 4.93795 0.295979 0.133989
15.6448 4.93795 0.295979 0.133989
15.7042 4.89713 0.294203 0.294448
15.7397 5.0809 0.290099 0.045339
15.7042 4.89713 0.294203 0.294448
15.7042 4.89713 0.294203 0.294448
15.7397 5.0809 0.290099 0.045339
15.6289 4.79697 0.293965 0.212398
15.7418 5.07496 0.289423 0.0481457
15.6448 4.93795 0.295979 0.133989
15.7042 4.89713 0.294203 0.294448
15.7042 4.89713 0.294203 0.294448
15.7397 5.0809 0.290099 0.045339
15.6289 4.79697 0.293965 0.212398
15.6448 4.93795 0.295979 0.133989
15.5709 4.94854 0.290192 0.0528515
15.6289 4.79697 0.293965 0.212398
15.9975 5.02532 0.287208 0.0087037
15.7042 4.89713 0.294203 0.294448
15.7042 4.89713 0.294203 0.294448
15.5709 4.94854 0.290192 0.0528515
15.6289 4.79697 0.293965 0.212398
15.6289 4.79697 0.293965 0.212398
15.7418 5.07496 0.289423 0.0481457
