34.2559 -78.9439 3.89547 0.0325663
34.3878 -79.0156 3.89793 0.074015
34.4305 -79.119 3.89434 0.162111
34.5325 -79.1202 3.90072 0.0335847
34.3978 -78.9114 3.88856 0.107516
34.5276 -79.0522 3.89417 0.188329
34.5276 -79.0522 3.89417 0.188329
34.2559 -78.9439 3.89547 0.0325663
34.3878 -79.0156 3.89793 0.074015
34.4305 -79.119 3.89434 0.162111
34.2481 -79.0036 3.89435 0.0575913
34.3978 -78.9114 3.88856 0.107516
34.5276 -79.0522 3.89417 0.188329
34.3536 -78.743 3.89258 0.0183322
34.3121 -78.9089 3.89601 0.0469798
34.2481 -79.0036 3.89435 0.0575913
34.3844 -78.9852 3.88746 0.0744875
34.5276 -79.0522 3.89417 0.188329
34.5276 -79.0522 3.89417 0.188329
34.4305 -79.119 3.89434 0.162111
34.4305 -79.119 3.89434 0.162111
34.3978 -78.9114 3.88856 0.107516
34.5276 -79.0522 3.89417 0.188329
34.5276 -79.0522 3.89417 0.188329
34.3878 -79.0156 3.89793 0.074015
34.4305 -79.119 3.89434 0.162111
34.3121 -78.9089 3.89601 0.0469798
34.3221 -79.0695 3.88637 0.0312551
34.5276 -79.0522 3.89417 0.188329
34.5819 -79.0265 3.89007 0.0208381
34.4305 -79.119 3.89434 0.162111
34.3121 -78.9089 3.89601 0.0469798
34.2481 -79.0036 3.89435 0.0575913
34.24 -79.1456 3.89573 0.0111421
34.5276 -79.0522 3.89417 0.188329
34.3878 -79.0156 3.89793 0.074015
34.4305 -79.119 3.89434 0.162111
34.3121 -78.9089 3.89601 0.0469798
34.2481 -79.0036 3.89435 0.0575913
34.5276 -79.0522 3.89417 0.188329
34.4305 -79.2308 3.89618 0.0259163
34.4305 -79.119 3.89434 0.162111
34.4305 -79.119 3.89434 0.162111
34.2481 -79.0036 3.89435 0.0575913
34.5276 -79.0522 3.89417 0.188329
34.5276 -79.0522 3.89417 0.188329
34.3878 -79.0156 3.89793 0.074015
34.4305 -79.119 3.89434 0.162111
34.2481 -79.0036 3.89435 0.0575913
34.5276 -79.0522 3.89417 0.188329
34.5276 -79.0522 3.89417 0.188329
34.4305 -79.119 3.89434 0.162111
34.3121 -78.9089 3.89601 0.0469798
34.5325 -79.1202 3.90072 0.0335847
34.6285 -78.8169 3.8922 0.00797669
34.5276 -79.0522 3.89417 0.188329
34.3878 -79.0156 3.89793 0.074015
34.2481 -79.0036 3.89435 0.0575913
34.5276 -79.0522 3.89417 0.188329
34.5276 -79.0522 3.89417 0.188329
34.3536 -78.743 3.89258 0.0183322
34.5819 -79.0265 3.89007 0.0208381
34.4305 -79.119 3.89434 0.162111
34.2481 -79.0036 3.89435 0.0575913
34.3844 -78.9852 3.88746 0.0744875
34.3844 -78.9852 3.88746 0.0744875
34.5276 -79.0522 3.89417 0.188329
34.3536 -78.743 3.89258 0.0183322
34.3121 -78.9089 3.89601 0.0469798
34.0873 -78.8825 3.8879 0.00950162
34.4305 -79.2308 3.89618 0.0259163
34.3121 -78.9089 3.89601 0.0469798
34.357 -78.9297 3.89995 0.00742208
34.5276 -79.0522 3.89417 0.188329
34.3878 -79.0156 3.89793 0.074015
34.3878 -79.0156 3.89793 0.074015
34.4305 -79.119 3.89434 0.162111
34.4305 -79.119 3.89434 0.162111
34.5325 -79.1202 3.90072 0.0335847
34.3221 -79.0695 3.88637 0.0312551
34.5276 -79.0522 3.89417 0.188329
34.3878 -79.0156 3.89793 0.074015
34.3121 -78.9089 3.89601 0.0469798
34.2481 -79.0036 3.89435 0.0575913
34.3221 -79.0695 3.88637 0.0312551
34.3844 -78.9852 3.88746 0.0744875
34.2559 -78.9439 3.89547 0.0325663
34.5431 -78.8222 3.89001 0.0169348
34.4305 -79.119 3.89434 0.162111
34.4305 -79.119 3.89434 0.162111
34.3121 -78.9089 3.89601 0.0469798
34.3978 -78.9114 3.88856 0.107516
34.3844 -78.9852 3.88746 0.0744875
34.5276 -79.0522 3.89417 0.188329
34.4305 -79.119 3.89434 0.162111
34.4916 -78.8281 3.88922 0.027776
34.357 -78.9297 3.89995 0.00742208
34.5276 -79.0522 3.89417 0.188329
34.5819 -79.0265 3.89007 0.0208381
34.4305 -79.119 3.89434 0.162111
