241.434 28.0383 0.0743235 0.388554
241.512 28.0749 0.07645 0.111193
241.434 28.0383 0.0743235 0.388554
241.434 28.0383 0.0743235 0.388554
241.404 27.9877 0.0752398 0.173968
241.434 28.0383 0.0743235 0.388554
241.624 28.1337 0.0691281 0.240225
241.434 28.0383 0.0743235 0.388554
241.276 28.1192 0.0791562 0.00394582
241.512 28.0749 0.07645 0.111193
241.434 28.0383 0.0743235 0.388554
241.624 28.1337 0.0691281 0.240225
241.404 27.9877 0.0752398 0.173968
241.624 28.1337 0.0691281 0.240225
241.434 28.0383 0.0743235 0.388554
241.46 27.8117 0.075976 0.0039026
241.434 28.0383 0.0743235 0.388554
241.624 28.1337 0.0691281 0.240225
241.404 27.9877 0.0752398 0.173968
241.434 28.0383 0.0743235 0.388554
241.404 27.9877 0.0752398 0.173968
241.624 28.1337 0.0691281 0.240225
241.512 28.0749 0.07645 0.111193
241.434 28.0383 0.0743235 0.388554
241.624 28.1337 0.0691281 0.240225
241.512 28.0749 0.07645 0.111193
241.276 28.1192 0.0791562 0.00394582
241.624 28.1337 0.0691281 0.240225
241.445 28.1832 0.079212 0.00362891
241.404 27.9877 0.0752398 0.173968
241.624 28.1337 0.0691281 0.240225
241.404 27.9877 0.0752398 0.173968
241.512 28.0749 0.07645 0.111193
241.404 27.9877 0.0752398 0.173968
241.434 28.0383 0.0743235 0.388554
241.404 27.9877 0.0752398 0.173968
241.434 28.0383 0.0743235 0.388554
241.512 28.0749 0.07645 0.111193
241.404 27.9877 0.0752398 0.173968
241.624 28.1337 0.0691281 0.240225
241.442 28.2431 0.0778595 0.00538035
241.434 28.0383 0.0743235 0.388554
241.434 28.0383 0.0743235 0.388554
241.512 28.0749 0.07645 0.111193
241.434 28.0383 0.0743235 0.388554
241.434 28.0383 0.0743235 0.388554
241.512 28.0749 0.07645 0.111193
241.624 28.1337 0.0691281 0.240225
241.434 28.0383 0.0743235 0.388554
241.624 28.1337 0.0691281 0.240225
241.404 27.9877 0.0752398 0.173968
241.434 28.0383 0.0743235 0.388554
241.624 28.1337 0.0691281 0.240225
241.434 28.0383 0.0743235 0.388554
241.624 28.1337 0.0691281 0.240225
241.434 28.0383 0.0743235 0.388554
241.434 28.0383 0.0743235 0.388554
241.442 28.2431 0.0778595 0.00538035
241.512 28.0749 0.07645 0.111193
241.512 28.0749 0.07645 0.111193
241.434 28.0383 0.0743235 0.388554
241.624 28.1337 0.0691281 0.240225
241.434 28.0383 0.0743235 0.388554
241.404 27.9877 0.0752398 0.173968
241.624 28.1337 0.0691281 0.240225
241.434 28.0383 0.0743235 0.388554
241.624 28.1337 0.0691281 0.240225
241.434 28.0383 0.0743235 0.388554
241.434 28.0383 0.0743235 0.388554
241.434 28.0383 0.0743235 0.388554
241.395 28.2142 0.0674522 0.0268105
241.434 28.0383 0.0743235 0.388554
241.624 28.1337 0.0691281 0.240225
241.511 28.4127 0.0690798 0.00272243
241.404 27.9877 0.0752398 0.173968
241.434 28.0383 0.0743235 0.388554
241.434 28.0383 0.0743235 0.388554
241.512 28.0749 0.07645 0.111193
241.404 27.9877 0.0752398 0.173968
241.404 27.9877 0.0752398 0.173968
241.434 28.0383 0.0743235 0.388554
241.404 27.9877 0.0752398 0.173968
241.434 28.0383 0.0743235 0.388554
241.624 28.1337 0.0691281 0.240225
241.668 28.0796 0.0761388 0.008175
241.434 28.0383 0.0743235 0.388554
241.434 28.0383 0.0743235 0.388554
241.512 28.0749 0.07645 0.111193
241.404 27.9877 0.0752398 0.173968
241.624 28.1337 0.0691281 0.240225
241.404 27.9877 0.0752398 0.173968
241.434 28.0383 0.0743235 0.388554
241.624 28.1337 0.0691281 0.240225
241.434 28.0383 0.0743235 0.388554
241.624 28.1337 0.0691281 0.240225
241.404 27.9877 0.0752398 0.173968
241.434 28.0383 0.0743235 0.388554
241.624 28.1337 0.0691281 0.240225
241.434 28.0383 0.0743235 0.388554
241.434 28.0383 0.0743235 0.388554
