251.024 28.9424 0.0608013 0.0415157
251.023 28.9378 0.0647374 0.226174
251.312 28.9159 0.0640787 0.123661
251.312 28.9159 0.0640787 0.123661
251.368 28.7835 0.0668916 0.0379723
251.347 28.8374 0.0630752 0.0749178
250.92 28.8066 0.0772136 0.0088353
251.229 28.6092 0.0615343 0.00738885
251.023 28.9378 0.0647374 0.226174
251.368 28.7835 0.0668916 0.0379723
251.328 28.8642 0.0600957 0.0445468
251.167 28.806 0.0728829 0.13324
251.023 28.9378 0.0647374 0.226174
251.023 28.9378 0.0647374 0.226174
251.023 28.9378 0.0647374 0.226174
251.312 28.9159 0.0640787 0.123661
251.312 28.9159 0.0640787 0.123661
251.347 28.8374 0.0630752 0.0749178
251.167 28.806 0.0728829 0.13324
251.023 28.9378 0.0647374 0.226174
251.049 29.0805 0.0643995 0.0252899
251.328 28.8642 0.0600957 0.0445468
251.024 28.9424 0.0608013 0.0415157
251.023 28.9378 0.0647374 0.226174
251.394 28.7393 0.0654842 0.017211
251.167 28.806 0.0728829 0.13324
251.167 28.806 0.0728829 0.13324
251.023 28.9378 0.0647374 0.226174
251.312 28.9159 0.0640787 0.123661
251.111 29.0457 0.0603544 0.0265479
251.234 28.9983 0.0690261 0.0438479
251.167 28.806 0.0728829 0.13324
251.023 28.9378 0.0647374 0.226174
251.023 28.9378 0.0647374 0.226174
251.368 28.7835 0.0668916 0.0379723
251.016 28.9081 0.0747148 0.0278845
251.167 28.806 0.0728829 0.13324
251.023 28.9378 0.0647374 0.226174
251.049 29.0805 0.0643995 0.0252899
251.234 28.9983 0.0690261 0.0438479
251.016 28.9081 0.0747148 0.0278845
251.317 28.8822 0.0604603 0.0610563
251.312 28.9159 0.0640787 0.123661
251.347 28.8374 0.0630752 0.0749178
251.167 28.806 0.0728829 0.13324
251.317 28.8822 0.0604603 0.0610563
251.312 28.9159 0.0640787 0.123661
251.368 28.7835 0.0668916 0.0379723
251.232 29.1823 0.0663714 0.000818554
251.229 28.6092 0.0615343 0.00738885
251.312 28.9159 0.0640787 0.123661
251.347 28.8374 0.0630752 0.0749178
251.167 28.806 0.0728829 0.13324
251.023 28.9378 0.0647374 0.226174
251.023 28.9378 0.0647374 0.226174
251.312 28.9159 0.0640787 0.123661
251.347 28.8374 0.0630752 0.0749178
251.023 28.9378 0.0647374 0.226174
250.965 28.7845 0.0626294 0.043265
251.368 28.7835 0.0668916 0.0379723
251.167 28.806 0.0728829 0.13324
251.317 28.8822 0.0604603 0.0610563
251.023 28.9378 0.0647374 0.226174
250.965 28.7845 0.0626294 0.043265
251.167 28.806 0.0728829 0.13324
251.167 28.806 0.0728829 0.13324
251.023 28.9378 0.0647374 0.226174
250.965 28.7845 0.0626294 0.043265
251.385 28.8016 0.0598558 0.0111287
251.167 28.806 0.0728829 0.13324
251.023 28.9378 0.0647374 0.226174
251.023 28.9378 0.0647374 0.226174
250.965 28.7845 0.0626294 0.043265
251.347 28.8374 0.0630752 0.0749178
251.317 28.8822 0.0604603 0.0610563
251.023 28.9378 0.0647374 0.226174
251.312 28.9159 0.0640787 0.123661
251.347 28.8374 0.0630752 0.0749178
251.023 28.9378 0.0647374 0.226174
251.312 28.9159 0.0640787 0.123661
250.965 28.7845 0.0626294 0.043265
251.167 28.806 0.0728829 0.13324
251.023 28.9378 0.0647374 0.226174
251.312 28.9159 0.0640787 0.123661
251.016 28.9081 0.0747148 0.0278845
251.167 28.806 0.0728829 0.13324
251.023 28.9378 0.0647374 0.226174
251.049 29.0805 0.0643995 0.0252899
251.347 28.8374 0.0630752 0.0749178
251.167 28.806 0.0728829 0.13324
251.023 28.9378 0.0647374 0.226174
251.023 28.9378 0.0647374 0.226174
251.023 28.9378 0.0647374 0.226174
251.347 28.8374 0.0630752 0.0749178
251.218 28.6339 0.0752585 0.00729433
251.167 28.806 0.0728829 0.13324
251.023 28.9378 0.0647374 0.226174
251.049 29.0805 0.0643995 0.0252899
251.016 28.9081 0.0747148 0.0278845
251.023 28.9378 0.0647374 0.226174
