73.7214 -39.5822 3.76991 0.149677
73.7016 -39.67 3.77429 0.012981
73.4611 -39.4429 3.77273 0.0548776
73.4611 -39.4429 3.77273 0.0548776
73.6838 -39.5741 3.76946 0.206522
73.6838 -39.5741 3.76946 0.206522
73.4011 -39.6147 3.7756 0.00214999
73.4611 -39.4429 3.77273 0.0548776
73.6838 -39.5741 3.76946 0.206522
73.6838 -39.5741 3.76946 0.206522
73.486 -39.6024 3.76453 0.0228972
73.666 -39.6018 3.76873 0.2039
73.5662 -39.6348 3.77246 0.0789834
73.5662 -39.6348 3.77246 0.0789834
73.7083 -39.3478 3.7748 0.0484292
73.6838 -39.5741 3.76946 0.206522
73.6006 -39.6714 3.77244 0.0512461
73.4011 -39.6147 3.7756 0.00214999
73.7083 -39.3478 3.7748 0.0484292
73.4969 -39.5068 3.77223 0.110505
73.7214 -39.5822 3.76991 0.149677
73.6006 -39.6714 3.77244 0.0512461
73.666 -39.6018 3.76873 0.2039
73.4611 -39.4429 3.77273 0.0548776
73.7083 -39.3478 3.7748 0.0484292
73.4969 -39.5068 3.77223 0.110505
73.6838 -39.5741 3.76946 0.206522
73.6838 -39.5741 3.76946 0.206522
73.7214 -39.5822 3.76991 0.149677
73.5409 -39.036 3.77972 4.37718e-05
73.4611 -39.4429 3.77273 0.0548776
73.4969 -39.5068 3.77223 0.110505
73.6838 -39.5741 3.76946 0.206522
73.6006 -39.6714 3.77244 0.0512461
73.5662 -39.6348 3.77246 0.0789834
73.7083 -39.3478 3.7748 0.0484292
73.6838 -39.5741 3.76946 0.206522
73.6006 -39.6714 3.77244 0.0512461
73.666 -39.6018 3.76873 0.2039
73.5662 -39.6348 3.77246 0.0789834
73.4969 -39.5068 3.77223 0.110505
73.6838 -39.5741 3.76946 0.206522
73.6559 -39.2044 3.77774 0.00508221
73.666 -39.6018 3.76873 0.2039
73.6838 -39.5741 3.76946 0.206522
73.7214 -39.5822 3.76991 0.149677
73.666 -39.6018 3.76873 0.2039
73.5662 -39.6348 3.77246 0.0789834
73.4969 -39.5068 3.77223 0.110505
73.7214 -39.5822 3.76991 0.149677
73.666 -39.6018 3.76873 0.2039
73.4611 -39.4429 3.77273 0.0548776
73.6838 -39.5741 3.76946 0.206522
73.6838 -39.5741 3.76946 0.206522
73.666 -39.6018 3.76873 0.2039
73.7727 -39.4228 3.76778 0.0169312
73.486 -39.6024 3.76453 0.0228972
73.666 -39.6018 3.76873 0.2039
73.6838 -39.5741 3.76946 0.206522
73.6838 -39.5741 3.76946 0.206522
73.6838 -39.5741 3.76946 0.206522
73.6006 -39.6714 3.77244 0.0512461
73.5662 -39.6348 3.77246 0.0789834
73.4611 -39.4429 3.77273 0.0548776
73.6838 -39.5741 3.76946 0.206522
73.666 -39.6018 3.76873 0.2039
73.666 -39.6018 3.76873 0.2039
73.7083 -39.3478 3.7748 0.0484292
73.7727 -39.4228 3.76778 0.0169312
73.6838 -39.5741 3.76946 0.206522
73.6838 -39.5741 3.76946 0.206522
73.666 -39.6018 3.76873 0.2039
73.4969 -39.5068 3.77223 0.110505
73.6838 -39.5741 3.76946 0.206522
73.666 -39.6018 3.76873 0.2039
73.7083 -39.3478 3.7748 0.0484292
73.7214 -39.5822 3.76991 0.149677
73.7214 -39.5822 3.76991 0.149677
73.5662 -39.6348 3.77246 0.0789834
73.4611 -39.4429 3.77273 0.0548776
73.7083 -39.3478 3.7748 0.0484292
73.6838 -39.5741 3.76946 0.206522
73.6838 -39.5741 3.76946 0.206522
73.7016 -39.67 3.77429 0.012981
73.5662 -39.6348 3.77246 0.0789834
73.7083 -39.3478 3.7748 0.0484292
73.6838 -39.5741 3.76946 0.206522
73.7214 -39.5822 3.76991 0.149677
73.666 -39.6018 3.76873 0.2039
73.666 -39.6018 3.76873 0.2039
73.5662 -39.6348 3.77246 0.0789834
73.4611 -39.4429 3.77273 0.0548776
73.6838 -39.5741 3.76946 0.206522
73.7214 -39.5822 3.76991 0.149677
73.666 -39.6018 3.76873 0.2039
73.6838 -39.5741 3.76946 0.206522
73.6838 -39.5741 3.76946 0.206522
73.7214 -39.5822 3.76991 0.149677
73.666 -39.6018 3.76873 0.2039
73.4969 -39.5068 3.77223 0.110505
