-41.1381 -51.2858 1.59231 0.101945
-41.1381 -51.2858 1.59231 0.101945
-41.1844 -51.1336 1.58586 0.139928
-41.2512 -50.7686 1.58714 0.0181698
-40.9171 -51.0746 1.58631 0.174471
-40.9171 -51.0746 1.58631 0.174471
-40.9043 -50.8318 1.59365 0.0144664
-41.1844 -51.1336 1.58586 0.139928
-40.9882 -51.3222 1.59071 0.0574379
-41.1297 -51.1603 1.59706 0.0720029
-41.1297 -51.1603 1.59706 0.0720029
-40.9209 -51.2279 1.5849 0.0221455
-41.2293 -51.1099 1.59313 0.141396
-41.2293 -51.1099 1.59313 0.141396
-41.2293 -51.1099 1.59313 0.141396
-41.4031 -50.9473 1.59292 0.00344151
-41.2422 -50.8684 1.58752 0.0789349
-41.1297 -51.1603 1.59706 0.0720029
-41.1297 -51.1603 1.59706 0.0720029
-41.2293 -51.1099 1.59313 0.141396
-41.1381 -51.2858 1.59231 0.101945
-41.2422 -50.8684 1.58752 0.0789349
-40.9171 -51.0746 1.58631 0.174471
-41.2351 -50.9416 1.5947 0.0287471
-41.1381 -51.2858 1.59231 0.101945
-41.1381 -51.2858 1.59231 0.101945
-41.1844 -51.1336 1.58586 0.139928
-40.9882 -51.3222 1.59071 0.0574379
-41.1297 -51.1603 1.59706 0.0720029
-41.1837 -51.1947 1.58363 0.024971
-41.2351 -50.9416 1.5947 0.0287471
-41.2293 -51.1099 1.59313 0.141396
-41.1844 -51.1336 1.58586 0.139928
-41.1844 -51.1336 1.58586 0.139928
-41.1844 -51.1336 1.58586 0.139928
-40.8073 -50.8479 1.58552 0.0158347
-40.9171 -51.0746 1.58631 0.174471
-40.9171 -51.0746 1.58631 0.174471
-41.2293 -51.1099 1.59313 0.141396
-41.2293 -51.1099 1.59313 0.141396
-41.1381 -51.2858 1.59231 0.101945
-41.2422 -50.8684 1.58752 0.0789349
-41.2422 -50.8684 1.58752 0.0789349
-41.4461 -50.9313 1.5922 0.00133341
-41.2293 -51.1099 1.59313 0.141396
-41.1844 -51.1336 1.58586 0.139928
-41.2422 -50.8684 1.58752 0.0789349
-40.9171 -51.0746 1.58631 0.174471
-40.9171 -51.0746 1.58631 0.174471
-41.2293 -51.1099 1.59313 0.141396
-41.1381 -51.2858 1.59231 0.101945
-40.9882 -51.3222 1.59071 0.0574379
-40.9171 -51.0746 1.58631 0.174471
-40.9145 -50.8062 1.59102 0.0279774
-41.2663 -51.2793 1.58435 0.00388601
-41.1381 -51.2858 1.59231 0.101945
-41.1844 -51.1336 1.58586 0.139928
-41.1844 -51.1336 1.58586 0.139928
-40.7607 -51.0468 1.58727 0.0226676
-40.9171 -51.0746 1.58631 0.174471
-40.9171 -51.0746 1.58631 0.174471
-41.1297 -51.1603 1.59706 0.0720029
-41.2293 -51.1099 1.59313 0.141396
-41.2422 -50.8684 1.58752 0.0789349
-41.1297 -51.1603 1.59706 0.0720029
-41.2293 -51.1099 1.59313 0.141396
-41.1844 -51.1336 1.58586 0.139928
-40.9171 -51.0746 1.58631 0.174471
-41.1297 -51.1603 1.59706 0.0720029
-41.2351 -50.9416 1.5947 0.0287471
-41.1381 -51.2858 1.59231 0.101945
-41.1381 -51.2858 1.59231 0.101945
-41.1844 -51.1336 1.58586 0.139928
-40.9882 -51.3222 1.59071 0.0574379
-41.1297 -51.1603 1.59706 0.0720029
-41.1297 -51.1603 1.59706 0.0720029
-40.9145 -50.8062 1.59102 0.0279774
-41.2293 -51.1099 1.59313 0.141396
-41.1381 -51.2858 1.59231 0.101945
-40.9882 -51.3222 1.59071 0.0574379
-41.1297 -51.1603 1.59706 0.0720029
-41.1297 -51.1603 1.59706 0.0720029
-41.2351 -50.9416 1.5947 0.0287471
-41.2293 -51.1099 1.59313 0.141396
-41.2293 -51.1099 1.59313 0.141396
-41.2512 -50.7686 1.58714 0.0181698
-41.2512 -50.7686 1.58714 0.0181698
-40.9171 -51.0746 1.58631 0.174471
-41.2663 -51.2793 1.58435 0.00388601
-41.1989 -50.7682 1.58151 0.0125564
-41.2293 -51.1099 1.59313 0.141396
-41.1844 -51.1336 1.58586 0.139928
-41.1844 -51.1336 1.58586 0.139928
-40.9171 -51.0746 1.58631 0.174471
-41.1837 -51.1947 1.58363 0.024971
-40.9043 -50.8318 1.59365 0.0144664
-41.2293 -51.1099 1.59313 0.141396
-41.1844 -51.1336 1.58586 0.139928
-40.9882 -51.3222 1.59071 0.0574379
-40.9171 -51.0746 1.58631 0.174471
