14.7689 -92.3607 3.58173 0.0729933
14.5992 -92.4253 3.58602 0.0457178
14.4387 -92.2594 3.58073 0.0297757
14.8461 -92.5163 3.59282 0.0187641
14.6134 -92.3869 3.58137 0.0620371
14.4349 -92.3291 3.58427 0.0238232
14.6005 -91.9386 3.5828 0.0176497
14.7231 -92.0438 3.58859 0.111577
14.4877 -92.2007 3.59799 0.00385639
14.3767 -92.1699 3.58063 0.0142586
14.5992 -92.4253 3.58602 0.0457178
14.4387 -92.2594 3.58073 0.0297757
14.8987 -91.8003 3.59338 0.027009
14.6134 -92.3869 3.58137 0.0620371
14.7391 -92.195 3.59899 0.0489666
14.7391 -92.195 3.59899 0.0489666
14.7391 -92.195 3.59899 0.0489666
14.7231 -92.0438 3.58859 0.111577
14.6011 -91.9717 3.58642 0.0371272
14.5133 -92.5134 3.58139 0.0181638
14.4376 -92.0119 3.59167 0.008032
15.0899 -92.0977 3.59922 0.0979076
14.6134 -92.3869 3.58137 0.0620371
14.6005 -91.9386 3.5828 0.0176497
14.7231 -92.0438 3.58859 0.111577
14.5408 -92.1253 3.59351 0.028636
14.5408 -92.1253 3.59351 0.028636
14.7689 -92.3607 3.58173 0.0729933
14.3046 -92.7172 3.57909 0.000341461
14.6205 -92.081 3.58393 0.0669332
15.0899 -92.0977 3.59922 0.0979076
14.6123 -92.6088 3.58258 0.0104308
14.5389 -92.3467 3.57857 0.0437303
14.7231 -92.0438 3.58859 0.111577
14.7231 -92.0438 3.58859 0.111577
14.7231 -92.0438 3.58859 0.111577
14.5442 -92.5772 3.58788 0.00542777
14.6205 -92.081 3.58393 0.0669332
14.6205 -92.081 3.58393 0.0669332
15.0899 -92.0977 3.59922 0.0979076
14.4349 -92.3291 3.58427 0.0238232
14.4349 -92.3291 3.58427 0.0238232
14.5389 -92.3467 3.57857 0.0437303
14.7391 -92.195 3.59899 0.0489666
14.7231 -92.0438 3.58859 0.111577
14.7689 -92.3607 3.58173 0.0729933
14.4762 -92.1314 3.59242 0.0162648
14.5992 -92.4253 3.58602 0.0457178
14.4387 -92.2594 3.58073 0.0297757
14.8461 -92.5163 3.59282 0.0187641
14.6134 -92.3869 3.58137 0.0620371
14.5389 -92.3467 3.57857 0.0437303
14.4579 -92.3165 3.57382 0.016053
14.5408 -92.1253 3.59351 0.028636
14.5408 -92.1253 3.59351 0.028636
14.6201 -92.3913 3.59556 0.0125617
14.5133 -92.5134 3.58139 0.0181638
14.7689 -92.3607 3.58173 0.0729933
14.3043 -92.1275 3.58523 0.00428082
14.6123 -92.6088 3.58258 0.0104308
14.4349 -92.3291 3.58427 0.0238232
14.4453 -92.4769 3.57235 0.00894847
14.7391 -92.195 3.59899 0.0489666
14.6011 -91.9717 3.58642 0.0371272
14.4485 -92.6184 3.57952 0.00457995
15.0899 -92.0977 3.59922 0.0979076
14.6134 -92.3869 3.58137 0.0620371
14.6005 -91.9386 3.5828 0.0176497
14.6005 -91.9386 3.5828 0.0176497
14.5084 -92.1014 3.58307 0.0377636
14.6601 -92.0343 3.57197 0.00187602
14.7231 -92.0438 3.58859 0.111577
14.6011 -91.9717 3.58642 0.0371272
14.4762 -92.1314 3.59242 0.0162648
14.5992 -92.4253 3.58602 0.0457178
15.1418 -92.4323 3.58686 0.00732776
14.6123 -92.6088 3.58258 0.0104308
14.6134 -92.3869 3.58137 0.0620371
14.7391 -92.195 3.59899 0.0489666
14.7231 -92.0438 3.58859 0.111577
14.7231 -92.0438 3.58859 0.111577
14.7689 -92.3607 3.58173 0.0729933
14.4762 -92.1314 3.59242 0.0162648
14.6205 -92.081 3.58393 0.0669332
15.0899 -92.0977 3.59922 0.0979076
14.5389 -92.3467 3.57857 0.0437303
14.7231 -92.0438 3.58859 0.111577
14.6011 -91.9717 3.58642 0.0371272
14.6205 -92.081 3.58393 0.0669332
15.0899 -92.0977 3.59922 0.0979076
15.0899 -92.0977 3.59922 0.0979076
14.7982 -92.5409 3.57761 0.0117968
14.4387 -92.2594 3.58073 0.0297757
14.8461 -92.5163 3.59282 0.0187641
14.4579 -92.3165 3.57382 0.016053
14.7391 -92.195 3.59899 0.0489666
14.7231 -92.0438 3.58859 0.111577
14.6201 -92.3913 3.59556 0.0125617
14.5133 -92.5134 3.58139 0.0181638
14.5133 -92.5134 3.58139 0.0181638
