93.0959 18.4153 0.0687486 0.0480423
92.7533 18.4921 0.0755834 0.0501892
92.7438 18.5147 0.0723987 0.0535405
92.7896 18.3345 0.0722651 0.080398
92.7896 18.3345 0.0722651 0.080398
92.7896 18.3345 0.0722651 0.080398
92.7213 18.5893 0.0736178 0.0270007
92.8306 18.2958 0.0656356 0.0533344
92.8306 18.2958 0.0656356 0.0533344
92.9791 18.3603 0.0795065 0.0240016
92.7076 18.3591 0.0768736 0.0370951
92.7076 18.3591 0.0768736 0.0370951
93.0229 18.3569 0.0691631 0.0764023
93.0229 18.3569 0.0691631 0.0764023
92.9656 18.3839 0.063612 0.0579028
92.9799 18.3941 0.0757375 0.0582421
92.8352 18.5071 0.0773125 0.0464767
92.6766 18.3642 0.0674347 0.0289465
93.0959 18.4153 0.0687486 0.0480423
92.7533 18.4921 0.0755834 0.0501892
92.7896 18.3345 0.0722651 0.080398
92.8306 18.2958 0.0656356 0.0533344
92.8306 18.2958 0.0656356 0.0533344
92.9776 18.3705 0.0625163 0.0450666
92.9776 18.3705 0.0625163 0.0450666
93.0229 18.3569 0.0691631 0.0764023
92.9656 18.3839 0.063612 0.0579028
92.9799 18.3941 0.0757375 0.0582421
92.8545 18.7066 0.0721996 0.0140786
93.0959 18.4153 0.0687486 0.0480423
92.7438 18.5147 0.0723987 0.0535405
92.7896 18.3345 0.0722651 0.080398
92.8306 18.2958 0.0656356 0.0533344
92.9776 18.3705 0.0625163 0.0450666
93.0229 18.3569 0.0691631 0.0764023
92.9656 18.3839 0.063612 0.0579028
92.9799 18.3941 0.0757375 0.0582421
93.1259 18.4001 0.0725026 0.0291381
92.6766 18.3642 0.0674347 0.0289465
92.6512 18.5134 0.0716242 0.0248183
93.0959 18.4153 0.0687486 0.0480423
92.7533 18.4921 0.0755834 0.0501892
92.7896 18.3345 0.0722651 0.080398
92.8306 18.2958 0.0656356 0.0533344
92.9578 18.287 0.0812897 0.0122182
92.7076 18.3591 0.0768736 0.0370951
93.1018 18.2287 0.0678761 0.0226723
93.0415 18.2625 0.0724694 0.0397482
92.8352 18.5071 0.0773125 0.0464767
92.8352 18.5071 0.0773125 0.0464767
92.6019 18.828 0.0774421 0.000247951
92.6934 18.1974 0.0725472 0.01876
92.9288 18.2124 0.0754742 0.033057
92.7438 18.5147 0.0723987 0.0535405
92.7896 18.3345 0.0722651 0.080398
92.9791 18.3603 0.0795065 0.0240016
92.9792 18.1296 0.0691098 0.0181203
93.1018 18.2287 0.0678761 0.0226723
93.0415 18.2625 0.0724694 0.0397482
92.8352 18.5071 0.0773125 0.0464767
92.8545 18.7066 0.0721996 0.0140786
92.6934 18.1974 0.0725472 0.01876
92.9288 18.2124 0.0754742 0.033057
92.7896 18.3345 0.0722651 0.080398
93.1096 18.4935 0.0789672 0.00772897
92.9578 18.287 0.0812897 0.0122182
93.0229 18.3569 0.0691631 0.0764023
93.0229 18.3569 0.0691631 0.0764023
92.4721 18.3992 0.0651261 0.000854586
92.8352 18.5071 0.0773125 0.0464767
92.6766 18.3642 0.0674347 0.0289465
93.0959 18.4153 0.0687486 0.0480423
92.7533 18.4921 0.0755834 0.0501892
92.7896 18.3345 0.0722651 0.080398
92.9791 18.3603 0.0795065 0.0240016
93.0229 18.3569 0.0691631 0.0764023
92.9656 18.3839 0.063612 0.0579028
92.9656 18.3839 0.063612 0.0579028
92.9799 18.3941 0.0757375 0.0582421
93.1259 18.4001 0.0725026 0.0291381
92.9721 18.1897 0.0808571 0.00638649
93.0959 18.4153 0.0687486 0.0480423
92.7533 18.4921 0.0755834 0.0501892
92.7896 18.3345 0.0722651 0.080398
92.7213 18.5893 0.0736178 0.0270007
92.9791 18.3603 0.0795065 0.0240016
92.7076 18.3591 0.0768736 0.0370951
93.0229 18.3569 0.0691631 0.0764023
92.9656 18.3839 0.063612 0.0579028
93.0415 18.2625 0.0724694 0.0397482
92.8306 18.6985 0.0638514 0.00755761
92.8545 18.7066 0.0721996 0.0140786
92.9288 18.2124 0.0754742 0.033057
92.7438 18.5147 0.0723987 0.0535405
92.8306 18.2958 0.0656356 0.0533344
92.9776 18.3705 0.0625163 0.0450666
93.0229 18.3569 0.0691631 0.0764023
92.9656 18.3839 0.063612 0.0579028
92.9799 18.3941 0.0757375 0.0582421
92.8352 18.5071 0.0773125 0.0464767
