36.1991 11.2531 0.139563 0.0708009
36.3198 11.2732 0.143207 0.274578
35.9553 11.2703 0.147091 0.0871836
36.2287 11.4562 0.148603 0.0133977
35.9608 11.3209 0.143983 0.0157128
36.298 11.1592 0.147068 0.219974
36.3198 11.2732 0.143207 0.274578
36.3198 11.2732 0.143207 0.274578
36.201 10.9509 0.138919 0.00219744
36.298 11.1592 0.147068 0.219974
36.3198 11.2732 0.143207 0.274578
36.298 11.1592 0.147068 0.219974
36.3422 11.1741 0.139077 0.080073
36.1991 11.2531 0.139563 0.0708009
36.3198 11.2732 0.143207 0.274578
36.3198 11.2732 0.143207 0.274578
36.3198 11.2732 0.143207 0.274578
35.9553 11.2703 0.147091 0.0871836
36.201 10.9509 0.138919 0.00219744
36.3422 11.1741 0.139077 0.080073
36.3198 11.2732 0.143207 0.274578
36.3198 11.2732 0.143207 0.274578
35.9553 11.2703 0.147091 0.0871836
36.298 11.1592 0.147068 0.219974
36.3422 11.1741 0.139077 0.080073
36.3739 11.3922 0.146171 0.0158454
36.2064 11.009 0.139511 0.0132296
36.3198 11.2732 0.143207 0.274578
35.9553 11.2703 0.147091 0.0871836
36.298 11.1592 0.147068 0.219974
36.1991 11.2531 0.139563 0.0708009
35.9553 11.2703 0.147091 0.0871836
36.3422 11.1741 0.139077 0.080073
36.3198 11.2732 0.143207 0.274578
36.3198 11.2732 0.143207 0.274578
36.0634 11.3928 0.149417 0.0675439
36.0634 11.3928 0.149417 0.0675439
36.298 11.1592 0.147068 0.219974
36.3422 11.1741 0.139077 0.080073
36.1991 11.2531 0.139563 0.0708009
35.9553 11.2703 0.147091 0.0871836
35.9553 11.2703 0.147091 0.0871836
36.1991 11.2531 0.139563 0.0708009
35.9553 11.2703 0.147091 0.0871836
36.298 11.1592 0.147068 0.219974
36.2064 11.009 0.139511 0.0132296
36.0634 11.3928 0.149417 0.0675439
36.298 11.1592 0.147068 0.219974
36.3198 11.2732 0.143207 0.274578
36.3198 11.2732 0.143207 0.274578
36.298 11.1592 0.147068 0.219974
36.298 11.1592 0.147068 0.219974
36.3422 11.1741 0.139077 0.080073
36.3198 11.2732 0.143207 0.274578
36.298 11.1592 0.147068 0.219974
36.3422 11.1741 0.139077 0.080073
36.3198 11.2732 0.143207 0.274578
36.3198 11.2732 0.143207 0.274578
36.3777 10.9431 0.140839 0.00458121
36.298 11.1592 0.147068 0.219974
36.3198 11.2732 0.143207 0.274578
35.9553 11.2703 0.147091 0.0871836
36.298 11.1592 0.147068 0.219974
36.3198 11.2732 0.143207 0.274578
36.3198 11.2732 0.143207 0.274578
36.3198 11.2732 0.143207 0.274578
36.0634 11.3928 0.149417 0.0675439
36.3422 11.1741 0.139077 0.080073
36.3198 11.2732 0.143207 0.274578
36.298 11.1592 0.147068 0.219974
36.3198 11.2732 0.143207 0.274578
36.3198 11.2732 0.143207 0.274578
36.3198 11.2732 0.143207 0.274578
36.3198 11.2732 0.143207 0.274578
36.0634 11.3928 0.149417 0.0675439
36.298 11.1592 0.147068 0.219974
36.265 11.4548 0.143513 0.0227946
36.3422 11.1741 0.139077 0.080073
36.3198 11.2732 0.143207 0.274578
36.298 11.1592 0.147068 0.219974
36.3997 11.2013 0.134365 0.00157448
36.0634 11.3928 0.149417 0.0675439
36.3422 11.1741 0.139077 0.080073
36.3198 11.2732 0.143207 0.274578
36.298 11.1592 0.147068 0.219974
35.9608 11.3209 0.143983 0.0157128
36.298 11.1592 0.147068 0.219974
36.298 11.1592 0.147068 0.219974
36.3198 11.2732 0.143207 0.274578
36.298 11.1592 0.147068 0.219974
36.298 11.1592 0.147068 0.219974
36.3198 11.2732 0.143207 0.274578
36.3198 11.2732 0.143207 0.274578
36.298 11.1592 0.147068 0.219974
35.9711 11.2784 0.153561 0.030143
36.1991 11.2531 0.139563 0.0708009
36.3198 11.2732 0.143207 0.274578
35.9553 11.2703 0.147091 0.0871836
36.1737 11.4386 0.14912 0.0259707
36.3198 11.2732 0.143207 0.274578
