214.932 -10.7803 2.97601 0.0845181
215.195 -10.5517 2.97415 0.019914
215.316 -10.8324 2.98408 0.0516938
215.268 -10.6576 2.98155 0.26591
215.268 -10.6576 2.98155 0.26591
215.268 -10.6576 2.98155 0.26591
215.257 -10.8622 2.9787 0.0334054
214.98 -10.6647 2.98377 0.0672784
215.257 -10.8622 2.9787 0.0334054
215.018 -10.6263 2.98484 0.0675504
215.018 -10.6263 2.98484 0.0675504
215.268 -10.6576 2.98155 0.26591
215.268 -10.6576 2.98155 0.26591
215.268 -10.6576 2.98155 0.26591
215.083 -10.8592 2.97964 0.0895113
215.298 -10.4322 2.9836 0.0573544
215.268 -10.6576 2.98155 0.26591
215.018 -10.6263 2.98484 0.0675504
215.268 -10.6576 2.98155 0.26591
215.268 -10.6576 2.98155 0.26591
214.932 -10.7803 2.97601 0.0845181
215.316 -10.8324 2.98408 0.0516938
214.886 -10.7751 2.98017 0.0385839
215.268 -10.6576 2.98155 0.26591
214.932 -10.7803 2.97601 0.0845181
215.211 -10.6532 2.97344 0.0136859
215.378 -10.5642 2.97809 0.0141804
215.268 -10.6576 2.98155 0.26591
215.083 -10.8592 2.97964 0.0895113
214.98 -10.6647 2.98377 0.0672784
215.257 -10.8622 2.9787 0.0334054
215.018 -10.6263 2.98484 0.0675504
215.297 -10.7784 2.99069 0.00612751
215.268 -10.6576 2.98155 0.26591
215.083 -10.8592 2.97964 0.0895113
215.018 -10.6263 2.98484 0.0675504
215.268 -10.6576 2.98155 0.26591
215.268 -10.6576 2.98155 0.26591
215.018 -10.6263 2.98484 0.0675504
215.092 -10.9458 2.97688 0.0144059
215.257 -10.8622 2.9787 0.0334054
215.083 -10.8592 2.97964 0.0895113
215.316 -10.8324 2.98408 0.0516938
215.268 -10.6576 2.98155 0.26591
215.268 -10.6576 2.98155 0.26591
215.083 -10.8592 2.97964 0.0895113
214.98 -10.6647 2.98377 0.0672784
214.932 -10.7803 2.97601 0.0845181
215.316 -10.8324 2.98408 0.0516938
215.298 -10.4322 2.9836 0.0573544
215.092 -10.9458 2.97688 0.0144059
215.268 -10.6576 2.98155 0.26591
215.268 -10.6576 2.98155 0.26591
214.932 -10.7803 2.97601 0.0845181
215.316 -10.8324 2.98408 0.0516938
215.268 -10.6576 2.98155 0.26591
215.195 -10.5517 2.97415 0.019914
214.98 -10.6647 2.98377 0.0672784
214.886 -10.7751 2.98017 0.0385839
215.268 -10.6576 2.98155 0.26591
214.939 -10.8144 2.97881 0.0689486
215.298 -10.4322 2.9836 0.0573544
215.268 -10.6576 2.98155 0.26591
215.257 -10.8622 2.9787 0.0334054
215.298 -10.4322 2.9836 0.0573544
215.268 -10.6576 2.98155 0.26591
215.018 -10.6263 2.98484 0.0675504
215.018 -10.6263 2.98484 0.0675504
214.787 -10.6747 2.97717 0.0231373
215.268 -10.6576 2.98155 0.26591
215.018 -10.6263 2.98484 0.0675504
215.211 -10.6532 2.97344 0.0136859
215.268 -10.6576 2.98155 0.26591
215.268 -10.6576 2.98155 0.26591
215.268 -10.6576 2.98155 0.26591
215.083 -10.8592 2.97964 0.0895113
214.98 -10.6647 2.98377 0.0672784
215.268 -10.6576 2.98155 0.26591
215.083 -10.8592 2.97964 0.0895113
215.316 -10.8324 2.98408 0.0516938
214.886 -10.7751 2.98017 0.0385839
214.932 -10.7803 2.97601 0.0845181
215.316 -10.8324 2.98408 0.0516938
214.98 -10.6647 2.98377 0.0672784
214.932 -10.7803 2.97601 0.0845181
215.083 -10.8592 2.97964 0.0895113
215.326 -10.649 2.99126 0.00980989
214.932 -10.7803 2.97601 0.0845181
214.932 -10.7803 2.97601 0.0845181
215.083 -10.8592 2.97964 0.0895113
215.326 -10.649 2.99126 0.00980989
215.268 -10.6576 2.98155 0.26591
214.984 -10.3455 2.97801 0.011813
215.378 -10.5642 2.97809 0.0141804
215.268 -10.6576 2.98155 0.26591
215.083 -10.8592 2.97964 0.0895113
215.316 -10.8324 2.98408 0.0516938
215.268 -10.6576 2.98155 0.26591
215.257 -10.8622 2.9787 0.0334054
215.083 -10.8592 2.97964 0.0895113
