159.005 22.3495 0.0715437 0.331602
159.086 22.5091 0.075647 0.149622
159.005 22.3495 0.0715437 0.331602
158.986 22.1723 0.0811368 0.0514181
159.086 22.5091 0.075647 0.149622
159.203 22.3201 0.0754423 0.153763
159.005 22.3495 0.0715437 0.331602
159.086 22.5091 0.075647 0.149622
159.203 22.3201 0.0754423 0.153763
159.005 22.3495 0.0715437 0.331602
158.891 22.2004 0.0752558 0.104926
158.986 22.1723 0.0811368 0.0514181
159.005 22.3495 0.0715437 0.331602
158.986 22.1723 0.0811368 0.0514181
159.005 22.3495 0.0715437 0.331602
159.005 22.3495 0.0715437 0.331602
159.203 22.3201 0.0754423 0.153763
159.203 22.3201 0.0754423 0.153763
159.208 22.1972 0.0802885 0.00964704
159.005 22.3495 0.0715437 0.331602
159.005 22.3495 0.0715437 0.331602
159.086 22.5091 0.075647 0.149622
159.203 22.3201 0.0754423 0.153763
158.891 22.2004 0.0752558 0.104926
159.203 22.3201 0.0754423 0.153763
159.206 22.3127 0.0797023 0.0249533
159.005 22.3495 0.0715437 0.331602
158.986 22.1723 0.0811368 0.0514181
159.203 22.3201 0.0754423 0.153763
159.005 22.3495 0.0715437 0.331602
158.891 22.2004 0.0752558 0.104926
159.086 22.5091 0.075647 0.149622
159.086 22.5091 0.075647 0.149622
159.203 22.3201 0.0754423 0.153763
158.986 22.1723 0.0811368 0.0514181
159.203 22.3201 0.0754423 0.153763
158.986 22.1723 0.0811368 0.0514181
159.278 22.23 0.0764279 0.016744
159.005 22.3495 0.0715437 0.331602
159.206 22.3127 0.0797023 0.0249533
159.005 22.3495 0.0715437 0.331602
158.891 22.2004 0.0752558 0.104926
158.799 22.1843 0.0735541 0.0100409
159.086 22.5091 0.075647 0.149622
159.086 22.5091 0.075647 0.149622
158.779 22.4512 0.0732866 0.015526
159.246 22.2119 0.0688588 0.0114688
159.065 22.2324 0.084331 0.00533098
159.005 22.3495 0.0715437 0.331602
159.005 22.3495 0.0715437 0.331602
159.203 22.3201 0.0754423 0.153763
159.203 22.3201 0.0754423 0.153763
159.203 22.3201 0.0754423 0.153763
159.182 22.3414 0.0801908 0.0272484
158.891 22.2004 0.0752558 0.104926
159.203 22.3201 0.0754423 0.153763
159.005 22.3495 0.0715437 0.331602
158.891 22.2004 0.0752558 0.104926
159.278 22.23 0.0764279 0.016744
159.065 22.2324 0.084331 0.00533098
158.986 22.1723 0.0811368 0.0514181
159.005 22.3495 0.0715437 0.331602
158.799 22.1843 0.0735541 0.0100409
159.005 22.3495 0.0715437 0.331602
158.779 22.4512 0.0732866 0.015526
159.086 22.5091 0.075647 0.149622
158.779 22.4512 0.0732866 0.015526
158.891 22.2004 0.0752558 0.104926
159.203 22.3201 0.0754423 0.153763
159.005 22.3495 0.0715437 0.331602
159.005 22.3495 0.0715437 0.331602
158.891 22.2004 0.0752558 0.104926
158.891 22.2004 0.0752558 0.104926
159.086 22.5091 0.075647 0.149622
159.005 22.3495 0.0715437 0.331602
158.995 22.1483 0.069196 0.00797441
159.005 22.3495 0.0715437 0.331602
158.995 22.1483 0.069196 0.00797441
158.986 22.1723 0.0811368 0.0514181
159.203 22.3201 0.0754423 0.153763
159.005 22.3495 0.0715437 0.331602
158.995 22.034 0.0713013 0.00165999
159.005 22.3495 0.0715437 0.331602
159.108 22.1035 0.0813569 0.00750018
159.005 22.3495 0.0715437 0.331602
158.891 22.2004 0.0752558 0.104926
159.203 22.3201 0.0754423 0.153763
159.206 22.3127 0.0797023 0.0249533
159.086 22.5091 0.075647 0.149622
159.086 22.5091 0.075647 0.149622
159.203 22.3201 0.0754423 0.153763
158.891 22.2004 0.0752558 0.104926
159.086 22.5091 0.075647 0.149622
159.203 22.3201 0.0754423 0.153763
159.203 22.3201 0.0754423 0.153763
159.005 22.3495 0.0715437 0.331602
159.161 22.4651 0.0665325 0.0272695
159.005 22.3495 0.0715437 0.331602
159.005 22.3495 0.0715437 0.331602
159.082 22.0084 0.072257 0.00149905
