191.497 -10.3711 3.14654 0.0724593
191.556 -10.4589 3.14752 0.105019
191.85 -10.4464 3.14979 0.0308212
191.66 -10.2828 3.14769 0.0605069
191.653 -10.4253 3.14737 0.114655
191.546 -10.2695 3.14817 0.0484262
191.546 -10.2695 3.14817 0.0484262
191.497 -10.3711 3.14654 0.0724593
191.622 -10.3176 3.14886 0.101049
191.83 -10.4175 3.15285 0.0609733
191.563 -10.4854 3.15074 0.053744
191.653 -10.4253 3.14737 0.114655
191.546 -10.2695 3.14817 0.0484262
191.496 -10.5847 3.14913 0.016027
191.605 -10.5022 3.15144 0.0518811
191.497 -10.3711 3.14654 0.0724593
191.556 -10.4589 3.14752 0.105019
191.622 -10.3176 3.14886 0.101049
191.823 -10.4997 3.14887 0.0264139
191.653 -10.4253 3.14737 0.114655
191.546 -10.2695 3.14817 0.0484262
191.546 -10.2695 3.14817 0.0484262
191.814 -10.2893 3.15981 0.00556364
191.497 -10.3711 3.14654 0.0724593
191.497 -10.3711 3.14654 0.0724593
191.556 -10.4589 3.14752 0.105019
191.83 -10.4175 3.15285 0.0609733
191.563 -10.4854 3.15074 0.053744
191.563 -10.4854 3.15074 0.053744
191.471 -10.3417 3.14569 0.0487706
191.909 -10.3301 3.15459 0.0282059
191.556 -10.4589 3.14752 0.105019
191.556 -10.4589 3.14752 0.105019
191.85 -10.4464 3.14979 0.0308212
191.83 -10.4175 3.15285 0.0609733
191.826 -10.771 3.14705 0.000134925
191.823 -10.4997 3.14887 0.0264139
191.653 -10.4253 3.14737 0.114655
191.8 -10.3004 3.14976 0.0443266
191.471 -10.3417 3.14569 0.0487706
191.497 -10.3711 3.14654 0.0724593
191.497 -10.3711 3.14654 0.0724593
191.622 -10.3176 3.14886 0.101049
191.83 -10.4175 3.15285 0.0609733
191.563 -10.4854 3.15074 0.053744
191.653 -10.4253 3.14737 0.114655
191.546 -10.2695 3.14817 0.0484262
191.605 -10.5022 3.15144 0.0518811
191.556 -10.4589 3.14752 0.105019
191.83 -10.4175 3.15285 0.0609733
191.563 -10.4854 3.15074 0.053744
191.653 -10.4253 3.14737 0.114655
191.546 -10.2695 3.14817 0.0484262
191.497 -10.3711 3.14654 0.0724593
191.497 -10.3711 3.14654 0.0724593
191.556 -10.4589 3.14752 0.105019
191.85 -10.4464 3.14979 0.0308212
191.66 -10.2828 3.14769 0.0605069
191.715 -10.0773 3.15334 0.00312162
191.653 -10.4253 3.14737 0.114655
191.546 -10.2695 3.14817 0.0484262
191.678 -10.3678 3.14442 0.0283261
191.556 -10.4589 3.14752 0.105019
191.85 -10.4464 3.14979 0.0308212
191.563 -10.4854 3.15074 0.053744
191.794 -10.5117 3.14161 0.000526214
191.8 -10.3004 3.14976 0.0443266
191.8 -10.3004 3.14976 0.0443266
191.546 -10.2695 3.14817 0.0484262
191.605 -10.5022 3.15144 0.0518811
191.556 -10.4589 3.14752 0.105019
191.85 -10.4464 3.14979 0.0308212
191.465 -10.2625 3.14356 0.0130914
191.563 -10.4854 3.15074 0.053744
191.653 -10.4253 3.14737 0.114655
191.525 -10.1144 3.14745 0.00276151
191.678 -10.3678 3.14442 0.0283261
191.605 -10.5022 3.15144 0.0518811
191.556 -10.4589 3.14752 0.105019
191.556 -10.4589 3.14752 0.105019
191.622 -10.3176 3.14886 0.101049
191.83 -10.4175 3.15285 0.0609733
191.563 -10.4854 3.15074 0.053744
191.563 -10.4854 3.15074 0.053744
191.563 -10.4854 3.15074 0.053744
191.738 -10.0982 3.15276 0.00510404
191.471 -10.3417 3.14569 0.0487706
191.546 -10.2695 3.14817 0.0484262
191.546 -10.2695 3.14817 0.0484262
191.678 -10.3678 3.14442 0.0283261
191.497 -10.3711 3.14654 0.0724593
191.943 -10.1404 3.15764 0.00292922
191.556 -10.4589 3.14752 0.105019
191.85 -10.4464 3.14979 0.0308212
191.79 -10.6831 3.15213 0.0024424
191.653 -10.4253 3.14737 0.114655
191.546 -10.2695 3.14817 0.0484262
191.605 -10.5022 3.15144 0.0518811
191.497 -10.3711 3.14654 0.0724593
191.497 -10.3711 3.14654 0.0724593
