136.973 20.0843 0.0787458 0.0134663
137.085 20.0794 0.0712581 0.234674
137.157 20.0955 0.068688 0.163435
137.073 20.0032 0.0711819 0.155732
137.073 20.0032 0.0711819 0.155732
136.885 20.1826 0.0734102 0.120936
137.085 20.0794 0.0712581 0.234674
136.781 20.0346 0.0727388 0.0425097
137.157 20.0955 0.068688 0.163435
137.073 20.0032 0.0711819 0.155732
137.03 20.1293 0.0769778 0.0292428
136.885 20.1826 0.0734102 0.120936
136.885 20.1826 0.0734102 0.120936
137.061 20.0447 0.0768552 0.0288226
136.781 20.0346 0.0727388 0.0425097
137.157 20.0955 0.068688 0.163435
137.073 20.0032 0.0711819 0.155732
136.885 20.1826 0.0734102 0.120936
136.885 20.1826 0.0734102 0.120936
137.061 20.0447 0.0768552 0.0288226
137.075 20.3907 0.0685887 0.0359368
137.157 20.0955 0.068688 0.163435
137.073 20.0032 0.0711819 0.155732
136.876 20.195 0.0762834 0.0312244
137.047 20.3773 0.0707249 0.0303297
136.781 20.0346 0.0727388 0.0425097
137.157 20.0955 0.068688 0.163435
136.879 20.0069 0.0666258 0.0288115
137.085 20.0794 0.0712581 0.234674
137.287 20.1669 0.0717205 0.0103086
136.885 20.1826 0.0734102 0.120936
137.085 20.0794 0.0712581 0.234674
137.157 20.0955 0.068688 0.163435
137.03 20.2648 0.0601198 0.00851528
136.885 20.1826 0.0734102 0.120936
136.885 20.1826 0.0734102 0.120936
137.085 20.0794 0.0712581 0.234674
137.061 20.0447 0.0768552 0.0288226
137.073 20.0032 0.0711819 0.155732
136.876 20.195 0.0762834 0.0312244
137.085 20.0794 0.0712581 0.234674
137.085 20.0794 0.0712581 0.234674
137.157 20.0955 0.068688 0.163435
136.889 19.898 0.0784978 0.00789423
137.085 20.0794 0.0712581 0.234674
137.075 20.3907 0.0685887 0.0359368
137.157 20.0955 0.068688 0.163435
137.073 20.0032 0.0711819 0.155732
136.73 19.9674 0.0693857 0.00429286
137.085 20.0794 0.0712581 0.234674
137.075 20.3907 0.0685887 0.0359368
137.157 20.0955 0.068688 0.163435
137.157 20.0955 0.068688 0.163435
137.073 20.0032 0.0711819 0.155732
137.047 20.3773 0.0707249 0.0303297
137.085 20.0794 0.0712581 0.234674
136.781 20.0346 0.0727388 0.0425097
137.073 20.0032 0.0711819 0.155732
137.085 20.0794 0.0712581 0.234674
137.085 20.0794 0.0712581 0.234674
136.781 20.0346 0.0727388 0.0425097
137.157 20.0955 0.068688 0.163435
137.073 20.0032 0.0711819 0.155732
136.879 20.0069 0.0666258 0.0288115
137.085 20.0794 0.0712581 0.234674
137.085 20.0794 0.0712581 0.234674
137.157 20.0955 0.068688 0.163435
137.157 20.0955 0.068688 0.163435
137.073 20.0032 0.0711819 0.155732
137.03 20.1293 0.0769778 0.0292428
137.085 20.0794 0.0712581 0.234674
136.781 20.0346 0.0727388 0.0425097
137.073 20.0032 0.0711819 0.155732
137.085 20.0794 0.0712581 0.234674
137.157 20.0955 0.068688 0.163435
136.879 20.0069 0.0666258 0.0288115
136.885 20.1826 0.0734102 0.120936
137.085 20.0794 0.0712581 0.234674
137.073 20.0032 0.0711819 0.155732
137.073 20.0032 0.0711819 0.155732
137.232 20.1642 0.0581962 0.00125106
137.157 20.0955 0.068688 0.163435
137.157 20.0955 0.068688 0.163435
137.03 20.1293 0.0769778 0.0292428
136.885 20.1826 0.0734102 0.120936
137.085 20.0794 0.0712581 0.234674
137.085 20.0794 0.0712581 0.234674
137.085 20.0794 0.0712581 0.234674
137.157 20.0955 0.068688 0.163435
137.03 20.1293 0.0769778 0.0292428
137.047 20.3773 0.0707249 0.0303297
137.157 20.0955 0.068688 0.163435
136.838 19.8376 0.0790313 0.0021401
137.085 20.0794 0.0712581 0.234674
137.157 20.0955 0.068688 0.163435
137.073 20.0032 0.0711819 0.155732
136.885 20.1826 0.0734102 0.120936
136.885 20.1826 0.0734102 0.120936
137.075 20.3907 0.0685887 0.0359368
137.157 20.0955 0.068688 0.163435
