135.639 -17.0005 3.39935 0.0948046
135.949 -16.8266 3.40022 0.119478
135.539 -17.0376 3.389 0.0903131
135.527 -16.947 3.39638 0.200549
135.639 -17.0005 3.39935 0.0948046
135.949 -16.8266 3.40022 0.119478
135.863 -16.7203 3.39265 0.148206
135.527 -16.947 3.39638 0.200549
135.527 -16.947 3.39638 0.200549
135.65 -16.7292 3.38992 0.25867
135.863 -16.7203 3.39265 0.148206
135.863 -16.7203 3.39265 0.148206
135.65 -16.7292 3.38992 0.25867
135.863 -16.7203 3.39265 0.148206
135.65 -16.7292 3.38992 0.25867
135.639 -17.0005 3.39935 0.0948046
135.539 -17.0376 3.389 0.0903131
135.65 -16.7292 3.38992 0.25867
135.949 -16.8266 3.40022 0.119478
135.949 -16.8266 3.40022 0.119478
135.527 -16.947 3.39638 0.200549
135.977 -16.6829 3.39298 0.0174127
135.508 -16.939 3.40129 0.0182564
135.527 -16.947 3.39638 0.200549
135.65 -16.7292 3.38992 0.25867
135.639 -17.0005 3.39935 0.0948046
135.639 -17.0005 3.39935 0.0948046
135.863 -16.7203 3.39265 0.148206
135.527 -16.947 3.39638 0.200549
135.977 -16.6829 3.39298 0.0174127
135.527 -16.947 3.39638 0.200549
135.65 -16.7292 3.38992 0.25867
135.539 -17.0376 3.389 0.0903131
135.65 -16.7292 3.38992 0.25867
135.949 -16.8266 3.40022 0.119478
135.863 -16.7203 3.39265 0.148206
135.527 -16.947 3.39638 0.200549
135.977 -16.6829 3.39298 0.0174127
135.539 -17.0376 3.389 0.0903131
135.527 -16.947 3.39638 0.200549
135.65 -16.7292 3.38992 0.25867
135.653 -17.1109 3.38709 0.0178059
135.863 -16.7203 3.39265 0.148206
135.863 -16.7203 3.39265 0.148206
135.539 -17.0376 3.389 0.0903131
135.527 -16.947 3.39638 0.200549
135.74 -17.2845 3.38973 0.00386531
135.949 -16.8266 3.40022 0.119478
135.863 -16.7203 3.39265 0.148206
135.527 -16.947 3.39638 0.200549
135.639 -17.0005 3.39935 0.0948046
135.949 -16.8266 3.40022 0.119478
135.539 -17.0376 3.389 0.0903131
135.527 -16.947 3.39638 0.200549
135.65 -16.7292 3.38992 0.25867
135.65 -16.7292 3.38992 0.25867
135.65 -16.7292 3.38992 0.25867
135.639 -17.0005 3.39935 0.0948046
135.949 -16.8266 3.40022 0.119478
135.863 -16.7203 3.39265 0.148206
135.527 -16.947 3.39638 0.200549
135.65 -16.7292 3.38992 0.25867
135.653 -17.1109 3.38709 0.0178059
135.863 -16.7203 3.39265 0.148206
135.527 -16.947 3.39638 0.200549
135.975 -16.8302 3.39178 0.0180071
135.949 -16.8266 3.40022 0.119478
135.527 -16.947 3.39638 0.200549
135.527 -16.947 3.39638 0.200549
135.65 -16.7292 3.38992 0.25867
135.863 -16.7203 3.39265 0.148206
135.863 -16.7203 3.39265 0.148206
135.527 -16.947 3.39638 0.200549
135.639 -17.0005 3.39935 0.0948046
135.949 -16.8266 3.40022 0.119478
135.527 -16.947 3.39638 0.200549
135.65 -16.7292 3.38992 0.25867
135.65 -16.7292 3.38992 0.25867
135.65 -16.7292 3.38992 0.25867
135.949 -16.8266 3.40022 0.119478
135.949 -16.8266 3.40022 0.119478
135.539 -17.0376 3.389 0.0903131
135.527 -16.947 3.39638 0.200549
135.65 -16.7292 3.38992 0.25867
135.65 -16.7292 3.38992 0.25867
135.653 -17.1109 3.38709 0.0178059
135.539 -17.0376 3.389 0.0903131
135.65 -16.7292 3.38992 0.25867
135.863 -16.7203 3.39265 0.148206
135.527 -16.947 3.39638 0.200549
135.65 -16.7292 3.38992 0.25867
135.949 -16.8266 3.40022 0.119478
135.539 -17.0376 3.389 0.0903131
135.65 -16.7292 3.38992 0.25867
135.863 -16.7203 3.39265 0.148206
135.863 -16.7203 3.39265 0.148206
135.65 -16.7292 3.38992 0.25867
135.65 -16.7292 3.38992 0.25867
135.949 -16.8266 3.40022 0.119478
135.863 -16.7203 3.39265 0.148206
