277.792 1.61663 4.53716 0.0808969
277.649 1.56376 4.52667 0.119281
277.954 1.45566 4.53446 0.0816336
278.035 1.49492 4.54295 0.0188669
277.762 1.5018 4.52924 0.209238
277.898 1.31978 4.5304 0.0254484
277.649 1.56376 4.52667 0.119281
277.803 1.66322 4.53565 0.0888495
277.582 1.45636 4.52387 0.0704994
277.955 1.75436 4.54777 0.00324031
277.792 1.61663 4.53716 0.0808969
277.954 1.45566 4.53446 0.0816336
278.072 1.64099 4.53862 0.0306545
277.974 1.63812 4.54222 0.0411413
277.555 1.56662 4.5162 0.0153594
277.803 1.66322 4.53565 0.0888495
277.582 1.45636 4.52387 0.0704994
277.762 1.5018 4.52924 0.209238
277.792 1.61663 4.53716 0.0808969
277.649 1.56376 4.52667 0.119281
277.954 1.45566 4.53446 0.0816336
277.954 1.45566 4.53446 0.0816336
277.954 1.45566 4.53446 0.0816336
277.762 1.5018 4.52924 0.209238
277.555 1.56662 4.5162 0.0153594
277.716 1.72163 4.53705 0.0167559
277.803 1.66322 4.53565 0.0888495
277.901 1.30999 4.53602 0.0115366
277.582 1.45636 4.52387 0.0704994
277.974 1.63812 4.54222 0.0411413
277.792 1.61663 4.53716 0.0808969
277.863 1.62666 4.54065 0.0499689
277.882 1.77703 4.53489 0.0262702
277.974 1.63812 4.54222 0.0411413
277.863 1.62666 4.54065 0.0499689
278.072 1.64099 4.53862 0.0306545
277.762 1.5018 4.52924 0.209238
277.649 1.56376 4.52667 0.119281
277.649 1.56376 4.52667 0.119281
278.072 1.64099 4.53862 0.0306545
277.762 1.5018 4.52924 0.209238
277.762 1.5018 4.52924 0.209238
277.974 1.63812 4.54222 0.0411413
277.863 1.62666 4.54065 0.0499689
277.762 1.5018 4.52924 0.209238
277.898 1.31978 4.5304 0.0254484
277.649 1.56376 4.52667 0.119281
277.484 1.46226 4.52606 0.0128318
277.803 1.66322 4.53565 0.0888495
277.762 1.5018 4.52924 0.209238
277.792 1.61663 4.53716 0.0808969
277.649 1.56376 4.52667 0.119281
277.954 1.45566 4.53446 0.0816336
277.882 1.77703 4.53489 0.0262702
277.762 1.5018 4.52924 0.209238
277.759 1.41625 4.5385 0.0152378
277.649 1.56376 4.52667 0.119281
277.768 1.52351 4.54069 0.017627
277.582 1.45636 4.52387 0.0704994
277.792 1.61663 4.53716 0.0808969
277.863 1.62666 4.54065 0.0499689
277.803 1.66322 4.53565 0.0888495
277.582 1.45636 4.52387 0.0704994
277.762 1.5018 4.52924 0.209238
277.934 1.68751 4.54198 0.033942
277.716 1.72163 4.53705 0.0167559
277.954 1.45566 4.53446 0.0816336
277.762 1.5018 4.52924 0.209238
277.762 1.5018 4.52924 0.209238
277.974 1.63812 4.54222 0.0411413
277.649 1.56376 4.52667 0.119281
277.954 1.45566 4.53446 0.0816336
277.954 1.45566 4.53446 0.0816336
277.762 1.5018 4.52924 0.209238
277.792 1.61663 4.53716 0.0808969
277.954 1.45566 4.53446 0.0816336
277.762 1.5018 4.52924 0.209238
277.792 1.61663 4.53716 0.0808969
277.649 1.56376 4.52667 0.119281
277.954 1.45566 4.53446 0.0816336
278.072 1.64099 4.53862 0.0306545
277.762 1.5018 4.52924 0.209238
277.934 1.68751 4.54198 0.033942
277.716 1.72163 4.53705 0.0167559
277.803 1.66322 4.53565 0.0888495
277.954 1.45566 4.53446 0.0816336
277.882 1.77703 4.53489 0.0262702
277.974 1.63812 4.54222 0.0411413
277.555 1.56662 4.5162 0.0153594
277.863 1.62666 4.54065 0.0499689
278.072 1.64099 4.53862 0.0306545
278.035 1.49492 4.54295 0.0188669
277.792 1.61663 4.53716 0.0808969
277.649 1.56376 4.52667 0.119281
277.716 1.72163 4.53705 0.0167559
277.882 1.77703 4.53489 0.0262702
277.974 1.63812 4.54222 0.0411413
277.759 1.41625 4.5385 0.0152378
277.792 1.61663 4.53716 0.0808969
277.803 1.66322 4.53565 0.0888495
