-15.4957 -2.82378 0.568437 0.135705
-15.8179 -2.96211 0.575822 0.153029
-15.7366 -2.93412 0.579919 0.0420139
-15.864 -2.9958 0.575619 0.091418
-15.7067 -3.08639 0.575466 0.182243
-15.4957 -2.82378 0.568437 0.135705
-15.4957 -2.82378 0.568437 0.135705
-15.6365 -3.07168 0.567079 0.0665936
-15.8179 -2.96211 0.575822 0.153029
-15.8179 -2.96211 0.575822 0.153029
-15.8179 -2.96211 0.575822 0.153029
-15.864 -2.9958 0.575619 0.091418
-15.7067 -3.08639 0.575466 0.182243
-15.7388 -2.71406 0.564085 0.0172574
-15.8034 -2.92513 0.582441 0.00739343
-15.8179 -2.96211 0.575822 0.153029
-15.7067 -3.08639 0.575466 0.182243
-15.7067 -3.08639 0.575466 0.182243
-15.4957 -2.82378 0.568437 0.135705
-15.6365 -3.07168 0.567079 0.0665936
-15.6365 -3.07168 0.567079 0.0665936
-15.8179 -2.96211 0.575822 0.153029
-15.7067 -3.08639 0.575466 0.182243
-15.4957 -2.82378 0.568437 0.135705
-15.8179 -2.96211 0.575822 0.153029
-15.864 -2.9958 0.575619 0.091418
-15.6836 -2.97395 0.564055 0.0411974
-15.8074 -2.88619 0.57694 0.0807022
-15.4957 -2.82378 0.568437 0.135705
-15.6365 -3.07168 0.567079 0.0665936
-15.8179 -2.96211 0.575822 0.153029
-15.6836 -2.97395 0.564055 0.0411974
-15.6836 -2.97395 0.564055 0.0411974
-15.7067 -3.08639 0.575466 0.182243
-15.9131 -2.95561 0.574244 0.0404569
-15.6365 -3.07168 0.567079 0.0665936
-15.8179 -2.96211 0.575822 0.153029
-15.6836 -2.97395 0.564055 0.0411974
-15.7067 -3.08639 0.575466 0.182243
-15.9131 -2.95561 0.574244 0.0404569
-15.8179 -2.96211 0.575822 0.153029
-15.6836 -2.97395 0.564055 0.0411974
-15.9131 -2.95561 0.574244 0.0404569
-15.8179 -2.96211 0.575822 0.153029
-15.7944 -2.705 0.571353 0.0197791
-15.864 -2.9958 0.575619 0.091418
-15.8074 -2.88619 0.57694 0.0807022
-15.6365 -3.07168 0.567079 0.0665936
-15.4558 -2.77904 0.569186 0.0464896
-15.8179 -2.96211 0.575822 0.153029
-15.6836 -2.97395 0.564055 0.0411974
-15.4957 -2.82378 0.568437 0.135705
-15.6365 -3.07168 0.567079 0.0665936
-15.7366 -2.93412 0.579919 0.0420139
-15.7067 -3.08639 0.575466 0.182243
-15.8074 -2.88619 0.57694 0.0807022
-15.9131 -2.95561 0.574244 0.0404569
-15.4957 -2.82378 0.568437 0.135705
-15.4558 -2.77904 0.569186 0.0464896
-15.864 -2.9958 0.575619 0.091418
-15.7067 -3.08639 0.575466 0.182243
-15.6365 -3.07168 0.567079 0.0665936
-15.8179 -2.96211 0.575822 0.153029
-15.7067 -3.08639 0.575466 0.182243
-15.7067 -3.08639 0.575466 0.182243
-15.4957 -2.82378 0.568437 0.135705
-15.4957 -2.82378 0.568437 0.135705
-15.8179 -2.96211 0.575822 0.153029
-15.603 -3.16445 0.568029 0.0155743
-15.7067 -3.08639 0.575466 0.182243
-15.8074 -2.88619 0.57694 0.0807022
-15.4957 -2.82378 0.568437 0.135705
-15.8179 -2.96211 0.575822 0.153029
-15.6836 -2.97395 0.564055 0.0411974
-15.8074 -2.88619 0.57694 0.0807022
-15.9131 -2.95561 0.574244 0.0404569
-15.6365 -3.07168 0.567079 0.0665936
-15.6365 -3.07168 0.567079 0.0665936
-15.4558 -2.77904 0.569186 0.0464896
-15.7366 -2.93412 0.579919 0.0420139
-15.7067 -3.08639 0.575466 0.182243
-15.9131 -2.95561 0.574244 0.0404569
-15.8179 -2.96211 0.575822 0.153029
-15.7366 -2.93412 0.579919 0.0420139
-15.864 -2.9958 0.575619 0.091418
-15.8074 -2.88619 0.57694 0.0807022
-15.9131 -2.95561 0.574244 0.0404569
-15.6365 -3.07168 0.567079 0.0665936
-15.8179 -2.96211 0.575822 0.153029
-15.8179 -2.96211 0.575822 0.153029
-15.8179 -2.96211 0.575822 0.153029
-15.8179 -2.96211 0.575822 0.153029
-15.7366 -2.93412 0.579919 0.0420139
-15.603 -3.16445 0.568029 0.0155743
-15.8074 -2.88619 0.57694 0.0807022
-15.4558 -2.77904 0.569186 0.0464896
-15.8179 -2.96211 0.575822 0.153029
-15.9306 -2.84105 0.572183 0.0133472
-15.4957 -2.82378 0.568437 0.135705
-15.4957 -2.82378 0.568437 0.135705
