39.234 -74.2624 3.9286 0.232941
39.2046 -74.3318 3.92815 0.227617
39.0403 -74.32 3.92305 0.191555
39.0553 -74.2154 3.91948 0.0510311
39.234 -74.2624 3.9286 0.232941
39.234 -74.2624 3.9286 0.232941
39.2046 -74.3318 3.92815 0.227617
39.0266 -74.2657 3.92741 0.151156
39.0553 -74.2154 3.91948 0.0510311
39.0553 -74.2154 3.91948 0.0510311
39.2046 -74.3318 3.92815 0.227617
39.2046 -74.3318 3.92815 0.227617
39.0266 -74.2657 3.92741 0.151156
39.234 -74.2624 3.9286 0.232941
39.2046 -74.3318 3.92815 0.227617
39.0403 -74.32 3.92305 0.191555
39.0266 -74.2657 3.92741 0.151156
39.0266 -74.2657 3.92741 0.151156
38.7625 -74.415 3.91903 0.000842476
39.234 -74.2624 3.9286 0.232941
39.0403 -74.32 3.92305 0.191555
39.0266 -74.2657 3.92741 0.151156
39.0553 -74.2154 3.91948 0.0510311
39.234 -74.2624 3.9286 0.232941
39.2261 -74.4169 3.92618 0.0691966
39.0403 -74.32 3.92305 0.191555
39.234 -74.2624 3.9286 0.232941
39.2261 -74.4169 3.92618 0.0691966
39.0403 -74.32 3.92305 0.191555
39.0553 -74.2154 3.91948 0.0510311
39.234 -74.2624 3.9286 0.232941
39.2261 -74.4169 3.92618 0.0691966
39.0403 -74.32 3.92305 0.191555
39.0266 -74.2657 3.92741 0.151156
39.0891 -74.3016 3.91909 0.030324
39.0553 -74.2154 3.91948 0.0510311
39.234 -74.2624 3.9286 0.232941
38.8301 -74.0653 3.92571 0.000710059
39.2046 -74.3318 3.92815 0.227617
39.2046 -74.3318 3.92815 0.227617
39.0266 -74.2657 3.92741 0.151156
39.234 -74.2624 3.9286 0.232941
39.2046 -74.3318 3.92815 0.227617
39.0266 -74.2657 3.92741 0.151156
39.0255 -74.1912 3.91399 0.000479368
39.2261 -74.4169 3.92618 0.0691966
39.0403 -74.32 3.92305 0.191555
39.0553 -74.2154 3.91948 0.0510311
39.234 -74.2624 3.9286 0.232941
39.234 -74.2624 3.9286 0.232941
38.8106 -74.2577 3.91673 0.00391578
39.2046 -74.3318 3.92815 0.227617
39.0403 -74.32 3.92305 0.191555
39.0891 -74.3016 3.91909 0.030324
39.234 -74.2624 3.9286 0.232941
39.2046 -74.3318 3.92815 0.227617
39.0403 -74.32 3.92305 0.191555
39.0403 -74.32 3.92305 0.191555
39.0266 -74.2657 3.92741 0.151156
39.234 -74.2624 3.9286 0.232941
39.2261 -74.4169 3.92618 0.0691966
39.0403 -74.32 3.92305 0.191555
39.0266 -74.2657 3.92741 0.151156
39.234 -74.2624 3.9286 0.232941
39.234 -74.2624 3.9286 0.232941
39.2046 -74.3318 3.92815 0.227617
39.0403 -74.32 3.92305 0.191555
39.0266 -74.2657 3.92741 0.151156
39.234 -74.2624 3.9286 0.232941
39.0403 -74.32 3.92305 0.191555
39.234 -74.2624 3.9286 0.232941
38.8426 -74.4377 3.9192 0.00286679
39.2046 -74.3318 3.92815 0.227617
39.0553 -74.2154 3.91948 0.0510311
39.234 -74.2624 3.9286 0.232941
39.0403 -74.32 3.92305 0.191555
39.0266 -74.2657 3.92741 0.151156
39.0891 -74.3016 3.91909 0.030324
38.8426 -74.4377 3.9192 0.00286679
39.2261 -74.4169 3.92618 0.0691966
39.2046 -74.3318 3.92815 0.227617
39.2046 -74.3318 3.92815 0.227617
39.0403 -74.32 3.92305 0.191555
39.0266 -74.2657 3.92741 0.151156
39.0553 -74.2154 3.91948 0.0510311
39.234 -74.2624 3.9286 0.232941
39.2046 -74.3318 3.92815 0.227617
39.0266 -74.2657 3.92741 0.151156
39.0891 -74.3016 3.91909 0.030324
39.2046 -74.3318 3.92815 0.227617
39.2046 -74.3318 3.92815 0.227617
39.0266 -74.2657 3.92741 0.151156
39.234 -74.2624 3.9286 0.232941
39.2046 -74.3318 3.92815 0.227617
39.0403 -74.32 3.92305 0.191555
39.0266 -74.2657 3.92741 0.151156
39.234 -74.2624 3.9286 0.232941
39.2046 -74.3318 3.92815 0.227617
39.0266 -74.2657 3.92741 0.151156
39.0553 -74.2154 3.91948 0.0510311
