-19.767 -5.74622 0.674351 0.0282278
-20.0376 -5.80147 0.668017 0.276251
-20.0376 -5.80147 0.668017 0.276251
-19.8713 -5.76923 0.665543 0.134895
-20.0376 -5.80147 0.668017 0.276251
-19.9528 -5.62049 0.658737 0.00634723
-20.099 -5.66513 0.676774 0.0581345
-20.099 -5.66513 0.676774 0.0581345
-19.8487 -5.56818 0.672468 0.0283323
-20.1293 -5.66615 0.673927 0.129995
-20.213 -5.67407 0.673616 0.0463371
-20.0307 -6.08646 0.675146 0.0244828
-20.1293 -5.66615 0.673927 0.129995
-20.0376 -5.80147 0.668017 0.276251
-20.0376 -5.80147 0.668017 0.276251
-19.8713 -5.76923 0.665543 0.134895
-20.1805 -6.1094 0.673767 0.00280941
-19.9298 -5.49674 0.672327 0.0136417
-19.8713 -5.76923 0.665543 0.134895
-20.0376 -5.80147 0.668017 0.276251
-20.2661 -5.81252 0.675736 0.0330297
-19.8713 -5.76923 0.665543 0.134895
-20.1293 -5.66615 0.673927 0.129995
-20.0307 -6.08646 0.675146 0.0244828
-20.1293 -5.66615 0.673927 0.129995
-20.0376 -5.80147 0.668017 0.276251
-20.0461 -5.91305 0.682117 0.0343046
-20.099 -5.66513 0.676774 0.0581345
-19.8713 -5.76923 0.665543 0.134895
-19.767 -5.74622 0.674351 0.0282278
-20.0307 -6.08646 0.675146 0.0244828
-19.8713 -5.76923 0.665543 0.134895
-20.0376 -5.80147 0.668017 0.276251
-20.0376 -5.80147 0.668017 0.276251
-19.8501 -5.88747 0.667429 0.0572621
-19.8487 -5.56818 0.672468 0.0283323
-20.1293 -5.66615 0.673927 0.129995
-20.0376 -5.80147 0.668017 0.276251
-20.0376 -5.80147 0.668017 0.276251
-20.099 -5.66513 0.676774 0.0581345
-19.8713 -5.76923 0.665543 0.134895
-20.0376 -5.80147 0.668017 0.276251
-20.0376 -5.80147 0.668017 0.276251
-19.8713 -5.76923 0.665543 0.134895
-20.0376 -5.80147 0.668017 0.276251
-20.1948 -5.62396 0.6715 0.0429042
-20.1293 -5.66615 0.673927 0.129995
-20.1293 -5.66615 0.673927 0.129995
-19.767 -5.74622 0.674351 0.0282278
-20.0376 -5.80147 0.668017 0.276251
-20.0307 -6.08646 0.675146 0.0244828
-20.1948 -5.62396 0.6715 0.0429042
-19.8501 -5.88747 0.667429 0.0572621
-20.1376 -5.75863 0.684015 0.00156706
-20.1948 -5.62396 0.6715 0.0429042
-20.099 -5.66513 0.676774 0.0581345
-19.8713 -5.76923 0.665543 0.134895
-20.0376 -5.80147 0.668017 0.276251
-20.0307 -6.08646 0.675146 0.0244828
-19.8713 -5.76923 0.665543 0.134895
-19.8713 -5.76923 0.665543 0.134895
-19.8713 -5.76923 0.665543 0.134895
-19.767 -5.74622 0.674351 0.0282278
-20.0376 -5.80147 0.668017 0.276251
-20.099 -5.66513 0.676774 0.0581345
-20.0675 -6.03498 0.682294 0.0218419
-20.0376 -5.80147 0.668017 0.276251
-20.099 -5.66513 0.676774 0.0581345
-19.8713 -5.76923 0.665543 0.134895
-20.0376 -5.80147 0.668017 0.276251
-20.0461 -5.91305 0.682117 0.0343046
-20.1293 -5.66615 0.673927 0.129995
-20.0376 -5.80147 0.668017 0.276251
-19.8713 -5.76923 0.665543 0.134895
-20.0376 -5.80147 0.668017 0.276251
-20.099 -5.66513 0.676774 0.0581345
-19.767 -5.74622 0.674351 0.0282278
-19.8501 -5.88747 0.667429 0.0572621
-20.213 -5.67407 0.673616 0.0463371
-19.8501 -5.88747 0.667429 0.0572621
-20.213 -5.67407 0.673616 0.0463371
-19.8501 -5.88747 0.667429 0.0572621
-20.213 -5.67407 0.673616 0.0463371
-20.0376 -5.80147 0.668017 0.276251
-20.0376 -5.80147 0.668017 0.276251
-20.0461 -5.91305 0.682117 0.0343046
-20.1293 -5.66615 0.673927 0.129995
-20.0376 -5.80147 0.668017 0.276251
-19.6847 -5.82891 0.674225 0.00430757
-20.2661 -5.81252 0.675736 0.0330297
-20.1293 -5.66615 0.673927 0.129995
-20.0376 -5.80147 0.668017 0.276251
-20.0376 -5.80147 0.668017 0.276251
-19.8713 -5.76923 0.665543 0.134895
-20.0376 -5.80147 0.668017 0.276251
-20.0376 -5.80147 0.668017 0.276251
-20.0461 -5.91305 0.682117 0.0343046
-19.8143 -6.21521 0.674657 7.91383e-05
-19.8713 -5.76923 0.665543 0.134895
-20.1293 -5.66615 0.673927 0.129995
