209.837 25.7646 0.0781198 0.0931312
210.137 25.6084 0.0705209 0.163407
210.026 25.7072 0.070623 0.330804
210.079 25.7602 0.0671888 0.0573619
210.026 25.7072 0.070623 0.330804
210.026 25.7072 0.070623 0.330804
209.975 25.9481 0.0728502 0.0104777
210.049 25.4374 0.0682673 0.0709199
210.026 25.7072 0.070623 0.330804
210.137 25.6084 0.0705209 0.163407
210.137 25.6084 0.0705209 0.163407
210.026 25.7072 0.070623 0.330804
210.137 25.6084 0.0705209 0.163407
209.882 25.7592 0.0688082 0.101868
210.17 25.8228 0.070065 0.0194117
210.026 25.7072 0.070623 0.330804
209.837 25.7646 0.0781198 0.0931312
210.026 25.7072 0.070623 0.330804
210.079 25.7602 0.0671888 0.0573619
210.026 25.7072 0.070623 0.330804
209.882 25.7592 0.0688082 0.101868
209.68 25.5008 0.0701226 0.0101157
210.026 25.7072 0.070623 0.330804
210.17 25.8228 0.070065 0.0194117
209.68 25.5008 0.0701226 0.0101157
210.026 25.7072 0.070623 0.330804
210.137 25.6084 0.0705209 0.163407
210.137 25.6084 0.0705209 0.163407
210.137 25.6084 0.0705209 0.163407
209.68 25.5008 0.0701226 0.0101157
210.026 25.7072 0.070623 0.330804
210.17 25.8228 0.070065 0.0194117
209.837 25.7646 0.0781198 0.0931312
210.137 25.6084 0.0705209 0.163407
210.155 25.4664 0.0784231 0.00590429
209.882 25.7592 0.0688082 0.101868
210.079 25.7602 0.0671888 0.0573619
210.155 25.4664 0.0784231 0.00590429
210.17 25.8228 0.070065 0.0194117
210.026 25.7072 0.070623 0.330804
210.079 25.7602 0.0671888 0.0573619
210.026 25.7072 0.070623 0.330804
210.026 25.7072 0.070623 0.330804
209.96 25.8822 0.071828 0.0432001
210.026 25.7072 0.070623 0.330804
210.026 25.7072 0.070623 0.330804
210.137 25.6084 0.0705209 0.163407
209.882 25.7592 0.0688082 0.101868
209.837 25.7646 0.0781198 0.0931312
209.837 25.7646 0.0781198 0.0931312
209.837 25.7646 0.0781198 0.0931312
210.026 25.7072 0.070623 0.330804
210.137 25.6084 0.0705209 0.163407
210.026 25.7072 0.070623 0.330804
210.026 25.7072 0.070623 0.330804
210.026 25.7072 0.070623 0.330804
210.137 25.6084 0.0705209 0.163407
209.882 25.7592 0.0688082 0.101868
210.079 25.7602 0.0671888 0.0573619
210.026 25.7072 0.070623 0.330804
210.137 25.6084 0.0705209 0.163407
210.049 25.4374 0.0682673 0.0709199
210.026 25.7072 0.070623 0.330804
210.17 25.8228 0.070065 0.0194117
210.049 25.4374 0.0682673 0.0709199
209.966 25.288 0.0759995 0.00384045
210.137 25.6084 0.0705209 0.163407
209.837 25.7646 0.0781198 0.0931312
210.026 25.7072 0.070623 0.330804
209.882 25.7592 0.0688082 0.101868
210.049 25.4374 0.0682673 0.0709199
210.026 25.7072 0.070623 0.330804
210.137 25.6084 0.0705209 0.163407
209.882 25.7592 0.0688082 0.101868
210.079 25.7602 0.0671888 0.0573619
210.049 25.4374 0.0682673 0.0709199
210.026 25.7072 0.070623 0.330804
209.96 25.8822 0.071828 0.0432001
209.96 25.8822 0.071828 0.0432001
210.049 25.4374 0.0682673 0.0709199
210.137 25.6084 0.0705209 0.163407
210.049 25.4374 0.0682673 0.0709199
210.026 25.7072 0.070623 0.330804
210.026 25.7072 0.070623 0.330804
210.17 25.8228 0.070065 0.0194117
209.68 25.5008 0.0701226 0.0101157
209.882 25.7592 0.0688082 0.101868
209.837 25.7646 0.0781198 0.0931312
210.026 25.7072 0.070623 0.330804
210.049 25.4374 0.0682673 0.0709199
210.026 25.7072 0.070623 0.330804
210.137 25.6084 0.0705209 0.163407
210.17 25.8228 0.070065 0.0194117
210.026 25.7072 0.070623 0.330804
210.026 25.7072 0.070623 0.330804
210.137 25.6084 0.0705209 0.163407
210.137 25.6084 0.0705209 0.163407
210.137 25.6084 0.0705209 0.163407
209.882 25.7592 0.0688082 0.101868
210.026 25.7072 0.070623 0.330804
