212.187 -11.0377 3.01474 0.20797
212.14 -10.8688 3.01304 0.253167
212.446 -10.7768 3.02134 0.00362032
212.187 -11.0377 3.01474 0.20797
212.14 -10.8688 3.01304 0.253167
212.278 -10.7111 3.01312 0.0329618
212.187 -11.0377 3.01474 0.20797
212.005 -11.0649 3.00984 0.151213
212.005 -11.0649 3.00984 0.151213
212.14 -10.8688 3.01304 0.253167
212.004 -11.1641 3.01339 0.0266465
212.187 -11.0377 3.01474 0.20797
212.14 -10.8688 3.01304 0.253167
212.416 -10.7118 3.01875 0.0052704
212.028 -10.8894 3.00244 0.0168875
212.187 -11.0377 3.01474 0.20797
212.005 -11.0649 3.00984 0.151213
212.145 -10.8894 3.00431 0.026921
212.187 -11.0377 3.01474 0.20797
212.187 -11.0377 3.01474 0.20797
212.14 -10.8688 3.01304 0.253167
212.14 -10.8688 3.01304 0.253167
212.14 -10.8688 3.01304 0.253167
212.14 -10.8688 3.01304 0.253167
212.145 -10.8894 3.00431 0.026921
212.311 -11.0075 3.01759 0.0962856
212.14 -10.8688 3.01304 0.253167
212.14 -10.8688 3.01304 0.253167
211.969 -11.1683 3.00568 0.0217273
212.311 -11.0075 3.01759 0.0962856
212.311 -11.0075 3.01759 0.0962856
212.187 -11.0377 3.01474 0.20797
212.187 -11.0377 3.01474 0.20797
212.187 -11.0377 3.01474 0.20797
212.14 -10.8688 3.01304 0.253167
212.311 -11.0075 3.01759 0.0962856
212.311 -11.0075 3.01759 0.0962856
212.005 -11.0649 3.00984 0.151213
211.99 -10.7759 3.00277 0.00960633
212.005 -11.0649 3.00984 0.151213
212.406 -11.0365 3.0125 0.0426134
211.99 -10.7759 3.00277 0.00960633
212.005 -11.0649 3.00984 0.151213
212.028 -10.8894 3.00244 0.0168875
212.351 -10.7781 3.01747 0.0311463
212.311 -11.0075 3.01759 0.0962856
212.606 -10.9102 3.01764 0.00238149
212.187 -11.0377 3.01474 0.20797
212.187 -11.0377 3.01474 0.20797
212.14 -10.8688 3.01304 0.253167
212.406 -11.0365 3.0125 0.0426134
212.006 -11.1108 3.00348 0.0170649
212.606 -10.9102 3.01764 0.00238149
212.14 -10.8688 3.01304 0.253167
212.14 -10.8688 3.01304 0.253167
212.311 -11.0075 3.01759 0.0962856
212.14 -10.8688 3.01304 0.253167
212.351 -10.7781 3.01747 0.0311463
212.005 -11.0649 3.00984 0.151213
212.14 -10.8688 3.01304 0.253167
212.028 -10.8894 3.00244 0.0168875
212.145 -10.8894 3.00431 0.026921
212.187 -11.0377 3.01474 0.20797
212.005 -11.0649 3.00984 0.151213
212.14 -10.8688 3.01304 0.253167
212.14 -10.8688 3.01304 0.253167
212.187 -11.0377 3.01474 0.20797
212.005 -11.0649 3.00984 0.151213
212.14 -10.8688 3.01304 0.253167
212.311 -11.0075 3.01759 0.0962856
212.005 -11.0649 3.00984 0.151213
212.14 -10.8688 3.01304 0.253167
212.278 -10.7111 3.01312 0.0329618
212.311 -11.0075 3.01759 0.0962856
212.005 -11.0649 3.00984 0.151213
212.14 -10.8688 3.01304 0.253167
212.145 -10.8894 3.00431 0.026921
212.351 -10.7781 3.01747 0.0311463
212.187 -11.0377 3.01474 0.20797
212.005 -11.0649 3.00984 0.151213
212.005 -11.0649 3.00984 0.151213
212.14 -10.8688 3.01304 0.253167
212.187 -11.0377 3.01474 0.20797
212.14 -10.8688 3.01304 0.253167
212.14 -10.8688 3.01304 0.253167
212.14 -10.8688 3.01304 0.253167
212.187 -11.0377 3.01474 0.20797
212.005 -11.0649 3.00984 0.151213
212.278 -10.7111 3.01312 0.0329618
212.311 -11.0075 3.01759 0.0962856
212.311 -11.0075 3.01759 0.0962856
212.14 -10.8688 3.01304 0.253167
212.351 -10.7781 3.01747 0.0311463
212.005 -11.0649 3.00984 0.151213
212.14 -10.8688 3.01304 0.253167
212.042 -10.7127 3.00133 0.00115355
212.406 -11.0365 3.0125 0.0426134
212.311 -11.0075 3.01759 0.0962856
212.005 -11.0649 3.00984 0.151213
212.14 -10.8688 3.01304 0.253167
