37.2174 9.81755 0.197537 0.117351
37.312 9.95638 0.198215 0.62278
37.312 9.95638 0.198215 0.62278
37.312 9.95638 0.198215 0.62278
37.2174 9.81755 0.197537 0.117351
37.312 9.95638 0.198215 0.62278
37.312 9.95638 0.198215 0.62278
37.312 9.95638 0.198215 0.62278
37.4842 9.81455 0.192835 0.0364637
37.4842 9.81455 0.192835 0.0364637
37.4708 9.9564 0.19206 0.11383
37.2174 9.81755 0.197537 0.117351
37.2174 9.81755 0.197537 0.117351
37.312 9.95638 0.198215 0.62278
37.312 9.95638 0.198215 0.62278
37.312 9.95638 0.198215 0.62278
37.312 9.95638 0.198215 0.62278
37.312 9.95638 0.198215 0.62278
37.312 9.95638 0.198215 0.62278
37.2174 9.81755 0.197537 0.117351
37.312 9.95638 0.198215 0.62278
37.2174 9.81755 0.197537 0.117351
37.312 9.95638 0.198215 0.62278
37.312 9.95638 0.198215 0.62278
37.5558 9.9417 0.193663 0.0519248
37.4842 9.81455 0.192835 0.0364637
37.312 9.95638 0.198215 0.62278
37.312 9.95638 0.198215 0.62278
37.5558 9.9417 0.193663 0.0519248
37.3618 10.1619 0.203537 0.00853835
37.2174 9.81755 0.197537 0.117351
37.312 9.95638 0.198215 0.62278
37.312 9.95638 0.198215 0.62278
37.4708 9.9564 0.19206 0.11383
37.5558 9.9417 0.193663 0.0519248
37.5558 9.9417 0.193663 0.0519248
37.4842 9.81455 0.192835 0.0364637
37.312 9.95638 0.198215 0.62278
37.312 9.95638 0.198215 0.62278
37.312 9.95638 0.198215 0.62278
37.312 9.95638 0.198215 0.62278
37.312 9.95638 0.198215 0.62278
37.312 9.95638 0.198215 0.62278
37.5558 9.9417 0.193663 0.0519248
37.312 9.95638 0.198215 0.62278
37.2174 9.81755 0.197537 0.117351
37.4708 9.9564 0.19206 0.11383
37.312 9.95638 0.198215 0.62278
37.4708 9.9564 0.19206 0.11383
37.5558 9.9417 0.193663 0.0519248
37.312 9.95638 0.198215 0.62278
37.312 9.95638 0.198215 0.62278
37.312 9.95638 0.198215 0.62278
37.2174 9.81755 0.197537 0.117351
37.312 9.95638 0.198215 0.62278
37.312 9.95638 0.198215 0.62278
37.312 9.95638 0.198215 0.62278
37.312 9.95638 0.198215 0.62278
37.312 9.95638 0.198215 0.62278
37.312 9.95638 0.198215 0.62278
37.312 9.95638 0.198215 0.62278
37.312 9.95638 0.198215 0.62278
37.312 9.95638 0.198215 0.62278
37.4708 9.9564 0.19206 0.11383
37.4708 9.9564 0.19206 0.11383
37.312 9.95638 0.198215 0.62278
37.312 9.95638 0.198215 0.62278
37.312 9.95638 0.198215 0.62278
37.4708 9.9564 0.19206 0.11383
37.312 9.95638 0.198215 0.62278
37.312 9.95638 0.198215 0.62278
37.2174 9.81755 0.197537 0.117351
37.312 9.95638 0.198215 0.62278
37.2174 9.81755 0.197537 0.117351
37.312 9.95638 0.198215 0.62278
37.312 9.95638 0.198215 0.62278
37.312 9.95638 0.198215 0.62278
37.312 9.95638 0.198215 0.62278
37.312 9.95638 0.198215 0.62278
37.4708 9.9564 0.19206 0.11383
37.4708 9.9564 0.19206 0.11383
37.4708 9.9564 0.19206 0.11383
37.2174 9.81755 0.197537 0.117351
37.312 9.95638 0.198215 0.62278
37.312 9.95638 0.198215 0.62278
37.312 9.95638 0.198215 0.62278
37.312 9.95638 0.198215 0.62278
37.312 9.95638 0.198215 0.62278
37.312 9.95638 0.198215 0.62278
37.4842 9.81455 0.192835 0.0364637
37.312 9.95638 0.198215 0.62278
37.312 9.95638 0.198215 0.62278
37.5289 9.77715 0.194824 0.0117844
37.4065 9.72251 0.192191 0.00668619
37.312 9.95638 0.198215 0.62278
37.2174 9.81755 0.197537 0.117351
37.312 9.95638 0.198215 0.62278
37.312 9.95638 0.198215 0.62278
37.2174 9.81755 0.197537 0.117351
37.2174 9.81755 0.197537 0.117351
