87.1729 -33.2354 3.58237 0.347959
87.2042 -33.2548 3.58432 0.308442
87.1729 -33.2354 3.58237 0.347959
87.2042 -33.2548 3.58432 0.308442
87.2042 -33.2548 3.58432 0.308442
87.152 -33.4191 3.57621 0.0323826
87.1729 -33.2354 3.58237 0.347959
87.1729 -33.2354 3.58237 0.347959
87.3763 -33.1017 3.58683 0.134073
87.2042 -33.2548 3.58432 0.308442
87.3763 -33.1017 3.58683 0.134073
87.2042 -33.2548 3.58432 0.308442
87.3763 -33.1017 3.58683 0.134073
87.1729 -33.2354 3.58237 0.347959
87.2042 -33.2548 3.58432 0.308442
87.1729 -33.2354 3.58237 0.347959
87.2042 -33.2548 3.58432 0.308442
87.1729 -33.2354 3.58237 0.347959
87.2042 -33.2548 3.58432 0.308442
87.1729 -33.2354 3.58237 0.347959
87.2042 -33.2548 3.58432 0.308442
87.1729 -33.2354 3.58237 0.347959
87.2042 -33.2548 3.58432 0.308442
87.1729 -33.2354 3.58237 0.347959
87.2017 -32.901 3.58554 0.0150368
87.2042 -33.2548 3.58432 0.308442
87.2042 -33.2548 3.58432 0.308442
87.2042 -33.2548 3.58432 0.308442
87.152 -33.4191 3.57621 0.0323826
87.1907 -33.0665 3.57692 0.00320979
87.2042 -33.2548 3.58432 0.308442
87.2185 -33.3307 3.5868 0.0328484
87.2042 -33.2548 3.58432 0.308442
87.2042 -33.2548 3.58432 0.308442
87.152 -33.4191 3.57621 0.0323826
87.2042 -33.2548 3.58432 0.308442
87.1729 -33.2354 3.58237 0.347959
87.1729 -33.2354 3.58237 0.347959
87.2042 -33.2548 3.58432 0.308442
87.1488 -32.9618 3.58643 0.0319514
87.2042 -33.2548 3.58432 0.308442
87.2042 -33.2548 3.58432 0.308442
87.21 -33.1017 3.57751 0.015193
87.2042 -33.2548 3.58432 0.308442
87.1729 -33.2354 3.58237 0.347959
87.1729 -33.2354 3.58237 0.347959
87.3763 -33.1017 3.58683 0.134073
87.2042 -33.2548 3.58432 0.308442
87.2042 -33.2548 3.58432 0.308442
87.2042 -33.2548 3.58432 0.308442
87.2042 -33.2548 3.58432 0.308442
87.1685 -33.4859 3.58454 0.0041465
87.2185 -33.3307 3.5868 0.0328484
87.2017 -32.901 3.58554 0.0150368
87.1488 -32.9618 3.58643 0.0319514
87.2042 -33.2548 3.58432 0.308442
87.0149 -33.1135 3.5846 0.0167759
87.2185 -33.3307 3.5868 0.0328484
87.2042 -33.2548 3.58432 0.308442
87.2042 -33.2548 3.58432 0.308442
87.1729 -33.2354 3.58237 0.347959
87.1729 -33.2354 3.58237 0.347959
87.2017 -32.901 3.58554 0.0150368
87.2017 -32.901 3.58554 0.0150368
87.2042 -33.2548 3.58432 0.308442
87.1488 -32.9618 3.58643 0.0319514
87.3256 -33.3575 3.58662 0.0237079
87.2042 -33.2548 3.58432 0.308442
87.2042 -33.2548 3.58432 0.308442
87.1729 -33.2354 3.58237 0.347959
87.2042 -33.2548 3.58432 0.308442
87.1729 -33.2354 3.58237 0.347959
87.2017 -32.901 3.58554 0.0150368
87.2042 -33.2548 3.58432 0.308442
87.2042 -33.2548 3.58432 0.308442
87.3763 -33.1017 3.58683 0.134073
87.1729 -33.2354 3.58237 0.347959
87.2042 -33.2548 3.58432 0.308442
87.2185 -33.3307 3.5868 0.0328484
87.1729 -33.2354 3.58237 0.347959
87.2042 -33.2548 3.58432 0.308442
87.3763 -33.1017 3.58683 0.134073
87.1729 -33.2354 3.58237 0.347959
87.3763 -33.1017 3.58683 0.134073
87.1729 -33.2354 3.58237 0.347959
87.3763 -33.1017 3.58683 0.134073
87.1488 -32.9618 3.58643 0.0319514
87.2042 -33.2548 3.58432 0.308442
87.0149 -33.1135 3.5846 0.0167759
87.3256 -33.3575 3.58662 0.0237079
87.1729 -33.2354 3.58237 0.347959
87.1729 -33.2354 3.58237 0.347959
87.0288 -33.5212 3.57579 0.000898016
87.3763 -33.1017 3.58683 0.134073
87.1729 -33.2354 3.58237 0.347959
87.1488 -32.9618 3.58643 0.0319514
87.2042 -33.2548 3.58432 0.308442
87.3763 -33.1017 3.58683 0.134073
87.2042 -33.2548 3.58432 0.308442
87.2042 -33.2548 3.58432 0.308442
