264.916 27.1364 5.99902 0.399297
264.916 27.1364 5.99902 0.399297
264.865 27.1862 5.9958 0.400377
264.916 27.1364 5.99902 0.399297
264.916 27.1364 5.99902 0.399297
264.865 27.1862 5.9958 0.400377
264.916 27.1364 5.99902 0.399297
264.865 27.1862 5.9958 0.400377
264.916 27.1364 5.99902 0.399297
264.916 27.1364 5.99902 0.399297
264.865 27.1862 5.9958 0.400377
264.916 27.1364 5.99902 0.399297
264.865 27.1862 5.9958 0.400377
264.987 27.2056 6.00264 0.0986974
264.865 27.1862 5.9958 0.400377
264.921 27.4551 6.00853 0.00075238
264.916 27.1364 5.99902 0.399297
265.057 27.3077 5.99555 0.0288756
264.865 27.1862 5.9958 0.400377
264.916 27.1364 5.99902 0.399297
265.012 27.3006 5.99106 0.0300279
264.916 27.1364 5.99902 0.399297
265.125 27.3804 5.99961 0.00125323
264.916 27.1364 5.99902 0.399297
264.916 27.1364 5.99902 0.399297
264.916 27.1364 5.99902 0.399297
264.865 27.1862 5.9958 0.400377
264.987 27.2056 6.00264 0.0986974
264.916 27.1364 5.99902 0.399297
264.916 27.1364 5.99902 0.399297
264.865 27.1862 5.9958 0.400377
264.916 27.1364 5.99902 0.399297
264.865 27.1862 5.9958 0.400377
264.865 27.1862 5.9958 0.400377
264.916 27.1364 5.99902 0.399297
264.865 27.1862 5.9958 0.400377
264.916 27.1364 5.99902 0.399297
264.865 27.1862 5.9958 0.400377
264.865 27.1862 5.9958 0.400377
264.916 27.1364 5.99902 0.399297
264.865 27.1862 5.9958 0.400377
264.916 27.1364 5.99902 0.399297
264.916 27.1364 5.99902 0.399297
264.916 27.1364 5.99902 0.399297
264.865 27.1862 5.9958 0.400377
264.987 27.2056 6.00264 0.0986974
264.916 27.1364 5.99902 0.399297
264.916 27.1364 5.99902 0.399297
264.865 27.1862 5.9958 0.400377
264.916 27.1364 5.99902 0.399297
264.865 27.1862 5.9958 0.400377
264.865 27.1862 5.9958 0.400377
264.916 27.1364 5.99902 0.399297
265.024 26.9458 5.99479 0.00712521
264.865 27.1862 5.9958 0.400377
264.916 27.1364 5.99902 0.399297
264.865 27.1862 5.9958 0.400377
264.987 27.2056 6.00264 0.0986974
264.865 27.1862 5.9958 0.400377
265.012 27.3006 5.99106 0.0300279
264.865 27.1862 5.9958 0.400377
265.104 27.1648 6.00338 0.00492636
264.865 27.1862 5.9958 0.400377
264.916 27.1364 5.99902 0.399297
264.865 27.1862 5.9958 0.400377
264.865 27.1862 5.9958 0.400377
264.865 27.1862 5.9958 0.400377
264.916 27.1364 5.99902 0.399297
264.987 27.2056 6.00264 0.0986974
264.865 27.1862 5.9958 0.400377
264.916 27.1364 5.99902 0.399297
264.916 27.1364 5.99902 0.399297
265.09 27.3965 6.00309 0.000788757
264.865 27.1862 5.9958 0.400377
264.916 27.1364 5.99902 0.399297
264.865 27.1862 5.9958 0.400377
264.916 27.1364 5.99902 0.399297
264.865 27.1862 5.9958 0.400377
264.865 27.1862 5.9958 0.400377
264.865 27.1862 5.9958 0.400377
264.865 27.1862 5.9958 0.400377
264.865 27.1862 5.9958 0.400377
264.865 27.1862 5.9958 0.400377
264.916 27.1364 5.99902 0.399297
264.865 27.1862 5.9958 0.400377
264.865 27.1862 5.9958 0.400377
264.865 27.1862 5.9958 0.400377
264.916 27.1364 5.99902 0.399297
264.916 27.1364 5.99902 0.399297
264.865 27.1862 5.9958 0.400377
264.916 27.1364 5.99902 0.399297
264.865 27.1862 5.9958 0.400377
264.916 27.1364 5.99902 0.399297
264.865 27.1862 5.9958 0.400377
264.916 27.1364 5.99902 0.399297
264.916 27.1364 5.99902 0.399297
264.987 27.2056 6.00264 0.0986974
264.865 27.1862 5.9958 0.400377
265.125 27.3804 5.99961 0.00125323
264.865 27.1862 5.9958 0.400377
