143.363 -16.4063 3.36246 0.0523993
143.088 -16.5806 3.35434 0.0327266
143.658 -16.57 3.36264 0.00163817
143.422 -16.4961 3.3672 0.00352677
143.264 -16.3691 3.3503 0.0539789
143.264 -16.3691 3.3503 0.0539789
143.148 -16.4882 3.35331 0.0982618
143.148 -16.4882 3.35331 0.0982618
143.148 -16.4882 3.35331 0.0982618
143.148 -16.4882 3.35331 0.0982618
143.363 -16.4063 3.36246 0.0523993
143.31 -16.5761 3.35418 0.0493162
142.716 -16.4686 3.35504 5.80809e-05
143.149 -16.2754 3.3612 0.0209816
143.586 -16.4979 3.36303 0.00854005
143.264 -16.3691 3.3503 0.0539789
143.264 -16.3691 3.3503 0.0539789
143.223 -16.471 3.35848 0.0829275
143.223 -16.471 3.35848 0.0829275
143.022 -16.4506 3.35376 0.0443041
143.148 -16.4882 3.35331 0.0982618
143.293 -16.1835 3.35704 0.0507845
143.226 -16.4397 3.35769 0.113324
143.33 -16.1661 3.36463 0.0102013
143.149 -16.2754 3.3612 0.0209816
143.081 -16.52 3.35416 0.0531015
143.264 -16.3691 3.3503 0.0539789
143.148 -16.4882 3.35331 0.0982618
143.148 -16.4882 3.35331 0.0982618
143.148 -16.4882 3.35331 0.0982618
143.363 -16.4063 3.36246 0.0523993
143.31 -16.5761 3.35418 0.0493162
143.149 -16.2754 3.3612 0.0209816
143.149 -16.2754 3.3612 0.0209816
143.264 -16.3691 3.3503 0.0539789
143.223 -16.471 3.35848 0.0829275
143.022 -16.4506 3.35376 0.0443041
143.022 -16.4506 3.35376 0.0443041
143.489 -16.5007 3.3555 0.0226209
143.088 -16.5806 3.35434 0.0327266
143.422 -16.4961 3.3672 0.00352677
143.225 -16.2862 3.3599 0.0661669
143.225 -16.2862 3.3599 0.0661669
143.081 -16.52 3.35416 0.0531015
143.022 -16.4506 3.35376 0.0443041
143.489 -16.5007 3.3555 0.0226209
143.363 -16.4063 3.36246 0.0523993
143.226 -16.4397 3.35769 0.113324
143.088 -16.5806 3.35434 0.0327266
143.391 -16.2451 3.35177 0.0152086
143.343 -16.4095 3.34458 0.000901406
143.081 -16.52 3.35416 0.0531015
143.223 -16.471 3.35848 0.0829275
143.148 -16.4882 3.35331 0.0982618
143.363 -16.4063 3.36246 0.0523993
143.116 -16.5897 3.34322 0.00243366
143.397 -16.3728 3.35455 0.0701148
143.532 -16.3047 3.36269 0.0276907
143.081 -16.52 3.35416 0.0531015
143.223 -16.471 3.35848 0.0829275
143.223 -16.471 3.35848 0.0829275
143.022 -16.4506 3.35376 0.0443041
143.293 -16.1835 3.35704 0.0507845
143.489 -16.5007 3.3555 0.0226209
142.85 -16.4474 3.34781 0.00573237
143.397 -16.3728 3.35455 0.0701148
143.081 -16.52 3.35416 0.0531015
143.264 -16.3691 3.3503 0.0539789
143.022 -16.4506 3.35376 0.0443041
143.022 -16.4506 3.35376 0.0443041
143.582 -16.4302 3.35572 0.00751812
143.489 -16.5007 3.3555 0.0226209
143.088 -16.5806 3.35434 0.0327266
143.397 -16.3728 3.35455 0.0701148
143.081 -16.52 3.35416 0.0531015
143.081 -16.52 3.35416 0.0531015
143.223 -16.471 3.35848 0.0829275
143.022 -16.4506 3.35376 0.0443041
143.022 -16.4506 3.35376 0.0443041
143.293 -16.1835 3.35704 0.0507845
143.522 -16.4558 3.3561 0.0206622
143.363 -16.4063 3.36246 0.0523993
143.33 -16.1661 3.36463 0.0102013
143.31 -16.5761 3.35418 0.0493162
143.397 -16.3728 3.35455 0.0701148
143.225 -16.2862 3.3599 0.0661669
143.223 -16.471 3.35848 0.0829275
143.293 -16.1835 3.35704 0.0507845
143.489 -16.5007 3.3555 0.0226209
143.226 -16.4397 3.35769 0.113324
143.31 -16.5761 3.35418 0.0493162
142.955 -16.4543 3.35764 0.00534324
143.264 -16.3691 3.3503 0.0539789
143.223 -16.471 3.35848 0.0829275
143.293 -16.1835 3.35704 0.0507845
143.293 -16.1835 3.35704 0.0507845
143.363 -16.4063 3.36246 0.0523993
143.226 -16.4397 3.35769 0.113324
143.088 -16.5806 3.35434 0.0327266
142.955 -16.4543 3.35764 0.00534324
