124.138 -20.3677 3.39515 0.129148
124.121 -20.2178 3.39055 0.0672454
124.016 -20.1721 3.39728 0.0430203
123.941 -20.1481 3.38849 0.0652056
124.055 -20.4783 3.39428 0.0953395
124.159 -20.3676 3.39322 0.095562
123.965 -20.1588 3.39574 0.0568669
123.855 -20.1535 3.39008 0.0720347
124.016 -20.1721 3.39728 0.0430203
123.856 -20.1983 3.38867 0.0863709
124.13 -20.3967 3.40095 0.0194183
124.274 -20.2918 3.39883 0.0180758
123.967 -20.256 3.39622 0.106592
123.967 -20.256 3.39622 0.106592
123.985 -20.0634 3.39657 0.0107985
123.965 -20.1588 3.39574 0.0568669
124.138 -20.3677 3.39515 0.129148
124.016 -20.1721 3.39728 0.0430203
123.856 -20.1983 3.38867 0.0863709
124.274 -20.2918 3.39883 0.0180758
124.159 -20.3676 3.39322 0.095562
123.985 -20.0634 3.39657 0.0107985
123.855 -20.1535 3.39008 0.0720347
123.855 -20.1535 3.39008 0.0720347
124.138 -20.3677 3.39515 0.129148
124.016 -20.1721 3.39728 0.0430203
124.109 -20.2915 3.40088 0.0181449
124.055 -20.4783 3.39428 0.0953395
124.159 -20.3676 3.39322 0.095562
124.159 -20.3676 3.39322 0.095562
123.855 -20.1535 3.39008 0.0720347
124.121 -20.2178 3.39055 0.0672454
124.121 -20.2178 3.39055 0.0672454
123.856 -20.1983 3.38867 0.0863709
124.055 -20.4783 3.39428 0.0953395
124.159 -20.3676 3.39322 0.095562
124.159 -20.3676 3.39322 0.095562
123.965 -20.1588 3.39574 0.0568669
123.965 -20.1588 3.39574 0.0568669
123.855 -20.1535 3.39008 0.0720347
124.138 -20.3677 3.39515 0.129148
124.138 -20.3677 3.39515 0.129148
124.016 -20.1721 3.39728 0.0430203
123.856 -20.1983 3.38867 0.0863709
124.055 -20.4783 3.39428 0.0953395
123.967 -20.256 3.39622 0.106592
123.797 -20.4274 3.39529 0.0221946
124.138 -20.3677 3.39515 0.129148
124.138 -20.3677 3.39515 0.129148
124.121 -20.2178 3.39055 0.0672454
123.856 -20.1983 3.38867 0.0863709
124.055 -20.4783 3.39428 0.0953395
123.967 -20.256 3.39622 0.106592
123.967 -20.256 3.39622 0.106592
124.159 -20.3676 3.39322 0.095562
123.797 -20.4274 3.39529 0.0221946
124.138 -20.3677 3.39515 0.129148
124.138 -20.3677 3.39515 0.129148
124.121 -20.2178 3.39055 0.0672454
124.109 -20.2915 3.40088 0.0181449
123.967 -20.256 3.39622 0.106592
123.797 -20.4274 3.39529 0.0221946
123.965 -20.1588 3.39574 0.0568669
124.121 -20.2178 3.39055 0.0672454
123.941 -20.1481 3.38849 0.0652056
123.856 -20.1983 3.38867 0.0863709
124.055 -20.4783 3.39428 0.0953395
124.159 -20.3676 3.39322 0.095562
123.965 -20.1588 3.39574 0.0568669
124.138 -20.3677 3.39515 0.129148
124.138 -20.3677 3.39515 0.129148
123.941 -20.1481 3.38849 0.0652056
123.946 -20.2759 3.38579 0.0346572
123.822 -20.1922 3.39608 0.0167831
123.797 -20.4274 3.39529 0.0221946
123.965 -20.1588 3.39574 0.0568669
123.855 -20.1535 3.39008 0.0720347
124.138 -20.3677 3.39515 0.129148
124.121 -20.2178 3.39055 0.0672454
123.856 -20.1983 3.38867 0.0863709
124.055 -20.4783 3.39428 0.0953395
123.967 -20.256 3.39622 0.106592
123.967 -20.256 3.39622 0.106592
123.967 -20.256 3.39622 0.106592
124.159 -20.3676 3.39322 0.095562
123.965 -20.1588 3.39574 0.0568669
123.855 -20.1535 3.39008 0.0720347
123.86 -19.993 3.3917 0.00592143
123.856 -20.1983 3.38867 0.0863709
124.055 -20.4783 3.39428 0.0953395
123.822 -20.1922 3.39608 0.0167831
124.159 -20.3676 3.39322 0.095562
123.965 -20.1588 3.39574 0.0568669
123.855 -20.1535 3.39008 0.0720347
124.121 -20.2178 3.39055 0.0672454
123.856 -20.1983 3.38867 0.0863709
123.856 -20.1983 3.38867 0.0863709
124.055 -20.4783 3.39428 0.0953395
124.055 -20.4783 3.39428 0.0953395
123.967 -20.256 3.39622 0.106592
