176.723 23.7777 0.0831662 0.0527573
176.882 23.9327 0.0832295 0.0834555
176.886 23.7052 0.0797973 0.13037
177.1 23.8607 0.0774748 0.12476
177.117 23.943 0.0817924 0.0176105
176.859 23.6642 0.0774923 0.0532289
176.723 23.7777 0.0831662 0.0527573
176.865 23.7361 0.0860671 0.0413491
176.886 23.7052 0.0797973 0.13037
177.049 23.7477 0.0700503 0.0202747
176.823 23.7844 0.084742 0.0787888
176.823 23.7844 0.084742 0.0787888
176.823 23.7844 0.084742 0.0787888
176.87 23.9405 0.0847963 0.0407901
176.87 23.9405 0.0847963 0.0407901
176.723 23.7777 0.0831662 0.0527573
176.688 23.8669 0.083261 0.0313731
176.72 24.0053 0.0849308 0.00801256
176.882 23.9327 0.0832295 0.0834555
177.1 23.8607 0.0774748 0.12476
176.823 23.7844 0.084742 0.0787888
176.823 23.7844 0.084742 0.0787888
176.754 23.617 0.0770854 0.00657962
176.688 23.8669 0.083261 0.0313731
176.882 23.9327 0.0832295 0.0834555
176.886 23.7052 0.0797973 0.13037
177.049 23.7477 0.0700503 0.0202747
176.859 23.6642 0.0774923 0.0532289
176.723 23.7777 0.0831662 0.0527573
176.723 23.7777 0.0831662 0.0527573
176.723 23.7777 0.0831662 0.0527573
176.882 23.9327 0.0832295 0.0834555
176.886 23.7052 0.0797973 0.13037
177.1 23.8607 0.0774748 0.12476
177.204 23.7198 0.0777632 0.0110727
176.87 23.9405 0.0847963 0.0407901
176.723 23.7777 0.0831662 0.0527573
176.688 23.8669 0.083261 0.0313731
176.688 23.8669 0.083261 0.0313731
176.882 23.9327 0.0832295 0.0834555
177.1 23.8607 0.0774748 0.12476
177.117 23.943 0.0817924 0.0176105
176.859 23.6642 0.0774923 0.0532289
176.731 23.9155 0.0802834 0.0563911
176.785 23.6536 0.0765291 0.0161302
176.688 23.8669 0.083261 0.0313731
176.688 23.8669 0.083261 0.0313731
176.894 24.0231 0.0829123 0.0303711
176.865 23.7361 0.0860671 0.0413491
177.1 23.8607 0.0774748 0.12476
177.1 23.8607 0.0774748 0.12476
177.242 23.8751 0.0735535 0.0172701
176.859 23.6642 0.0774923 0.0532289
176.754 23.617 0.0770854 0.00657962
176.857 23.5542 0.0821856 0.0104315
176.723 23.7777 0.0831662 0.0527573
176.886 23.7052 0.0797973 0.13037
176.886 23.7052 0.0797973 0.13037
176.771 23.6214 0.0778864 0.0117937
177.1 23.8607 0.0774748 0.12476
177.242 23.8751 0.0735535 0.0172701
176.731 23.9155 0.0802834 0.0563911
176.865 23.7361 0.0860671 0.0413491
176.882 23.9327 0.0832295 0.0834555
176.882 23.9327 0.0832295 0.0834555
177.1 23.8607 0.0774748 0.12476
177.049 23.7477 0.0700503 0.0202747
176.898 23.8174 0.0856003 0.0537307
176.87 23.9405 0.0847963 0.0407901
176.859 23.6642 0.0774923 0.0532289
176.785 23.6536 0.0765291 0.0161302
176.72 24.0053 0.0849308 0.00801256
176.865 23.7361 0.0860671 0.0413491
176.882 23.9327 0.0832295 0.0834555
176.886 23.7052 0.0797973 0.13037
176.896 24.1594 0.0742226 0.00710159
176.87 23.9405 0.0847963 0.0407901
176.859 23.6642 0.0774923 0.0532289
176.692 23.9634 0.0805266 0.0211427
176.731 23.9155 0.0802834 0.0563911
176.731 23.9155 0.0802834 0.0563911
177.127 23.9331 0.0829117 0.00900696
176.894 24.0231 0.0829123 0.0303711
176.865 23.7361 0.0860671 0.0413491
176.771 23.6214 0.0778864 0.0117937
177.1 23.8607 0.0774748 0.12476
176.823 23.7844 0.084742 0.0787888
176.692 23.9634 0.0805266 0.0211427
176.731 23.9155 0.0802834 0.0563911
176.894 24.0231 0.0829123 0.0303711
176.886 23.7052 0.0797973 0.13037
176.823 23.7844 0.084742 0.0787888
176.823 23.7844 0.084742 0.0787888
176.859 23.6642 0.0774923 0.0532289
176.77 23.9344 0.0849103 0.0308998
176.882 23.9327 0.0832295 0.0834555
177.1 23.8607 0.0774748 0.12476
176.823 23.7844 0.084742 0.0787888
176.859 23.6642 0.0774923 0.0532289
176.731 23.9155 0.0802834 0.0563911
