272.496 -8.83808 4.06574 0.126868
272.854 -8.70838 4.0754 0.171131
272.854 -8.70838 4.0754 0.171131
273.098 -8.78052 4.07818 0.0548689
272.496 -8.83808 4.06574 0.126868
272.821 -8.77795 4.07086 0.167292
272.854 -8.70838 4.0754 0.171131
272.579 -8.75662 4.07297 0.0841102
272.959 -9.24757 4.08219 0.00119766
273.098 -8.78052 4.07818 0.0548689
272.87 -8.85376 4.06686 0.0161686
272.759 -8.69971 4.06833 0.0529267
272.496 -8.83808 4.06574 0.126868
272.821 -8.77795 4.07086 0.167292
272.854 -8.70838 4.0754 0.171131
272.661 -8.83853 4.06571 0.133638
273.098 -8.78052 4.07818 0.0548689
272.496 -8.83808 4.06574 0.126868
272.496 -8.83808 4.06574 0.126868
272.821 -8.77795 4.07086 0.167292
272.821 -8.77795 4.07086 0.167292
272.854 -8.70838 4.0754 0.171131
272.579 -8.75662 4.07297 0.0841102
272.661 -8.83853 4.06571 0.133638
272.661 -8.83853 4.06571 0.133638
272.535 -8.81381 4.0611 0.0389178
272.496 -8.83808 4.06574 0.126868
272.821 -8.77795 4.07086 0.167292
272.854 -8.70838 4.0754 0.171131
272.579 -8.75662 4.07297 0.0841102
272.661 -8.83853 4.06571 0.133638
272.759 -8.69971 4.06833 0.0529267
272.821 -8.77795 4.07086 0.167292
272.821 -8.77795 4.07086 0.167292
272.854 -8.70838 4.0754 0.171131
272.854 -8.70838 4.0754 0.171131
272.661 -8.83853 4.06571 0.133638
273.098 -8.78052 4.07818 0.0548689
272.87 -8.85376 4.06686 0.0161686
272.535 -8.81381 4.0611 0.0389178
272.496 -8.83808 4.06574 0.126868
272.821 -8.77795 4.07086 0.167292
272.821 -8.77795 4.07086 0.167292
272.854 -8.70838 4.0754 0.171131
272.661 -8.83853 4.06571 0.133638
272.759 -8.69971 4.06833 0.0529267
272.821 -8.77795 4.07086 0.167292
272.821 -8.77795 4.07086 0.167292
272.854 -8.70838 4.0754 0.171131
273.098 -8.78052 4.07818 0.0548689
272.508 -8.739 4.05847 0.00700297
272.87 -8.85376 4.06686 0.0161686
272.496 -8.83808 4.06574 0.126868
272.821 -8.77795 4.07086 0.167292
272.854 -8.70838 4.0754 0.171131
272.579 -8.75662 4.07297 0.0841102
272.792 -9.12581 4.06465 0.00151504
272.821 -8.77795 4.07086 0.167292
272.821 -8.77795 4.07086 0.167292
272.579 -8.75662 4.07297 0.0841102
272.661 -8.83853 4.06571 0.133638
272.759 -8.69971 4.06833 0.0529267
272.821 -8.77795 4.07086 0.167292
272.821 -8.77795 4.07086 0.167292
272.854 -8.70838 4.0754 0.171131
272.579 -8.75662 4.07297 0.0841102
272.661 -8.83853 4.06571 0.133638
272.759 -8.69971 4.06833 0.0529267
272.645 -8.68154 4.06555 0.0332718
272.821 -8.77795 4.07086 0.167292
272.821 -8.77795 4.07086 0.167292
272.821 -8.77795 4.07086 0.167292
272.579 -8.75662 4.07297 0.0841102
272.817 -8.63486 4.06983 0.0185261
272.821 -8.77795 4.07086 0.167292
272.854 -8.70838 4.0754 0.171131
272.661 -8.83853 4.06571 0.133638
272.535 -8.81381 4.0611 0.0389178
272.535 -8.81381 4.0611 0.0389178
272.821 -8.77795 4.07086 0.167292
272.579 -8.75662 4.07297 0.0841102
272.661 -8.83853 4.06571 0.133638
273.068 -8.63048 4.07185 0.000500906
272.817 -8.63486 4.06983 0.0185261
272.645 -8.68154 4.06555 0.0332718
272.704 -8.74275 4.06567 0.0492092
272.854 -8.70838 4.0754 0.171131
272.854 -8.70838 4.0754 0.171131
273.098 -8.78052 4.07818 0.0548689
273.098 -8.78052 4.07818 0.0548689
272.821 -8.77795 4.07086 0.167292
272.854 -8.70838 4.0754 0.171131
272.854 -8.70838 4.0754 0.171131
272.661 -8.83853 4.06571 0.133638
272.644 -8.69276 4.06322 0.0147671
272.645 -8.68154 4.06555 0.0332718
272.496 -8.83808 4.06574 0.126868
272.854 -8.70838 4.0754 0.171131
272.854 -8.70838 4.0754 0.171131
272.579 -8.75662 4.07297 0.0841102
