156.16 -12.1874 3.30026 0.0616718
155.964 -12.467 3.30101 0.303977
155.979 -12.2954 3.30129 0.179606
155.902 -12.2958 3.30234 0.0348154
156.008 -12.6143 3.29395 0.0801839
156.16 -12.1874 3.30026 0.0616718
155.964 -12.467 3.30101 0.303977
155.964 -12.467 3.30101 0.303977
156.236 -12.337 3.30576 0.0392245
156.008 -12.6143 3.29395 0.0801839
155.979 -12.2954 3.30129 0.179606
155.964 -12.467 3.30101 0.303977
155.979 -12.2954 3.30129 0.179606
156.16 -12.1874 3.30026 0.0616718
156.226 -12.3816 3.29598 0.0756334
156.262 -12.2848 3.3021 0.0674425
156.236 -12.337 3.30576 0.0392245
156.16 -12.1874 3.30026 0.0616718
155.964 -12.467 3.30101 0.303977
155.979 -12.2954 3.30129 0.179606
156.114 -12.2567 3.30369 0.0590311
156.226 -12.3816 3.29598 0.0756334
156.16 -12.1874 3.30026 0.0616718
156.008 -12.6143 3.29395 0.0801839
155.979 -12.2954 3.30129 0.179606
156.114 -12.2567 3.30369 0.0590311
155.964 -12.467 3.30101 0.303977
156.226 -12.3816 3.29598 0.0756334
156.262 -12.2848 3.3021 0.0674425
155.964 -12.467 3.30101 0.303977
156.008 -12.6143 3.29395 0.0801839
155.979 -12.2954 3.30129 0.179606
155.979 -12.2954 3.30129 0.179606
155.964 -12.467 3.30101 0.303977
156.008 -12.6143 3.29395 0.0801839
155.979 -12.2954 3.30129 0.179606
155.964 -12.467 3.30101 0.303977
156.313 -12.3008 3.30583 0.0157936
155.964 -12.467 3.30101 0.303977
156.226 -12.3816 3.29598 0.0756334
156.262 -12.2848 3.3021 0.0674425
156.241 -12.6894 3.29954 0.0088784
155.964 -12.467 3.30101 0.303977
156.365 -12.2936 3.30027 0.0105974
155.964 -12.467 3.30101 0.303977
156.008 -12.6143 3.29395 0.0801839
155.902 -12.2958 3.30234 0.0348154
155.964 -12.467 3.30101 0.303977
155.964 -12.467 3.30101 0.303977
155.979 -12.2954 3.30129 0.179606
155.979 -12.2954 3.30129 0.179606
156.313 -12.3008 3.30583 0.0157936
155.927 -12.104 3.29177 0.0291984
156.205 -12.7051 3.29942 0.0101085
155.964 -12.467 3.30101 0.303977
156.008 -12.6143 3.29395 0.0801839
155.979 -12.2954 3.30129 0.179606
155.964 -12.467 3.30101 0.303977
155.979 -12.2954 3.30129 0.179606
155.979 -12.2954 3.30129 0.179606
156.114 -12.2567 3.30369 0.0590311
156.226 -12.3816 3.29598 0.0756334
156.262 -12.2848 3.3021 0.0674425
155.902 -12.2958 3.30234 0.0348154
156.226 -12.3816 3.29598 0.0756334
155.979 -12.2954 3.30129 0.179606
155.964 -12.467 3.30101 0.303977
155.979 -12.2954 3.30129 0.179606
155.979 -12.2954 3.30129 0.179606
156.41 -12.4788 3.30771 0.00507534
155.964 -12.467 3.30101 0.303977
155.979 -12.2954 3.30129 0.179606
156.262 -12.2848 3.3021 0.0674425
156.205 -12.7051 3.29942 0.0101085
155.964 -12.467 3.30101 0.303977
156.008 -12.6143 3.29395 0.0801839
156.16 -12.1874 3.30026 0.0616718
155.964 -12.467 3.30101 0.303977
156.313 -12.3008 3.30583 0.0157936
156.226 -12.3816 3.29598 0.0756334
155.979 -12.2954 3.30129 0.179606
155.964 -12.467 3.30101 0.303977
156.226 -12.3816 3.29598 0.0756334
155.927 -12.104 3.29177 0.0291984
155.964 -12.467 3.30101 0.303977
156.236 -12.337 3.30576 0.0392245
155.927 -12.104 3.29177 0.0291984
155.964 -12.467 3.30101 0.303977
155.979 -12.2954 3.30129 0.179606
155.979 -12.2954 3.30129 0.179606
155.964 -12.467 3.30101 0.303977
155.964 -12.467 3.30101 0.303977
155.979 -12.2954 3.30129 0.179606
156.262 -12.2848 3.3021 0.0674425
156.16 -12.1874 3.30026 0.0616718
155.902 -12.2958 3.30234 0.0348154
155.964 -12.467 3.30101 0.303977
155.979 -12.2954 3.30129 0.179606
156.114 -12.2567 3.30369 0.0590311
155.902 -12.2958 3.30234 0.0348154
