169.737 -11.8212 3.25687 0.251678
169.737 -11.8212 3.25687 0.251678
169.815 -11.8243 3.25382 0.21337
169.848 -11.996 3.25386 0.18283
169.886 -11.7149 3.26002 0.0998252
169.737 -11.8212 3.25687 0.251678
169.848 -11.996 3.25386 0.18283
170.08 -11.9215 3.25996 0.172572
169.737 -11.8212 3.25687 0.251678
169.848 -11.996 3.25386 0.18283
170.08 -11.9215 3.25996 0.172572
169.737 -11.8212 3.25687 0.251678
169.815 -11.8243 3.25382 0.21337
169.848 -11.996 3.25386 0.18283
169.886 -11.7149 3.26002 0.0998252
169.737 -11.8212 3.25687 0.251678
169.822 -11.6072 3.25626 0.0129938
169.815 -11.8243 3.25382 0.21337
169.848 -11.996 3.25386 0.18283
170.08 -11.9215 3.25996 0.172572
169.822 -11.6072 3.25626 0.0129938
170.08 -11.9215 3.25996 0.172572
169.886 -11.7149 3.26002 0.0998252
169.815 -11.8243 3.25382 0.21337
169.815 -11.8243 3.25382 0.21337
169.848 -11.996 3.25386 0.18283
169.737 -11.8212 3.25687 0.251678
169.815 -11.8243 3.25382 0.21337
170.08 -11.9215 3.25996 0.172572
169.737 -11.8212 3.25687 0.251678
169.848 -11.996 3.25386 0.18283
170.08 -11.9215 3.25996 0.172572
169.886 -11.7149 3.26002 0.0998252
169.737 -11.8212 3.25687 0.251678
169.815 -11.8243 3.25382 0.21337
170.08 -11.9215 3.25996 0.172572
169.737 -11.8212 3.25687 0.251678
169.815 -11.8243 3.25382 0.21337
170.08 -11.9215 3.25996 0.172572
169.588 -11.9117 3.25104 0.0315567
169.848 -11.996 3.25386 0.18283
169.886 -11.7149 3.26002 0.0998252
169.737 -11.8212 3.25687 0.251678
169.815 -11.8243 3.25382 0.21337
170.08 -11.9215 3.25996 0.172572
169.886 -11.7149 3.26002 0.0998252
169.815 -11.8243 3.25382 0.21337
169.815 -11.8243 3.25382 0.21337
170.08 -11.9215 3.25996 0.172572
169.737 -11.8212 3.25687 0.251678
169.737 -11.8212 3.25687 0.251678
169.848 -11.996 3.25386 0.18283
169.886 -11.7149 3.26002 0.0998252
169.737 -11.8212 3.25687 0.251678
169.737 -11.8212 3.25687 0.251678
169.737 -11.8212 3.25687 0.251678
169.815 -11.8243 3.25382 0.21337
170.08 -11.9215 3.25996 0.172572
169.737 -11.8212 3.25687 0.251678
169.737 -11.8212 3.25687 0.251678
169.815 -11.8243 3.25382 0.21337
169.848 -11.996 3.25386 0.18283
169.886 -11.7149 3.26002 0.0998252
169.737 -11.8212 3.25687 0.251678
169.815 -11.8243 3.25382 0.21337
170.08 -11.9215 3.25996 0.172572
169.886 -11.7149 3.26002 0.0998252
169.822 -11.6072 3.25626 0.0129938
170.08 -11.9215 3.25996 0.172572
169.886 -11.7149 3.26002 0.0998252
169.737 -11.8212 3.25687 0.251678
169.815 -11.8243 3.25382 0.21337
169.815 -11.8243 3.25382 0.21337
169.848 -11.996 3.25386 0.18283
169.848 -11.996 3.25386 0.18283
170.08 -11.9215 3.25996 0.172572
169.737 -11.8212 3.25687 0.251678
169.848 -11.996 3.25386 0.18283
169.886 -11.7149 3.26002 0.0998252
169.815 -11.8243 3.25382 0.21337
170.08 -11.9215 3.25996 0.172572
169.886 -11.7149 3.26002 0.0998252
169.737 -11.8212 3.25687 0.251678
169.815 -11.8243 3.25382 0.21337
169.886 -11.7149 3.26002 0.0998252
169.932 -11.5533 3.25743 0.00259356
169.848 -11.996 3.25386 0.18283
169.848 -11.996 3.25386 0.18283
169.886 -11.7149 3.26002 0.0998252
169.737 -11.8212 3.25687 0.251678
169.588 -11.9117 3.25104 0.0315567
169.848 -11.996 3.25386 0.18283
169.848 -11.996 3.25386 0.18283
169.886 -11.7149 3.26002 0.0998252
169.737 -11.8212 3.25687 0.251678
169.747 -11.5756 3.25473 0.00427612
169.737 -11.8212 3.25687 0.251678
169.737 -11.8212 3.25687 0.251678
169.588 -11.9117 3.25104 0.0315567
169.815 -11.8243 3.25382 0.21337
