-40.1745 -65.1292 1.78622 0.108606
-40.1745 -65.1292 1.78622 0.108606
-40.236 -65.0843 1.78969 0.0927699
-40.236 -65.0843 1.78969 0.0927699
-40.3058 -65.0063 1.78409 0.123785
-40.2904 -65.0849 1.79761 0.00152249
-40.4362 -65.1287 1.78846 0.0481423
-40.2753 -64.9179 1.78604 0.0636906
-40.0264 -65.1016 1.79293 0.0133986
-39.8892 -65.2299 1.78992 0.00267467
-40.1745 -65.1292 1.78622 0.108606
-40.1745 -65.1292 1.78622 0.108606
-40.1745 -65.1292 1.78622 0.108606
-40.2328 -65.2738 1.7884 0.0662578
-40.236 -65.0843 1.78969 0.0927699
-40.2883 -65.0108 1.77732 0.0216597
-39.9289 -65.2959 1.79112 0.00373792
-40.0724 -65.0791 1.78817 0.0486788
-40.1034 -64.9328 1.78707 0.030074
-40.1745 -65.1292 1.78622 0.108606
-40.2328 -65.2738 1.7884 0.0662578
-40.3058 -65.0063 1.78409 0.123785
-40.3058 -65.0063 1.78409 0.123785
-40.434 -64.7578 1.77658 0.00505338
-40.1397 -65.2295 1.77803 0.0018412
-40.2718 -65.332 1.79355 0.0180786
-40.2995 -65.3148 1.78732 0.0412001
-40.1745 -65.1292 1.78622 0.108606
-40.2328 -65.2738 1.7884 0.0662578
-40.4237 -65.1643 1.79496 0.00408944
-40.1789 -65.1178 1.78792 0.111438
-40.1789 -65.1178 1.78792 0.111438
-40.2718 -65.332 1.79355 0.0180786
-40.1745 -65.1292 1.78622 0.108606
-40.1745 -65.1292 1.78622 0.108606
-40.2328 -65.2738 1.7884 0.0662578
-40.3058 -65.0063 1.78409 0.123785
-40.3058 -65.0063 1.78409 0.123785
-40.1789 -65.1178 1.78792 0.111438
-40.2753 -64.9179 1.78604 0.0636906
-40.2753 -64.9179 1.78604 0.0636906
-40.2718 -65.332 1.79355 0.0180786
-40.2995 -65.3148 1.78732 0.0412001
-40.2328 -65.2738 1.7884 0.0662578
-40.4237 -65.1643 1.79496 0.00408944
-40.3058 -65.0063 1.78409 0.123785
-40.434 -64.7578 1.77658 0.00505338
-40.2753 -64.9179 1.78604 0.0636906
-40.2995 -65.3148 1.78732 0.0412001
-40.1745 -65.1292 1.78622 0.108606
-40.236 -65.0843 1.78969 0.0927699
-40.5089 -64.912 1.7784 0.0151664
-40.1789 -65.1178 1.78792 0.111438
-40.1789 -65.1178 1.78792 0.111438
-40.2718 -65.332 1.79355 0.0180786
-40.0724 -65.0791 1.78817 0.0486788
-40.2995 -65.3148 1.78732 0.0412001
-40.2328 -65.2738 1.7884 0.0662578
-40.236 -65.0843 1.78969 0.0927699
-40.3058 -65.0063 1.78409 0.123785
-40.1789 -65.1178 1.78792 0.111438
-40.4362 -65.1287 1.78846 0.0481423
-40.0724 -65.0791 1.78817 0.0486788
-40.1034 -64.9328 1.78707 0.030074
-40.1745 -65.1292 1.78622 0.108606
-40.5089 -64.912 1.7784 0.0151664
-40.1789 -65.1178 1.78792 0.111438
-40.2753 -64.9179 1.78604 0.0636906
-40.3749 -65.3537 1.79122 0.0143562
-40.2995 -65.3148 1.78732 0.0412001
-40.2599 -65.3912 1.79163 0.0157504
-40.2599 -65.3912 1.79163 0.0157504
-40.133 -64.9923 1.79076 0.0291254
-40.2328 -65.2738 1.7884 0.0662578
-40.3058 -65.0063 1.78409 0.123785
-40.3058 -65.0063 1.78409 0.123785
-40.1284 -64.9409 1.79376 0.00424148
-40.1034 -64.9328 1.78707 0.030074
-40.2995 -65.3148 1.78732 0.0412001
-40.1745 -65.1292 1.78622 0.108606
-40.133 -64.9923 1.79076 0.0291254
-40.2328 -65.2738 1.7884 0.0662578
-40.3058 -65.0063 1.78409 0.123785
-39.9289 -65.2959 1.79112 0.00373792
-40.0724 -65.0791 1.78817 0.0486788
-40.2599 -65.3912 1.79163 0.0157504
-40.1745 -65.1292 1.78622 0.108606
-40.1745 -65.1292 1.78622 0.108606
-40.133 -64.9923 1.79076 0.0291254
-40.2328 -65.2738 1.7884 0.0662578
-40.2328 -65.2738 1.7884 0.0662578
-40.3058 -65.0063 1.78409 0.123785
-40.1789 -65.1178 1.78792 0.111438
-40.3333 -65.0313 1.79358 0.0101246
-40.2753 -64.9179 1.78604 0.0636906
-40.1034 -64.9328 1.78707 0.030074
-40.1745 -65.1292 1.78622 0.108606
-40.236 -65.0843 1.78969 0.0927699
-40.3058 -65.0063 1.78409 0.123785
-40.2883 -65.0108 1.77732 0.0216597
