44.8379 -65.3322 3.93317 0.0524174
44.8847 -65.5959 3.93097 0.24074
44.9016 -65.2113 3.93447 0.00501418
44.8582 -65.3592 3.93108 0.143788
44.8704 -65.6732 3.92781 0.09889
44.9476 -65.3472 3.93216 0.146319
44.8847 -65.5959 3.93097 0.24074
44.8847 -65.5959 3.93097 0.24074
44.8847 -65.5959 3.93097 0.24074
44.8847 -65.5959 3.93097 0.24074
45.1555 -65.5342 3.93075 0.0327716
44.8704 -65.6732 3.92781 0.09889
44.8704 -65.6732 3.92781 0.09889
44.8379 -65.3322 3.93317 0.0524174
44.8847 -65.5959 3.93097 0.24074
44.8582 -65.3592 3.93108 0.143788
44.8704 -65.6732 3.92781 0.09889
44.9476 -65.3472 3.93216 0.146319
44.8847 -65.5959 3.93097 0.24074
44.8847 -65.5959 3.93097 0.24074
45.1555 -65.5342 3.93075 0.0327716
44.8704 -65.6732 3.92781 0.09889
44.9476 -65.3472 3.93216 0.146319
45.0399 -65.3851 3.93378 0.118518
44.8582 -65.3592 3.93108 0.143788
44.6797 -65.3087 3.92775 0.00521397
44.8847 -65.5959 3.93097 0.24074
44.8582 -65.3592 3.93108 0.143788
45.0615 -65.4858 3.92262 0.00667689
44.9476 -65.3472 3.93216 0.146319
44.9476 -65.3472 3.93216 0.146319
44.8847 -65.5959 3.93097 0.24074
44.8582 -65.3592 3.93108 0.143788
44.8704 -65.6732 3.92781 0.09889
45.1903 -65.4266 3.93111 0.0130644
44.9635 -65.5108 3.93898 0.0142585
44.7573 -65.4779 3.92276 0.0410749
44.8379 -65.3322 3.93317 0.0524174
44.9476 -65.3472 3.93216 0.146319
44.9476 -65.3472 3.93216 0.146319
44.8847 -65.5959 3.93097 0.24074
44.8847 -65.5959 3.93097 0.24074
45.0399 -65.3851 3.93378 0.118518
44.8582 -65.3592 3.93108 0.143788
44.8704 -65.6732 3.92781 0.09889
45.0615 -65.4858 3.92262 0.00667689
44.8847 -65.5959 3.93097 0.24074
44.8582 -65.3592 3.93108 0.143788
44.8379 -65.3322 3.93317 0.0524174
45.0399 -65.3851 3.93378 0.118518
44.8582 -65.3592 3.93108 0.143788
44.7573 -65.4779 3.92276 0.0410749
44.8847 -65.5959 3.93097 0.24074
44.8847 -65.5959 3.93097 0.24074
45.1555 -65.5342 3.93075 0.0327716
44.7573 -65.4779 3.92276 0.0410749
44.9476 -65.3472 3.93216 0.146319
45.2356 -65.4422 3.93538 0.004345
44.8704 -65.6732 3.92781 0.09889
44.8847 -65.5959 3.93097 0.24074
45.1555 -65.5342 3.93075 0.0327716
44.7573 -65.4779 3.92276 0.0410749
44.8847 -65.5959 3.93097 0.24074
44.8704 -65.6732 3.92781 0.09889
44.9476 -65.3472 3.93216 0.146319
44.9476 -65.3472 3.93216 0.146319
44.8847 -65.5959 3.93097 0.24074
45.1555 -65.5342 3.93075 0.0327716
44.9476 -65.3472 3.93216 0.146319
45.0399 -65.3851 3.93378 0.118518
45.0399 -65.3851 3.93378 0.118518
44.8704 -65.6732 3.92781 0.09889
44.7573 -65.4779 3.92276 0.0410749
44.7573 -65.4779 3.92276 0.0410749
44.8847 -65.5959 3.93097 0.24074
45.1555 -65.5342 3.93075 0.0327716
44.8704 -65.6732 3.92781 0.09889
44.9476 -65.3472 3.93216 0.146319
44.9476 -65.3472 3.93216 0.146319
45.0399 -65.3851 3.93378 0.118518
44.8704 -65.6732 3.92781 0.09889
44.9519 -65.7386 3.93156 0.0190487
44.8847 -65.5959 3.93097 0.24074
44.8582 -65.3592 3.93108 0.143788
44.8704 -65.6732 3.92781 0.09889
44.9476 -65.3472 3.93216 0.146319
44.8847 -65.5959 3.93097 0.24074
45.0399 -65.3851 3.93378 0.118518
45.1903 -65.4266 3.93111 0.0130644
44.9476 -65.3472 3.93216 0.146319
44.8847 -65.5959 3.93097 0.24074
44.8704 -65.6732 3.92781 0.09889
44.9592 -65.69 3.93571 0.011121
44.8379 -65.3322 3.93317 0.0524174
45.0383 -65.2402 3.93647 0.00551118
44.8847 -65.5959 3.93097 0.24074
44.8847 -65.5959 3.93097 0.24074
44.8582 -65.3592 3.93108 0.143788
44.8582 -65.3592 3.93108 0.143788
44.9476 -65.3472 3.93216 0.146319
