-41.2431 -51.8758 1.5995 0.147359
-41.3002 -51.9715 1.59606 0.0941822
-41.2674 -51.7589 1.59373 0.219331
-41.2674 -51.7589 1.59373 0.219331
-41.2431 -51.8758 1.5995 0.147359
-41.4897 -51.7293 1.58981 0.0497173
-41.4897 -51.7293 1.58981 0.0497173
-41.2074 -51.7064 1.59249 0.10404
-41.4696 -51.9239 1.60083 0.0578827
-41.2575 -51.4784 1.59169 0.0158883
-41.2431 -51.8758 1.5995 0.147359
-41.5088 -51.6467 1.59248 0.0702833
-41.2074 -51.7064 1.59249 0.10404
-41.2074 -51.7064 1.59249 0.10404
-41.2074 -51.7064 1.59249 0.10404
-41.4699 -51.8938 1.59518 0.113402
-41.5088 -51.6467 1.59248 0.0702833
-41.4897 -51.7293 1.58981 0.0497173
-41.2674 -51.7589 1.59373 0.219331
-41.4699 -51.8938 1.59518 0.113402
-41.3927 -51.4817 1.5931 0.0220183
-41.2674 -51.7589 1.59373 0.219331
-41.4699 -51.8938 1.59518 0.113402
-41.2431 -51.8758 1.5995 0.147359
-41.2431 -51.8758 1.5995 0.147359
-41.2074 -51.7064 1.59249 0.10404
-41.5115 -51.6234 1.59285 0.0601639
-41.5088 -51.6467 1.59248 0.0702833
-41.5088 -51.6467 1.59248 0.0702833
-41.3002 -51.9715 1.59606 0.0941822
-41.2674 -51.7589 1.59373 0.219331
-41.2575 -51.4784 1.59169 0.0158883
-41.4699 -51.8938 1.59518 0.113402
-41.2431 -51.8758 1.5995 0.147359
-41.3002 -51.9715 1.59606 0.0941822
-41.2074 -51.7064 1.59249 0.10404
-41.2674 -51.7589 1.59373 0.219331
-41.2431 -51.8758 1.5995 0.147359
-41.3927 -51.4817 1.5931 0.0220183
-41.5088 -51.6467 1.59248 0.0702833
-41.2674 -51.7589 1.59373 0.219331
-41.2674 -51.7589 1.59373 0.219331
-41.4699 -51.8938 1.59518 0.113402
-41.2431 -51.8758 1.5995 0.147359
-41.5088 -51.6467 1.59248 0.0702833
-41.2674 -51.7589 1.59373 0.219331
-41.4699 -51.8938 1.59518 0.113402
-41.3002 -51.9715 1.59606 0.0941822
-41.2074 -51.7064 1.59249 0.10404
-41.2674 -51.7589 1.59373 0.219331
-41.4699 -51.8938 1.59518 0.113402
-41.2431 -51.8758 1.5995 0.147359
-41.2093 -51.4896 1.59418 0.0133397
-41.2074 -51.7064 1.59249 0.10404
-41.5115 -51.6234 1.59285 0.0601639
-41.5088 -51.6467 1.59248 0.0702833
-41.3002 -51.9715 1.59606 0.0941822
-41.3002 -51.9715 1.59606 0.0941822
-41.2674 -51.7589 1.59373 0.219331
-41.4699 -51.8938 1.59518 0.113402
-41.4699 -51.8938 1.59518 0.113402
-41.4897 -51.7293 1.58981 0.0497173
-41.2674 -51.7589 1.59373 0.219331
-41.4696 -51.9239 1.60083 0.0578827
-41.2431 -51.8758 1.5995 0.147359
-41.3002 -51.9715 1.59606 0.0941822
-41.2074 -51.7064 1.59249 0.10404
-41.2674 -51.7589 1.59373 0.219331
-41.683 -51.732 1.58741 0.000834517
-41.2431 -51.8758 1.5995 0.147359
-41.3002 -51.9715 1.59606 0.0941822
-41.2674 -51.7589 1.59373 0.219331
-41.4699 -51.8938 1.59518 0.113402
-41.5088 -51.6467 1.59248 0.0702833
-41.2674 -51.7589 1.59373 0.219331
-41.2431 -51.8758 1.5995 0.147359
-41.2431 -51.8758 1.5995 0.147359
-41.2431 -51.8758 1.5995 0.147359
-41.5088 -51.6467 1.59248 0.0702833
-41.3002 -51.9715 1.59606 0.0941822
-41.2074 -51.7064 1.59249 0.10404
-41.2674 -51.7589 1.59373 0.219331
-41.4696 -51.9239 1.60083 0.0578827
-41.4699 -51.8938 1.59518 0.113402
-41.3002 -51.9715 1.59606 0.0941822
-41.2674 -51.7589 1.59373 0.219331
-41.4699 -51.8938 1.59518 0.113402
-41.2431 -51.8758 1.5995 0.147359
-41.2431 -51.8758 1.5995 0.147359
-41.5088 -51.6467 1.59248 0.0702833
-41.3002 -51.9715 1.59606 0.0941822
-41.2674 -51.7589 1.59373 0.219331
-41.0097 -51.8331 1.60094 0.00467265
-41.4699 -51.8938 1.59518 0.113402
-41.3002 -51.9715 1.59606 0.0941822
-41.4897 -51.7293 1.58981 0.0497173
-41.2074 -51.7064 1.59249 0.10404
-41.5473 -51.43 1.58998 0.00226409
-41.2431 -51.8758 1.5995 0.147359
-41.3002 -51.9715 1.59606 0.0941822
