219.042 26.1535 0.0668255 0.0729845
218.98 26.3649 0.0717777 0.0862075
219.194 26.086 0.0642125 0.0016174
219.032 26.1761 0.06875 0.149944
218.698 26.18 0.072364 0.0409294
218.792 26.2193 0.067696 0.057539
218.984 26.3175 0.0744294 0.0880025
218.984 26.3175 0.0744294 0.0880025
219.053 26.4399 0.0707427 0.0116598
219.032 26.1761 0.06875 0.149944
218.792 26.2193 0.067696 0.057539
218.792 26.2193 0.067696 0.057539
219.047 26.2707 0.0698139 0.121298
219.047 26.2707 0.0698139 0.121298
218.707 26.3903 0.0733654 0.011735
218.98 26.3649 0.0717777 0.0862075
219.004 26.1135 0.0675573 0.103219
219.032 26.1761 0.06875 0.149944
219.047 26.2707 0.0698139 0.121298
218.712 26.1084 0.0744674 0.0259456
218.98 26.3649 0.0717777 0.0862075
219.004 26.1135 0.0675573 0.103219
219.004 26.1135 0.0675573 0.103219
219.004 26.1135 0.0675573 0.103219
219.032 26.1761 0.06875 0.149944
218.771 26.1822 0.0732941 0.118468
219.047 26.2707 0.0698139 0.121298
218.712 26.1084 0.0744674 0.0259456
218.98 26.3649 0.0717777 0.0862075
219.053 26.4399 0.0707427 0.0116598
219.032 26.1761 0.06875 0.149944
218.698 26.18 0.072364 0.0409294
218.792 26.2193 0.067696 0.057539
218.712 26.1084 0.0744674 0.0259456
219.091 26.1029 0.0660976 0.025517
218.752 26.3859 0.0714554 0.0229607
219.032 26.1761 0.06875 0.149944
218.771 26.1822 0.0732941 0.118468
219.047 26.2707 0.0698139 0.121298
218.984 26.3175 0.0744294 0.0880025
218.98 26.3649 0.0717777 0.0862075
219.032 26.1761 0.06875 0.149944
218.771 26.1822 0.0732941 0.118468
219.119 26.3633 0.0722196 0.0154088
218.984 26.3175 0.0744294 0.0880025
218.984 26.3175 0.0744294 0.0880025
218.983 26.0929 0.0630633 0.00676529
218.861 26.5727 0.071677 0.000700787
219.053 26.4399 0.0707427 0.0116598
219.004 26.1135 0.0675573 0.103219
219.032 26.1761 0.06875 0.149944
218.698 26.18 0.072364 0.0409294
218.792 26.2193 0.067696 0.057539
219.042 26.1535 0.0668255 0.0729845
218.984 26.3175 0.0744294 0.0880025
219.004 26.1135 0.0675573 0.103219
219.032 26.1761 0.06875 0.149944
219.032 26.1761 0.06875 0.149944
219.032 26.1761 0.06875 0.149944
219.047 26.2707 0.0698139 0.121298
219.042 26.1535 0.0668255 0.0729845
218.98 26.3649 0.0717777 0.0862075
218.98 26.3649 0.0717777 0.0862075
219.032 26.1761 0.06875 0.149944
218.771 26.1822 0.0732941 0.118468
218.771 26.1822 0.0732941 0.118468
219.047 26.2707 0.0698139 0.121298
218.984 26.3175 0.0744294 0.0880025
218.98 26.3649 0.0717777 0.0862075
218.98 26.3649 0.0717777 0.0862075
219.004 26.1135 0.0675573 0.103219
219.032 26.1761 0.06875 0.149944
219.047 26.2707 0.0698139 0.121298
218.793 25.9185 0.074399 0.00239475
218.98 26.3649 0.0717777 0.0862075
219.032 26.1761 0.06875 0.149944
218.698 26.18 0.072364 0.0409294
219.047 26.2707 0.0698139 0.121298
219.042 26.1535 0.0668255 0.0729845
218.98 26.3649 0.0717777 0.0862075
219.004 26.1135 0.0675573 0.103219
219.032 26.1761 0.06875 0.149944
219.032 26.1761 0.06875 0.149944
218.771 26.1822 0.0732941 0.118468
218.771 26.1822 0.0732941 0.118468
219.047 26.2707 0.0698139 0.121298
218.984 26.3175 0.0744294 0.0880025
218.98 26.3649 0.0717777 0.0862075
219.004 26.1135 0.0675573 0.103219
219.004 26.1135 0.0675573 0.103219
218.698 26.18 0.072364 0.0409294
219.047 26.2707 0.0698139 0.121298
218.984 26.3175 0.0744294 0.0880025
219.004 26.1135 0.0675573 0.103219
218.771 26.1822 0.0732941 0.118468
218.698 26.18 0.072364 0.0409294
219.047 26.2707 0.0698139 0.121298
219.047 26.2707 0.0698139 0.121298
218.984 26.3175 0.0744294 0.0880025
218.984 26.3175 0.0744294 0.0880025
