123.17 19.4839 0.0644046 0.167823
122.857 19.431 0.0608878 0.0311791
123.008 19.7591 0.0672918 0.0855262
123.008 19.7591 0.0672918 0.0855262
123.117 19.463 0.0615185 0.21154
123.17 19.4839 0.0644046 0.167823
123.17 19.4839 0.0644046 0.167823
122.949 19.461 0.0572023 0.033472
123.105 19.74 0.0691516 0.0331508
122.836 19.4846 0.068785 0.0306427
122.855 19.5447 0.0673937 0.0774903
122.954 19.6972 0.0668532 0.149007
123.117 19.463 0.0615185 0.21154
123.117 19.463 0.0615185 0.21154
122.863 19.7092 0.0663202 0.0756723
122.857 19.431 0.0608878 0.0311791
123.008 19.7591 0.0672918 0.0855262
123.117 19.463 0.0615185 0.21154
123.117 19.463 0.0615185 0.21154
123.17 19.4839 0.0644046 0.167823
123.331 19.7686 0.0597688 0.0266885
123.117 19.463 0.0615185 0.21154
122.863 19.7092 0.0663202 0.0756723
123.17 19.4839 0.0644046 0.167823
122.908 19.3458 0.0669684 0.0203928
122.954 19.6972 0.0668532 0.149007
122.863 19.7092 0.0663202 0.0756723
123.331 19.7686 0.0597688 0.0266885
122.954 19.6972 0.0668532 0.149007
123.117 19.463 0.0615185 0.21154
123.117 19.463 0.0615185 0.21154
122.836 19.4846 0.068785 0.0306427
122.855 19.5447 0.0673937 0.0774903
123.008 19.7591 0.0672918 0.0855262
122.954 19.6972 0.0668532 0.149007
123.117 19.463 0.0615185 0.21154
123.17 19.4839 0.0644046 0.167823
123.331 19.7686 0.0597688 0.0266885
122.954 19.6972 0.0668532 0.149007
122.954 19.6972 0.0668532 0.149007
122.863 19.7092 0.0663202 0.0756723
123.17 19.4839 0.0644046 0.167823
123.17 19.4839 0.0644046 0.167823
122.954 19.6972 0.0668532 0.149007
123.117 19.463 0.0615185 0.21154
123.17 19.4839 0.0644046 0.167823
123.17 19.4839 0.0644046 0.167823
123.008 19.7591 0.0672918 0.0855262
122.949 19.461 0.0572023 0.033472
122.954 19.6972 0.0668532 0.149007
122.954 19.6972 0.0668532 0.149007
123.117 19.463 0.0615185 0.21154
123.117 19.463 0.0615185 0.21154
122.855 19.5447 0.0673937 0.0774903
123.331 19.7686 0.0597688 0.0266885
123.105 19.74 0.0691516 0.0331508
123.117 19.463 0.0615185 0.21154
123.117 19.463 0.0615185 0.21154
123.17 19.4839 0.0644046 0.167823
122.949 19.461 0.0572023 0.033472
123.105 19.74 0.0691516 0.0331508
123.117 19.463 0.0615185 0.21154
122.863 19.7092 0.0663202 0.0756723
123.17 19.4839 0.0644046 0.167823
122.857 19.431 0.0608878 0.0311791
122.954 19.6972 0.0668532 0.149007
122.863 19.7092 0.0663202 0.0756723
122.855 19.5447 0.0673937 0.0774903
123.331 19.7686 0.0597688 0.0266885
123.117 19.463 0.0615185 0.21154
123.117 19.463 0.0615185 0.21154
123.17 19.4839 0.0644046 0.167823
122.855 19.5447 0.0673937 0.0774903
123.008 19.7591 0.0672918 0.0855262
122.954 19.6972 0.0668532 0.149007
122.954 19.6972 0.0668532 0.149007
122.863 19.7092 0.0663202 0.0756723
122.857 19.431 0.0608878 0.0311791
122.881 19.6252 0.0560365 0.0231803
122.954 19.6972 0.0668532 0.149007
122.954 19.6972 0.0668532 0.149007
123.117 19.463 0.0615185 0.21154
123.117 19.463 0.0615185 0.21154
122.863 19.7092 0.0663202 0.0756723
122.855 19.5447 0.0673937 0.0774903
123.105 19.74 0.0691516 0.0331508
123.117 19.463 0.0615185 0.21154
123.17 19.4839 0.0644046 0.167823
122.855 19.5447 0.0673937 0.0774903
122.908 19.3458 0.0669684 0.0203928
122.954 19.6972 0.0668532 0.149007
123.117 19.463 0.0615185 0.21154
122.863 19.7092 0.0663202 0.0756723
123.17 19.4839 0.0644046 0.167823
122.857 19.431 0.0608878 0.0311791
122.881 19.6252 0.0560365 0.0231803
123.117 19.463 0.0615185 0.21154
123.17 19.4839 0.0644046 0.167823
122.766 19.3647 0.0667753 0.00462279
123.117 19.463 0.0615185 0.21154
