55.4673 14.1107 0.141711 0.195039
55.6049 14.1143 0.14863 0.0258695
55.3505 13.9774 0.148256 0.0731855
55.5221 14.1685 0.141378 0.0999856
55.7078 13.9423 0.13997 0.0705784
55.7078 13.9423 0.13997 0.0705784
55.6165 13.9976 0.144226 0.215781
55.4673 14.1107 0.141711 0.195039
55.7078 13.9423 0.13997 0.0705784
55.6165 13.9976 0.144226 0.215781
55.4673 14.1107 0.141711 0.195039
55.6426 13.9684 0.145805 0.0715262
55.3834 13.671 0.141407 0.00108443
55.7065 13.8534 0.139943 0.0356342
55.4893 13.8731 0.146952 0.0549054
55.3505 13.9774 0.148256 0.0731855
55.6165 13.9976 0.144226 0.215781
55.6049 14.1143 0.14863 0.0258695
55.3505 13.9774 0.148256 0.0731855
55.6165 13.9976 0.144226 0.215781
55.4673 14.1107 0.141711 0.195039
55.7067 14.074 0.142771 0.0702394
55.4893 13.8731 0.146952 0.0549054
55.5221 14.1685 0.141378 0.0999856
55.4673 14.1107 0.141711 0.195039
55.4673 14.1107 0.141711 0.195039
55.7078 13.9423 0.13997 0.0705784
55.6165 13.9976 0.144226 0.215781
55.4673 14.1107 0.141711 0.195039
55.6426 13.9684 0.145805 0.0715262
55.4893 13.8731 0.146952 0.0549054
55.6165 13.9976 0.144226 0.215781
55.6049 14.1143 0.14863 0.0258695
55.7044 13.9733 0.133565 0.00143041
55.6165 13.9976 0.144226 0.215781
55.4673 14.1107 0.141711 0.195039
55.3715 14.1378 0.140999 0.0388019
55.6165 13.9976 0.144226 0.215781
55.5877 13.6369 0.142111 0.000763503
55.4673 14.1107 0.141711 0.195039
55.4893 13.8731 0.146952 0.0549054
55.5221 14.1685 0.141378 0.0999856
55.5221 14.1685 0.141378 0.0999856
55.6049 14.1143 0.14863 0.0258695
55.3715 14.1378 0.140999 0.0388019
55.6426 13.9684 0.145805 0.0715262
55.6165 13.9976 0.144226 0.215781
55.6165 13.9976 0.144226 0.215781
55.4673 14.1107 0.141711 0.195039
55.6049 14.1143 0.14863 0.0258695
55.7067 14.074 0.142771 0.0702394
55.6426 13.9684 0.145805 0.0715262
55.6165 13.9976 0.144226 0.215781
55.4673 14.1107 0.141711 0.195039
55.4673 14.1107 0.141711 0.195039
55.6426 13.9684 0.145805 0.0715262
55.3505 13.9774 0.148256 0.0731855
55.4673 14.1107 0.141711 0.195039
55.7067 14.074 0.142771 0.0702394
55.4893 13.8731 0.146952 0.0549054
55.6165 13.9976 0.144226 0.215781
55.4673 14.1107 0.141711 0.195039
55.6426 13.9684 0.145805 0.0715262
55.6165 13.9976 0.144226 0.215781
55.5221 14.1685 0.141378 0.0999856
55.4673 14.1107 0.141711 0.195039
55.6049 14.1143 0.14863 0.0258695
55.3505 13.9774 0.148256 0.0731855
55.6165 13.9976 0.144226 0.215781
55.5221 14.1685 0.141378 0.0999856
55.7067 14.074 0.142771 0.0702394
55.7067 14.074 0.142771 0.0702394
55.7067 14.074 0.142771 0.0702394
55.6386 13.9762 0.133344 0.0012812
55.7065 13.8534 0.139943 0.0356342
55.3505 13.9774 0.148256 0.0731855
55.3505 13.9774 0.148256 0.0731855
55.3505 13.9774 0.148256 0.0731855
55.3505 13.9774 0.148256 0.0731855
55.6165 13.9976 0.144226 0.215781
55.4673 14.1107 0.141711 0.195039
55.4673 14.1107 0.141711 0.195039
55.4893 13.8731 0.146952 0.0549054
55.6165 13.9976 0.144226 0.215781
55.5221 14.1685 0.141378 0.0999856
55.7067 14.074 0.142771 0.0702394
55.3715 14.1378 0.140999 0.0388019
55.6426 13.9684 0.145805 0.0715262
55.5858 13.8825 0.149804 0.0024587
55.3505 13.9774 0.148256 0.0731855
55.6165 13.9976 0.144226 0.215781
55.6165 13.9976 0.144226 0.215781
55.5221 14.1685 0.141378 0.0999856
55.7078 13.9423 0.13997 0.0705784
55.7065 13.8534 0.139943 0.0356342
55.6165 13.9976 0.144226 0.215781
55.5221 14.1685 0.141378 0.0999856
55.4673 14.1107 0.141711 0.195039
55.4673 14.1107 0.141711 0.195039
55.3715 14.1378 0.140999 0.0388019
