183.667 -10.8799 3.18669 0.05047
183.595 -10.8617 3.18956 0.133042
183.595 -10.8617 3.18956 0.133042
183.595 -10.8617 3.18956 0.133042
183.654 -10.7745 3.19332 0.0676057
183.337 -10.7197 3.18528 0.128711
183.613 -10.7886 3.19047 0.195267
183.613 -10.7886 3.19047 0.195267
183.396 -10.6736 3.19036 0.0570076
183.595 -10.8617 3.18956 0.133042
183.337 -10.7197 3.18528 0.128711
183.613 -10.7886 3.19047 0.195267
183.595 -10.8617 3.18956 0.133042
183.502 -10.6164 3.18826 0.18312
183.502 -10.6164 3.18826 0.18312
183.337 -10.7197 3.18528 0.128711
183.613 -10.7886 3.19047 0.195267
183.749 -10.7393 3.19232 0.0550621
183.502 -10.6164 3.18826 0.18312
183.337 -10.7197 3.18528 0.128711
183.337 -10.7197 3.18528 0.128711
183.613 -10.7886 3.19047 0.195267
183.667 -10.8799 3.18669 0.05047
183.502 -10.6164 3.18826 0.18312
183.337 -10.7197 3.18528 0.128711
183.613 -10.7886 3.19047 0.195267
183.749 -10.7393 3.19232 0.0550621
183.654 -10.7745 3.19332 0.0676057
183.337 -10.7197 3.18528 0.128711
183.396 -10.6736 3.19036 0.0570076
183.295 -10.6853 3.18666 0.0462791
183.654 -10.7745 3.19332 0.0676057
183.502 -10.6164 3.18826 0.18312
183.337 -10.7197 3.18528 0.128711
183.613 -10.7886 3.19047 0.195267
183.396 -10.6736 3.19036 0.0570076
183.595 -10.8617 3.18956 0.133042
183.654 -10.7745 3.19332 0.0676057
183.502 -10.6164 3.18826 0.18312
183.502 -10.6164 3.18826 0.18312
183.613 -10.7886 3.19047 0.195267
183.763 -10.9367 3.18826 0.00588467
183.396 -10.6736 3.19036 0.0570076
183.595 -10.8617 3.18956 0.133042
183.502 -10.6164 3.18826 0.18312
183.337 -10.7197 3.18528 0.128711
183.396 -10.6736 3.19036 0.0570076
183.654 -10.7745 3.19332 0.0676057
183.502 -10.6164 3.18826 0.18312
183.337 -10.7197 3.18528 0.128711
183.396 -10.6736 3.19036 0.0570076
183.595 -10.8617 3.18956 0.133042
183.654 -10.7745 3.19332 0.0676057
183.337 -10.7197 3.18528 0.128711
183.396 -10.6736 3.19036 0.0570076
183.396 -10.6736 3.19036 0.0570076
183.595 -10.8617 3.18956 0.133042
183.502 -10.6164 3.18826 0.18312
183.337 -10.7197 3.18528 0.128711
183.613 -10.7886 3.19047 0.195267
183.595 -10.8617 3.18956 0.133042
183.337 -10.7197 3.18528 0.128711
183.337 -10.7197 3.18528 0.128711
183.342 -10.9203 3.18655 0.0317688
183.749 -10.7393 3.19232 0.0550621
183.295 -10.6853 3.18666 0.0462791
183.502 -10.6164 3.18826 0.18312
183.613 -10.7886 3.19047 0.195267
183.613 -10.7886 3.19047 0.195267
183.342 -10.9203 3.18655 0.0317688
183.595 -10.8617 3.18956 0.133042
183.502 -10.6164 3.18826 0.18312
183.613 -10.7886 3.19047 0.195267
183.749 -10.7393 3.19232 0.0550621
183.295 -10.6853 3.18666 0.0462791
183.654 -10.7745 3.19332 0.0676057
183.337 -10.7197 3.18528 0.128711
183.396 -10.6736 3.19036 0.0570076
183.667 -10.8799 3.18669 0.05047
183.742 -10.6674 3.18349 0.00242799
183.337 -10.7197 3.18528 0.128711
183.613 -10.7886 3.19047 0.195267
183.667 -10.8799 3.18669 0.05047
183.3 -10.5772 3.18806 0.0113541
183.654 -10.7745 3.19332 0.0676057
183.502 -10.6164 3.18826 0.18312
183.337 -10.7197 3.18528 0.128711
183.337 -10.7197 3.18528 0.128711
183.396 -10.6736 3.19036 0.0570076
183.396 -10.6736 3.19036 0.0570076
183.749 -10.7393 3.19232 0.0550621
183.502 -10.6164 3.18826 0.18312
183.502 -10.6164 3.18826 0.18312
183.337 -10.7197 3.18528 0.128711
183.613 -10.7886 3.19047 0.195267
183.667 -10.8799 3.18669 0.05047
183.595 -10.8617 3.18956 0.133042
183.502 -10.6164 3.18826 0.18312
183.502 -10.6164 3.18826 0.18312
183.396 -10.6736 3.19036 0.0570076
