273.702 20.4642 5.44751 0.0451225
273.562 20.7342 5.44703 0.0306358
273.656 20.796 5.44433 0.0345516
273.862 20.6147 5.43714 0.0535697
273.809 20.649 5.44075 0.13327
273.69 20.5841 5.44772 0.131352
273.759 20.7023 5.44782 0.116042
273.738 20.7907 5.45411 0.0118111
273.656 20.796 5.44433 0.0345516
273.797 20.8293 5.44794 0.021334
273.61 20.8448 5.4423 0.00617207
273.69 20.5841 5.44772 0.131352
273.759 20.7023 5.44782 0.116042
273.759 20.7023 5.44782 0.116042
273.731 20.6245 5.45306 0.0315827
273.738 20.7907 5.45411 0.0118111
273.636 20.7509 5.44296 0.0485782
273.69 20.5841 5.44772 0.131352
273.69 20.5841 5.44772 0.131352
273.69 20.5841 5.44772 0.131352
273.759 20.7023 5.44782 0.116042
273.731 20.6245 5.45306 0.0315827
273.871 20.8267 5.44509 0.0123627
273.575 20.5314 5.44941 0.0248101
273.862 20.6147 5.43714 0.0535697
273.809 20.649 5.44075 0.13327
273.69 20.5841 5.44772 0.131352
273.752 20.5275 5.44598 0.128856
273.752 20.5275 5.44598 0.128856
273.759 20.7023 5.44782 0.116042
273.702 20.4642 5.44751 0.0451225
273.562 20.7342 5.44703 0.0306358
273.656 20.796 5.44433 0.0345516
273.656 20.796 5.44433 0.0345516
273.809 20.649 5.44075 0.13327
273.752 20.5275 5.44598 0.128856
273.752 20.5275 5.44598 0.128856
273.637 20.658 5.4394 0.0618493
273.738 20.7907 5.45411 0.0118111
273.656 20.796 5.44433 0.0345516
273.862 20.6147 5.43714 0.0535697
273.797 20.8293 5.44794 0.021334
273.69 20.5841 5.44772 0.131352
273.752 20.5275 5.44598 0.128856
273.752 20.5275 5.44598 0.128856
273.637 20.658 5.4394 0.0618493
273.656 20.796 5.44433 0.0345516
273.809 20.649 5.44075 0.13327
273.809 20.649 5.44075 0.13327
273.69 20.5841 5.44772 0.131352
273.69 20.5841 5.44772 0.131352
273.759 20.7023 5.44782 0.116042
273.759 20.7023 5.44782 0.116042
273.584 20.7162 5.43865 0.0140476
273.731 20.6245 5.45306 0.0315827
273.862 20.6147 5.43714 0.0535697
273.862 20.6147 5.43714 0.0535697
273.862 20.6147 5.43714 0.0535697
273.718 20.5335 5.45413 0.0093981
273.69 20.5841 5.44772 0.131352
273.69 20.5841 5.44772 0.131352
273.69 20.5841 5.44772 0.131352
273.69 20.5841 5.44772 0.131352
273.759 20.7023 5.44782 0.116042
273.702 20.4642 5.44751 0.0451225
273.636 20.7509 5.44296 0.0485782
273.809 20.649 5.44075 0.13327
273.809 20.649 5.44075 0.13327
273.809 20.649 5.44075 0.13327
273.752 20.5275 5.44598 0.128856
273.752 20.5275 5.44598 0.128856
273.731 20.6245 5.45306 0.0315827
273.575 20.5314 5.44941 0.0248101
273.656 20.796 5.44433 0.0345516
273.809 20.649 5.44075 0.13327
273.69 20.5841 5.44772 0.131352
273.752 20.5275 5.44598 0.128856
273.759 20.7023 5.44782 0.116042
273.575 20.5314 5.44941 0.0248101
273.562 20.7342 5.44703 0.0306358
273.862 20.6147 5.43714 0.0535697
273.809 20.649 5.44075 0.13327
273.752 20.5275 5.44598 0.128856
273.637 20.658 5.4394 0.0618493
273.702 20.4642 5.44751 0.0451225
273.477 20.7105 5.44985 0.00617899
273.809 20.649 5.44075 0.13327
273.69 20.5841 5.44772 0.131352
273.752 20.5275 5.44598 0.128856
273.759 20.7023 5.44782 0.116042
273.731 20.6245 5.45306 0.0315827
273.575 20.5314 5.44941 0.0248101
273.562 20.7342 5.44703 0.0306358
273.837 20.6668 5.45089 0.0371226
273.656 20.796 5.44433 0.0345516
273.656 20.796 5.44433 0.0345516
273.862 20.6147 5.43714 0.0535697
273.809 20.649 5.44075 0.13327
273.69 20.5841 5.44772 0.131352
273.752 20.5275 5.44598 0.128856
