-37.838 -67.2494 1.86499 0.113231
-37.9761 -67.3546 1.85783 0.116248
-37.9761 -67.3546 1.85783 0.116248
-37.9761 -67.3546 1.85783 0.116248
-37.6581 -67.1246 1.85987 0.0322553
-37.6581 -67.1246 1.85987 0.0322553
-37.6581 -67.1246 1.85987 0.0322553
-37.5968 -67.3816 1.86216 0.123373
-37.7927 -67.1801 1.8583 0.104498
-37.7927 -67.1801 1.8583 0.104498
-37.8036 -67.4063 1.86866 0.101988
-38.0319 -67.2549 1.86691 0.00731261
-37.8203 -67.7232 1.86657 0.0191514
-37.6193 -67.5213 1.87244 0.0277732
-37.7927 -67.1801 1.8583 0.104498
-37.4492 -67.4743 1.8602 0.00565087
-37.838 -67.2494 1.86499 0.113231
-37.6473 -67.1646 1.85798 0.0340919
-37.5968 -67.3816 1.86216 0.123373
-37.7728 -67.3498 1.85282 0.0196859
-37.7927 -67.1801 1.8583 0.104498
-37.897 -67.2652 1.85016 0.00780276
-37.8036 -67.4063 1.86866 0.101988
-38.0319 -67.2549 1.86691 0.00731261
-37.838 -67.2494 1.86499 0.113231
-37.6473 -67.1646 1.85798 0.0340919
-37.6193 -67.5213 1.87244 0.0277732
-37.5968 -67.3816 1.86216 0.123373
-38.0299 -67.1684 1.86393 0.0104798
-37.7447 -67.6547 1.86691 0.0587501
-37.4492 -67.4743 1.8602 0.00565087
-37.8036 -67.4063 1.86866 0.101988
-37.838 -67.2494 1.86499 0.113231
-37.838 -67.2494 1.86499 0.113231
-37.9761 -67.3546 1.85783 0.116248
-37.6193 -67.5213 1.87244 0.0277732
-37.5968 -67.3816 1.86216 0.123373
-37.5968 -67.3816 1.86216 0.123373
-37.7927 -67.1801 1.8583 0.104498
-37.8036 -67.4063 1.86866 0.101988
-37.838 -67.2494 1.86499 0.113231
-37.9761 -67.3546 1.85783 0.116248
-37.6193 -67.5213 1.87244 0.0277732
-37.5968 -67.3816 1.86216 0.123373
-37.7447 -67.6547 1.86691 0.0587501
-37.8036 -67.4063 1.86866 0.101988
-37.5055 -67.6297 1.86915 0.0170184
-37.6581 -67.1246 1.85987 0.0322553
-38.0299 -67.1684 1.86393 0.0104798
-37.7927 -67.1801 1.8583 0.104498
-37.7927 -67.1801 1.8583 0.104498
-37.792 -67.6936 1.86399 0.0321655
-37.8036 -67.4063 1.86866 0.101988
-37.7342 -67.0853 1.84957 0.00100153
-37.8203 -67.7232 1.86657 0.0191514
-37.9761 -67.3546 1.85783 0.116248
-37.9797 -67.3811 1.86738 0.0306882
-37.7728 -67.3498 1.85282 0.0196859
-37.792 -67.6936 1.86399 0.0321655
-37.8036 -67.4063 1.86866 0.101988
-37.5055 -67.6297 1.86915 0.0170184
-37.8203 -67.7232 1.86657 0.0191514
-37.9761 -67.3546 1.85783 0.116248
-37.5968 -67.3816 1.86216 0.123373
-37.5968 -67.3816 1.86216 0.123373
-37.513 -67.2824 1.87297 0.00293114
-37.8036 -67.4063 1.86866 0.101988
-37.4008 -67.4348 1.86167 0.00420806
-37.838 -67.2494 1.86499 0.113231
-37.9761 -67.3546 1.85783 0.116248
-37.6581 -67.1246 1.85987 0.0322553
-37.5968 -67.3816 1.86216 0.123373
-37.7927 -67.1801 1.8583 0.104498
-37.8659 -67.4901 1.86964 0.0477024
-37.8036 -67.4063 1.86866 0.101988
-37.8036 -67.4063 1.86866 0.101988
-37.9761 -67.3546 1.85783 0.116248
-37.9761 -67.3546 1.85783 0.116248
-37.9761 -67.3546 1.85783 0.116248
-37.6193 -67.5213 1.87244 0.0277732
-38.0299 -67.1684 1.86393 0.0104798
-37.7927 -67.1801 1.8583 0.104498
-37.8659 -67.4901 1.86964 0.0477024
-37.838 -67.2494 1.86499 0.113231
-37.838 -67.2494 1.86499 0.113231
-37.838 -67.2494 1.86499 0.113231
-37.8203 -67.7232 1.86657 0.0191514
-37.9761 -67.3546 1.85783 0.116248
-37.5968 -67.3816 1.86216 0.123373
-37.7927 -67.1801 1.8583 0.104498
-37.8036 -67.4063 1.86866 0.101988
-37.4008 -67.4348 1.86167 0.00420806
-37.9761 -67.3546 1.85783 0.116248
-37.9761 -67.3546 1.85783 0.116248
-37.6581 -67.1246 1.85987 0.0322553
-37.6581 -67.1246 1.85987 0.0322553
-37.5968 -67.3816 1.86216 0.123373
-37.5968 -67.3816 1.86216 0.123373
-37.7927 -67.1801 1.8583 0.104498
-37.8659 -67.4901 1.86964 0.0477024
