278.192 10.3534 4.94206 0.0303199
278.192 10.3534 4.94206 0.0303199
278.185 10.6449 4.95243 0.159138
278.17 10.6563 4.93645 0.168148
278.323 10.5781 4.93946 0.199033
278.295 10.7626 4.94094 0.111546
278.192 10.3534 4.94206 0.0303199
278.185 10.6449 4.95243 0.159138
278.17 10.6563 4.93645 0.168148
278.17 10.6563 4.93645 0.168148
278.323 10.5781 4.93946 0.199033
278.324 10.7941 4.95826 0.0369481
278.185 10.588 4.95428 0.0759349
278.17 10.6563 4.93645 0.168148
278.323 10.5781 4.93946 0.199033
278.323 10.5781 4.93946 0.199033
278.295 10.7626 4.94094 0.111546
278.192 10.3534 4.94206 0.0303199
278.185 10.588 4.95428 0.0759349
278.17 10.6563 4.93645 0.168148
278.211 10.4853 4.95378 0.0320995
278.185 10.588 4.95428 0.0759349
278.17 10.6563 4.93645 0.168148
278.17 10.6563 4.93645 0.168148
278.323 10.5781 4.93946 0.199033
278.295 10.7626 4.94094 0.111546
278.17 10.6563 4.93645 0.168148
278.323 10.5781 4.93946 0.199033
278.295 10.7626 4.94094 0.111546
278.185 10.6449 4.95243 0.159138
278.17 10.6563 4.93645 0.168148
278.17 10.6563 4.93645 0.168148
278.323 10.5781 4.93946 0.199033
278.323 10.5781 4.93946 0.199033
278.353 10.4245 4.94895 0.0301988
278.211 10.4853 4.95378 0.0320995
278.185 10.588 4.95428 0.0759349
278.321 10.8305 4.9682 0.00074187
278.102 10.7801 4.95242 0.0480575
278.211 10.4853 4.95378 0.0320995
278.185 10.588 4.95428 0.0759349
278.17 10.6563 4.93645 0.168148
278.323 10.5781 4.93946 0.199033
278.295 10.7626 4.94094 0.111546
278.185 10.6449 4.95243 0.159138
278.323 10.5781 4.93946 0.199033
278.295 10.7626 4.94094 0.111546
278.325 10.9998 4.9521 0.00282293
278.185 10.6449 4.95243 0.159138
278.17 10.6563 4.93645 0.168148
278.323 10.5781 4.93946 0.199033
278.295 10.7626 4.94094 0.111546
278.185 10.6449 4.95243 0.159138
278.102 10.7801 4.95242 0.0480575
278.323 10.5781 4.93946 0.199033
278.295 10.7626 4.94094 0.111546
277.952 10.5769 4.93683 0.02272
278.17 10.6563 4.93645 0.168148
278.323 10.5781 4.93946 0.199033
278.353 10.4245 4.94895 0.0301988
278.295 10.7626 4.94094 0.111546
278.17 10.6563 4.93645 0.168148
278.17 10.6563 4.93645 0.168148
278.323 10.5781 4.93946 0.199033
278.323 10.5781 4.93946 0.199033
278.295 10.7626 4.94094 0.111546
278.325 10.9998 4.9521 0.00282293
278.185 10.6449 4.95243 0.159138
278.185 10.6449 4.95243 0.159138
278.185 10.6449 4.95243 0.159138
278.185 10.6449 4.95243 0.159138
278.494 10.5968 4.95266 0.020967
278.491 10.5336 4.95309 0.0119728
278.324 10.7941 4.95826 0.0369481
278.185 10.588 4.95428 0.0759349
278.17 10.6563 4.93645 0.168148
278.323 10.5781 4.93946 0.199033
278.211 10.4853 4.95378 0.0320995
278.185 10.6449 4.95243 0.159138
278.185 10.6449 4.95243 0.159138
278.185 10.6449 4.95243 0.159138
278.17 10.6563 4.93645 0.168148
278.323 10.5781 4.93946 0.199033
278.211 10.4853 4.95378 0.0320995
278.185 10.6449 4.95243 0.159138
278.17 10.6563 4.93645 0.168148
278.102 10.7801 4.95242 0.0480575
278.323 10.5781 4.93946 0.199033
278.491 10.5336 4.95309 0.0119728
278.324 10.7941 4.95826 0.0369481
278.185 10.6449 4.95243 0.159138
278.17 10.6563 4.93645 0.168148
278.494 10.5968 4.95266 0.020967
278.491 10.5336 4.95309 0.0119728
278.185 10.6449 4.95243 0.159138
278.17 10.6563 4.93645 0.168148
278.323 10.5781 4.93946 0.199033
278.324 10.7941 4.95826 0.0369481
278.185 10.6449 4.95243 0.159138
278.102 10.7801 4.95242 0.0480575
