166.078 23.0805 0.0775407 0.117498
166.078 23.0805 0.0775407 0.117498
166.029 22.9981 0.080314 0.276523
166.035 22.8056 0.0785996 0.0832159
165.951 23.1544 0.0813325 0.0480294
165.938 22.8329 0.0793657 0.0898586
166.029 22.9981 0.080314 0.276523
166.029 22.9981 0.080314 0.276523
166.149 22.8963 0.0777603 0.113273
166.142 22.9022 0.0782081 0.130019
166.246 22.981 0.0746505 0.0223161
165.938 22.8329 0.0793657 0.0898586
166.029 22.9981 0.080314 0.276523
166.029 22.9981 0.080314 0.276523
166.029 22.9981 0.080314 0.276523
166.149 22.8963 0.0777603 0.113273
165.938 22.8329 0.0793657 0.0898586
166.029 22.9981 0.080314 0.276523
165.951 23.1544 0.0813325 0.0480294
165.938 22.8329 0.0793657 0.0898586
165.96 22.8851 0.0770348 0.0958967
166.029 22.9981 0.080314 0.276523
166.142 22.9022 0.0782081 0.130019
166.029 22.9981 0.080314 0.276523
166.149 22.8963 0.0777603 0.113273
166.035 22.8056 0.0785996 0.0832159
165.938 22.8329 0.0793657 0.0898586
166.078 23.0805 0.0775407 0.117498
166.149 22.8963 0.0777603 0.113273
166.149 22.8963 0.0777603 0.113273
166.149 22.8963 0.0777603 0.113273
166.035 22.8056 0.0785996 0.0832159
166.035 22.8056 0.0785996 0.0832159
165.96 22.8851 0.0770348 0.0958967
166.078 23.0805 0.0775407 0.117498
166.035 22.8056 0.0785996 0.0832159
166.142 22.9022 0.0782081 0.130019
165.951 23.1544 0.0813325 0.0480294
166.029 22.9981 0.080314 0.276523
166.149 22.8963 0.0777603 0.113273
166.035 22.8056 0.0785996 0.0832159
165.951 23.1544 0.0813325 0.0480294
165.938 22.8329 0.0793657 0.0898586
165.96 22.8851 0.0770348 0.0958967
166.078 23.0805 0.0775407 0.117498
166.142 22.9022 0.0782081 0.130019
165.938 22.8329 0.0793657 0.0898586
166.029 22.9981 0.080314 0.276523
166.142 22.9022 0.0782081 0.130019
165.938 22.8329 0.0793657 0.0898586
166.078 23.0805 0.0775407 0.117498
166.029 22.9981 0.080314 0.276523
166.149 22.8963 0.0777603 0.113273
165.951 23.1544 0.0813325 0.0480294
166.029 22.9981 0.080314 0.276523
166.149 22.8963 0.0777603 0.113273
166.149 22.8963 0.0777603 0.113273
165.938 22.8329 0.0793657 0.0898586
165.96 22.8851 0.0770348 0.0958967
166.029 22.9981 0.080314 0.276523
166.029 22.9981 0.080314 0.276523
166.149 22.8963 0.0777603 0.113273
165.951 23.1544 0.0813325 0.0480294
165.951 23.1544 0.0813325 0.0480294
165.938 22.8329 0.0793657 0.0898586
166.078 23.0805 0.0775407 0.117498
166.035 22.8056 0.0785996 0.0832159
165.951 23.1544 0.0813325 0.0480294
166.029 22.9981 0.080314 0.276523
166.149 22.8963 0.0777603 0.113273
166.142 22.9022 0.0782081 0.130019
165.938 22.8329 0.0793657 0.0898586
166.029 22.9981 0.080314 0.276523
166.029 22.9981 0.080314 0.276523
166.035 22.8056 0.0785996 0.0832159
166.142 22.9022 0.0782081 0.130019
165.726 23.0062 0.0906546 0.000478571
166.078 23.0805 0.0775407 0.117498
166.029 22.9981 0.080314 0.276523
166.149 22.8963 0.0777603 0.113273
166.142 22.9022 0.0782081 0.130019
166.246 22.981 0.0746505 0.0223161
166.029 22.9981 0.080314 0.276523
165.934 22.7542 0.0738461 0.00230828
166.142 22.9022 0.0782081 0.130019
165.96 22.8851 0.0770348 0.0958967
166.029 22.9981 0.080314 0.276523
166.142 22.9022 0.0782081 0.130019
166.078 23.0805 0.0775407 0.117498
166.035 22.8056 0.0785996 0.0832159
165.938 22.8329 0.0793657 0.0898586
166.029 22.9981 0.080314 0.276523
166.142 22.9022 0.0782081 0.130019
165.938 22.8329 0.0793657 0.0898586
166.078 23.0805 0.0775407 0.117498
166.029 22.9981 0.080314 0.276523
165.938 22.8329 0.0793657 0.0898586
166.029 22.9981 0.080314 0.276523
166.029 22.9981 0.080314 0.276523
166.035 22.8056 0.0785996 0.0832159
