277.579 16.3051 5.23345 0.196825
277.617 16.168 5.2221 0.080178
277.48 16.2719 5.23491 0.0876307
277.574 16.1421 5.23558 0.0544807
277.456 16.1177 5.2276 0.077909
277.579 16.3051 5.23345 0.196825
277.579 16.3051 5.23345 0.196825
277.77 16.1866 5.22853 0.0661797
277.857 16.2638 5.23213 0.0125095
277.456 16.1177 5.2276 0.077909
277.786 16.2084 5.22716 0.0462604
277.579 16.3051 5.23345 0.196825
277.617 16.168 5.2221 0.080178
277.741 16.1432 5.23103 0.0700625
277.575 15.9541 5.22468 0.0186108
277.746 16.0626 5.22656 0.0365638
277.579 16.3051 5.23345 0.196825
277.579 16.3051 5.23345 0.196825
277.617 16.168 5.2221 0.080178
277.77 16.1866 5.22853 0.0661797
277.456 16.1177 5.2276 0.077909
277.553 16.0483 5.22266 0.0574466
277.617 16.168 5.2221 0.080178
277.575 15.9541 5.22468 0.0186108
277.518 16.4063 5.22758 0.0321771
277.553 16.0483 5.22266 0.0574466
277.579 16.3051 5.23345 0.196825
277.741 16.1432 5.23103 0.0700625
277.456 16.1177 5.2276 0.077909
277.553 16.0483 5.22266 0.0574466
277.657 15.9725 5.23009 0.0121781
277.646 16.4941 5.22829 0.00688129
277.582 16.0322 5.2297 0.0514189
277.582 16.0322 5.2297 0.0514189
277.553 16.0483 5.22266 0.0574466
277.641 15.9602 5.22188 0.0150538
277.741 16.1432 5.23103 0.0700625
277.582 16.0322 5.2297 0.0514189
277.579 16.3051 5.23345 0.196825
277.741 16.1432 5.23103 0.0700625
277.736 16.4803 5.22824 0.00436067
277.582 16.0322 5.2297 0.0514189
277.579 16.3051 5.23345 0.196825
277.741 16.1432 5.23103 0.0700625
277.456 16.1177 5.2276 0.077909
277.582 16.0322 5.2297 0.0514189
277.553 16.0483 5.22266 0.0574466
277.437 16.1412 5.23433 0.0262332
277.641 15.9602 5.22188 0.0150538
277.48 16.2719 5.23491 0.0876307
277.582 16.0322 5.2297 0.0514189
277.579 16.3051 5.23345 0.196825
277.437 16.1412 5.23433 0.0262332
277.77 16.1866 5.22853 0.0661797
277.48 16.2719 5.23491 0.0876307
277.786 16.2084 5.22716 0.0462604
277.786 16.2084 5.22716 0.0462604
277.553 16.0483 5.22266 0.0574466
277.657 15.9725 5.23009 0.0121781
277.857 16.2638 5.23213 0.0125095
277.582 16.0322 5.2297 0.0514189
277.786 16.2084 5.22716 0.0462604
277.617 16.168 5.2221 0.080178
277.741 16.1432 5.23103 0.0700625
277.77 16.1866 5.22853 0.0661797
277.456 16.1177 5.2276 0.077909
277.746 16.0626 5.22656 0.0365638
277.579 16.3051 5.23345 0.196825
277.741 16.1432 5.23103 0.0700625
277.456 16.1177 5.2276 0.077909
277.786 16.2084 5.22716 0.0462604
277.657 15.9725 5.23009 0.0121781
277.446 16.3859 5.23811 0.018907
277.575 15.9541 5.22468 0.0186108
277.456 16.1177 5.2276 0.077909
277.786 16.2084 5.22716 0.0462604
277.437 16.1412 5.23433 0.0262332
277.857 16.2638 5.23213 0.0125095
277.582 16.0322 5.2297 0.0514189
277.579 16.3051 5.23345 0.196825
277.741 16.1432 5.23103 0.0700625
277.741 16.1432 5.23103 0.0700625
277.48 16.2719 5.23491 0.0876307
277.518 16.4063 5.22758 0.0321771
277.553 16.0483 5.22266 0.0574466
277.553 16.0483 5.22266 0.0574466
277.579 16.3051 5.23345 0.196825
277.617 16.168 5.2221 0.080178
277.641 15.9602 5.22188 0.0150538
277.48 16.2719 5.23491 0.0876307
277.48 16.2719 5.23491 0.0876307
277.746 16.0626 5.22656 0.0365638
277.579 16.3051 5.23345 0.196825
277.437 16.1412 5.23433 0.0262332
277.437 16.1412 5.23433 0.0262332
277.77 16.1866 5.22853 0.0661797
277.528 15.8324 5.2153 0.000247843
277.553 16.0483 5.22266 0.0574466
277.579 16.3051 5.23345 0.196825
277.579 16.3051 5.23345 0.196825
