58.4283 13.2514 0.130945 0.393778
58.416 13.2992 0.137461 0.318124
58.4283 13.2514 0.130945 0.393778
58.416 13.2992 0.137461 0.318124
58.4283 13.2514 0.130945 0.393778
58.328 13.3376 0.133877 0.235735
58.416 13.2992 0.137461 0.318124
58.416 13.2992 0.137461 0.318124
58.328 13.3376 0.133877 0.235735
58.4283 13.2514 0.130945 0.393778
58.328 13.3376 0.133877 0.235735
58.328 13.3376 0.133877 0.235735
58.328 13.3376 0.133877 0.235735
58.416 13.2992 0.137461 0.318124
58.328 13.3376 0.133877 0.235735
58.328 13.3376 0.133877 0.235735
58.4283 13.2514 0.130945 0.393778
58.328 13.3376 0.133877 0.235735
58.416 13.2992 0.137461 0.318124
58.4283 13.2514 0.130945 0.393778
58.328 13.3376 0.133877 0.235735
58.328 13.3376 0.133877 0.235735
58.2033 13.5343 0.137428 0.00797938
58.4283 13.2514 0.130945 0.393778
58.328 13.3376 0.133877 0.235735
58.4283 13.2514 0.130945 0.393778
58.416 13.2992 0.137461 0.318124
58.416 13.2992 0.137461 0.318124
58.4283 13.2514 0.130945 0.393778
58.4283 13.2514 0.130945 0.393778
58.4283 13.2514 0.130945 0.393778
58.328 13.3376 0.133877 0.235735
58.416 13.2992 0.137461 0.318124
58.4283 13.2514 0.130945 0.393778
58.416 13.2992 0.137461 0.318124
58.328 13.3376 0.133877 0.235735
58.4283 13.2514 0.130945 0.393778
58.4283 13.2514 0.130945 0.393778
58.416 13.2992 0.137461 0.318124
58.416 13.2992 0.137461 0.318124
58.4283 13.2514 0.130945 0.393778
58.416 13.2992 0.137461 0.318124
58.328 13.3376 0.133877 0.235735
58.416 13.2992 0.137461 0.318124
58.4283 13.2514 0.130945 0.393778
58.416 13.2992 0.137461 0.318124
58.328 13.3376 0.133877 0.235735
58.4283 13.2514 0.130945 0.393778
58.4283 13.2514 0.130945 0.393778
58.416 13.2992 0.137461 0.318124
58.416 13.2992 0.137461 0.318124
58.4283 13.2514 0.130945 0.393778
58.416 13.2992 0.137461 0.318124
58.4283 13.2514 0.130945 0.393778
58.416 13.2992 0.137461 0.318124
58.4283 13.2514 0.130945 0.393778
58.4283 13.2514 0.130945 0.393778
58.443 13.088 0.139607 0.0034271
58.416 13.2992 0.137461 0.318124
58.416 13.2992 0.137461 0.318124
58.3488 13.604 0.129804 0.00401295
58.416 13.2992 0.137461 0.318124
58.328 13.3376 0.133877 0.235735
58.416 13.2992 0.137461 0.318124
58.416 13.2992 0.137461 0.318124
58.416 13.2992 0.137461 0.318124
58.4283 13.2514 0.130945 0.393778
58.416 13.2992 0.137461 0.318124
58.416 13.2992 0.137461 0.318124
58.4451 13.173 0.140672 0.00894995
58.4283 13.2514 0.130945 0.393778
58.416 13.2992 0.137461 0.318124
58.416 13.2992 0.137461 0.318124
58.4283 13.2514 0.130945 0.393778
58.4283 13.2514 0.130945 0.393778
58.4283 13.2514 0.130945 0.393778
58.4283 13.2514 0.130945 0.393778
58.4283 13.2514 0.130945 0.393778
58.416 13.2992 0.137461 0.318124
58.4283 13.2514 0.130945 0.393778
58.4283 13.2514 0.130945 0.393778
58.4283 13.2514 0.130945 0.393778
58.4283 13.2514 0.130945 0.393778
58.3488 13.604 0.129804 0.00401295
58.4283 13.2514 0.130945 0.393778
58.4283 13.2514 0.130945 0.393778
58.328 13.3376 0.133877 0.235735
58.4283 13.2514 0.130945 0.393778
58.416 13.2992 0.137461 0.318124
58.328 13.3376 0.133877 0.235735
58.328 13.3376 0.133877 0.235735
58.4283 13.2514 0.130945 0.393778
58.328 13.3376 0.133877 0.235735
58.4283 13.2514 0.130945 0.393778
58.4283 13.2514 0.130945 0.393778
58.4283 13.2514 0.130945 0.393778
58.416 13.2992 0.137461 0.318124
58.4283 13.2514 0.130945 0.393778
58.328 13.3376 0.133877 0.235735
58.416 13.2992 0.137461 0.318124
