23.6922 7.12163 0.255431 0.34672
23.746 7.02479 0.254199 0.203761
23.9411 7.2083 0.254528 0.0883313
23.746 7.02479 0.254199 0.203761
23.6296 7.04827 0.263741 0.0738452
23.746 7.02479 0.254199 0.203761
23.9547 7.11617 0.250874 0.0732919
23.9268 7.11628 0.250444 0.0766082
23.746 7.02479 0.254199 0.203761
23.6922 7.12163 0.255431 0.34672
23.9547 7.11617 0.250874 0.0732919
23.6922 7.12163 0.255431 0.34672
23.6922 7.12163 0.255431 0.34672
23.9268 7.11628 0.250444 0.0766082
23.6922 7.12163 0.255431 0.34672
23.746 7.02479 0.254199 0.203761
23.746 7.02479 0.254199 0.203761
23.746 7.02479 0.254199 0.203761
23.9547 7.11617 0.250874 0.0732919
23.9268 7.11628 0.250444 0.0766082
23.9268 7.11628 0.250444 0.0766082
23.6922 7.12163 0.255431 0.34672
23.746 7.02479 0.254199 0.203761
23.746 7.02479 0.254199 0.203761
23.6296 7.04827 0.263741 0.0738452
23.6922 7.12163 0.255431 0.34672
23.6922 7.12163 0.255431 0.34672
23.746 7.02479 0.254199 0.203761
23.9268 7.11628 0.250444 0.0766082
23.746 7.02479 0.254199 0.203761
23.8247 7.11108 0.250131 0.0608785
23.6296 7.04827 0.263741 0.0738452
23.6922 7.12163 0.255431 0.34672
23.717 6.98901 0.263805 0.0218022
23.746 7.02479 0.254199 0.203761
23.746 7.02479 0.254199 0.203761
23.845 6.97339 0.250236 0.0197257
23.746 7.02479 0.254199 0.203761
23.746 7.02479 0.254199 0.203761
23.8247 7.11108 0.250131 0.0608785
23.6922 7.12163 0.255431 0.34672
23.746 7.02479 0.254199 0.203761
23.6922 7.12163 0.255431 0.34672
23.6922 7.12163 0.255431 0.34672
23.9411 7.2083 0.254528 0.0883313
23.9411 7.2083 0.254528 0.0883313
23.9268 7.11628 0.250444 0.0766082
23.6922 7.12163 0.255431 0.34672
23.6922 7.12163 0.255431 0.34672
23.6922 7.12163 0.255431 0.34672
23.8247 7.11108 0.250131 0.0608785
23.746 7.02479 0.254199 0.203761
23.746 7.02479 0.254199 0.203761
23.9485 7.15593 0.259105 0.0162863
23.9411 7.2083 0.254528 0.0883313
23.6922 7.12163 0.255431 0.34672
23.6922 7.12163 0.255431 0.34672
23.746 7.02479 0.254199 0.203761
23.9268 7.11628 0.250444 0.0766082
23.9268 7.11628 0.250444 0.0766082
23.9268 7.11628 0.250444 0.0766082
23.746 7.02479 0.254199 0.203761
23.9547 7.11617 0.250874 0.0732919
23.9411 7.2083 0.254528 0.0883313
23.746 7.02479 0.254199 0.203761
23.6922 7.12163 0.255431 0.34672
23.6922 7.12163 0.255431 0.34672
23.6922 7.12163 0.255431 0.34672
23.9547 7.11617 0.250874 0.0732919
23.6296 7.04827 0.263741 0.0738452
23.6922 7.12163 0.255431 0.34672
23.746 7.02479 0.254199 0.203761
23.746 7.02479 0.254199 0.203761
23.9268 7.11628 0.250444 0.0766082
23.9268 7.11628 0.250444 0.0766082
23.9547 7.11617 0.250874 0.0732919
23.6296 7.04827 0.263741 0.0738452
23.6922 7.12163 0.255431 0.34672
23.717 6.98901 0.263805 0.0218022
23.6296 7.04827 0.263741 0.0738452
23.9411 7.2083 0.254528 0.0883313
23.7503 6.78699 0.263438 0.000137349
23.9268 7.11628 0.250444 0.0766082
23.6922 7.12163 0.255431 0.34672
23.746 7.02479 0.254199 0.203761
23.6922 7.12163 0.255431 0.34672
23.9547 7.11617 0.250874 0.0732919
23.8247 7.11108 0.250131 0.0608785
23.845 6.97339 0.250236 0.0197257
23.6922 7.12163 0.255431 0.34672
23.746 7.02479 0.254199 0.203761
23.6922 7.12163 0.255431 0.34672
23.6922 7.12163 0.255431 0.34672
23.6296 7.04827 0.263741 0.0738452
23.6296 7.04827 0.263741 0.0738452
23.6922 7.12163 0.255431 0.34672
23.6922 7.12163 0.255431 0.34672
23.9547 7.11617 0.250874 0.0732919
23.9268 7.11628 0.250444 0.0766082
23.746 7.02479 0.254199 0.203761
