263.19 27.7665 5.93925 0.0283778
263.248 27.4646 5.924 0.00670123
263.34 27.7023 5.93296 0.0530226
263.141 27.986 5.92779 0.0381741
263.284 27.7232 5.92273 0.201448
263.19 27.7665 5.93925 0.0283778
263.34 27.7023 5.93296 0.0530226
263.192 27.6187 5.93487 0.14208
263.353 27.6374 5.93253 0.0348444
263.284 27.7232 5.92273 0.201448
263.208 27.5208 5.9189 0.00280139
263.192 27.6187 5.93487 0.14208
263.448 27.7175 5.92436 0.0298154
262.997 27.898 5.93266 0.0561732
263.284 27.7232 5.92273 0.201448
263.34 27.7023 5.93296 0.0530226
263.192 27.6187 5.93487 0.14208
263.141 27.986 5.92779 0.0381741
263.448 27.7175 5.92436 0.0298154
263.127 27.4578 5.92805 0.0134982
263.195 27.9332 5.93518 0.0223346
263.192 27.6187 5.93487 0.14208
263.354 27.721 5.92231 0.109195
263.141 27.986 5.92779 0.0381741
263.284 27.7232 5.92273 0.201448
263.381 27.9305 5.92638 0.0238198
263.354 27.721 5.92231 0.109195
263.141 27.986 5.92779 0.0381741
263.284 27.7232 5.92273 0.201448
263.34 27.7023 5.93296 0.0530226
263.141 27.986 5.92779 0.0381741
262.917 27.7821 5.92366 0.00463262
263.284 27.7232 5.92273 0.201448
263.284 27.7232 5.92273 0.201448
263.192 27.6187 5.93487 0.14208
263.13 27.446 5.92888 0.0116692
263.284 27.7232 5.92273 0.201448
263.34 27.7023 5.93296 0.0530226
263.354 27.721 5.92231 0.109195
262.997 27.898 5.93266 0.0561732
263.044 27.6266 5.92528 0.0633395
263.34 27.7023 5.93296 0.0530226
263.354 27.721 5.92231 0.109195
263.284 27.7232 5.92273 0.201448
263.34 27.7023 5.93296 0.0530226
263.102 27.4684 5.93323 0.0237904
263.284 27.7232 5.92273 0.201448
263.195 27.9332 5.93518 0.0223346
263.354 27.721 5.92231 0.109195
263.354 27.721 5.92231 0.109195
263.284 27.7232 5.92273 0.201448
263.23 27.8733 5.91826 0.0316393
263.34 27.7023 5.93296 0.0530226
263.141 27.986 5.92779 0.0381741
263.284 27.7232 5.92273 0.201448
263.23 27.8733 5.91826 0.0316393
263.247 28.1059 5.92763 0.00134753
263.354 27.721 5.92231 0.109195
262.997 27.898 5.93266 0.0561732
263.284 27.7232 5.92273 0.201448
263.284 27.7232 5.92273 0.201448
263.192 27.6187 5.93487 0.14208
263.353 27.6374 5.93253 0.0348444
263.284 27.7232 5.92273 0.201448
263.284 27.7232 5.92273 0.201448
263.34 27.7023 5.93296 0.0530226
263.102 27.4684 5.93323 0.0237904
262.997 27.898 5.93266 0.0561732
263.284 27.7232 5.92273 0.201448
263.34 27.7023 5.93296 0.0530226
263.192 27.6187 5.93487 0.14208
263.072 27.7089 5.92237 0.0574636
263.284 27.7232 5.92273 0.201448
263.284 27.7232 5.92273 0.201448
263.044 27.6266 5.92528 0.0633395
263.23 27.8733 5.91826 0.0316393
263.208 27.5208 5.9189 0.00280139
263.141 27.986 5.92779 0.0381741
263.353 27.6374 5.93253 0.0348444
263.284 27.7232 5.92273 0.201448
263.044 27.6266 5.92528 0.0633395
263.192 27.6187 5.93487 0.14208
263.102 27.4684 5.93323 0.0237904
263.141 27.986 5.92779 0.0381741
263.284 27.7232 5.92273 0.201448
263.284 27.7232 5.92273 0.201448
263.23 27.8733 5.91826 0.0316393
263.192 27.6187 5.93487 0.14208
263.354 27.721 5.92231 0.109195
263.072 27.7089 5.92237 0.0574636
263.334 27.5709 5.91988 0.0122487
262.925 27.9625 5.92324 0.000812754
262.841 27.9265 5.9458 4.88677e-05
263.353 27.6374 5.93253 0.0348444
263.284 27.7232 5.92273 0.201448
263.195 27.9332 5.93518 0.0223346
263.354 27.721 5.92231 0.109195
262.997 27.898 5.93266 0.0561732
263.284 27.7232 5.92273 0.201448
263.464 27.5626 5.9249 0.00422818
