133.219 -17.727 3.3782 0.123919
133.07 -17.9872 3.37331 0.0792766
132.742 -17.8698 3.37249 0.0234019
132.929 -17.7741 3.37377 0.199114
132.998 -17.8429 3.38277 0.0564941
133.022 -18.0207 3.37577 0.0883343
132.929 -17.7741 3.37377 0.199114
133.088 -17.7947 3.38265 0.105591
133.257 -17.7787 3.37595 0.064101
133.309 -17.6771 3.37845 0.0271331
133.094 -18.0865 3.37258 0.0132462
132.872 -17.8075 3.36819 0.0189113
133.07 -17.9872 3.37331 0.0792766
132.796 -17.6736 3.37365 0.0291539
132.929 -17.7741 3.37377 0.199114
132.929 -17.7741 3.37377 0.199114
132.968 -18.1646 3.37795 0.00406507
133.07 -17.9872 3.37331 0.0792766
132.929 -17.7741 3.37377 0.199114
133.257 -17.7787 3.37595 0.064101
133.309 -17.6771 3.37845 0.0271331
133.07 -17.9872 3.37331 0.0792766
132.929 -17.7741 3.37377 0.199114
132.969 -17.7368 3.38206 0.0616539
132.998 -17.8429 3.38277 0.0564941
132.878 -17.9199 3.38143 0.0188656
132.929 -17.7741 3.37377 0.199114
133.088 -17.7947 3.38265 0.105591
132.998 -17.8429 3.38277 0.0564941
133.298 -17.9713 3.37704 0.0197915
133.219 -17.727 3.3782 0.123919
133.07 -17.9872 3.37331 0.0792766
133.088 -17.7947 3.38265 0.105591
133.219 -17.727 3.3782 0.123919
132.929 -17.7741 3.37377 0.199114
133.088 -17.7947 3.38265 0.105591
132.998 -17.8429 3.38277 0.0564941
132.878 -17.9199 3.38143 0.0188656
132.796 -17.6736 3.37365 0.0291539
132.929 -17.7741 3.37377 0.199114
132.929 -17.7741 3.37377 0.199114
132.929 -17.7741 3.37377 0.199114
132.969 -17.7368 3.38206 0.0616539
133.257 -17.7787 3.37595 0.064101
133.219 -17.727 3.3782 0.123919
133.07 -17.9872 3.37331 0.0792766
132.929 -17.7741 3.37377 0.199114
133.088 -17.7947 3.38265 0.105591
133.088 -17.7947 3.38265 0.105591
133.088 -17.7947 3.38265 0.105591
132.969 -17.7368 3.38206 0.0616539
132.969 -17.7368 3.38206 0.0616539
133.257 -17.7787 3.37595 0.064101
133.219 -17.727 3.3782 0.123919
132.929 -17.7741 3.37377 0.199114
133.156 -18.0695 3.38324 0.00633306
133.298 -17.9713 3.37704 0.0197915
132.878 -17.9199 3.38143 0.0188656
132.929 -17.7741 3.37377 0.199114
133.088 -17.7947 3.38265 0.105591
132.998 -17.8429 3.38277 0.0564941
133.257 -17.7787 3.37595 0.064101
133.022 -18.0207 3.37577 0.0883343
132.929 -17.7741 3.37377 0.199114
132.929 -17.7741 3.37377 0.199114
132.929 -17.7741 3.37377 0.199114
132.969 -17.7368 3.38206 0.0616539
133.415 -18.0135 3.37751 0.00119371
133.07 -17.9872 3.37331 0.0792766
132.929 -17.7741 3.37377 0.199114
132.998 -17.8429 3.38277 0.0564941
133.309 -17.6771 3.37845 0.0271331
133.07 -17.9872 3.37331 0.0792766
132.929 -17.7741 3.37377 0.199114
132.998 -17.8429 3.38277 0.0564941
133.219 -17.727 3.3782 0.123919
132.742 -17.8698 3.37249 0.0234019
133.088 -17.7947 3.38265 0.105591
133.257 -17.7787 3.37595 0.064101
133.022 -18.0207 3.37577 0.0883343
132.929 -17.7741 3.37377 0.199114
132.929 -17.7741 3.37377 0.199114
133.219 -17.727 3.3782 0.123919
133.309 -17.6771 3.37845 0.0271331
132.872 -17.8075 3.36819 0.0189113
133.022 -18.0207 3.37577 0.0883343
133.07 -17.9872 3.37331 0.0792766
133.088 -17.7947 3.38265 0.105591
132.968 -18.1646 3.37795 0.00406507
133.219 -17.727 3.3782 0.123919
133.219 -17.727 3.3782 0.123919
133.07 -17.9872 3.37331 0.0792766
133.088 -17.7947 3.38265 0.105591
133.219 -17.727 3.3782 0.123919
133.219 -17.727 3.3782 0.123919
133.022 -18.0207 3.37577 0.0883343
132.742 -17.8698 3.37249 0.0234019
132.929 -17.7741 3.37377 0.199114
133.088 -17.7947 3.38265 0.105591
133.088 -17.7947 3.38265 0.105591
