248.336 -18.2401 3.0287 0.0453446
248.213 -18.4561 3.02189 0.0529721
248.048 -18.2222 3.02115 0.0567514
248.048 -18.2222 3.02115 0.0567514
248.178 -18.3284 3.02489 0.065558
248.178 -18.3284 3.02489 0.065558
248.421 -18.0035 3.02474 0.0142479
248.344 -18.0618 3.02359 0.0471987
248.333 -18.3172 3.02264 0.146165
248.349 -18.2909 3.03046 0.0247647
248.048 -18.2222 3.02115 0.0567514
248.178 -18.3284 3.02489 0.065558
248.531 -18.1101 3.02545 0.0222145
248.344 -18.0618 3.02359 0.0471987
248.333 -18.3172 3.02264 0.146165
248.048 -18.2222 3.02115 0.0567514
248.646 -18.4035 3.03428 0.00553449
248.178 -18.3284 3.02489 0.065558
247.911 -18.3258 3.01749 0.0170181
248.336 -18.2401 3.0287 0.0453446
248.213 -18.4561 3.02189 0.0529721
248.213 -18.4561 3.02189 0.0529721
248.349 -18.2909 3.03046 0.0247647
248.178 -18.3284 3.02489 0.065558
247.911 -18.3258 3.01749 0.0170181
248.431 -18.1339 3.01895 0.0263823
248.499 -18.509 3.02549 0.0164823
248.39 -18.4058 3.02833 0.0520559
248.39 -18.4058 3.02833 0.0520559
248.252 -18.3191 3.0284 0.0322022
248.333 -18.3172 3.02264 0.146165
248.333 -18.3172 3.02264 0.146165
248.048 -18.2222 3.02115 0.0567514
248.128 -18.1234 3.02138 0.072832
248.128 -18.1234 3.02138 0.072832
248.243 -18.4293 3.01978 0.0602407
248.336 -18.2401 3.0287 0.0453446
248.39 -18.4058 3.02833 0.0520559
248.333 -18.3172 3.02264 0.146165
248.128 -18.1234 3.02138 0.072832
248.531 -18.1101 3.02545 0.0222145
248.336 -18.2401 3.0287 0.0453446
248.213 -18.4561 3.02189 0.0529721
248.535 -18.3714 3.0294 0.0368763
248.333 -18.3172 3.02264 0.146165
248.349 -18.2909 3.03046 0.0247647
248.048 -18.2222 3.02115 0.0567514
248.178 -18.3284 3.02489 0.065558
248.336 -18.2401 3.0287 0.0453446
248.336 -18.2401 3.0287 0.0453446
248.252 -18.3191 3.0284 0.0322022
248.333 -18.3172 3.02264 0.146165
248.333 -18.3172 3.02264 0.146165
248.333 -18.3172 3.02264 0.146165
248.349 -18.2909 3.03046 0.0247647
248.048 -18.2222 3.02115 0.0567514
248.216 -18.2883 3.03115 0.00396546
248.531 -18.1101 3.02545 0.0222145
248.39 -18.4058 3.02833 0.0520559
248.333 -18.3172 3.02264 0.146165
248.048 -18.2222 3.02115 0.0567514
247.911 -18.3258 3.01749 0.0170181
248.243 -18.4293 3.01978 0.0602407
248.39 -18.4058 3.02833 0.0520559
248.252 -18.3191 3.0284 0.0322022
248.333 -18.3172 3.02264 0.146165
248.128 -18.1234 3.02138 0.072832
248.531 -18.1101 3.02545 0.0222145
248.499 -18.509 3.02549 0.0164823
248.39 -18.4058 3.02833 0.0520559
248.213 -18.4561 3.02189 0.0529721
248.333 -18.3172 3.02264 0.146165
248.178 -18.3284 3.02489 0.065558
248.178 -18.3284 3.02489 0.065558
248.243 -18.4293 3.01978 0.0602407
248.431 -18.1339 3.01895 0.0263823
248.344 -18.0618 3.02359 0.0471987
248.535 -18.3714 3.0294 0.0368763
248.048 -18.2222 3.02115 0.0567514
248.128 -18.1234 3.02138 0.072832
248.357 -18.4859 3.02925 0.0195265
248.054 -18.4513 3.02284 0.0139052
248.39 -18.4058 3.02833 0.0520559
248.344 -18.0618 3.02359 0.0471987
248.333 -18.3172 3.02264 0.146165
248.333 -18.3172 3.02264 0.146165
248.048 -18.2222 3.02115 0.0567514
248.205 -18.2994 3.01001 0.00255838
248.273 -17.9968 3.01625 0.017763
248.336 -18.2401 3.0287 0.0453446
248.499 -18.509 3.02549 0.0164823
248.128 -18.2477 3.02519 0.0362188
248.252 -18.3191 3.0284 0.0322022
248.213 -18.4561 3.02189 0.0529721
248.333 -18.3172 3.02264 0.146165
248.333 -18.3172 3.02264 0.146165
248.333 -18.3172 3.02264 0.146165
248.128 -18.1234 3.02138 0.072832
248.178 -18.3284 3.02489 0.065558
248.336 -18.2401 3.0287 0.0453446
