217.327 26.7031 0.07414 0.193898
217.327 26.7031 0.07414 0.193898
217.404 26.9751 0.0783512 0.172793
217.404 26.9751 0.0783512 0.172793
217.453 26.5818 0.0782237 0.18759
217.247 26.7371 0.0779172 0.079121
217.327 26.7031 0.07414 0.193898
217.404 26.9751 0.0783512 0.172793
217.453 26.5818 0.0782237 0.18759
217.247 26.7371 0.0779172 0.079121
217.247 26.7371 0.0779172 0.079121
217.327 26.7031 0.07414 0.193898
217.472 26.7814 0.0838171 0.0603886
217.404 26.9751 0.0783512 0.172793
217.404 26.9751 0.0783512 0.172793
217.404 26.9751 0.0783512 0.172793
217.404 26.9751 0.0783512 0.172793
217.457 26.5678 0.0707633 0.047275
217.327 26.7031 0.07414 0.193898
217.404 26.9751 0.0783512 0.172793
217.404 26.9751 0.0783512 0.172793
217.404 26.9751 0.0783512 0.172793
217.453 26.5818 0.0782237 0.18759
217.247 26.7371 0.0779172 0.079121
217.327 26.7031 0.07414 0.193898
217.327 26.7031 0.07414 0.193898
217.404 26.9751 0.0783512 0.172793
217.453 26.5818 0.0782237 0.18759
217.714 26.7178 0.0698135 0.0627311
217.247 26.7371 0.0779172 0.079121
217.327 26.7031 0.07414 0.193898
217.472 26.7814 0.0838171 0.0603886
217.404 26.9751 0.0783512 0.172793
217.514 26.4846 0.0731144 0.0276913
217.327 26.7031 0.07414 0.193898
217.404 26.9751 0.0783512 0.172793
217.404 26.9751 0.0783512 0.172793
217.514 26.4846 0.0731144 0.0276913
217.392 26.9908 0.0825484 0.0257249
217.327 26.7031 0.07414 0.193898
217.404 26.9751 0.0783512 0.172793
217.568 27.1047 0.0779337 0.0107207
217.714 26.7178 0.0698135 0.0627311
217.327 26.7031 0.07414 0.193898
217.472 26.7814 0.0838171 0.0603886
217.453 26.5818 0.0782237 0.18759
217.453 26.5818 0.0782237 0.18759
217.514 26.4846 0.0731144 0.0276913
217.714 26.7178 0.0698135 0.0627311
217.247 26.7371 0.0779172 0.079121
217.327 26.7031 0.07414 0.193898
217.404 26.9751 0.0783512 0.172793
217.514 26.4846 0.0731144 0.0276913
217.27 26.6211 0.0786743 0.0394331
217.327 26.7031 0.07414 0.193898
217.472 26.7814 0.0838171 0.0603886
217.453 26.5818 0.0782237 0.18759
217.247 26.7371 0.0779172 0.079121
217.327 26.7031 0.07414 0.193898
217.472 26.7814 0.0838171 0.0603886
217.404 26.9751 0.0783512 0.172793
217.404 26.9751 0.0783512 0.172793
217.453 26.5818 0.0782237 0.18759
217.27 26.6211 0.0786743 0.0394331
217.327 26.7031 0.07414 0.193898
217.327 26.7031 0.07414 0.193898
217.404 26.9751 0.0783512 0.172793
217.568 27.1047 0.0779337 0.0107207
217.27 26.6211 0.0786743 0.0394331
217.392 26.9908 0.0825484 0.0257249
217.327 26.7031 0.07414 0.193898
217.404 26.9751 0.0783512 0.172793
217.453 26.5818 0.0782237 0.18759
217.714 26.7178 0.0698135 0.0627311
217.327 26.7031 0.07414 0.193898
217.327 26.7031 0.07414 0.193898
217.404 26.9751 0.0783512 0.172793
217.457 26.5678 0.0707633 0.047275
217.714 26.7178 0.0698135 0.0627311
217.392 26.9908 0.0825484 0.0257249
217.392 26.9908 0.0825484 0.0257249
217.681 26.6527 0.0677494 0.0155079
217.453 26.5818 0.0782237 0.18759
217.568 27.1047 0.0779337 0.0107207
217.457 26.5678 0.0707633 0.047275
217.247 26.7371 0.0779172 0.079121
217.327 26.7031 0.07414 0.193898
217.404 26.9751 0.0783512 0.172793
217.453 26.5818 0.0782237 0.18759
217.457 26.5678 0.0707633 0.047275
217.327 26.7031 0.07414 0.193898
217.404 26.9751 0.0783512 0.172793
217.453 26.5818 0.0782237 0.18759
217.27 26.6211 0.0786743 0.0394331
217.327 26.7031 0.07414 0.193898
217.404 26.9751 0.0783512 0.172793
217.457 26.5678 0.0707633 0.047275
217.27 26.6211 0.0786743 0.0394331
217.247 26.7371 0.0779172 0.079121
217.404 26.9751 0.0783512 0.172793
