278.265 -0.17747 4.50615 0.449026
278.265 -0.17747 4.50615 0.449026
278.265 -0.17747 4.50615 0.449026
278.477 -0.328755 4.50504 0.134075
278.265 -0.17747 4.50615 0.449026
278.546 0.0114956 4.51143 0.0092942
278.044 -0.0914274 4.50689 0.0123771
278.477 -0.328755 4.50504 0.134075
277.857 -0.227572 4.48741 0.0179147
278.477 -0.328755 4.50504 0.134075
278.172 -0.486434 4.49512 0.185868
278.265 -0.17747 4.50615 0.449026
278.172 -0.486434 4.49512 0.185868
278.043 -0.499394 4.49742 0.0972444
278.172 -0.486434 4.49512 0.185868
278.265 -0.17747 4.50615 0.449026
277.928 -0.254032 4.50271 0.0144883
278.043 -0.499394 4.49742 0.0972444
278.172 -0.486434 4.49512 0.185868
278.265 -0.17747 4.50615 0.449026
278.265 -0.17747 4.50615 0.449026
278.265 -0.17747 4.50615 0.449026
278.172 -0.486434 4.49512 0.185868
278.188 -0.241942 4.51462 0.0111881
278.265 -0.17747 4.50615 0.449026
278.265 -0.17747 4.50615 0.449026
278.265 -0.17747 4.50615 0.449026
278.265 -0.17747 4.50615 0.449026
278.265 -0.17747 4.50615 0.449026
278.265 -0.17747 4.50615 0.449026
278.043 -0.499394 4.49742 0.0972444
278.477 -0.328755 4.50504 0.134075
278.172 -0.486434 4.49512 0.185868
278.265 -0.17747 4.50615 0.449026
278.546 0.0114956 4.51143 0.0092942
277.811 -0.219664 4.4954 0.00605057
278.265 -0.17747 4.50615 0.449026
278.172 -0.486434 4.49512 0.185868
278.265 -0.17747 4.50615 0.449026
278.265 -0.17747 4.50615 0.449026
278.172 -0.486434 4.49512 0.185868
278.044 -0.0914274 4.50689 0.0123771
278.172 -0.486434 4.49512 0.185868
278.265 -0.17747 4.50615 0.449026
278.265 -0.17747 4.50615 0.449026
278.265 -0.17747 4.50615 0.449026
278.265 -0.17747 4.50615 0.449026
278.043 -0.499394 4.49742 0.0972444
278.265 -0.17747 4.50615 0.449026
278.043 -0.499394 4.49742 0.0972444
278.265 -0.17747 4.50615 0.449026
278.043 -0.499394 4.49742 0.0972444
278.172 -0.486434 4.49512 0.185868
278.265 -0.17747 4.50615 0.449026
278.265 -0.17747 4.50615 0.449026
278.265 -0.17747 4.50615 0.449026
278.477 -0.328755 4.50504 0.134075
278.265 -0.17747 4.50615 0.449026
278.172 -0.486434 4.49512 0.185868
278.265 -0.17747 4.50615 0.449026
278.043 -0.499394 4.49742 0.0972444
278.043 -0.499394 4.49742 0.0972444
278.172 -0.486434 4.49512 0.185868
278.265 -0.17747 4.50615 0.449026
278.172 -0.486434 4.49512 0.185868
278.477 -0.328755 4.50504 0.134075
278.265 -0.17747 4.50615 0.449026
278.265 -0.17747 4.50615 0.449026
278.265 -0.17747 4.50615 0.449026
278.477 -0.328755 4.50504 0.134075
278.265 -0.17747 4.50615 0.449026
277.979 -0.0877417 4.50386 0.00803387
278.172 -0.486434 4.49512 0.185868
278.477 -0.328755 4.50504 0.134075
278.265 -0.17747 4.50615 0.449026
278.265 -0.17747 4.50615 0.449026
278.265 -0.17747 4.50615 0.449026
278.172 -0.486434 4.49512 0.185868
278.188 -0.241942 4.51462 0.0111881
278.477 -0.328755 4.50504 0.134075
278.044 -0.0914274 4.50689 0.0123771
278.265 -0.17747 4.50615 0.449026
278.044 -0.0914274 4.50689 0.0123771
278.265 -0.17747 4.50615 0.449026
278.546 0.0114956 4.51143 0.0092942
278.188 -0.241942 4.51462 0.0111881
278.172 -0.486434 4.49512 0.185868
278.043 -0.499394 4.49742 0.0972444
278.043 -0.499394 4.49742 0.0972444
278.172 -0.486434 4.49512 0.185868
278.186 -0.237736 4.48637 0.00899728
278.265 -0.17747 4.50615 0.449026
278.265 -0.17747 4.50615 0.449026
278.265 -0.17747 4.50615 0.449026
278.265 -0.17747 4.50615 0.449026
278.043 -0.499394 4.49742 0.0972444
278.265 -0.17747 4.50615 0.449026
278.265 -0.17747 4.50615 0.449026
278.477 -0.328755 4.50504 0.134075
278.265 -0.17747 4.50615 0.449026
