265.064 26.9585 5.84028 0.210903
265.064 26.9585 5.84028 0.210903
264.76 26.9218 5.83769 0.019073
265.005 26.6534 5.83676 0.00467832
264.702 26.9714 5.84225 0.00937219
265.064 26.9585 5.84028 0.210903
265.145 26.9978 5.83128 0.117765
264.894 26.9014 5.83074 0.0227755
264.996 26.9924 5.84186 0.198523
265.064 26.9585 5.84028 0.210903
264.963 27.0591 5.84434 0.0696174
265.145 26.9978 5.83128 0.117765
265.179 27.0227 5.84003 0.0452698
264.931 27.1551 5.83406 0.0305518
264.963 27.0591 5.84434 0.0696174
264.894 26.9014 5.83074 0.0227755
264.878 26.8199 5.84442 0.0512327
264.996 26.9924 5.84186 0.198523
265.064 26.9585 5.84028 0.210903
265.064 26.9585 5.84028 0.210903
265.143 26.685 5.82941 0.001733
264.996 26.9924 5.84186 0.198523
265.064 26.9585 5.84028 0.210903
264.894 26.9014 5.83074 0.0227755
264.999 26.8343 5.84488 0.0541475
264.996 26.9924 5.84186 0.198523
264.996 26.9924 5.84186 0.198523
264.963 27.0591 5.84434 0.0696174
265.145 26.9978 5.83128 0.117765
264.878 26.8199 5.84442 0.0512327
265.064 26.9585 5.84028 0.210903
265.145 26.9978 5.83128 0.117765
264.996 26.9924 5.84186 0.198523
264.996 26.9924 5.84186 0.198523
265.064 26.9585 5.84028 0.210903
265.145 26.9978 5.83128 0.117765
264.999 26.8343 5.84488 0.0541475
264.996 26.9924 5.84186 0.198523
264.996 26.9924 5.84186 0.198523
265.064 26.9585 5.84028 0.210903
265.145 26.9978 5.83128 0.117765
264.999 26.8343 5.84488 0.0541475
264.996 26.9924 5.84186 0.198523
264.931 27.1551 5.83406 0.0305518
265.064 26.9585 5.84028 0.210903
264.963 27.0591 5.84434 0.0696174
264.882 27.101 5.84917 0.00587333
265.179 27.0227 5.84003 0.0452698
264.996 26.9924 5.84186 0.198523
265.064 26.9585 5.84028 0.210903
264.894 26.9014 5.83074 0.0227755
265.176 26.7773 5.84034 0.0134691
264.702 26.9714 5.84225 0.00937219
265.064 26.9585 5.84028 0.210903
265.145 26.9978 5.83128 0.117765
264.878 26.8199 5.84442 0.0512327
264.931 27.1551 5.83406 0.0305518
264.963 27.0591 5.84434 0.0696174
264.846 27.0438 5.83133 0.0124246
264.996 26.9924 5.84186 0.198523
265.064 26.9585 5.84028 0.210903
265.064 26.9585 5.84028 0.210903
264.963 27.0591 5.84434 0.0696174
264.846 27.0438 5.83133 0.0124246
265.079 27.0441 5.84468 0.0316523
264.996 26.9924 5.84186 0.198523
264.702 26.9714 5.84225 0.00937219
265.064 26.9585 5.84028 0.210903
265.145 26.9978 5.83128 0.117765
264.999 26.8343 5.84488 0.0541475
264.848 26.817 5.83423 0.0174035
265.079 27.0441 5.84468 0.0316523
265.25 26.9211 5.82631 0.0108249
265.25 26.9211 5.82631 0.0108249
264.996 26.9924 5.84186 0.198523
264.996 26.9924 5.84186 0.198523
264.996 26.9924 5.84186 0.198523
264.963 27.0591 5.84434 0.0696174
265.145 26.9978 5.83128 0.117765
265.145 26.9978 5.83128 0.117765
264.819 26.7388 5.83523 0.00388513
265.13 27.095 5.82912 0.0418008
264.996 26.9924 5.84186 0.198523
265.064 26.9585 5.84028 0.210903
264.76 26.9218 5.83769 0.019073
265.145 26.9978 5.83128 0.117765
265.13 27.095 5.82912 0.0418008
264.878 26.8199 5.84442 0.0512327
265.064 26.9585 5.84028 0.210903
265.064 26.9585 5.84028 0.210903
265.145 26.9978 5.83128 0.117765
264.878 26.8199 5.84442 0.0512327
264.996 26.9924 5.84186 0.198523
264.963 27.0591 5.84434 0.0696174
265.13 27.095 5.82912 0.0418008
264.846 27.0438 5.83133 0.0124246
264.931 27.1551 5.83406 0.0305518
265.145 26.9978 5.83128 0.117765
265.079 27.0441 5.84468 0.0316523
265.064 26.9585 5.84028 0.210903
