245.343 -17.6236 2.95248 0.0815632
245.343 -17.6236 2.95248 0.0815632
245.329 -17.7495 2.95418 0.172754
245.025 -17.8076 2.94338 0.0831455
245.408 -17.7997 2.95716 0.0962868
245.16 -17.6568 2.94449 0.103114
245.18 -17.6092 2.94229 0.0312165
245.219 -17.6989 2.94622 0.132518
245.219 -17.6989 2.94622 0.132518
245.329 -17.7495 2.95418 0.172754
244.727 -17.6653 2.94057 0.00954694
245.16 -17.6568 2.94449 0.103114
244.976 -17.7492 2.95371 0.0188616
245.219 -17.6989 2.94622 0.132518
245.575 -17.8421 2.95984 0.0221048
245.329 -17.7495 2.95418 0.172754
245.329 -17.7495 2.95418 0.172754
245.408 -17.7997 2.95716 0.0962868
245.16 -17.6568 2.94449 0.103114
244.869 -17.6576 2.94519 0.048982
245.343 -17.6236 2.95248 0.0815632
244.978 -17.5889 2.94018 0.0349917
245.16 -17.6568 2.94449 0.103114
245.289 -17.5993 2.95607 0.0300049
244.869 -17.6576 2.94519 0.048982
245.219 -17.6989 2.94622 0.132518
245.329 -17.7495 2.95418 0.172754
244.727 -17.6653 2.94057 0.00954694
245.408 -17.7997 2.95716 0.0962868
245.408 -17.7997 2.95716 0.0962868
244.869 -17.6576 2.94519 0.048982
245.343 -17.6236 2.95248 0.0815632
245.329 -17.7495 2.95418 0.172754
245.025 -17.8076 2.94338 0.0831455
245.408 -17.7997 2.95716 0.0962868
245.16 -17.6568 2.94449 0.103114
244.869 -17.6576 2.94519 0.048982
245.343 -17.6236 2.95248 0.0815632
244.978 -17.5889 2.94018 0.0349917
245.408 -17.7997 2.95716 0.0962868
244.901 -17.7759 2.9528 0.00869774
244.872 -17.743 2.93598 0.00385748
245.343 -17.6236 2.95248 0.0815632
245.329 -17.7495 2.95418 0.172754
245.408 -17.7997 2.95716 0.0962868
245.408 -17.7997 2.95716 0.0962868
245.289 -17.5993 2.95607 0.0300049
245.575 -17.8421 2.95984 0.0221048
245.329 -17.7495 2.95418 0.172754
245.329 -17.7495 2.95418 0.172754
245.329 -17.7495 2.95418 0.172754
245.025 -17.8076 2.94338 0.0831455
245.16 -17.6568 2.94449 0.103114
244.869 -17.6576 2.94519 0.048982
245.459 -17.6144 2.94973 0.0159565
245.329 -17.7495 2.95418 0.172754
245.408 -17.7997 2.95716 0.0962868
244.869 -17.6576 2.94519 0.048982
244.84 -17.6505 2.93811 0.0150007
245.329 -17.7495 2.95418 0.172754
245.329 -17.7495 2.95418 0.172754
245.025 -17.8076 2.94338 0.0831455
245.408 -17.7997 2.95716 0.0962868
244.976 -17.7492 2.95371 0.0188616
245.18 -17.6092 2.94229 0.0312165
245.219 -17.6989 2.94622 0.132518
245.329 -17.7495 2.95418 0.172754
245.408 -17.7997 2.95716 0.0962868
244.869 -17.6576 2.94519 0.048982
245.219 -17.6989 2.94622 0.132518
244.936 -17.614 2.9377 0.013709
245.329 -17.7495 2.95418 0.172754
245.408 -17.7997 2.95716 0.0962868
244.869 -17.6576 2.94519 0.048982
245.459 -17.6144 2.94973 0.0159565
245.329 -17.7495 2.95418 0.172754
244.978 -17.5889 2.94018 0.0349917
245.408 -17.7997 2.95716 0.0962868
245.289 -17.5993 2.95607 0.0300049
245.343 -17.6236 2.95248 0.0815632
245.329 -17.7495 2.95418 0.172754
245.329 -17.7495 2.95418 0.172754
245.025 -17.8076 2.94338 0.0831455
244.727 -17.6653 2.94057 0.00954694
245.16 -17.6568 2.94449 0.103114
245.219 -17.6989 2.94622 0.132518
245.329 -17.7495 2.95418 0.172754
244.978 -17.5889 2.94018 0.0349917
245.025 -17.8076 2.94338 0.0831455
245.025 -17.8076 2.94338 0.0831455
245.16 -17.6568 2.94449 0.103114
245.219 -17.6989 2.94622 0.132518
245.343 -17.6236 2.95248 0.0815632
245.343 -17.6236 2.95248 0.0815632
245.329 -17.7495 2.95418 0.172754
245.329 -17.7495 2.95418 0.172754
245.329 -17.7495 2.95418 0.172754
244.978 -17.5889 2.94018 0.0349917
245.16 -17.6568 2.94449 0.103114
245.16 -17.6568 2.94449 0.103114
