171.136 23.378 0.0872499 0.309147
171.508 23.6482 0.0800117 0.0165103
171.139 23.4993 0.0880209 0.226775
171.136 23.378 0.0872499 0.309147
171.033 23.3845 0.0934435 0.00905281
171.139 23.4993 0.0880209 0.226775
171.136 23.378 0.0872499 0.309147
171.136 23.378 0.0872499 0.309147
171.139 23.4993 0.0880209 0.226775
171.136 23.378 0.0872499 0.309147
171.139 23.4993 0.0880209 0.226775
171.136 23.378 0.0872499 0.309147
171.136 23.378 0.0872499 0.309147
171.139 23.4993 0.0880209 0.226775
171.338 23.6308 0.0724858 0.00310679
171.136 23.378 0.0872499 0.309147
171.136 23.378 0.0872499 0.309147
171.08 23.3785 0.0800599 0.0882341
170.966 23.285 0.0919001 0.0032772
171.136 23.378 0.0872499 0.309147
171.136 23.378 0.0872499 0.309147
171.338 23.6308 0.0724858 0.00310679
171.136 23.378 0.0872499 0.309147
171.136 23.378 0.0872499 0.309147
171.031 23.4906 0.079525 0.0243179
171.139 23.4993 0.0880209 0.226775
171.136 23.378 0.0872499 0.309147
171.554 23.3445 0.084195 0.0341006
171.136 23.378 0.0872499 0.309147
171.136 23.378 0.0872499 0.309147
171.136 23.378 0.0872499 0.309147
171.139 23.4993 0.0880209 0.226775
171.136 23.378 0.0872499 0.309147
171.136 23.378 0.0872499 0.309147
171.08 23.3785 0.0800599 0.0882341
171.136 23.378 0.0872499 0.309147
171.136 23.378 0.0872499 0.309147
171.031 23.4906 0.079525 0.0243179
171.139 23.4993 0.0880209 0.226775
171.139 23.4993 0.0880209 0.226775
171.136 23.378 0.0872499 0.309147
171.031 23.4906 0.079525 0.0243179
171.139 23.4993 0.0880209 0.226775
171.136 23.378 0.0872499 0.309147
171.139 23.4993 0.0880209 0.226775
171.554 23.3445 0.084195 0.0341006
171.212 23.6457 0.0786994 0.041534
171.08 23.3785 0.0800599 0.0882341
171.136 23.378 0.0872499 0.309147
171.139 23.4993 0.0880209 0.226775
171.08 23.3785 0.0800599 0.0882341
171.44 23.329 0.0894163 0.0377082
171.44 23.329 0.0894163 0.0377082
171.093 23.3675 0.0929887 0.0216848
171.08 23.3785 0.0800599 0.0882341
171.136 23.378 0.0872499 0.309147
171.139 23.4993 0.0880209 0.226775
171.136 23.378 0.0872499 0.309147
171.139 23.4993 0.0880209 0.226775
171.139 23.4993 0.0880209 0.226775
171.136 23.378 0.0872499 0.309147
171.031 23.4906 0.079525 0.0243179
171.139 23.4993 0.0880209 0.226775
171.139 23.4993 0.0880209 0.226775
171.136 23.378 0.0872499 0.309147
171.136 23.378 0.0872499 0.309147
171.139 23.4993 0.0880209 0.226775
171.139 23.4993 0.0880209 0.226775
171.139 23.4993 0.0880209 0.226775
171.136 23.378 0.0872499 0.309147
171.136 23.378 0.0872499 0.309147
171.136 23.378 0.0872499 0.309147
170.979 23.3538 0.0924915 0.00561546
171.44 23.329 0.0894163 0.0377082
171.136 23.378 0.0872499 0.309147
171.136 23.378 0.0872499 0.309147
171.08 23.3785 0.0800599 0.0882341
171.136 23.378 0.0872499 0.309147
171.139 23.4993 0.0880209 0.226775
171.139 23.4993 0.0880209 0.226775
171.136 23.378 0.0872499 0.309147
171.139 23.4993 0.0880209 0.226775
171.44 23.329 0.0894163 0.0377082
171.212 23.6457 0.0786994 0.041534
171.283 23.4559 0.0755627 0.106642
171.283 23.4559 0.0755627 0.106642
171.136 23.378 0.0872499 0.309147
171.212 23.6457 0.0786994 0.041534
171.031 23.4906 0.079525 0.0243179
171.554 23.3445 0.084195 0.0341006
171.283 23.4559 0.0755627 0.106642
171.093 23.3675 0.0929887 0.0216848
171.554 23.3445 0.084195 0.0341006
171.136 23.378 0.0872499 0.309147
171.283 23.4559 0.0755627 0.106642
171.136 23.378 0.0872499 0.309147
171.136 23.378 0.0872499 0.309147
171.139 23.4993 0.0880209 0.226775
171.139 23.4993 0.0880209 0.226775
171.44 23.329 0.0894163 0.0377082
