-31.9449 -21.929 1.10189 0.0628395
-32.1338 -21.5688 1.09018 0.00782594
-31.933 -21.8237 1.09756 0.185227
-31.933 -21.8237 1.09756 0.185227
-31.9559 -21.8268 1.10109 0.0977549
-32.0425 -21.8919 1.10471 0.0376824
-31.933 -21.8237 1.09756 0.185227
-31.9339 -21.6915 1.09115 0.0874549
-32.0469 -21.7886 1.09819 0.230354
-31.9559 -21.8268 1.10109 0.0977549
-31.933 -21.8237 1.09756 0.185227
-31.933 -21.8237 1.09756 0.185227
-32.0469 -21.7886 1.09819 0.230354
-32.0469 -21.7886 1.09819 0.230354
-32.0181 -21.851 1.0934 0.138611
-31.933 -21.8237 1.09756 0.185227
-31.933 -21.8237 1.09756 0.185227
-32.0469 -21.7886 1.09819 0.230354
-31.9559 -21.8268 1.10109 0.0977549
-32.0181 -21.851 1.0934 0.138611
-31.9339 -21.6915 1.09115 0.0874549
-31.9559 -21.8268 1.10109 0.0977549
-31.933 -21.8237 1.09756 0.185227
-31.9339 -21.6915 1.09115 0.0874549
-32.0469 -21.7886 1.09819 0.230354
-31.9449 -21.929 1.10189 0.0628395
-31.9339 -21.6915 1.09115 0.0874549
-32.0469 -21.7886 1.09819 0.230354
-32.1817 -21.83 1.10753 0.00443511
-32.1338 -21.5688 1.09018 0.00782594
-31.9339 -21.6915 1.09115 0.0874549
-32.0469 -21.7886 1.09819 0.230354
-32.0469 -21.7886 1.09819 0.230354
-31.9559 -21.8268 1.10109 0.0977549
-32.0181 -21.851 1.0934 0.138611
-31.933 -21.8237 1.09756 0.185227
-32.0469 -21.7886 1.09819 0.230354
-32.0469 -21.7886 1.09819 0.230354
-32.0181 -21.851 1.0934 0.138611
-31.933 -21.8237 1.09756 0.185227
-31.933 -21.8237 1.09756 0.185227
-32.0469 -21.7886 1.09819 0.230354
-31.9559 -21.8268 1.10109 0.0977549
-32.0181 -21.851 1.0934 0.138611
-31.933 -21.8237 1.09756 0.185227
-31.933 -21.8237 1.09756 0.185227
-31.933 -21.8237 1.09756 0.185227
-31.9339 -21.6915 1.09115 0.0874549
-32.0469 -21.7886 1.09819 0.230354
-31.9559 -21.8268 1.10109 0.0977549
-32.0181 -21.851 1.0934 0.138611
-31.8851 -21.6714 1.08933 0.0382135
-32.0469 -21.7886 1.09819 0.230354
-31.9559 -21.8268 1.10109 0.0977549
-31.933 -21.8237 1.09756 0.185227
-32.0469 -21.7886 1.09819 0.230354
-31.9559 -21.8268 1.10109 0.0977549
-31.8851 -21.6714 1.08933 0.0382135
-31.9339 -21.6915 1.09115 0.0874549
-31.9137 -21.9629 1.09115 0.0137485
-32.0425 -21.8919 1.10471 0.0376824
-31.933 -21.8237 1.09756 0.185227
-32.0469 -21.7886 1.09819 0.230354
-32.0181 -21.851 1.0934 0.138611
-31.933 -21.8237 1.09756 0.185227
-32.0469 -21.7886 1.09819 0.230354
-32.0181 -21.851 1.0934 0.138611
-31.8209 -21.8114 1.10215 0.00934045
-31.9339 -21.6915 1.09115 0.0874549
-32.0469 -21.7886 1.09819 0.230354
-31.9559 -21.8268 1.10109 0.0977549
-31.933 -21.8237 1.09756 0.185227
-32.0469 -21.7886 1.09819 0.230354
-31.9559 -21.8268 1.10109 0.0977549
-31.933 -21.8237 1.09756 0.185227
-31.9339 -21.6915 1.09115 0.0874549
-31.9339 -21.6915 1.09115 0.0874549
-32.0469 -21.7886 1.09819 0.230354
-32.0469 -21.7886 1.09819 0.230354
-32.0181 -21.851 1.0934 0.138611
-31.933 -21.8237 1.09756 0.185227
-31.9339 -21.6915 1.09115 0.0874549
-32.0469 -21.7886 1.09819 0.230354
-32.0181 -21.851 1.0934 0.138611
-31.9449 -21.929 1.10189 0.0628395
-32.0469 -21.7886 1.09819 0.230354
-32.0469 -21.7886 1.09819 0.230354
-32.0181 -21.851 1.0934 0.138611
-32.0181 -21.851 1.0934 0.138611
-31.9449 -21.929 1.10189 0.0628395
-31.933 -21.8237 1.09756 0.185227
-31.9339 -21.6915 1.09115 0.0874549
-32.0469 -21.7886 1.09819 0.230354
-31.8422 -21.6447 1.08756 0.0131557
-31.933 -21.8237 1.09756 0.185227
-31.9339 -21.6915 1.09115 0.0874549
-32.1817 -21.83 1.10753 0.00443511
-32.0181 -21.851 1.0934 0.138611
-31.8851 -21.6714 1.08933 0.0382135
-32.0469 -21.7886 1.09819 0.230354
