-24.1594 -87.169 2.51882 0.0932284
-24.2716 -87.2079 2.5185 0.0244752
-24.0982 -87.2961 2.51932 0.11147
-23.9405 -87.304 2.52316 0.0579188
-23.6792 -87.1077 2.51536 0.0153609
-23.9573 -87.2616 2.50823 0.0378702
-24.1594 -87.169 2.51882 0.0932284
-24.3468 -87.4421 2.50823 0.000452234
-24.1337 -87.5118 2.5155 0.00801756
-23.7864 -87.1886 2.52335 0.0270562
-23.7864 -87.1886 2.52335 0.0270562
-24.0982 -87.2961 2.51932 0.11147
-24.0645 -87.2584 2.52282 0.048439
-23.9405 -87.304 2.52316 0.0579188
-23.9405 -87.304 2.52316 0.0579188
-24.2402 -87.1048 2.51534 0.0723439
-24.29 -87.2426 2.51669 0.0268591
-24.1594 -87.169 2.51882 0.0932284
-24.2124 -87.2964 2.51227 0.059593
-24.0982 -87.2961 2.51932 0.11147
-24.1474 -87.2492 2.51131 0.123911
-24.2402 -87.1048 2.51534 0.0723439
-24.2402 -87.1048 2.51534 0.0723439
-23.7721 -87.3364 2.52478 0.0134544
-23.7721 -87.3364 2.52478 0.0134544
-24.1594 -87.169 2.51882 0.0932284
-24.1594 -87.169 2.51882 0.0932284
-23.7864 -87.1886 2.52335 0.0270562
-24.0982 -87.2961 2.51932 0.11147
-24.0982 -87.2961 2.51932 0.11147
-24.0982 -87.2961 2.51932 0.11147
-24.0982 -87.2961 2.51932 0.11147
-24.029 -87.1019 2.52556 0.00661865
-23.9405 -87.304 2.52316 0.0579188
-24.1474 -87.2492 2.51131 0.123911
-24.054 -87.3543 2.50769 0.0131331
-24.0156 -87.3544 2.51216 0.0724792
-23.8731 -87.4918 2.5174 0.0148868
-24.2716 -87.2079 2.5185 0.0244752
-24.2124 -87.2964 2.51227 0.059593
-24.0645 -87.2584 2.52282 0.048439
-24.1474 -87.2492 2.51131 0.123911
-24.1474 -87.2492 2.51131 0.123911
-24.0156 -87.3544 2.51216 0.0724792
-24.0156 -87.3544 2.51216 0.0724792
-23.855 -87.3977 2.51617 0.0447368
-24.2124 -87.2964 2.51227 0.059593
-24.0982 -87.2961 2.51932 0.11147
-24.0962 -86.9037 2.51748 0.0232532
-24.1474 -87.2492 2.51131 0.123911
-24.1474 -87.2492 2.51131 0.123911
-24.1474 -87.2492 2.51131 0.123911
-24.2402 -87.1048 2.51534 0.0723439
-23.6792 -87.1077 2.51536 0.0153609
-24.0156 -87.3544 2.51216 0.0724792
-24.1594 -87.169 2.51882 0.0932284
-24.2124 -87.2964 2.51227 0.059593
-24.2124 -87.2964 2.51227 0.059593
-24.2124 -87.2964 2.51227 0.059593
-24.0982 -87.2961 2.51932 0.11147
-24.0645 -87.2584 2.52282 0.048439
-24.1474 -87.2492 2.51131 0.123911
-24.0156 -87.3544 2.51216 0.0724792
-23.9573 -87.2616 2.50823 0.0378702
-23.855 -87.3977 2.51617 0.0447368
-24.2716 -87.2079 2.5185 0.0244752
-24.2124 -87.2964 2.51227 0.059593
-24.4045 -87.3657 2.51323 0.00158818
-24.0982 -87.2961 2.51932 0.11147
-24.1474 -87.2492 2.51131 0.123911
-24.1474 -87.2492 2.51131 0.123911
-24.0156 -87.3544 2.51216 0.0724792
-24.4117 -87.2227 2.51406 0.00429382
-24.1594 -87.169 2.51882 0.0932284
-24.2716 -87.2079 2.5185 0.0244752
-24.2124 -87.2964 2.51227 0.059593
-24.0982 -87.2961 2.51932 0.11147
-24.0645 -87.2584 2.52282 0.048439
-23.9405 -87.304 2.52316 0.0579188
-24.1474 -87.2492 2.51131 0.123911
-24.1474 -87.2492 2.51131 0.123911
-24.054 -87.3543 2.50769 0.0131331
-24.0156 -87.3544 2.51216 0.0724792
-23.6766 -87.1063 2.52156 0.0084283
-24.1594 -87.169 2.51882 0.0932284
-24.2716 -87.2079 2.5185 0.0244752
-24.0982 -87.2961 2.51932 0.11147
-23.9405 -87.304 2.52316 0.0579188
-24.2402 -87.1048 2.51534 0.0723439
-24.0156 -87.3544 2.51216 0.0724792
-24.0156 -87.3544 2.51216 0.0724792
-23.9573 -87.2616 2.50823 0.0378702
-24.1594 -87.169 2.51882 0.0932284
-23.855 -87.3977 2.51617 0.0447368
-23.6301 -87.3732 2.51827 0.00328965
-24.0982 -87.2961 2.51932 0.11147
-24.0645 -87.2584 2.52282 0.048439
-24.1474 -87.2492 2.51131 0.123911
-24.0156 -87.3544 2.51216 0.0724792
-24.29 -87.2426 2.51669 0.0268591
