253.408 29.195 0.0246685 0.135533
253.222 29.0727 0.0322018 0.15371
253.421 29.1214 0.0344337 0.0114457
253.453 29.3488 0.0276998 0.0365319
253.331 29.258 0.0268538 0.321716
253.127 29.2609 0.0250423 0.0469863
253.34 29.2061 0.0343526 0.0481788
253.331 29.258 0.0268538 0.321716
253.222 29.0727 0.0322018 0.15371
253.408 29.195 0.0246685 0.135533
253.222 29.0727 0.0322018 0.15371
253.222 29.0727 0.0322018 0.15371
253.408 29.195 0.0246685 0.135533
253.408 29.195 0.0246685 0.135533
253.331 29.258 0.0268538 0.321716
253.331 29.258 0.0268538 0.321716
253.222 29.0727 0.0322018 0.15371
253.222 29.0727 0.0322018 0.15371
253.331 29.258 0.0268538 0.321716
253.222 29.0727 0.0322018 0.15371
253.222 29.0727 0.0322018 0.15371
253.222 29.0727 0.0322018 0.15371
253.255 29.4101 0.0256885 0.0494741
253.402 29.312 0.0313918 0.0401727
253.331 29.258 0.0268538 0.321716
253.405 29.169 0.0224644 0.0533519
253.331 29.258 0.0268538 0.321716
253.421 29.1214 0.0344337 0.0114457
253.331 29.258 0.0268538 0.321716
253.222 29.0727 0.0322018 0.15371
253.408 29.195 0.0246685 0.135533
253.331 29.258 0.0268538 0.321716
253.255 29.4101 0.0256885 0.0494741
253.36 29.4416 0.0279134 0.0207784
253.331 29.258 0.0268538 0.321716
253.329 29.2253 0.020998 0.0375925
253.331 29.258 0.0268538 0.321716
253.331 29.258 0.0268538 0.321716
253.222 29.0727 0.0322018 0.15371
253.402 29.312 0.0313918 0.0401727
253.331 29.258 0.0268538 0.321716
253.331 29.258 0.0268538 0.321716
253.331 29.258 0.0268538 0.321716
253.222 29.0727 0.0322018 0.15371
253.329 29.2253 0.020998 0.0375925
253.331 29.258 0.0268538 0.321716
253.222 29.0727 0.0322018 0.15371
253.469 29.1218 0.0233711 0.0247941
253.331 29.258 0.0268538 0.321716
253.222 29.0727 0.0322018 0.15371
253.408 29.195 0.0246685 0.135533
253.331 29.258 0.0268538 0.321716
253.329 29.2253 0.020998 0.0375925
253.402 29.312 0.0313918 0.0401727
253.408 29.195 0.0246685 0.135533
253.331 29.258 0.0268538 0.321716
253.564 29.1747 0.0246685 0.00812021
253.331 29.258 0.0268538 0.321716
253.255 29.4101 0.0256885 0.0494741
253.405 29.169 0.0224644 0.0533519
253.408 29.195 0.0246685 0.135533
253.331 29.258 0.0268538 0.321716
253.331 29.258 0.0268538 0.321716
253.222 29.0727 0.0322018 0.15371
253.408 29.195 0.0246685 0.135533
253.331 29.258 0.0268538 0.321716
253.222 29.0727 0.0322018 0.15371
253.405 29.169 0.0224644 0.0533519
253.408 29.195 0.0246685 0.135533
253.331 29.258 0.0268538 0.321716
253.222 29.0727 0.0322018 0.15371
253.255 29.4101 0.0256885 0.0494741
253.405 29.169 0.0224644 0.0533519
253.34 29.2061 0.0343526 0.0481788
253.222 29.0727 0.0322018 0.15371
253.453 29.3488 0.0276998 0.0365319
253.222 29.0727 0.0322018 0.15371
253.222 29.0727 0.0322018 0.15371
253.408 29.195 0.0246685 0.135533
253.408 29.195 0.0246685 0.135533
253.222 29.0727 0.0322018 0.15371
253.36 29.4416 0.0279134 0.0207784
253.331 29.258 0.0268538 0.321716
253.127 29.2609 0.0250423 0.0469863
253.408 29.195 0.0246685 0.135533
253.331 29.258 0.0268538 0.321716
253.453 29.3488 0.0276998 0.0365319
253.331 29.258 0.0268538 0.321716
253.402 29.312 0.0313918 0.0401727
253.331 29.258 0.0268538 0.321716
253.402 29.312 0.0313918 0.0401727
253.331 29.258 0.0268538 0.321716
253.255 29.4101 0.0256885 0.0494741
253.331 29.258 0.0268538 0.321716
253.222 29.0727 0.0322018 0.15371
253.402 29.312 0.0313918 0.0401727
253.331 29.258 0.0268538 0.321716
253.222 29.0727 0.0322018 0.15371
253.127 29.2609 0.0250423 0.0469863
253.331 29.258 0.0268538 0.321716
