-39.3753 -54.9024 1.62102 0.148008
-39.4183 -54.935 1.61671 0.219283
-39.4183 -54.935 1.61671 0.219283
-39.2745 -54.8978 1.612 0.0293977
-39.4658 -55.1678 1.61639 0.031767
-39.4658 -55.1678 1.61639 0.031767
-39.3753 -54.9024 1.62102 0.148008
-39.4183 -54.935 1.61671 0.219283
-39.4183 -54.935 1.61671 0.219283
-39.4737 -54.986 1.62079 0.140157
-39.4737 -54.986 1.62079 0.140157
-39.4125 -55.0063 1.62323 0.0961253
-39.4183 -54.935 1.61671 0.219283
-39.2847 -54.8248 1.61544 0.0799383
-39.4737 -54.986 1.62079 0.140157
-39.4737 -54.986 1.62079 0.140157
-39.3753 -54.9024 1.62102 0.148008
-39.539 -54.6815 1.61394 0.0129009
-39.4737 -54.986 1.62079 0.140157
-39.3753 -54.9024 1.62102 0.148008
-39.3753 -54.9024 1.62102 0.148008
-39.4183 -54.935 1.61671 0.219283
-39.4357 -54.7074 1.61668 0.0341872
-39.2847 -54.8248 1.61544 0.0799383
-39.4737 -54.986 1.62079 0.140157
-39.3753 -54.9024 1.62102 0.148008
-39.4125 -55.0063 1.62323 0.0961253
-39.4357 -54.7074 1.61668 0.0341872
-39.2745 -54.8978 1.612 0.0293977
-39.2745 -54.8978 1.612 0.0293977
-39.4737 -54.986 1.62079 0.140157
-39.3753 -54.9024 1.62102 0.148008
-39.4125 -55.0063 1.62323 0.0961253
-39.0785 -54.9594 1.62207 0.00927668
-39.3753 -54.9024 1.62102 0.148008
-39.4183 -54.935 1.61671 0.219283
-39.2745 -54.8978 1.612 0.0293977
-39.3753 -54.9024 1.62102 0.148008
-39.4183 -54.935 1.61671 0.219283
-39.5596 -54.9268 1.60974 0.0108571
-39.2847 -54.8248 1.61544 0.0799383
-39.4359 -55.3251 1.61848 0.00266973
-39.4737 -54.986 1.62079 0.140157
-39.3753 -54.9024 1.62102 0.148008
-39.4125 -55.0063 1.62323 0.0961253
-39.1967 -55.0241 1.61482 0.0253696
-39.6843 -54.6958 1.61342 0.00227531
-39.3753 -54.9024 1.62102 0.148008
-39.3753 -54.9024 1.62102 0.148008
-39.7376 -55.1591 1.6213 0.000760821
-39.4737 -54.986 1.62079 0.140157
-39.4125 -55.0063 1.62323 0.0961253
-39.4183 -54.935 1.61671 0.219283
-39.4183 -54.935 1.61671 0.219283
-39.2847 -54.8248 1.61544 0.0799383
-39.4658 -55.1678 1.61639 0.031767
-39.3753 -54.9024 1.62102 0.148008
-39.4183 -54.935 1.61671 0.219283
-39.3677 -55.1042 1.62313 0.0822031
-39.2745 -54.8978 1.612 0.0293977
-39.4737 -54.986 1.62079 0.140157
-39.4183 -54.935 1.61671 0.219283
-39.3677 -55.1042 1.62313 0.0822031
-39.2847 -54.8248 1.61544 0.0799383
-39.4737 -54.986 1.62079 0.140157
-39.4183 -54.935 1.61671 0.219283
-39.2847 -54.8248 1.61544 0.0799383
-39.3753 -54.9024 1.62102 0.148008
-39.3753 -54.9024 1.62102 0.148008
-39.3753 -54.9024 1.62102 0.148008
-39.4183 -54.935 1.61671 0.219283
-39.4357 -54.7074 1.61668 0.0341872
-39.6843 -54.6958 1.61342 0.00227531
-39.4658 -55.1678 1.61639 0.031767
-39.4125 -55.0063 1.62323 0.0961253
-39.4183 -54.935 1.61671 0.219283
-39.2745 -54.8978 1.612 0.0293977
-39.5655 -54.9164 1.60967 0.0102871
-39.4183 -54.935 1.61671 0.219283
-39.4183 -54.935 1.61671 0.219283
-39.4183 -54.935 1.61671 0.219283
-39.4737 -54.986 1.62079 0.140157
-39.4183 -54.935 1.61671 0.219283
-39.4183 -54.935 1.61671 0.219283
-39.3677 -55.1042 1.62313 0.0822031
-39.2847 -54.8248 1.61544 0.0799383
-39.2847 -54.8248 1.61544 0.0799383
-39.4737 -54.986 1.62079 0.140157
-39.4125 -55.0063 1.62323 0.0961253
-39.4183 -54.935 1.61671 0.219283
-39.3677 -55.1042 1.62313 0.0822031
-39.4737 -54.986 1.62079 0.140157
-39.4737 -54.986 1.62079 0.140157
-39.4125 -55.0063 1.62323 0.0961253
-39.4183 -54.935 1.61671 0.219283
-39.4357 -54.7074 1.61668 0.0341872
-39.4737 -54.986 1.62079 0.140157
-39.5655 -54.9164 1.60967 0.0102871
-39.3753 -54.9024 1.62102 0.148008
-39.539 -54.6815 1.61394 0.0129009
