138.746 20.8474 0.0603927 0.173159
138.548 20.8961 0.0642915 0.361715
138.407 20.8511 0.0674769 0.138285
138.548 20.8961 0.0642915 0.361715
138.779 20.9803 0.0599143 0.0567187
138.746 20.8474 0.0603927 0.173159
138.463 20.6286 0.0642495 0.0702338
138.548 20.8961 0.0642915 0.361715
138.407 20.8511 0.0674769 0.138285
138.645 20.9029 0.0583604 0.0782234
138.746 20.8474 0.0603927 0.173159
138.407 20.8511 0.0674769 0.138285
138.548 20.8961 0.0642915 0.361715
138.603 21.1026 0.0597969 0.0120297
138.548 20.8961 0.0642915 0.361715
138.407 20.8511 0.0674769 0.138285
138.548 20.8961 0.0642915 0.361715
138.548 20.8961 0.0642915 0.361715
138.645 20.9029 0.0583604 0.0782234
138.603 21.1026 0.0597969 0.0120297
138.548 20.8961 0.0642915 0.361715
138.548 20.8961 0.0642915 0.361715
138.548 20.8961 0.0642915 0.361715
138.407 20.8511 0.0674769 0.138285
138.779 20.9803 0.0599143 0.0567187
138.548 20.8961 0.0642915 0.361715
138.407 20.8511 0.0674769 0.138285
138.548 20.8961 0.0642915 0.361715
138.548 20.8961 0.0642915 0.361715
138.633 20.9281 0.0579028 0.0518959
138.407 20.8511 0.0674769 0.138285
138.645 20.9029 0.0583604 0.0782234
138.548 20.8961 0.0642915 0.361715
138.746 20.8474 0.0603927 0.173159
138.463 20.6286 0.0642495 0.0702338
138.548 20.8961 0.0642915 0.361715
138.746 20.8474 0.0603927 0.173159
138.463 20.6286 0.0642495 0.0702338
138.548 20.8961 0.0642915 0.361715
138.548 20.8961 0.0642915 0.361715
138.548 20.8961 0.0642915 0.361715
138.407 20.8511 0.0674769 0.138285
138.548 20.8961 0.0642915 0.361715
138.746 20.8474 0.0603927 0.173159
138.548 20.8961 0.0642915 0.361715
138.746 20.8474 0.0603927 0.173159
138.675 20.8966 0.0558487 0.0167363
138.548 20.8961 0.0642915 0.361715
138.746 20.8474 0.0603927 0.173159
138.548 20.8961 0.0642915 0.361715
138.746 20.8474 0.0603927 0.173159
138.633 20.9281 0.0579028 0.0518959
138.633 20.9281 0.0579028 0.0518959
138.407 20.8511 0.0674769 0.138285
138.548 20.8961 0.0642915 0.361715
138.548 20.8961 0.0642915 0.361715
138.665 21.1648 0.0638227 0.00389039
138.548 20.8961 0.0642915 0.361715
138.407 20.8511 0.0674769 0.138285
139.042 20.8718 0.0617381 0.000725091
138.779 20.9803 0.0599143 0.0567187
138.548 20.8961 0.0642915 0.361715
138.746 20.8474 0.0603927 0.173159
138.645 20.9029 0.0583604 0.0782234
138.645 20.9029 0.0583604 0.0782234
138.633 20.9281 0.0579028 0.0518959
138.746 20.8474 0.0603927 0.173159
138.548 20.8961 0.0642915 0.361715
138.645 20.9029 0.0583604 0.0782234
138.645 20.9029 0.0583604 0.0782234
138.548 20.8961 0.0642915 0.361715
138.746 20.8474 0.0603927 0.173159
138.548 20.8961 0.0642915 0.361715
138.746 20.8474 0.0603927 0.173159
138.548 20.8961 0.0642915 0.361715
138.548 20.8961 0.0642915 0.361715
138.548 20.8961 0.0642915 0.361715
138.548 20.8961 0.0642915 0.361715
138.746 20.8474 0.0603927 0.173159
138.779 20.9803 0.0599143 0.0567187
138.548 20.8961 0.0642915 0.361715
138.645 20.9029 0.0583604 0.0782234
138.746 20.8474 0.0603927 0.173159
138.463 20.6286 0.0642495 0.0702338
138.746 20.8474 0.0603927 0.173159
138.548 20.8961 0.0642915 0.361715
138.548 20.8961 0.0642915 0.361715
138.645 20.9029 0.0583604 0.0782234
138.548 20.8961 0.0642915 0.361715
138.645 20.9029 0.0583604 0.0782234
138.645 20.9029 0.0583604 0.0782234
138.746 20.8474 0.0603927 0.173159
138.746 20.8474 0.0603927 0.173159
138.779 20.9803 0.0599143 0.0567187
138.548 20.8961 0.0642915 0.361715
138.746 20.8474 0.0603927 0.173159
138.746 20.8474 0.0603927 0.173159
138.548 20.8961 0.0642915 0.361715
138.548 20.8961 0.0642915 0.361715
138.407 20.8511 0.0674769 0.138285
