6.49513 5.20114 0.258118 0.500741
6.17721 5.2275 0.264275 0.105819
6.49513 5.20114 0.258118 0.500741
6.49513 5.20114 0.258118 0.500741
6.49513 5.20114 0.258118 0.500741
6.49513 5.20114 0.258118 0.500741
6.38211 5.08001 0.262882 0.241468
6.49513 5.20114 0.258118 0.500741
6.49513 5.20114 0.258118 0.500741
6.49513 5.20114 0.258118 0.500741
6.38211 5.08001 0.262882 0.241468
6.49513 5.20114 0.258118 0.500741
6.49513 5.20114 0.258118 0.500741
6.49513 5.20114 0.258118 0.500741
6.49513 5.20114 0.258118 0.500741
6.49513 5.20114 0.258118 0.500741
6.38211 5.08001 0.262882 0.241468
6.16907 5.29855 0.261575 0.0483566
6.17721 5.2275 0.264275 0.105819
6.17721 5.2275 0.264275 0.105819
6.17721 5.2275 0.264275 0.105819
6.43269 4.95938 0.263332 0.0138275
6.49513 5.20114 0.258118 0.500741
6.49513 5.20114 0.258118 0.500741
6.49513 5.20114 0.258118 0.500741
6.49513 5.20114 0.258118 0.500741
6.16907 5.29855 0.261575 0.0483566
6.38211 5.08001 0.262882 0.241468
6.49513 5.20114 0.258118 0.500741
6.38211 5.08001 0.262882 0.241468
6.16907 5.29855 0.261575 0.0483566
6.49513 5.20114 0.258118 0.500741
6.49513 5.20114 0.258118 0.500741
6.49513 5.20114 0.258118 0.500741
6.49513 5.20114 0.258118 0.500741
6.17721 5.2275 0.264275 0.105819
6.38211 5.08001 0.262882 0.241468
6.20896 5.06292 0.268553 0.00660574
6.38211 5.08001 0.262882 0.241468
6.49513 5.20114 0.258118 0.500741
6.49513 5.20114 0.258118 0.500741
6.49513 5.20114 0.258118 0.500741
6.38211 5.08001 0.262882 0.241468
6.28863 5.36097 0.259852 0.0717215
6.49513 5.20114 0.258118 0.500741
6.49513 5.20114 0.258118 0.500741
6.49513 5.20114 0.258118 0.500741
6.28863 5.36097 0.259852 0.0717215
6.49513 5.20114 0.258118 0.500741
6.38211 5.08001 0.262882 0.241468
6.38211 5.08001 0.262882 0.241468
6.49513 5.20114 0.258118 0.500741
6.49513 5.20114 0.258118 0.500741
6.38211 5.08001 0.262882 0.241468
6.49513 5.20114 0.258118 0.500741
6.38211 5.08001 0.262882 0.241468
6.49513 5.20114 0.258118 0.500741
6.16907 5.29855 0.261575 0.0483566
6.17721 5.2275 0.264275 0.105819
6.49513 5.20114 0.258118 0.500741
6.49513 5.20114 0.258118 0.500741
6.28863 5.36097 0.259852 0.0717215
6.49513 5.20114 0.258118 0.500741
6.49513 5.20114 0.258118 0.500741
6.49513 5.20114 0.258118 0.500741
6.49513 5.20114 0.258118 0.500741
6.38211 5.08001 0.262882 0.241468
6.49513 5.20114 0.258118 0.500741
6.49513 5.20114 0.258118 0.500741
6.38211 5.08001 0.262882 0.241468
6.49513 5.20114 0.258118 0.500741
6.49513 5.20114 0.258118 0.500741
6.49513 5.20114 0.258118 0.500741
6.49513 5.20114 0.258118 0.500741
6.49513 5.20114 0.258118 0.500741
6.16907 5.29855 0.261575 0.0483566
6.49513 5.20114 0.258118 0.500741
6.38211 5.08001 0.262882 0.241468
6.38211 5.08001 0.262882 0.241468
6.49513 5.20114 0.258118 0.500741
6.49513 5.20114 0.258118 0.500741
6.28863 5.36097 0.259852 0.0717215
6.49513 5.20114 0.258118 0.500741
6.38211 5.08001 0.262882 0.241468
6.17721 5.2275 0.264275 0.105819
6.49513 5.20114 0.258118 0.500741
6.28863 5.36097 0.259852 0.0717215
6.17721 5.2275 0.264275 0.105819
6.49513 5.20114 0.258118 0.500741
6.49513 5.20114 0.258118 0.500741
6.49513 5.20114 0.258118 0.500741
6.49513 5.20114 0.258118 0.500741
6.49513 5.20114 0.258118 0.500741
6.49513 5.20114 0.258118 0.500741
6.49513 5.20114 0.258118 0.500741
6.28863 5.36097 0.259852 0.0717215
6.49513 5.20114 0.258118 0.500741
6.49513 5.20114 0.258118 0.500741
6.28863 5.36097 0.259852 0.0717215
6.49513 5.20114 0.258118 0.500741
