59.0495 -51.8583 3.88141 0.280816
59.0495 -51.8583 3.88141 0.280816
59.2616 -51.6919 3.87851 0.0278526
59.0127 -51.6596 3.88659 0.265903
59.2436 -51.6373 3.88542 0.198224
59.0495 -51.8583 3.88141 0.280816
59.0495 -51.8583 3.88141 0.280816
59.0127 -51.6596 3.88659 0.265903
58.9838 -51.6428 3.88955 0.107096
59.151 -51.6787 3.87632 0.0262448
59.0495 -51.8583 3.88141 0.280816
59.0127 -51.6596 3.88659 0.265903
59.2436 -51.6373 3.88542 0.198224
59.0495 -51.8583 3.88141 0.280816
59.3029 -51.5508 3.88487 0.0232261
59.0127 -51.6596 3.88659 0.265903
59.1406 -52.0004 3.89036 0.0143203
59.0127 -51.6596 3.88659 0.265903
59.0127 -51.6596 3.88659 0.265903
59.2436 -51.6373 3.88542 0.198224
59.2436 -51.6373 3.88542 0.198224
59.2436 -51.6373 3.88542 0.198224
59.1406 -52.0004 3.89036 0.0143203
59.0127 -51.6596 3.88659 0.265903
58.9838 -51.6428 3.88955 0.107096
59.0495 -51.8583 3.88141 0.280816
59.0495 -51.8583 3.88141 0.280816
59.0127 -51.6596 3.88659 0.265903
59.2436 -51.6373 3.88542 0.198224
58.9838 -51.6428 3.88955 0.107096
59.0495 -51.8583 3.88141 0.280816
59.0495 -51.8583 3.88141 0.280816
59.0495 -51.8583 3.88141 0.280816
59.2436 -51.6373 3.88542 0.198224
59.0495 -51.8583 3.88141 0.280816
59.0127 -51.6596 3.88659 0.265903
59.2436 -51.6373 3.88542 0.198224
59.0495 -51.8583 3.88141 0.280816
59.0127 -51.6596 3.88659 0.265903
59.2436 -51.6373 3.88542 0.198224
59.0495 -51.8583 3.88141 0.280816
59.0495 -51.8583 3.88141 0.280816
59.3029 -51.5508 3.88487 0.0232261
59.1254 -51.5234 3.87625 0.00177483
59.0495 -51.8583 3.88141 0.280816
59.0495 -51.8583 3.88141 0.280816
59.3029 -51.5508 3.88487 0.0232261
59.2436 -51.6373 3.88542 0.198224
59.151 -51.6787 3.87632 0.0262448
59.0127 -51.6596 3.88659 0.265903
59.0127 -51.6596 3.88659 0.265903
59.2436 -51.6373 3.88542 0.198224
59.2436 -51.6373 3.88542 0.198224
59.0495 -51.8583 3.88141 0.280816
59.0495 -51.8583 3.88141 0.280816
59.0127 -51.6596 3.88659 0.265903
59.0127 -51.6596 3.88659 0.265903
58.9838 -51.6428 3.88955 0.107096
59.0495 -51.8583 3.88141 0.280816
59.2436 -51.6373 3.88542 0.198224
59.0495 -51.8583 3.88141 0.280816
59.0127 -51.6596 3.88659 0.265903
58.9838 -51.6428 3.88955 0.107096
59.0495 -51.8583 3.88141 0.280816
59.0495 -51.8583 3.88141 0.280816
59.2436 -51.6373 3.88542 0.198224
59.0495 -51.8583 3.88141 0.280816
59.0127 -51.6596 3.88659 0.265903
59.151 -51.6787 3.87632 0.0262448
59.0495 -51.8583 3.88141 0.280816
59.0495 -51.8583 3.88141 0.280816
59.0127 -51.6596 3.88659 0.265903
59.0495 -51.8583 3.88141 0.280816
59.0127 -51.6596 3.88659 0.265903
59.0127 -51.6596 3.88659 0.265903
59.2436 -51.6373 3.88542 0.198224
59.0495 -51.8583 3.88141 0.280816
59.0495 -51.8583 3.88141 0.280816
59.0127 -51.6596 3.88659 0.265903
59.2436 -51.6373 3.88542 0.198224
59.0175 -51.427 3.88218 0.00181851
59.0495 -51.8583 3.88141 0.280816
59.0127 -51.6596 3.88659 0.265903
58.9838 -51.6428 3.88955 0.107096
59.2616 -51.6919 3.87851 0.0278526
59.1822 -51.4855 3.88126 0.00695461
59.0495 -51.8583 3.88141 0.280816
59.0127 -51.6596 3.88659 0.265903
59.2682 -51.6776 3.87819 0.0183994
59.0495 -51.8583 3.88141 0.280816
59.0495 -51.8583 3.88141 0.280816
59.0127 -51.6596 3.88659 0.265903
59.0127 -51.6596 3.88659 0.265903
59.151 -51.6787 3.87632 0.0262448
59.0127 -51.6596 3.88659 0.265903
59.2682 -51.6776 3.87819 0.0183994
59.3029 -51.5508 3.88487 0.0232261
59.0127 -51.6596 3.88659 0.265903
59.2436 -51.6373 3.88542 0.198224
58.9838 -51.6428 3.88955 0.107096
