98.5362 -27.4509 3.45572 0.887055
98.5362 -27.4509 3.45572 0.887055
98.5362 -27.4509 3.45572 0.887055
98.5362 -27.4509 3.45572 0.887055
98.5362 -27.4509 3.45572 0.887055
98.5902 -27.0382 3.44258 0.0206994
98.5362 -27.4509 3.45572 0.887055
98.5362 -27.4509 3.45572 0.887055
98.5362 -27.4509 3.45572 0.887055
98.5362 -27.4509 3.45572 0.887055
98.5362 -27.4509 3.45572 0.887055
98.5362 -27.4509 3.45572 0.887055
98.5362 -27.4509 3.45572 0.887055
98.5362 -27.4509 3.45572 0.887055
98.6935 -26.9339 3.45223 0.00758872
98.5362 -27.4509 3.45572 0.887055
98.5362 -27.4509 3.45572 0.887055
98.5362 -27.4509 3.45572 0.887055
98.5362 -27.4509 3.45572 0.887055
98.5362 -27.4509 3.45572 0.887055
98.5362 -27.4509 3.45572 0.887055
98.5362 -27.4509 3.45572 0.887055
98.5362 -27.4509 3.45572 0.887055
98.6502 -27.2065 3.46178 0.00896475
98.5362 -27.4509 3.45572 0.887055
98.5362 -27.4509 3.45572 0.887055
98.5362 -27.4509 3.45572 0.887055
98.5362 -27.4509 3.45572 0.887055
98.5362 -27.4509 3.45572 0.887055
98.5362 -27.4509 3.45572 0.887055
98.5362 -27.4509 3.45572 0.887055
98.5362 -27.4509 3.45572 0.887055
98.5902 -27.0382 3.44258 0.0206994
98.5362 -27.4509 3.45572 0.887055
98.5362 -27.4509 3.45572 0.887055
98.5362 -27.4509 3.45572 0.887055
98.716 -27.0369 3.45715 0.0116308
98.5362 -27.4509 3.45572 0.887055
98.5362 -27.4509 3.45572 0.887055
98.5362 -27.4509 3.45572 0.887055
98.7587 -27.2686 3.44608 0.0226536
98.5362 -27.4509 3.45572 0.887055
98.5362 -27.4509 3.45572 0.887055
98.5362 -27.4509 3.45572 0.887055
98.5362 -27.4509 3.45572 0.887055
98.5902 -27.0382 3.44258 0.0206994
98.5362 -27.4509 3.45572 0.887055
98.5362 -27.4509 3.45572 0.887055
98.5362 -27.4509 3.45572 0.887055
98.5362 -27.4509 3.45572 0.887055
98.5362 -27.4509 3.45572 0.887055
98.5362 -27.4509 3.45572 0.887055
98.5362 -27.4509 3.45572 0.887055
98.5362 -27.4509 3.45572 0.887055
98.5362 -27.4509 3.45572 0.887055
98.5362 -27.4509 3.45572 0.887055
98.5362 -27.4509 3.45572 0.887055
98.5362 -27.4509 3.45572 0.887055
98.5362 -27.4509 3.45572 0.887055
98.5362 -27.4509 3.45572 0.887055
98.716 -27.0369 3.45715 0.0116308
98.7751 -27.253 3.45918 0.00467898
98.5362 -27.4509 3.45572 0.887055
98.5362 -27.4509 3.45572 0.887055
98.5362 -27.4509 3.45572 0.887055
98.5362 -27.4509 3.45572 0.887055
98.5362 -27.4509 3.45572 0.887055
98.5362 -27.4509 3.45572 0.887055
98.5362 -27.4509 3.45572 0.887055
98.5362 -27.4509 3.45572 0.887055
98.5362 -27.4509 3.45572 0.887055
98.5362 -27.4509 3.45572 0.887055
98.5362 -27.4509 3.45572 0.887055
98.5362 -27.4509 3.45572 0.887055
98.716 -27.0369 3.45715 0.0116308
98.5362 -27.4509 3.45572 0.887055
98.5362 -27.4509 3.45572 0.887055
98.831 -27.0332 3.44813 0.00048884
98.5362 -27.4509 3.45572 0.887055
98.5362 -27.4509 3.45572 0.887055
98.5362 -27.4509 3.45572 0.887055
98.5362 -27.4509 3.45572 0.887055
98.5362 -27.4509 3.45572 0.887055
98.5362 -27.4509 3.45572 0.887055
98.5362 -27.4509 3.45572 0.887055
98.5362 -27.4509 3.45572 0.887055
98.5362 -27.4509 3.45572 0.887055
98.5362 -27.4509 3.45572 0.887055
98.5362 -27.4509 3.45572 0.887055
98.5362 -27.4509 3.45572 0.887055
98.5362 -27.4509 3.45572 0.887055
98.5362 -27.4509 3.45572 0.887055
98.5362 -27.4509 3.45572 0.887055
98.5362 -27.4509 3.45572 0.887055
98.532 -27.0176 3.44076 0.0129252
98.5362 -27.4509 3.45572 0.887055
98.5362 -27.4509 3.45572 0.887055
98.5362 -27.4509 3.45572 0.887055
98.532 -27.0176 3.44076 0.0129252
98.5362 -27.4509 3.45572 0.887055
