-39.9337 -67.3692 1.83586 0.00473696
-39.329 -67.4364 1.83457 0.0135407
-39.7382 -67.2208 1.83171 0.0874072
-39.5482 -67.4472 1.84048 0.0763592
-39.6801 -67.2574 1.83439 0.138646
-39.7432 -67.3372 1.83694 0.0695253
-39.3981 -67.3463 1.83629 0.0706768
-39.6452 -67.3797 1.83415 0.123029
-39.329 -67.4364 1.83457 0.0135407
-39.5482 -67.4472 1.84048 0.0763592
-39.6801 -67.2574 1.83439 0.138646
-39.6763 -67.4787 1.83858 0.0513112
-39.6452 -67.3797 1.83415 0.123029
-39.6464 -67.3178 1.83833 0.109871
-39.6257 -67.2004 1.82977 0.0801223
-39.6257 -67.2004 1.82977 0.0801223
-39.6801 -67.2574 1.83439 0.138646
-39.6801 -67.2574 1.83439 0.138646
-39.7432 -67.3372 1.83694 0.0695253
-39.6763 -67.4787 1.83858 0.0513112
-39.4777 -67.5629 1.8381 0.0292444
-39.5809 -67.4596 1.8264 0.00206314
-39.7382 -67.2208 1.83171 0.0874072
-39.5482 -67.4472 1.84048 0.0763592
-39.7103 -67.0459 1.83159 0.0330908
-39.6801 -67.2574 1.83439 0.138646
-39.6763 -67.4787 1.83858 0.0513112
-39.4777 -67.5629 1.8381 0.0292444
-39.6452 -67.3797 1.83415 0.123029
-39.329 -67.4364 1.83457 0.0135407
-39.5482 -67.4472 1.84048 0.0763592
-39.6801 -67.2574 1.83439 0.138646
-39.3384 -67.6542 1.84472 0.00261994
-39.3981 -67.3463 1.83629 0.0706768
-39.6452 -67.3797 1.83415 0.123029
-39.6464 -67.3178 1.83833 0.109871
-39.7382 -67.2208 1.83171 0.0874072
-39.7103 -67.0459 1.83159 0.0330908
-39.6801 -67.2574 1.83439 0.138646
-39.675 -67.1021 1.83588 0.0433937
-39.3981 -67.3463 1.83629 0.0706768
-39.6452 -67.3797 1.83415 0.123029
-39.7382 -67.2208 1.83171 0.0874072
-39.6257 -67.2004 1.82977 0.0801223
-39.6801 -67.2574 1.83439 0.138646
-39.6801 -67.2574 1.83439 0.138646
-39.675 -67.1021 1.83588 0.0433937
-39.6452 -67.3797 1.83415 0.123029
-39.7382 -67.2208 1.83171 0.0874072
-39.6801 -67.2574 1.83439 0.138646
-39.7432 -67.3372 1.83694 0.0695253
-39.675 -67.1021 1.83588 0.0433937
-39.3981 -67.3463 1.83629 0.0706768
-39.6452 -67.3797 1.83415 0.123029
-39.6464 -67.3178 1.83833 0.109871
-39.6464 -67.3178 1.83833 0.109871
-39.7382 -67.2208 1.83171 0.0874072
-39.6801 -67.2574 1.83439 0.138646
-39.6801 -67.2574 1.83439 0.138646
-39.6801 -67.2574 1.83439 0.138646
-39.7432 -67.3372 1.83694 0.0695253
-39.675 -67.1021 1.83588 0.0433937
-39.6452 -67.3797 1.83415 0.123029
-39.6464 -67.3178 1.83833 0.109871
-39.6464 -67.3178 1.83833 0.109871
-39.7382 -67.2208 1.83171 0.0874072
-39.6257 -67.2004 1.82977 0.0801223
-39.6801 -67.2574 1.83439 0.138646
-39.6801 -67.2574 1.83439 0.138646
-39.7432 -67.3372 1.83694 0.0695253
-39.3981 -67.3463 1.83629 0.0706768
-39.6452 -67.3797 1.83415 0.123029
-39.7382 -67.2208 1.83171 0.0874072
-39.5482 -67.4472 1.84048 0.0763592
-39.7432 -67.3372 1.83694 0.0695253
-39.675 -67.1021 1.83588 0.0433937
-39.6452 -67.3797 1.83415 0.123029
-39.7382 -67.2208 1.83171 0.0874072
-39.6257 -67.2004 1.82977 0.0801223
-39.5482 -67.4472 1.84048 0.0763592
-39.6801 -67.2574 1.83439 0.138646
-39.6801 -67.2574 1.83439 0.138646
-39.6763 -67.4787 1.83858 0.0513112
-39.3981 -67.3463 1.83629 0.0706768
-39.6464 -67.3178 1.83833 0.109871
-39.6464 -67.3178 1.83833 0.109871
-39.6257 -67.2004 1.82977 0.0801223
-39.6801 -67.2574 1.83439 0.138646
-39.7432 -67.3372 1.83694 0.0695253
-39.675 -67.1021 1.83588 0.0433937
-39.3981 -67.3463 1.83629 0.0706768
-39.6464 -67.3178 1.83833 0.109871
-39.6257 -67.2004 1.82977 0.0801223
-39.6257 -67.2004 1.82977 0.0801223
-39.5482 -67.4472 1.84048 0.0763592
-39.6801 -67.2574 1.83439 0.138646
-39.3488 -67.6395 1.83834 0.00360314
-39.4777 -67.5629 1.8381 0.0292444
-39.6464 -67.3178 1.83833 0.109871
-39.6464 -67.3178 1.83833 0.109871
