279.908 2.71099 4.60995 0.0788247
279.981 2.81417 4.61681 0.035973
279.993 2.48158 4.61149 0.0656083
279.95 2.70835 4.61173 0.0981732
279.95 2.70835 4.61173 0.0981732
279.925 2.70902 4.61394 0.0829458
280.128 2.5206 4.62007 0.0210777
279.816 2.51535 4.60919 0.0494823
280.189 2.65749 4.61651 0.0442094
279.981 2.81417 4.61681 0.035973
279.885 2.75407 4.61593 0.0340074
279.95 2.70835 4.61173 0.0981732
280.087 2.75034 4.61901 0.062606
279.868 2.79946 4.60305 0.00572703
279.925 2.70902 4.61394 0.0829458
279.88 2.69981 4.6168 0.0360353
279.995 2.58717 4.62236 0.0148323
279.908 2.71099 4.60995 0.0788247
280.189 2.65749 4.61651 0.0442094
279.981 2.81417 4.61681 0.035973
279.993 2.48158 4.61149 0.0656083
279.885 2.75407 4.61593 0.0340074
279.95 2.70835 4.61173 0.0981732
279.95 2.70835 4.61173 0.0981732
280.195 2.72961 4.6243 0.0218349
280.195 2.72961 4.6243 0.0218349
279.925 2.70902 4.61394 0.0829458
280.034 2.6248 4.62277 0.0228238
280.128 2.5206 4.62007 0.0210777
279.794 2.68048 4.61079 0.0356899
279.908 2.71099 4.60995 0.0788247
279.981 2.81417 4.61681 0.035973
280.085 2.59202 4.60373 0.0127546
279.95 2.70835 4.61173 0.0981732
280.087 2.75034 4.61901 0.062606
280.034 2.6248 4.62277 0.0228238
280.128 2.5206 4.62007 0.0210777
279.794 2.68048 4.61079 0.0356899
280.015 2.61051 4.62671 0.00293173
279.908 2.71099 4.60995 0.0788247
279.831 2.48116 4.60737 0.0514895
279.903 2.5535 4.60048 0.0292734
279.794 2.73671 4.61113 0.0228551
279.925 2.70902 4.61394 0.0829458
279.925 2.70902 4.61394 0.0829458
279.995 2.58717 4.62236 0.0148323
279.908 2.71099 4.60995 0.0788247
279.908 2.71099 4.60995 0.0788247
279.981 2.81417 4.61681 0.035973
280.087 2.64364 4.60388 0.010276
279.95 2.70835 4.61173 0.0981732
280.087 2.75034 4.61901 0.062606
279.925 2.70902 4.61394 0.0829458
279.63 2.64825 4.60571 0.00402842
279.794 2.68048 4.61079 0.0356899
279.908 2.71099 4.60995 0.0788247
280.189 2.65749 4.61651 0.0442094
279.835 2.435 4.61291 0.0119104
279.993 2.48158 4.61149 0.0656083
279.885 2.75407 4.61593 0.0340074
279.95 2.70835 4.61173 0.0981732
279.925 2.70902 4.61394 0.0829458
279.925 2.70902 4.61394 0.0829458
279.63 2.66838 4.6134 0.000637527
280.101 2.71025 4.60912 0.0310784
279.794 2.68048 4.61079 0.0356899
279.985 2.90145 4.61717 0.00947702
280.189 2.65749 4.61651 0.0442094
279.981 2.81417 4.61681 0.035973
279.885 2.75407 4.61593 0.0340074
279.95 2.70835 4.61173 0.0981732
279.95 2.70835 4.61173 0.0981732
279.95 2.70835 4.61173 0.0981732
279.868 2.79946 4.60305 0.00572703
279.94 2.51742 4.62241 0.00351554
279.816 2.51535 4.60919 0.0494823
280.189 2.65749 4.61651 0.0442094
279.993 2.48158 4.61149 0.0656083
279.885 2.75407 4.61593 0.0340074
279.95 2.70835 4.61173 0.0981732
279.794 2.73671 4.61113 0.0228551
279.925 2.70902 4.61394 0.0829458
280.034 2.6248 4.62277 0.0228238
280.101 2.71025 4.60912 0.0310784
279.935 2.44278 4.61834 0.00618186
279.908 2.71099 4.60995 0.0788247
280.189 2.65749 4.61651 0.0442094
279.831 2.48116 4.60737 0.0514895
279.831 2.48116 4.60737 0.0514895
279.936 2.79969 4.60511 0.0101134
279.743 2.73492 4.61425 0.00568682
279.868 2.79946 4.60305 0.00572703
279.925 2.70902 4.61394 0.0829458
279.88 2.69981 4.6168 0.0360353
280.034 2.6248 4.62277 0.0228238
279.816 2.51535 4.60919 0.0494823
280.189 2.65749 4.61651 0.0442094
279.981 2.81417 4.61681 0.035973
279.885 2.75407 4.61593 0.0340074
279.885 2.75407 4.61593 0.0340074
