66.6005 14.3757 0.122365 0.0817501
66.4398 14.4675 0.116513 0.0470666
66.4476 14.6383 0.118952 0.0607686
66.6933 14.4617 0.115533 0.0319169
66.6933 14.4617 0.115533 0.0319169
66.3657 14.4108 0.124695 0.0661191
66.5761 14.5636 0.111519 0.017428
66.3879 14.6563 0.125715 0.0464341
66.6023 14.4285 0.112409 0.0165226
66.2705 14.4732 0.123157 0.0309504
66.6758 14.6574 0.127614 0.0280635
66.6005 14.3757 0.122365 0.0817501
66.4072 14.5267 0.13078 0.0469465
66.4398 14.4675 0.116513 0.0470666
66.6933 14.4617 0.115533 0.0319169
66.6933 14.4617 0.115533 0.0319169
66.6933 14.4617 0.115533 0.0319169
66.7444 14.3503 0.123842 0.0279322
66.3657 14.4108 0.124695 0.0661191
66.5761 14.5636 0.111519 0.017428
66.6443 14.5162 0.112725 0.0220981
66.4598 14.6991 0.136488 0.00252732
66.6667 14.2986 0.121926 0.0330473
66.2705 14.4732 0.123157 0.0309504
66.6005 14.3757 0.122365 0.0817501
66.4072 14.5267 0.13078 0.0469465
66.7645 14.4026 0.121022 0.0294132
66.4476 14.6383 0.118952 0.0607686
66.4476 14.6383 0.118952 0.0607686
66.6933 14.4617 0.115533 0.0319169
66.7444 14.3503 0.123842 0.0279322
66.3657 14.4108 0.124695 0.0661191
66.5978 14.7346 0.113584 0.0144957
66.3879 14.6563 0.125715 0.0464341
66.2598 14.3092 0.127085 0.0137894
66.6667 14.2986 0.121926 0.0330473
66.2705 14.4732 0.123157 0.0309504
66.6005 14.3757 0.122365 0.0817501
66.4072 14.5267 0.13078 0.0469465
66.4398 14.4675 0.116513 0.0470666
66.4476 14.6383 0.118952 0.0607686
66.601 14.4248 0.108644 0.00367908
66.5978 14.7346 0.113584 0.0144957
66.3879 14.6563 0.125715 0.0464341
66.5311 14.2736 0.115807 0.0128105
66.3253 14.6651 0.118982 0.0223839
66.3253 14.6651 0.118982 0.0223839
66.6758 14.6574 0.127614 0.0280635
66.5914 14.1766 0.127011 0.0118552
66.3457 14.4043 0.118442 0.0289347
66.7645 14.4026 0.121022 0.0294132
66.7444 14.3503 0.123842 0.0279322
66.3657 14.4108 0.124695 0.0661191
66.3657 14.4108 0.124695 0.0661191
66.3879 14.6563 0.125715 0.0464341
66.6058 14.3786 0.116198 0.0353531
66.3168 14.3591 0.115007 0.00664565
66.497 14.7574 0.129851 0.0118326
66.8899 14.6255 0.115438 0.0037446
66.3253 14.6651 0.118982 0.0223839
66.6005 14.3757 0.122365 0.0817501
66.6388 14.2254 0.127993 0.0161322
66.4072 14.5267 0.13078 0.0469465
66.4072 14.5267 0.13078 0.0469465
66.4476 14.6383 0.118952 0.0607686
66.3657 14.4108 0.124695 0.0661191
66.2378 14.7004 0.119834 0.0070348
66.3879 14.6563 0.125715 0.0464341
66.497 14.7574 0.129851 0.0118326
66.2705 14.4732 0.123157 0.0309504
66.6005 14.3757 0.122365 0.0817501
66.6005 14.3757 0.122365 0.0817501
66.4398 14.4675 0.116513 0.0470666
66.6933 14.4617 0.115533 0.0319169
66.3657 14.4108 0.124695 0.0661191
66.2496 14.3767 0.130158 0.014242
66.2378 14.7004 0.119834 0.0070348
66.6058 14.3786 0.116198 0.0353531
66.6023 14.4285 0.112409 0.0165226
66.6023 14.4285 0.112409 0.0165226
66.6758 14.6574 0.127614 0.0280635
66.3657 14.532 0.119422 0.0541676
66.3657 14.532 0.119422 0.0541676
66.6005 14.3757 0.122365 0.0817501
66.4398 14.4675 0.116513 0.0470666
66.4476 14.6383 0.118952 0.0607686
66.3657 14.4108 0.124695 0.0661191
66.5978 14.7346 0.113584 0.0144957
66.3879 14.6563 0.125715 0.0464341
66.6058 14.3786 0.116198 0.0353531
66.3313 14.6064 0.111487 0.00455479
66.6667 14.2986 0.121926 0.0330473
66.3657 14.532 0.119422 0.0541676
66.6005 14.3757 0.122365 0.0817501
66.6005 14.3757 0.122365 0.0817501
66.4072 14.5267 0.13078 0.0469465
66.4476 14.6383 0.118952 0.0607686
66.3657 14.4108 0.124695 0.0661191
66.2496 14.3767 0.130158 0.014242
66.6443 14.5162 0.112725 0.0220981
