-39.2434 -46.272 1.50276 0.0871717
-39.2968 -46.088 1.49839 0.102766
-39.2968 -46.088 1.49839 0.102766
-39.2239 -46.2083 1.49849 0.0752049
-39.2703 -46.1685 1.50261 0.113763
-39.2703 -46.1685 1.50261 0.113763
-39.1268 -46.2477 1.50366 0.0581019
-39.3616 -46.1675 1.50277 0.0885844
-39.3871 -46.233 1.4989 0.0659095
-39.3871 -46.233 1.4989 0.0659095
-39.5163 -46.2293 1.49686 0.0183997
-39.2434 -46.272 1.50276 0.0871717
-39.2968 -46.088 1.49839 0.102766
-39.2968 -46.088 1.49839 0.102766
-39.2703 -46.1685 1.50261 0.113763
-39.2703 -46.1685 1.50261 0.113763
-39.2437 -46.1808 1.49874 0.093154
-39.1268 -46.2477 1.50366 0.0581019
-39.3616 -46.1675 1.50277 0.0885844
-39.3616 -46.1675 1.50277 0.0885844
-39.2056 -46.0567 1.50852 0.0164341
-39.1552 -46.4877 1.51336 0.00406987
-39.2968 -46.088 1.49839 0.102766
-39.2239 -46.2083 1.49849 0.0752049
-38.9841 -46.3723 1.51429 0.00212166
-39.2703 -46.1685 1.50261 0.113763
-39.1268 -46.2477 1.50366 0.0581019
-39.3616 -46.1675 1.50277 0.0885844
-39.0309 -46.0128 1.4975 0.00881206
-39.2968 -46.088 1.49839 0.102766
-39.2239 -46.2083 1.49849 0.0752049
-39.2239 -46.2083 1.49849 0.0752049
-39.2703 -46.1685 1.50261 0.113763
-39.3379 -46.0636 1.48931 0.0116452
-39.3616 -46.1675 1.50277 0.0885844
-39.3616 -46.1675 1.50277 0.0885844
-39.2211 -46.0038 1.50832 0.00943402
-39.5163 -46.2293 1.49686 0.0183997
-39.2968 -46.088 1.49839 0.102766
-39.2968 -46.088 1.49839 0.102766
-39.2968 -46.088 1.49839 0.102766
-39.2239 -46.2083 1.49849 0.0752049
-39.2703 -46.1685 1.50261 0.113763
-38.9818 -46.1001 1.49879 0.00665328
-39.1268 -46.2477 1.50366 0.0581019
-39.3871 -46.233 1.4989 0.0659095
-39.5163 -46.2293 1.49686 0.0183997
-39.2968 -46.088 1.49839 0.102766
-39.0968 -46.3569 1.50172 0.0173906
-39.2437 -46.1808 1.49874 0.093154
-39.3379 -46.0636 1.48931 0.0116452
-39.2299 -46.3801 1.50358 0.0375615
-39.5163 -46.2293 1.49686 0.0183997
-39.2968 -46.088 1.49839 0.102766
-39.2968 -46.088 1.49839 0.102766
-39.2239 -46.2083 1.49849 0.0752049
-39.2703 -46.1685 1.50261 0.113763
-39.2703 -46.1685 1.50261 0.113763
-39.1268 -46.2477 1.50366 0.0581019
-39.3616 -46.1675 1.50277 0.0885844
-39.3616 -46.1675 1.50277 0.0885844
-39.5163 -46.2293 1.49686 0.0183997
-39.324 -46.1897 1.50521 0.0758319
-39.324 -46.1897 1.50521 0.0758319
-39.324 -46.1897 1.50521 0.0758319
-39.1322 -46.5818 1.51409 0.00103016
-39.2703 -46.1685 1.50261 0.113763
-39.0241 -46.0963 1.5066 0.0121665
-39.3002 -46.0977 1.50911 0.0167331
-39.3871 -46.233 1.4989 0.0659095
-39.3871 -46.233 1.4989 0.0659095
-39.2968 -46.088 1.49839 0.102766
-39.324 -46.1897 1.50521 0.0758319
-39.2239 -46.2083 1.49849 0.0752049
-39.2239 -46.2083 1.49849 0.0752049
-39.2703 -46.1685 1.50261 0.113763
-39.1501 -46.4453 1.50884 0.0138058
-39.0626 -46.2026 1.49752 0.0147514
-39.3871 -46.233 1.4989 0.0659095
-39.3871 -46.233 1.4989 0.0659095
-39.0309 -46.0128 1.4975 0.00881206
-39.2434 -46.272 1.50276 0.0871717
-39.2434 -46.272 1.50276 0.0871717
-39.324 -46.1897 1.50521 0.0758319
-39.0968 -46.3569 1.50172 0.0173906
-39.2703 -46.1685 1.50261 0.113763
-39.1268 -46.2477 1.50366 0.0581019
-39.2299 -46.3801 1.50358 0.0375615
-39.2434 -46.272 1.50276 0.0871717
-39.324 -46.1897 1.50521 0.0758319
-39.2239 -46.2083 1.49849 0.0752049
-39.2703 -46.1685 1.50261 0.113763
-39.2437 -46.1808 1.49874 0.093154
-39.3616 -46.1675 1.50277 0.0885844
-39.3002 -46.0977 1.50911 0.0167331
-39.2434 -46.272 1.50276 0.0871717
-39.2434 -46.272 1.50276 0.0871717
-39.324 -46.1897 1.50521 0.0758319
-39.2239 -46.2083 1.49849 0.0752049
-39.0968 -46.3569 1.50172 0.0173906
