-39.1584 -64.448 1.79241 0.170179
-39.3203 -64.327 1.78451 0.140514
-39.4751 -64.5229 1.7854 0.0651708
-39.4228 -64.5897 1.79043 0.129306
-39.2219 -64.5435 1.79235 0.198237
-39.1584 -64.448 1.79241 0.170179
-39.4607 -64.6883 1.78661 0.0110454
-39.3228 -64.5521 1.79811 0.0797952
-39.2219 -64.5435 1.79235 0.198237
-39.1584 -64.448 1.79241 0.170179
-39.3203 -64.327 1.78451 0.140514
-39.3902 -64.7043 1.79362 0.0440641
-39.5292 -64.7469 1.79089 0.00647203
-39.3228 -64.5521 1.79811 0.0797952
-39.2219 -64.5435 1.79235 0.198237
-39.3203 -64.327 1.78451 0.140514
-39.4247 -64.4994 1.78334 0.0435294
-39.3228 -64.5521 1.79811 0.0797952
-39.2219 -64.5435 1.79235 0.198237
-39.1584 -64.448 1.79241 0.170179
-39.1584 -64.448 1.79241 0.170179
-39.4751 -64.5229 1.7854 0.0651708
-39.4228 -64.5897 1.79043 0.129306
-39.3228 -64.5521 1.79811 0.0797952
-39.2219 -64.5435 1.79235 0.198237
-39.1584 -64.448 1.79241 0.170179
-39.4751 -64.5229 1.7854 0.0651708
-39.4228 -64.5897 1.79043 0.129306
-39.5439 -64.6957 1.79126 0.013212
-39.1584 -64.448 1.79241 0.170179
-39.2794 -64.8076 1.79585 0.0102011
-39.4228 -64.5897 1.79043 0.129306
-39.2219 -64.5435 1.79235 0.198237
-39.3902 -64.7043 1.79362 0.0440641
-39.4751 -64.5229 1.7854 0.0651708
-39.4228 -64.5897 1.79043 0.129306
-39.3228 -64.5521 1.79811 0.0797952
-39.5439 -64.6957 1.79126 0.013212
-39.2219 -64.5435 1.79235 0.198237
-39.3902 -64.7043 1.79362 0.0440641
-39.4751 -64.5229 1.7854 0.0651708
-39.4228 -64.5897 1.79043 0.129306
-39.1344 -64.6137 1.79077 0.044807
-39.2219 -64.5435 1.79235 0.198237
-39.2219 -64.5435 1.79235 0.198237
-39.1584 -64.448 1.79241 0.170179
-39.4247 -64.4994 1.78334 0.0435294
-39.2946 -64.6989 1.80323 0.00403569
-39.2219 -64.5435 1.79235 0.198237
-39.2219 -64.5435 1.79235 0.198237
-39.1584 -64.448 1.79241 0.170179
-39.4751 -64.5229 1.7854 0.0651708
-39.4228 -64.5897 1.79043 0.129306
-39.3228 -64.5521 1.79811 0.0797952
-39.2219 -64.5435 1.79235 0.198237
-39.1584 -64.448 1.79241 0.170179
-39.3203 -64.327 1.78451 0.140514
-39.4228 -64.5897 1.79043 0.129306
-39.3228 -64.5521 1.79811 0.0797952
-39.2219 -64.5435 1.79235 0.198237
-39.1584 -64.448 1.79241 0.170179
-39.3203 -64.327 1.78451 0.140514
-39.4228 -64.5897 1.79043 0.129306
-39.4228 -64.5897 1.79043 0.129306
-39.2219 -64.5435 1.79235 0.198237
-39.2219 -64.5435 1.79235 0.198237
-39.3203 -64.327 1.78451 0.140514
-39.4607 -64.6883 1.78661 0.0110454
-39.4228 -64.5897 1.79043 0.129306
-39.2219 -64.5435 1.79235 0.198237
-39.1584 -64.448 1.79241 0.170179
-39.3203 -64.327 1.78451 0.140514
-39.4228 -64.5897 1.79043 0.129306
-39.2219 -64.5435 1.79235 0.198237
-39.1584 -64.448 1.79241 0.170179
-39.1584 -64.448 1.79241 0.170179
-39.3203 -64.327 1.78451 0.140514
-39.3203 -64.327 1.78451 0.140514
-39.4751 -64.5229 1.7854 0.0651708
-39.3228 -64.5521 1.79811 0.0797952
-39.2219 -64.5435 1.79235 0.198237
-39.2219 -64.5435 1.79235 0.198237
-39.1584 -64.448 1.79241 0.170179
-39.3203 -64.327 1.78451 0.140514
-39.4228 -64.5897 1.79043 0.129306
-39.7235 -64.2746 1.7922 0.00179988
-39.2219 -64.5435 1.79235 0.198237
-39.2219 -64.5435 1.79235 0.198237
-39.3203 -64.327 1.78451 0.140514
-39.4751 -64.5229 1.7854 0.0651708
-39.4228 -64.5897 1.79043 0.129306
-39.3228 -64.5521 1.79811 0.0797952
-39.2219 -64.5435 1.79235 0.198237
-39.3203 -64.327 1.78451 0.140514
-39.4228 -64.5897 1.79043 0.129306
-39.2219 -64.5435 1.79235 0.198237
-39.1584 -64.448 1.79241 0.170179
-39.4751 -64.5229 1.7854 0.0651708
-39.2219 -64.5435 1.79235 0.198237
-39.2219 -64.5435 1.79235 0.198237
