3.64291 -95.4927 3.27319 0.0715433
3.66953 -95.5956 3.26521 0.187789
3.31232 -95.6591 3.25907 0.0331316
3.37967 -95.5742 3.27002 0.0221934
3.74521 -95.4833 3.26839 0.125824
3.64291 -95.4927 3.27319 0.0715433
3.66953 -95.5956 3.26521 0.187789
3.66953 -95.5956 3.26521 0.187789
3.31232 -95.6591 3.25907 0.0331316
3.55923 -95.4393 3.26469 0.102636
3.65271 -95.5171 3.27304 0.0780879
3.74521 -95.4833 3.26839 0.125824
3.91454 -95.685 3.2726 0.0204943
3.64291 -95.4927 3.27319 0.0715433
3.66953 -95.5956 3.26521 0.187789
3.66953 -95.5956 3.26521 0.187789
3.86095 -95.6738 3.26833 0.0539843
3.62399 -95.8912 3.26142 0.0333352
3.74521 -95.4833 3.26839 0.125824
3.66953 -95.5956 3.26521 0.187789
3.86095 -95.6738 3.26833 0.0539843
3.73963 -95.4019 3.26518 0.0577529
3.64291 -95.4927 3.27319 0.0715433
3.66953 -95.5956 3.26521 0.187789
3.66953 -95.5956 3.26521 0.187789
3.86095 -95.6738 3.26833 0.0539843
3.74521 -95.4833 3.26839 0.125824
3.21655 -95.7705 3.272 0.000183171
3.66953 -95.5956 3.26521 0.187789
3.81596 -95.7328 3.2775 0.00482138
3.74521 -95.4833 3.26839 0.125824
3.74521 -95.4833 3.26839 0.125824
3.66953 -95.5956 3.26521 0.187789
3.55923 -95.4393 3.26469 0.102636
3.45973 -95.2124 3.26492 0.00408004
3.91454 -95.685 3.2726 0.0204943
3.56042 -95.5046 3.27905 0.00343172
3.66953 -95.5956 3.26521 0.187789
3.55923 -95.4393 3.26469 0.102636
3.75352 -95.5897 3.25855 0.0245707
3.37967 -95.5742 3.27002 0.0221934
3.37967 -95.5742 3.27002 0.0221934
3.72092 -95.3901 3.25925 0.009594
3.66953 -95.5956 3.26521 0.187789
3.55923 -95.4393 3.26469 0.102636
3.37967 -95.5742 3.27002 0.0221934
3.74521 -95.4833 3.26839 0.125824
3.66953 -95.5956 3.26521 0.187789
3.79226 -95.9268 3.26519 0.00931856
3.30822 -95.5834 3.25844 0.0255562
3.73963 -95.4019 3.26518 0.0577529
3.64291 -95.4927 3.27319 0.0715433
3.66953 -95.5956 3.26521 0.187789
3.66953 -95.5956 3.26521 0.187789
3.65271 -95.5171 3.27304 0.0780879
3.7994 -95.4295 3.27902 0.0107003
3.66953 -95.5956 3.26521 0.187789
3.66953 -95.5956 3.26521 0.187789
3.75352 -95.5897 3.25855 0.0245707
3.65271 -95.5171 3.27304 0.0780879
3.74521 -95.4833 3.26839 0.125824
4.02689 -95.503 3.26659 0.0050749
3.66953 -95.5956 3.26521 0.187789
4.04086 -95.6465 3.26782 0.00516459
3.55923 -95.4393 3.26469 0.102636
3.73963 -95.4019 3.26518 0.0577529
3.62399 -95.8912 3.26142 0.0333352
3.64291 -95.4927 3.27319 0.0715433
3.55923 -95.4393 3.26469 0.102636
3.55923 -95.4393 3.26469 0.102636
3.86095 -95.6738 3.26833 0.0539843
3.74521 -95.4833 3.26839 0.125824
3.66953 -95.5956 3.26521 0.187789
3.55923 -95.4393 3.26469 0.102636
3.30822 -95.5834 3.25844 0.0255562
3.74521 -95.4833 3.26839 0.125824
3.64291 -95.4927 3.27319 0.0715433
3.55923 -95.4393 3.26469 0.102636
3.45973 -95.2124 3.26492 0.00408004
3.98141 -95.8037 3.26547 0.00403435
3.30515 -95.5651 3.25826 0.0223225
3.4082 -95.9175 3.26558 0.00801737
3.66953 -95.5956 3.26521 0.187789
3.65271 -95.5171 3.27304 0.0780879
3.74521 -95.4833 3.26839 0.125824
3.66953 -95.5956 3.26521 0.187789
3.30822 -95.5834 3.25844 0.0255562
3.86095 -95.6738 3.26833 0.0539843
3.74521 -95.4833 3.26839 0.125824
3.66953 -95.5956 3.26521 0.187789
3.66953 -95.5956 3.26521 0.187789
3.66953 -95.5956 3.26521 0.187789
3.31232 -95.6591 3.25907 0.0331316
3.55923 -95.4393 3.26469 0.102636
3.55923 -95.4393 3.26469 0.102636
3.86095 -95.6738 3.26833 0.0539843
3.73963 -95.4019 3.26518 0.0577529
3.62399 -95.8912 3.26142 0.0333352
3.4082 -95.9175 3.26558 0.00801737
3.64291 -95.4927 3.27319 0.0715433
