270.189 23.6579 5.63231 0.0684935
269.945 23.6804 5.62029 0.00680268
270.124 23.5808 5.62706 0.119851
270.124 23.5808 5.62706 0.119851
270.124 23.5808 5.62706 0.119851
269.909 23.5709 5.63174 0.0591107
269.996 23.8001 5.63506 0.0606488
270.027 23.7362 5.63382 0.129106
270.079 23.7777 5.63015 0.107394
270.187 23.684 5.62712 0.0907809
270.189 23.6579 5.63231 0.0684935
269.967 23.4948 5.63347 0.035152
269.909 23.5709 5.63174 0.0591107
269.934 23.7988 5.62767 0.0309985
269.864 23.5185 5.63354 0.0171396
269.996 23.8001 5.63506 0.0606488
269.967 23.8242 5.62861 0.0364426
270.079 23.7777 5.63015 0.107394
270.076 23.5745 5.63714 0.0380102
270.076 23.5745 5.63714 0.0380102
269.975 23.7751 5.64132 0.0123669
269.975 23.7751 5.64132 0.0123669
270.058 23.6453 5.62393 0.0879338
270.058 23.6453 5.62393 0.0879338
269.909 23.5709 5.63174 0.0591107
269.967 23.8242 5.62861 0.0364426
270.027 23.7362 5.63382 0.129106
270.079 23.7777 5.63015 0.107394
270.189 23.6579 5.63231 0.0684935
270.124 23.5808 5.62706 0.119851
269.985 23.8673 5.63799 0.0128925
270.027 23.7362 5.63382 0.129106
270.079 23.7777 5.63015 0.107394
270.187 23.684 5.62712 0.0907809
270.058 23.6453 5.62393 0.0879338
270.124 23.5808 5.62706 0.119851
269.996 23.8001 5.63506 0.0606488
269.996 23.8001 5.63506 0.0606488
270.027 23.7362 5.63382 0.129106
270.076 23.5745 5.63714 0.0380102
270.058 23.6453 5.62393 0.0879338
269.967 23.4948 5.63347 0.035152
269.934 23.7988 5.62767 0.0309985
270.027 23.7362 5.63382 0.129106
270.187 23.684 5.62712 0.0907809
270.058 23.6453 5.62393 0.0879338
270.124 23.5808 5.62706 0.119851
269.996 23.8001 5.63506 0.0606488
269.967 23.8242 5.62861 0.0364426
270.027 23.7362 5.63382 0.129106
270.027 23.7362 5.63382 0.129106
270.027 23.7362 5.63382 0.129106
270.187 23.684 5.62712 0.0907809
270.058 23.6453 5.62393 0.0879338
270.124 23.5808 5.62706 0.119851
269.909 23.5709 5.63174 0.0591107
269.996 23.8001 5.63506 0.0606488
269.967 23.8242 5.62861 0.0364426
270.079 23.7777 5.63015 0.107394
270.187 23.684 5.62712 0.0907809
269.893 23.8959 5.63314 0.00714815
270.124 23.5808 5.62706 0.119851
269.909 23.5709 5.63174 0.0591107
269.934 23.7988 5.62767 0.0309985
269.864 23.5185 5.63354 0.0171396
270.027 23.7362 5.63382 0.129106
270.162 23.5538 5.63947 0.00452711
270.189 23.6579 5.63231 0.0684935
269.945 23.6804 5.62029 0.00680268
269.967 23.4948 5.63347 0.035152
270.124 23.5808 5.62706 0.119851
269.996 23.8001 5.63506 0.0606488
269.996 23.8001 5.63506 0.0606488
270.027 23.7362 5.63382 0.129106
270.187 23.684 5.62712 0.0907809
270.189 23.6579 5.63231 0.0684935
270.058 23.6453 5.62393 0.0879338
270.058 23.6453 5.62393 0.0879338
270.058 23.6453 5.62393 0.0879338
269.909 23.5709 5.63174 0.0591107
269.996 23.8001 5.63506 0.0606488
270.027 23.7362 5.63382 0.129106
270.076 23.5745 5.63714 0.0380102
270.187 23.684 5.62712 0.0907809
270.187 23.684 5.62712 0.0907809
270.058 23.6453 5.62393 0.0879338
270.124 23.5808 5.62706 0.119851
269.996 23.8001 5.63506 0.0606488
269.967 23.8242 5.62861 0.0364426
270.027 23.7362 5.63382 0.129106
270.079 23.7777 5.63015 0.107394
270.187 23.684 5.62712 0.0907809
270.058 23.6453 5.62393 0.0879338
270.124 23.5808 5.62706 0.119851
270.124 23.5808 5.62706 0.119851
270.124 23.5808 5.62706 0.119851
269.934 23.7988 5.62767 0.0309985
270.147 23.4917 5.62134 0.0160678
270.027 23.7362 5.63382 0.129106
270.162 23.5538 5.63947 0.00452711
