119.183 19.7331 0.0584853 0.108824
119.412 19.8098 0.0572716 0.141781
119.412 19.8098 0.0572716 0.141781
119.218 19.6634 0.0534648 0.108551
119.383 19.9435 0.0503759 0.0811335
119.725 19.9195 0.0450345 0.00252384
119.264 19.7706 0.0585884 0.154426
119.412 19.8098 0.0572716 0.141781
119.682 19.9127 0.0524245 0.00774663
119.55 19.8506 0.0511979 0.0747805
119.55 19.8506 0.0511979 0.0747805
119.383 19.9435 0.0503759 0.0811335
119.198 19.8371 0.0509458 0.072281
119.198 19.8371 0.0509458 0.072281
119.183 19.7331 0.0584853 0.108824
119.471 19.9658 0.0519433 0.0581585
119.471 19.9658 0.0519433 0.0581585
119.57 19.7713 0.0591477 0.0161291
119.449 19.8249 0.0594393 0.0589368
119.264 19.7706 0.0585884 0.154426
119.412 19.8098 0.0572716 0.141781
119.412 19.8098 0.0572716 0.141781
119.218 19.6634 0.0534648 0.108551
119.383 19.9435 0.0503759 0.0811335
119.198 19.8371 0.0509458 0.072281
119.449 19.8249 0.0594393 0.0589368
119.183 19.7331 0.0584853 0.108824
119.412 19.8098 0.0572716 0.141781
119.55 19.8506 0.0511979 0.0747805
119.218 19.6634 0.0534648 0.108551
119.383 19.9435 0.0503759 0.0811335
119.198 19.8371 0.0509458 0.072281
119.264 19.7706 0.0585884 0.154426
119.412 19.8098 0.0572716 0.141781
119.55 19.8506 0.0511979 0.0747805
119.383 19.9435 0.0503759 0.0811335
119.122 19.9559 0.0518329 0.0159135
119.264 19.7706 0.0585884 0.154426
119.183 19.7331 0.0584853 0.108824
119.471 19.9658 0.0519433 0.0581585
119.399 19.47 0.0599112 0.00663856
119.218 19.6634 0.0534648 0.108551
119.198 19.8371 0.0509458 0.072281
119.264 19.7706 0.0585884 0.154426
119.412 19.8098 0.0572716 0.141781
119.218 19.6634 0.0534648 0.108551
119.578 20.0376 0.0527405 0.00875024
119.264 19.7706 0.0585884 0.154426
119.183 19.7331 0.0584853 0.108824
119.183 19.7331 0.0584853 0.108824
119.183 19.7331 0.0584853 0.108824
119.471 19.9658 0.0519433 0.0581585
119.218 19.6634 0.0534648 0.108551
119.449 19.8249 0.0594393 0.0589368
119.183 19.7331 0.0584853 0.108824
119.471 19.9658 0.0519433 0.0581585
119.218 19.6634 0.0534648 0.108551
119.198 19.8371 0.0509458 0.072281
119.264 19.7706 0.0585884 0.154426
119.471 19.9658 0.0519433 0.0581585
119.55 19.8506 0.0511979 0.0747805
119.383 19.9435 0.0503759 0.0811335
119.449 19.8249 0.0594393 0.0589368
119.264 19.7706 0.0585884 0.154426
119.412 19.8098 0.0572716 0.141781
119.55 19.8506 0.0511979 0.0747805
119.578 20.0376 0.0527405 0.00875024
119.264 19.7706 0.0585884 0.154426
119.183 19.7331 0.0584853 0.108824
119.412 19.8098 0.0572716 0.141781
119.399 19.47 0.0599112 0.00663856
119.55 19.8506 0.0511979 0.0747805
119.218 19.6634 0.0534648 0.108551
119.628 19.6771 0.0575888 0.0084096
119.383 19.9435 0.0503759 0.0811335
119.383 19.9435 0.0503759 0.0811335
119.264 19.7706 0.0585884 0.154426
119.412 19.8098 0.0572716 0.141781
119.218 19.6634 0.0534648 0.108551
119.383 19.9435 0.0503759 0.0811335
119.264 19.7706 0.0585884 0.154426
119.264 19.7706 0.0585884 0.154426
119.264 19.7706 0.0585884 0.154426
119.412 19.8098 0.0572716 0.141781
119.471 19.9658 0.0519433 0.0581585
119.383 19.9435 0.0503759 0.0811335
119.449 19.8249 0.0594393 0.0589368
119.264 19.7706 0.0585884 0.154426
119.412 19.8098 0.0572716 0.141781
119.471 19.9658 0.0519433 0.0581585
119.55 19.8506 0.0511979 0.0747805
119.383 19.9435 0.0503759 0.0811335
119.449 19.8249 0.0594393 0.0589368
119.183 19.7331 0.0584853 0.108824
119.55 19.8506 0.0511979 0.0747805
119.383 19.9435 0.0503759 0.0811335
119.264 19.7706 0.0585884 0.154426
119.183 19.7331 0.0584853 0.108824
119.183 19.7331 0.0584853 0.108824
119.183 19.7331 0.0584853 0.108824
