94.4648 18.3434 0.0734241 0.0129773
94.9097 18.2772 0.0706699 0.0838153
95.0504 18.2396 0.0613528 0.0223597
94.7624 18.0858 0.0683075 0.0563811
94.8906 18.3567 0.0781043 0.0193193
94.8256 18.2738 0.0726674 0.0951768
94.7159 18.2573 0.0696689 0.120154
94.7159 18.2573 0.0696689 0.120154
94.6383 18.1035 0.0796294 0.00778158
94.678 18.5239 0.0715728 0.0292241
95.0504 18.2396 0.0613528 0.0223597
94.888 18.2214 0.0597895 0.0462543
94.7624 18.0858 0.0683075 0.0563811
94.8256 18.2738 0.0726674 0.0951768
94.7159 18.2573 0.0696689 0.120154
94.7159 18.2573 0.0696689 0.120154
95.1369 18.2317 0.0608562 0.00733039
94.9097 18.2772 0.0706699 0.0838153
95.0504 18.2396 0.0613528 0.0223597
94.888 18.2214 0.0597895 0.0462543
94.6618 18.0899 0.0699154 0.0411295
95.0795 18.2822 0.0793472 0.00158072
95.0795 18.2822 0.0793472 0.00158072
94.8256 18.2738 0.0726674 0.0951768
94.7159 18.2573 0.0696689 0.120154
94.7159 18.2573 0.0696689 0.120154
94.449 18.0817 0.0785076 0.00179551
95.0064 18.3931 0.0591435 0.0165562
95.0504 18.2396 0.0613528 0.0223597
94.888 18.2214 0.0597895 0.0462543
94.9158 18.1799 0.05587 0.0133868
94.8256 18.2738 0.0726674 0.0951768
94.6919 18.448 0.0825362 0.00515467
94.9343 18.2482 0.0729713 0.0496305
94.7159 18.2573 0.0696689 0.120154
94.7159 18.2573 0.0696689 0.120154
94.6098 18.4184 0.0662923 0.0400742
94.8352 18.4645 0.0751715 0.0319827
95.0504 18.2396 0.0613528 0.0223597
94.888 18.2214 0.0597895 0.0462543
94.6618 18.0899 0.0699154 0.0411295
94.6618 18.0899 0.0699154 0.0411295
94.7624 18.0858 0.0683075 0.0563811
94.8256 18.2738 0.0726674 0.0951768
94.8256 18.2738 0.0726674 0.0951768
94.9343 18.2482 0.0729713 0.0496305
94.7159 18.2573 0.0696689 0.120154
95.1369 18.2317 0.0608562 0.00733039
94.6249 18.2831 0.0624531 0.0389097
94.7624 18.0858 0.0683075 0.0563811
94.8256 18.2738 0.0726674 0.0951768
94.7159 18.2573 0.0696689 0.120154
94.7304 18.5055 0.076384 0.0209154
95.0064 18.3931 0.0591435 0.0165562
94.8234 18.4174 0.0606713 0.0399529
94.888 18.2214 0.0597895 0.0462543
94.4767 18.6274 0.0689181 0.00128527
94.8256 18.2738 0.0726674 0.0951768
94.7159 18.2573 0.0696689 0.120154
94.7159 18.2573 0.0696689 0.120154
94.4648 18.3434 0.0734241 0.0129773
94.8234 18.4174 0.0606713 0.0399529
94.7624 18.0858 0.0683075 0.0563811
94.4779 18.19 0.0685198 0.0138447
94.7159 18.2573 0.0696689 0.120154
95.0614 18.4504 0.0676613 0.014396
95.0064 18.3931 0.0591435 0.0165562
94.9097 18.2772 0.0706699 0.0838153
94.8234 18.4174 0.0606713 0.0399529
94.6249 18.2831 0.0624531 0.0389097
94.7624 18.0858 0.0683075 0.0563811
94.8256 18.2738 0.0726674 0.0951768
94.7159 18.2573 0.0696689 0.120154
94.7304 18.5055 0.076384 0.0209154
95.0064 18.3931 0.0591435 0.0165562
94.9097 18.2772 0.0706699 0.0838153
94.888 18.2214 0.0597895 0.0462543
94.888 18.2214 0.0597895 0.0462543
94.8256 18.2738 0.0726674 0.0951768
94.8256 18.2738 0.0726674 0.0951768
94.7159 18.2573 0.0696689 0.120154
94.6098 18.4184 0.0662923 0.0400742
95.1369 18.2317 0.0608562 0.00733039
94.9097 18.2772 0.0706699 0.0838153
94.888 18.2214 0.0597895 0.0462543
94.8256 18.2738 0.0726674 0.0951768
94.4779 18.19 0.0685198 0.0138447
94.4779 18.19 0.0685198 0.0138447
94.9343 18.2482 0.0729713 0.0496305
94.6345 17.9697 0.069189 0.00903998
94.7159 18.2573 0.0696689 0.120154
95.1369 18.2317 0.0608562 0.00733039
95.0064 18.3931 0.0591435 0.0165562
94.678 18.5239 0.0715728 0.0292241
94.888 18.2214 0.0597895 0.0462543
94.8256 18.2738 0.0726674 0.0951768
94.9343 18.2482 0.0729713 0.0496305
94.6098 18.4184 0.0662923 0.0400742
94.6098 18.4184 0.0662923 0.0400742
94.7304 18.5055 0.076384 0.0209154
