64.2379 -49.3815 3.87228 0.0713506
64.2379 -49.3815 3.87228 0.0713506
64.3199 -49.2265 3.87459 0.0994709
64.2571 -49.1498 3.87929 0.236525
64.2571 -49.1498 3.87929 0.236525
64.2571 -49.1498 3.87929 0.236525
64.1733 -49.1004 3.88176 0.159074
64.1733 -49.1004 3.88176 0.159074
64.2379 -49.3815 3.87228 0.0713506
64.1832 -49.1454 3.88525 0.094695
64.1832 -49.1454 3.88525 0.094695
64.2571 -49.1498 3.87929 0.236525
64.2571 -49.1498 3.87929 0.236525
64.2571 -49.1498 3.87929 0.236525
64.1733 -49.1004 3.88176 0.159074
64.2126 -48.9663 3.88481 0.0237682
64.1508 -49.3279 3.88527 0.0198675
64.2571 -49.1498 3.87929 0.236525
64.1733 -49.1004 3.88176 0.159074
64.0031 -49.3149 3.88257 0.0115357
64.1832 -49.1454 3.88525 0.094695
64.1733 -49.1004 3.88176 0.159074
64.2379 -49.3815 3.87228 0.0713506
64.3927 -49.319 3.87673 0.0456326
64.2571 -49.1498 3.87929 0.236525
64.2571 -49.1498 3.87929 0.236525
64.1733 -49.1004 3.88176 0.159074
64.206 -49.1098 3.88653 0.06079
64.0031 -49.3149 3.88257 0.0115357
64.2571 -49.1498 3.87929 0.236525
64.285 -49.3688 3.88048 0.069552
64.3927 -49.319 3.87673 0.0456326
63.9946 -49.1095 3.88249 0.0175941
63.9946 -49.1095 3.88249 0.0175941
64.2571 -49.1498 3.87929 0.236525
64.1733 -49.1004 3.88176 0.159074
64.2379 -49.3815 3.87228 0.0713506
64.3199 -49.2265 3.87459 0.0994709
64.1832 -49.1454 3.88525 0.094695
64.1749 -49.3943 3.86919 0.0265571
64.2571 -49.1498 3.87929 0.236525
64.285 -49.3688 3.88048 0.069552
64.206 -49.1098 3.88653 0.06079
64.3199 -49.2265 3.87459 0.0994709
64.3199 -49.2265 3.87459 0.0994709
64.3199 -49.2265 3.87459 0.0994709
64.3199 -49.2265 3.87459 0.0994709
64.1832 -49.1454 3.88525 0.094695
64.1733 -49.1004 3.88176 0.159074
64.1733 -49.1004 3.88176 0.159074
64.206 -49.1098 3.88653 0.06079
64.1832 -49.1454 3.88525 0.094695
64.1733 -49.1004 3.88176 0.159074
64.206 -49.1098 3.88653 0.06079
64.206 -49.1098 3.88653 0.06079
64.3199 -49.2265 3.87459 0.0994709
64.2571 -49.1498 3.87929 0.236525
64.1733 -49.1004 3.88176 0.159074
64.3199 -49.2265 3.87459 0.0994709
64.2571 -49.1498 3.87929 0.236525
64.1733 -49.1004 3.88176 0.159074
64.3927 -49.319 3.87673 0.0456326
64.204 -49.3919 3.8874 0.00201137
64.2571 -49.1498 3.87929 0.236525
64.1733 -49.1004 3.88176 0.159074
64.206 -49.1098 3.88653 0.06079
64.1508 -49.3279 3.88527 0.0198675
64.2571 -49.1498 3.87929 0.236525
64.1733 -49.1004 3.88176 0.159074
64.285 -49.3688 3.88048 0.069552
64.3927 -49.319 3.87673 0.0456326
64.1832 -49.1454 3.88525 0.094695
64.1749 -49.3943 3.86919 0.0265571
63.9946 -49.1095 3.88249 0.0175941
64.2571 -49.1498 3.87929 0.236525
64.285 -49.3688 3.88048 0.069552
64.206 -49.1098 3.88653 0.06079
63.934 -49.0978 3.88205 0.00439912
64.2571 -49.1498 3.87929 0.236525
64.285 -49.3688 3.88048 0.069552
64.2379 -49.3815 3.87228 0.0713506
64.2379 -49.3815 3.87228 0.0713506
64.0031 -49.3149 3.88257 0.0115357
64.2571 -49.1498 3.87929 0.236525
64.1733 -49.1004 3.88176 0.159074
64.3199 -49.2265 3.87459 0.0994709
64.2571 -49.1498 3.87929 0.236525
64.1733 -49.1004 3.88176 0.159074
64.1733 -49.1004 3.88176 0.159074
64.1733 -49.1004 3.88176 0.159074
64.1733 -49.1004 3.88176 0.159074
64.285 -49.3688 3.88048 0.069552
64.2126 -48.9663 3.88481 0.0237682
64.2379 -49.3815 3.87228 0.0713506
64.2379 -49.3815 3.87228 0.0713506
64.3199 -49.2265 3.87459 0.0994709
64.1832 -49.1454 3.88525 0.094695
64.1733 -49.1004 3.88176 0.159074
64.1733 -49.1004 3.88176 0.159074
64.2379 -49.3815 3.87228 0.0713506
