272.57 -12.1264 3.99483 0.147347
272.706 -12.0749 3.99586 0.125625
272.706 -12.0749 3.99586 0.125625
272.181 -11.9461 3.97988 0.0872651
272.379 -12.1113 3.98572 0.195724
272.57 -12.1264 3.99483 0.147347
272.862 -12.1474 3.99342 0.00335466
272.13 -12.0017 3.97984 0.0995237
272.57 -12.1264 3.99483 0.147347
272.341 -12.1834 3.99699 0.00165068
272.308 -12.1902 3.98491 0.0925538
272.133 -11.8591 3.98185 0.033591
272.13 -12.0017 3.97984 0.0995237
272.57 -12.1264 3.99483 0.147347
272.168 -12.3022 3.99039 0.000510564
272.308 -12.1902 3.98491 0.0925538
272.181 -11.9461 3.97988 0.0872651
272.13 -12.0017 3.97984 0.0995237
272.379 -12.1113 3.98572 0.195724
272.706 -12.0749 3.99586 0.125625
272.181 -11.9461 3.97988 0.0872651
272.13 -12.0017 3.97984 0.0995237
272.57 -12.1264 3.99483 0.147347
272.706 -12.0749 3.99586 0.125625
272.308 -12.1902 3.98491 0.0925538
272.13 -12.0017 3.97984 0.0995237
272.379 -12.1113 3.98572 0.195724
272.57 -12.1264 3.99483 0.147347
271.875 -11.8296 3.97153 0.00158738
272.379 -12.1113 3.98572 0.195724
272.57 -12.1264 3.99483 0.147347
272.706 -12.0749 3.99586 0.125625
272.514 -12.0227 3.98282 0.0170404
272.308 -12.1902 3.98491 0.0925538
272.424 -12.0211 3.98244 0.0591517
272.379 -12.1113 3.98572 0.195724
272.168 -12.3022 3.99039 0.000510564
272.308 -12.1902 3.98491 0.0925538
272.13 -12.0017 3.97984 0.0995237
272.57 -12.1264 3.99483 0.147347
272.706 -12.0749 3.99586 0.125625
272.368 -12.1975 3.99181 0.0449288
272.308 -12.1902 3.98491 0.0925538
272.13 -12.0017 3.97984 0.0995237
272.379 -12.1113 3.98572 0.195724
272.514 -12.0227 3.98282 0.0170404
272.308 -12.1902 3.98491 0.0925538
272.424 -12.0211 3.98244 0.0591517
272.379 -12.1113 3.98572 0.195724
272.706 -12.0749 3.99586 0.125625
272.368 -12.1975 3.99181 0.0449288
272.308 -12.1902 3.98491 0.0925538
272.162 -11.8909 3.97489 0.00925326
272.379 -12.1113 3.98572 0.195724
272.706 -12.0749 3.99586 0.125625
272.706 -12.0749 3.99586 0.125625
272.181 -11.9461 3.97988 0.0872651
272.73 -11.799 3.99495 0.0125015
272.424 -12.0211 3.98244 0.0591517
272.57 -12.1264 3.99483 0.147347
272.57 -12.1264 3.99483 0.147347
272.368 -12.1975 3.99181 0.0449288
272.308 -12.1902 3.98491 0.0925538
272.424 -12.0211 3.98244 0.0591517
272.57 -12.1264 3.99483 0.147347
272.706 -12.0749 3.99586 0.125625
272.706 -12.0749 3.99586 0.125625
272.181 -11.9461 3.97988 0.0872651
272.379 -12.1113 3.98572 0.195724
272.706 -12.0749 3.99586 0.125625
272.308 -12.1902 3.98491 0.0925538
272.424 -12.0211 3.98244 0.0591517
272.379 -12.1113 3.98572 0.195724
272.57 -12.1264 3.99483 0.147347
272.706 -12.0749 3.99586 0.125625
272.181 -11.9461 3.97988 0.0872651
272.379 -12.1113 3.98572 0.195724
272.379 -12.1113 3.98572 0.195724
272.706 -12.0749 3.99586 0.125625
272.308 -12.1902 3.98491 0.0925538
272.73 -11.799 3.99495 0.0125015
272.379 -12.1113 3.98572 0.195724
272.323 -12.2315 3.98087 0.0187859
272.181 -11.9461 3.97988 0.0872651
272.379 -12.1113 3.98572 0.195724
272.706 -12.0749 3.99586 0.125625
272.514 -12.0227 3.98282 0.0170404
272.13 -12.0017 3.97984 0.0995237
272.13 -12.0017 3.97984 0.0995237
272.13 -12.0017 3.97984 0.0995237
272.73 -11.799 3.99495 0.0125015
272.57 -12.1264 3.99483 0.147347
272.57 -12.1264 3.99483 0.147347
272.706 -12.0749 3.99586 0.125625
272.308 -12.1902 3.98491 0.0925538
272.181 -11.9461 3.97988 0.0872651
272.424 -12.0211 3.98244 0.0591517
272.379 -12.1113 3.98572 0.195724
272.379 -12.1113 3.98572 0.195724
272.706 -12.0749 3.99586 0.125625
