55.929 -57.3283 3.92808 0.229008
55.929 -57.3283 3.92808 0.229008
55.9927 -57.3728 3.92406 0.160707
55.977 -57.3683 3.92352 0.171009
55.8382 -57.4681 3.92372 0.0620408
55.929 -57.3283 3.92808 0.229008
55.977 -57.3683 3.92352 0.171009
55.977 -57.3683 3.92352 0.171009
56.1148 -57.4596 3.92657 0.0128753
55.929 -57.3283 3.92808 0.229008
55.977 -57.3683 3.92352 0.171009
55.6997 -57.2834 3.92282 0.031375
55.929 -57.3283 3.92808 0.229008
55.9927 -57.3728 3.92406 0.160707
55.9927 -57.3728 3.92406 0.160707
56.0522 -57.4252 3.92027 0.0145963
55.929 -57.3283 3.92808 0.229008
55.9927 -57.3728 3.92406 0.160707
55.8382 -57.4681 3.92372 0.0620408
55.7616 -57.2299 3.92071 0.0379815
55.929 -57.3283 3.92808 0.229008
55.929 -57.3283 3.92808 0.229008
55.977 -57.3683 3.92352 0.171009
55.7616 -57.2299 3.92071 0.0379815
55.929 -57.3283 3.92808 0.229008
55.929 -57.3283 3.92808 0.229008
55.9927 -57.3728 3.92406 0.160707
55.7744 -57.3037 3.92189 0.0935029
55.929 -57.3283 3.92808 0.229008
55.9927 -57.3728 3.92406 0.160707
55.7744 -57.3037 3.92189 0.0935029
56.0124 -57.3164 3.93149 0.0711335
55.8412 -57.24 3.93111 0.0495307
55.7744 -57.3037 3.92189 0.0935029
55.7744 -57.3037 3.92189 0.0935029
55.8382 -57.4681 3.92372 0.0620408
55.929 -57.3283 3.92808 0.229008
55.929 -57.3283 3.92808 0.229008
55.9927 -57.3728 3.92406 0.160707
55.977 -57.3683 3.92352 0.171009
56.0522 -57.4252 3.92027 0.0145963
55.8412 -57.24 3.93111 0.0495307
55.9927 -57.3728 3.92406 0.160707
55.7744 -57.3037 3.92189 0.0935029
55.664 -57.1643 3.92554 0.00500444
55.929 -57.3283 3.92808 0.229008
55.9927 -57.3728 3.92406 0.160707
55.977 -57.3683 3.92352 0.171009
55.6997 -57.2834 3.92282 0.031375
55.929 -57.3283 3.92808 0.229008
55.929 -57.3283 3.92808 0.229008
55.929 -57.3283 3.92808 0.229008
55.9927 -57.3728 3.92406 0.160707
55.7744 -57.3037 3.92189 0.0935029
55.929 -57.3283 3.92808 0.229008
55.9927 -57.3728 3.92406 0.160707
55.8382 -57.4681 3.92372 0.0620408
55.929 -57.3283 3.92808 0.229008
55.9927 -57.3728 3.92406 0.160707
55.8382 -57.4681 3.92372 0.0620408
55.929 -57.3283 3.92808 0.229008
55.977 -57.3683 3.92352 0.171009
55.7744 -57.3037 3.92189 0.0935029
55.929 -57.3283 3.92808 0.229008
55.8412 -57.24 3.93111 0.0495307
55.7744 -57.3037 3.92189 0.0935029
55.7744 -57.3037 3.92189 0.0935029
55.929 -57.3283 3.92808 0.229008
55.929 -57.3283 3.92808 0.229008
55.929 -57.3283 3.92808 0.229008
55.977 -57.3683 3.92352 0.171009
55.7744 -57.3037 3.92189 0.0935029
55.9626 -57.2102 3.91759 0.00564415
55.929 -57.3283 3.92808 0.229008
55.9927 -57.3728 3.92406 0.160707
55.7744 -57.3037 3.92189 0.0935029
55.6997 -57.2834 3.92282 0.031375
55.929 -57.3283 3.92808 0.229008
55.929 -57.3283 3.92808 0.229008
55.9927 -57.3728 3.92406 0.160707
55.977 -57.3683 3.92352 0.171009
55.8069 -57.2844 3.91687 0.0125342
55.929 -57.3283 3.92808 0.229008
55.9927 -57.3728 3.92406 0.160707
55.977 -57.3683 3.92352 0.171009
56.0124 -57.3164 3.93149 0.0711335
55.929 -57.3283 3.92808 0.229008
55.9927 -57.3728 3.92406 0.160707
55.977 -57.3683 3.92352 0.171009
55.7616 -57.2299 3.92071 0.0379815
56.0124 -57.3164 3.93149 0.0711335
55.929 -57.3283 3.92808 0.229008
55.929 -57.3283 3.92808 0.229008
55.977 -57.3683 3.92352 0.171009
55.8382 -57.4681 3.92372 0.0620408
55.8382 -57.4681 3.92372 0.0620408
55.929 -57.3283 3.92808 0.229008
55.9927 -57.3728 3.92406 0.160707
55.8382 -57.4681 3.92372 0.0620408
55.9626 -57.2102 3.91759 0.00564415
