38.6915 -71.7066 3.94028 0.013033
38.8161 -71.6573 3.93425 0.146347
38.8518 -71.933 3.93723 0.261903
38.6573 -71.8947 3.93603 0.0921026
38.8732 -71.9845 3.93964 0.0779011
38.8518 -71.933 3.93723 0.261903
38.6908 -71.6939 3.93289 0.139644
38.8161 -71.6573 3.93425 0.146347
38.6908 -71.6939 3.93289 0.139644
38.6573 -71.8947 3.93603 0.0921026
38.8161 -71.6573 3.93425 0.146347
38.6908 -71.6939 3.93289 0.139644
38.7191 -71.8433 3.94238 0.0089314
38.6832 -71.7417 3.92573 0.0114873
39.0144 -71.7992 3.93853 0.131051
38.8518 -71.933 3.93723 0.261903
38.6908 -71.6939 3.93289 0.139644
38.785 -71.9086 3.92751 0.0182043
38.8161 -71.6573 3.93425 0.146347
38.6908 -71.6939 3.93289 0.139644
39.0895 -71.8908 3.9445 0.00898319
38.785 -71.9086 3.92751 0.0182043
38.785 -71.9086 3.92751 0.0182043
38.8518 -71.933 3.93723 0.261903
38.8518 -71.933 3.93723 0.261903
38.8518 -71.933 3.93723 0.261903
38.5257 -71.786 3.93132 0.0196826
39.0144 -71.7992 3.93853 0.131051
38.8518 -71.933 3.93723 0.261903
38.8518 -71.933 3.93723 0.261903
38.785 -71.9086 3.92751 0.0182043
38.8732 -71.9845 3.93964 0.0779011
38.8518 -71.933 3.93723 0.261903
38.6573 -71.8947 3.93603 0.0921026
38.8518 -71.933 3.93723 0.261903
38.6908 -71.6939 3.93289 0.139644
38.6832 -71.7417 3.92573 0.0114873
38.8161 -71.6573 3.93425 0.146347
38.8518 -71.933 3.93723 0.261903
38.6908 -71.6939 3.93289 0.139644
38.7191 -71.8433 3.94238 0.0089314
38.7666 -72.0605 3.93763 0.0179513
38.785 -71.9086 3.92751 0.0182043
38.8518 -71.933 3.93723 0.261903
38.8518 -71.933 3.93723 0.261903
38.8518 -71.933 3.93723 0.261903
38.785 -71.9086 3.92751 0.0182043
38.8161 -71.6573 3.93425 0.146347
38.6908 -71.6939 3.93289 0.139644
39.0144 -71.7992 3.93853 0.131051
38.8732 -71.9845 3.93964 0.0779011
38.8518 -71.933 3.93723 0.261903
38.6573 -71.8947 3.93603 0.0921026
39.0144 -71.7992 3.93853 0.131051
38.8161 -71.6573 3.93425 0.146347
38.6908 -71.6939 3.93289 0.139644
38.8161 -71.6573 3.93425 0.146347
38.8161 -71.6573 3.93425 0.146347
38.8518 -71.933 3.93723 0.261903
38.8518 -71.933 3.93723 0.261903
38.785 -71.9086 3.92751 0.0182043
38.6832 -71.7417 3.92573 0.0114873
38.8161 -71.6573 3.93425 0.146347
38.8518 -71.933 3.93723 0.261903
38.6908 -71.6939 3.93289 0.139644
38.7649 -71.7832 3.94345 0.00765282
39.0144 -71.7992 3.93853 0.131051
38.8518 -71.933 3.93723 0.261903
38.8518 -71.933 3.93723 0.261903
38.6908 -71.6939 3.93289 0.139644
38.6573 -71.8947 3.93603 0.0921026
38.6832 -71.7417 3.92573 0.0114873
38.8161 -71.6573 3.93425 0.146347
38.8161 -71.6573 3.93425 0.146347
38.8518 -71.933 3.93723 0.261903
39.0144 -71.7992 3.93853 0.131051
39.0144 -71.7992 3.93853 0.131051
38.8161 -71.6573 3.93425 0.146347
38.6908 -71.6939 3.93289 0.139644
38.785 -71.9086 3.92751 0.0182043
38.8732 -71.9845 3.93964 0.0779011
38.8518 -71.933 3.93723 0.261903
38.8518 -71.933 3.93723 0.261903
38.6573 -71.8947 3.93603 0.0921026
38.5257 -71.786 3.93132 0.0196826
38.785 -71.9086 3.92751 0.0182043
39.0144 -71.7992 3.93853 0.131051
38.8092 -72.0659 3.93908 0.0140714
38.6908 -71.6939 3.93289 0.139644
38.6573 -71.8947 3.93603 0.0921026
38.6915 -71.7066 3.94028 0.013033
38.8161 -71.6573 3.93425 0.146347
38.7191 -71.8433 3.94238 0.0089314
38.6573 -71.8947 3.93603 0.0921026
38.8732 -71.9845 3.93964 0.0779011
38.8518 -71.933 3.93723 0.261903
38.6908 -71.6939 3.93289 0.139644
38.6908 -71.6939 3.93289 0.139644
38.6908 -71.6939 3.93289 0.139644
39.0144 -71.7992 3.93853 0.131051
