7.62261 -93.8732 3.41356 0.139911
7.62261 -93.8732 3.41356 0.139911
7.90347 -93.5849 3.42656 0.124338
7.90347 -93.5849 3.42656 0.124338
7.61518 -93.4836 3.42662 0.0478786
7.59136 -93.5206 3.4208 0.102302
7.59136 -93.5206 3.4208 0.102302
7.56406 -93.4861 3.42921 0.0127721
7.59913 -93.5095 3.408 0.00203173
7.90347 -93.5849 3.42656 0.124338
7.50244 -93.7916 3.4122 0.0764173
7.58011 -93.5589 3.4256 0.0610679
7.64899 -93.3434 3.42449 0.0224542
7.5345 -93.7071 3.41361 0.101848
7.62261 -93.8732 3.41356 0.139911
7.62261 -93.8732 3.41356 0.139911
8.01101 -93.5569 3.42524 0.062896
7.50244 -93.7916 3.4122 0.0764173
7.59136 -93.5206 3.4208 0.102302
7.5345 -93.7071 3.41361 0.101848
7.5345 -93.7071 3.41361 0.101848
7.62261 -93.8732 3.41356 0.139911
7.62261 -93.8732 3.41356 0.139911
7.90347 -93.5849 3.42656 0.124338
7.58011 -93.5589 3.4256 0.0610679
7.55188 -93.701 3.42548 0.0451751
7.90111 -93.2178 3.42899 0.00440825
7.56971 -93.6044 3.42661 0.0436317
7.56406 -93.4861 3.42921 0.0127721
7.90347 -93.5849 3.42656 0.124338
7.90347 -93.5849 3.42656 0.124338
7.90347 -93.5849 3.42656 0.124338
7.61518 -93.4836 3.42662 0.0478786
7.59136 -93.5206 3.4208 0.102302
7.5345 -93.7071 3.41361 0.101848
7.56971 -93.6044 3.42661 0.0436317
7.81714 -93.4759 3.43283 0.0180331
8.06256 -93.5729 3.42016 0.0224817
7.50244 -93.7916 3.4122 0.0764173
7.59136 -93.5206 3.4208 0.102302
7.5345 -93.7071 3.41361 0.101848
8.04147 -93.4562 3.43366 0.0075227
7.49252 -93.3972 3.4182 0.00957282
7.97484 -93.353 3.43518 0.00397435
8.01101 -93.5569 3.42524 0.062896
7.50244 -93.7916 3.4122 0.0764173
7.50244 -93.7916 3.4122 0.0764173
7.55188 -93.701 3.42548 0.0451751
7.59136 -93.5206 3.4208 0.102302
7.5345 -93.7071 3.41361 0.101848
7.62261 -93.8732 3.41356 0.139911
7.97484 -93.353 3.43518 0.00397435
8.01101 -93.5569 3.42524 0.062896
7.61518 -93.4836 3.42662 0.0478786
7.55188 -93.701 3.42548 0.0451751
7.82456 -93.7098 3.43387 0.00466918
7.5345 -93.7071 3.41361 0.101848
7.5345 -93.7071 3.41361 0.101848
7.79826 -93.2162 3.42189 0.00286651
7.90347 -93.5849 3.42656 0.124338
7.90347 -93.5849 3.42656 0.124338
8.01101 -93.5569 3.42524 0.062896
7.55188 -93.701 3.42548 0.0451751
7.90111 -93.2178 3.42899 0.00440825
7.5345 -93.7071 3.41361 0.101848
7.49252 -93.3972 3.4182 0.00957282
7.62261 -93.8732 3.41356 0.139911
7.62261 -93.8732 3.41356 0.139911
7.62261 -93.8732 3.41356 0.139911
7.90347 -93.5849 3.42656 0.124338
8.01101 -93.5569 3.42524 0.062896
7.64899 -93.3434 3.42449 0.0224542
7.5345 -93.7071 3.41361 0.101848
7.5345 -93.7071 3.41361 0.101848
7.5345 -93.7071 3.41361 0.101848
7.56971 -93.6044 3.42661 0.0436317
7.35747 -93.4964 3.42141 0.00472088
7.90347 -93.5849 3.42656 0.124338
8.01101 -93.5569 3.42524 0.062896
7.82456 -93.7098 3.43387 0.00466918
7.59136 -93.5206 3.4208 0.102302
7.31805 -93.6802 3.42329 0.00271659
7.62261 -93.8732 3.41356 0.139911
7.90347 -93.5849 3.42656 0.124338
8.01101 -93.5569 3.42524 0.062896
7.50244 -93.7916 3.4122 0.0764173
7.58011 -93.5589 3.4256 0.0610679
7.5345 -93.7071 3.41361 0.101848
7.75647 -93.3501 3.42981 0.0197831
7.90347 -93.5849 3.42656 0.124338
7.50244 -93.7916 3.4122 0.0764173
7.64899 -93.3434 3.42449 0.0224542
7.59136 -93.5206 3.4208 0.102302
7.59136 -93.5206 3.4208 0.102302
7.75647 -93.3501 3.42981 0.0197831
7.62261 -93.8732 3.41356 0.139911
7.90347 -93.5849 3.42656 0.124338
7.90347 -93.5849 3.42656 0.124338
7.50244 -93.7916 3.4122 0.0764173
7.61518 -93.4836 3.42662 0.0478786
