141.898 20.3194 0.0808217 0.10202
141.898 20.3194 0.0808217 0.10202
142.065 20.3995 0.0794449 0.17682
141.95 20.6246 0.0799673 0.106149
142.154 20.4951 0.0780202 0.114742
141.854 20.1168 0.0807343 0.00192762
142.021 20.3602 0.0764527 0.262352
142.154 20.4951 0.0780202 0.114742
142.154 20.4951 0.0780202 0.114742
142.021 20.3602 0.0764527 0.262352
142.021 20.3602 0.0764527 0.262352
142.065 20.3995 0.0794449 0.17682
141.95 20.6246 0.0799673 0.106149
142.154 20.4951 0.0780202 0.114742
141.898 20.3194 0.0808217 0.10202
142.021 20.3602 0.0764527 0.262352
142.065 20.3995 0.0794449 0.17682
142.065 20.3995 0.0794449 0.17682
142.154 20.4951 0.0780202 0.114742
141.948 20.2468 0.0831336 0.0177707
141.948 20.2468 0.0831336 0.0177707
141.898 20.3194 0.0808217 0.10202
141.83 20.6792 0.0767149 0.0423522
142.021 20.3602 0.0764527 0.262352
142.021 20.3602 0.0764527 0.262352
142.065 20.3995 0.0794449 0.17682
141.95 20.6246 0.0799673 0.106149
141.95 20.6246 0.0799673 0.106149
141.898 20.3194 0.0808217 0.10202
142.021 20.3602 0.0764527 0.262352
142.021 20.3602 0.0764527 0.262352
142.154 20.4951 0.0780202 0.114742
141.881 20.2455 0.0815535 0.0296823
141.898 20.3194 0.0808217 0.10202
142.065 20.3995 0.0794449 0.17682
142.065 20.3995 0.0794449 0.17682
142.154 20.4951 0.0780202 0.114742
141.898 20.3194 0.0808217 0.10202
142.021 20.3602 0.0764527 0.262352
142.065 20.3995 0.0794449 0.17682
141.884 20.2372 0.0834501 0.0136151
141.898 20.3194 0.0808217 0.10202
142.021 20.3602 0.0764527 0.262352
141.751 20.3434 0.0812856 0.0327044
142.065 20.3995 0.0794449 0.17682
142.065 20.3995 0.0794449 0.17682
141.95 20.6246 0.0799673 0.106149
141.898 20.3194 0.0808217 0.10202
142.065 20.3995 0.0794449 0.17682
142.065 20.3995 0.0794449 0.17682
141.95 20.6246 0.0799673 0.106149
141.948 20.2468 0.0831336 0.0177707
142.021 20.3602 0.0764527 0.262352
142.065 20.3995 0.0794449 0.17682
142.192 20.5255 0.0712642 0.0798736
142.154 20.4951 0.0780202 0.114742
141.83 20.6792 0.0767149 0.0423522
142.021 20.3602 0.0764527 0.262352
141.884 20.2372 0.0834501 0.0136151
141.898 20.3194 0.0808217 0.10202
141.83 20.6792 0.0767149 0.0423522
142.021 20.3602 0.0764527 0.262352
142.065 20.3995 0.0794449 0.17682
141.95 20.6246 0.0799673 0.106149
142.021 20.3602 0.0764527 0.262352
142.065 20.3995 0.0794449 0.17682
142.192 20.5255 0.0712642 0.0798736
141.898 20.3194 0.0808217 0.10202
141.66 20.6276 0.0820594 0.00268216
142.065 20.3995 0.0794449 0.17682
141.95 20.6246 0.0799673 0.106149
142.021 20.3602 0.0764527 0.262352
141.95 20.6246 0.0799673 0.106149
141.898 20.3194 0.0808217 0.10202
142.065 20.3995 0.0794449 0.17682
142.192 20.5255 0.0712642 0.0798736
142.154 20.4951 0.0780202 0.114742
142.021 20.3602 0.0764527 0.262352
142.021 20.3602 0.0764527 0.262352
142.065 20.3995 0.0794449 0.17682
141.898 20.3194 0.0808217 0.10202
141.751 20.3434 0.0812856 0.0327044
142.154 20.4951 0.0780202 0.114742
141.898 20.3194 0.0808217 0.10202
142.021 20.3602 0.0764527 0.262352
142.192 20.5255 0.0712642 0.0798736
142.154 20.4951 0.0780202 0.114742
142.154 20.4951 0.0780202 0.114742
142.154 20.4951 0.0780202 0.114742
141.881 20.2455 0.0815535 0.0296823
142.021 20.3602 0.0764527 0.262352
142.192 20.5255 0.0712642 0.0798736
141.881 20.2455 0.0815535 0.0296823
142.021 20.3602 0.0764527 0.262352
142.065 20.3995 0.0794449 0.17682
142.065 20.3995 0.0794449 0.17682
142.065 20.3995 0.0794449 0.17682
141.95 20.6246 0.0799673 0.106149
141.898 20.1435 0.073047 0.00117149
141.898 20.3194 0.0808217 0.10202
