207.981 -10.3254 3.0491 0.0135186
207.714 -9.96589 3.04733 0.026838
207.451 -10.1936 3.04275 0.080613
207.606 -10.1898 3.04107 0.208183
207.93 -10.2148 3.04652 0.0441733
207.682 -10.2726 3.03703 0.0341965
207.8 -10.0836 3.04286 0.0499096
207.613 -10.3599 3.03888 0.104999
207.647 -9.99282 3.04156 0.0278856
207.44 -10.0735 3.0447 0.0181011
207.748 -10.0471 3.04902 0.0551888
207.606 -10.1898 3.04107 0.208183
207.706 -10.3543 3.03771 0.0309609
207.981 -10.3254 3.0491 0.0135186
207.8 -10.0836 3.04286 0.0499096
207.397 -10.2715 3.04142 0.0578258
207.397 -10.2715 3.04142 0.0578258
207.451 -10.1936 3.04275 0.080613
207.606 -10.1898 3.04107 0.208183
207.647 -9.99282 3.04156 0.0278856
207.451 -10.1936 3.04275 0.080613
207.606 -10.1898 3.04107 0.208183
207.706 -10.3543 3.03771 0.0309609
207.714 -9.96589 3.04733 0.026838
207.763 -10.0724 3.04572 0.101909
207.748 -10.0471 3.04902 0.0551888
207.606 -10.1898 3.04107 0.208183
207.845 -10.4286 3.04094 0.00962592
207.763 -10.0724 3.04572 0.101909
207.748 -10.0471 3.04902 0.0551888
207.748 -10.0471 3.04902 0.0551888
207.606 -10.1898 3.04107 0.208183
207.706 -10.3543 3.03771 0.0309609
207.706 -10.3543 3.03771 0.0309609
207.397 -10.2715 3.04142 0.0578258
207.397 -10.2715 3.04142 0.0578258
207.613 -10.3599 3.03888 0.104999
207.606 -10.1898 3.04107 0.208183
207.763 -10.0724 3.04572 0.101909
207.522 -10.01 3.04553 0.0204766
207.522 -10.01 3.04553 0.0204766
207.613 -10.3599 3.03888 0.104999
207.855 -10.4146 3.04361 0.0211669
208.051 -10.1441 3.05342 0.00604799
207.748 -10.0471 3.04902 0.0551888
207.748 -10.0471 3.04902 0.0551888
207.606 -10.1898 3.04107 0.208183
207.606 -10.1898 3.04107 0.208183
207.855 -10.4146 3.04361 0.0211669
207.763 -10.0724 3.04572 0.101909
207.44 -10.0735 3.0447 0.0181011
207.606 -10.1898 3.04107 0.208183
207.606 -10.1898 3.04107 0.208183
208.007 -10.1335 3.04492 0.00574919
207.714 -9.96589 3.04733 0.026838
207.873 -10.0856 3.04268 0.017675
207.613 -10.3599 3.03888 0.104999
207.845 -10.4286 3.04094 0.00962592
207.855 -10.4146 3.04361 0.0211669
207.647 -9.99282 3.04156 0.0278856
207.763 -10.0724 3.04572 0.101909
207.8 -10.0836 3.04286 0.0499096
207.748 -10.0471 3.04902 0.0551888
207.606 -10.1898 3.04107 0.208183
207.855 -10.4146 3.04361 0.0211669
207.763 -10.0724 3.04572 0.101909
207.748 -10.0471 3.04902 0.0551888
207.606 -10.1898 3.04107 0.208183
207.606 -10.1898 3.04107 0.208183
207.647 -9.99282 3.04156 0.0278856
207.763 -10.0724 3.04572 0.101909
207.748 -10.0471 3.04902 0.0551888
207.702 -10.0297 3.0532 0.00445276
207.981 -10.3254 3.0491 0.0135186
207.763 -10.0724 3.04572 0.101909
207.368 -9.96239 3.04172 0.00251953
207.606 -10.1898 3.04107 0.208183
207.682 -10.2726 3.03703 0.0341965
207.763 -10.0724 3.04572 0.101909
207.613 -10.3599 3.03888 0.104999
207.606 -10.1898 3.04107 0.208183
207.606 -10.1898 3.04107 0.208183
207.606 -10.1898 3.04107 0.208183
207.763 -10.0724 3.04572 0.101909
207.613 -10.3599 3.03888 0.104999
207.855 -10.4146 3.04361 0.0211669
207.647 -9.99282 3.04156 0.0278856
207.763 -10.0724 3.04572 0.101909
207.397 -10.2715 3.04142 0.0578258
207.606 -10.1898 3.04107 0.208183
207.981 -10.3254 3.0491 0.0135186
207.682 -10.2726 3.03703 0.0341965
207.763 -10.0724 3.04572 0.101909
207.613 -10.3599 3.03888 0.104999
207.582 -10.1549 3.03398 0.00669842
207.682 -10.2726 3.03703 0.0341965
207.763 -10.0724 3.04572 0.101909
207.397 -10.2715 3.04142 0.0578258
207.606 -10.1898 3.04107 0.208183
207.606 -10.1898 3.04107 0.208183
