278.157 0.719782 4.53971 0.114356
278.019 0.656607 4.53049 0.457156
278.157 0.719782 4.53971 0.114356
278.019 0.656607 4.53049 0.457156
278.207 0.509226 4.53433 0.0960657
277.577 0.432121 4.51717 0.019701
278.019 0.656607 4.53049 0.457156
277.847 0.61368 4.51908 0.160331
278.022 0.532537 4.52084 0.0945035
277.847 0.61368 4.51908 0.160331
278.019 0.656607 4.53049 0.457156
277.847 0.61368 4.51908 0.160331
278.157 0.719782 4.53971 0.114356
278.019 0.656607 4.53049 0.457156
278.157 0.719782 4.53971 0.114356
278.019 0.656607 4.53049 0.457156
278.022 0.532537 4.52084 0.0945035
278.019 0.656607 4.53049 0.457156
278.022 0.532537 4.52084 0.0945035
278.019 0.656607 4.53049 0.457156
278.157 0.719782 4.53971 0.114356
277.847 0.61368 4.51908 0.160331
278.019 0.656607 4.53049 0.457156
278.157 0.719782 4.53971 0.114356
278.207 0.509226 4.53433 0.0960657
278.157 0.719782 4.53971 0.114356
278.019 0.656607 4.53049 0.457156
278.022 0.532537 4.52084 0.0945035
278.022 0.532537 4.52084 0.0945035
278.019 0.656607 4.53049 0.457156
278.022 0.532537 4.52084 0.0945035
278.236 0.558837 4.52741 0.0194292
278.019 0.656607 4.53049 0.457156
278.207 0.509226 4.53433 0.0960657
278.019 0.656607 4.53049 0.457156
277.772 0.311754 4.51237 0.0104199
278.019 0.656607 4.53049 0.457156
278.207 0.509226 4.53433 0.0960657
278.207 0.509226 4.53433 0.0960657
278.019 0.656607 4.53049 0.457156
277.577 0.432121 4.51717 0.019701
278.019 0.656607 4.53049 0.457156
278.019 0.656607 4.53049 0.457156
278.019 0.656607 4.53049 0.457156
278.022 0.532537 4.52084 0.0945035
278.019 0.656607 4.53049 0.457156
277.847 0.61368 4.51908 0.160331
278.207 0.509226 4.53433 0.0960657
277.772 0.311754 4.51237 0.0104199
278.207 0.509226 4.53433 0.0960657
278.019 0.656607 4.53049 0.457156
277.847 0.61368 4.51908 0.160331
278.019 0.656607 4.53049 0.457156
278.019 0.656607 4.53049 0.457156
278.157 0.719782 4.53971 0.114356
278.019 0.656607 4.53049 0.457156
278.022 0.532537 4.52084 0.0945035
278.022 0.532537 4.52084 0.0945035
277.847 0.61368 4.51908 0.160331
278.022 0.532537 4.52084 0.0945035
278.019 0.656607 4.53049 0.457156
278.019 0.656607 4.53049 0.457156
277.847 0.61368 4.51908 0.160331
278.157 0.719782 4.53971 0.114356
278.019 0.656607 4.53049 0.457156
278.157 0.719782 4.53971 0.114356
277.847 0.61368 4.51908 0.160331
278.022 0.532537 4.52084 0.0945035
278.019 0.656607 4.53049 0.457156
277.847 0.61368 4.51908 0.160331
278.325 0.358354 4.53028 0.000790915
278.157 0.719782 4.53971 0.114356
278.207 0.509226 4.53433 0.0960657
277.847 0.61368 4.51908 0.160331
278.019 0.656607 4.53049 0.457156
278.019 0.656607 4.53049 0.457156
278.019 0.656607 4.53049 0.457156
278.019 0.656607 4.53049 0.457156
278.207 0.509226 4.53433 0.0960657
278.207 0.509226 4.53433 0.0960657
278.019 0.656607 4.53049 0.457156
278.022 0.532537 4.52084 0.0945035
278.019 0.656607 4.53049 0.457156
278.019 0.656607 4.53049 0.457156
277.577 0.432121 4.51717 0.019701
278.019 0.656607 4.53049 0.457156
278.022 0.532537 4.52084 0.0945035
278.157 0.719782 4.53971 0.114356
277.847 0.61368 4.51908 0.160331
278.207 0.509226 4.53433 0.0960657
278.207 0.509226 4.53433 0.0960657
278.019 0.656607 4.53049 0.457156
278.157 0.719782 4.53971 0.114356
277.847 0.61368 4.51908 0.160331
277.847 0.61368 4.51908 0.160331
278.019 0.656607 4.53049 0.457156
277.847 0.61368 4.51908 0.160331
278.022 0.532537 4.52084 0.0945035
277.577 0.432121 4.51717 0.019701
278.019 0.656607 4.53049 0.457156
