77.0006 -39.1577 3.70495 0.0540639
77.0691 -39.076 3.71136 0.0914312
77.0691 -39.076 3.71136 0.0914312
77.1155 -39.4922 3.70382 0.0379635
77.067 -39.1593 3.70999 0.165546
77.1964 -39.1076 3.70876 0.0969796
77.1707 -39.0762 3.71342 0.0387652
77.0006 -39.1577 3.70495 0.0540639
77.0006 -39.1577 3.70495 0.0540639
77.0006 -39.1577 3.70495 0.0540639
77.2669 -39.2334 3.7024 0.0217216
77.1161 -38.9487 3.71766 0.00278548
77.1964 -39.1076 3.70876 0.0969796
77.0006 -39.1577 3.70495 0.0540639
77.0691 -39.076 3.71136 0.0914312
77.2669 -39.2334 3.7024 0.0217216
77.067 -39.1593 3.70999 0.165546
77.067 -39.1593 3.70999 0.165546
77.3034 -39.3856 3.70285 0.0217441
77.0006 -39.1577 3.70495 0.0540639
77.0872 -39.236 3.71022 0.132929
77.067 -39.1593 3.70999 0.165546
77.067 -39.1593 3.70999 0.165546
76.9384 -39.1626 3.71016 0.0437391
77.0872 -39.236 3.71022 0.132929
77.2136 -39.1752 3.71217 0.0416359
77.286 -39.2281 3.70922 0.038331
77.0229 -39.2243 3.70488 0.125505
77.2983 -39.3218 3.70465 0.0374916
77.0691 -39.076 3.71136 0.0914312
77.067 -39.1593 3.70999 0.165546
76.9384 -39.1626 3.71016 0.0437391
77.1964 -39.1076 3.70876 0.0969796
77.0492 -38.9686 3.71236 0.0229789
77.0006 -39.1577 3.70495 0.0540639
77.0006 -39.1577 3.70495 0.0540639
77.2136 -39.1752 3.71217 0.0416359
77.067 -39.1593 3.70999 0.165546
77.0229 -39.2243 3.70488 0.125505
77.0006 -39.1577 3.70495 0.0540639
77.0006 -39.1577 3.70495 0.0540639
77.0691 -39.076 3.71136 0.0914312
77.067 -39.1593 3.70999 0.165546
77.0229 -39.2243 3.70488 0.125505
76.9384 -39.1626 3.71016 0.0437391
77.1964 -39.1076 3.70876 0.0969796
77.0872 -39.236 3.71022 0.132929
77.0691 -39.076 3.71136 0.0914312
77.067 -39.1593 3.70999 0.165546
77.0229 -39.2243 3.70488 0.125505
77.1707 -39.0762 3.71342 0.0387652
77.2983 -39.3218 3.70465 0.0374916
77.0492 -38.9686 3.71236 0.0229789
77.0872 -39.236 3.71022 0.132929
77.2136 -39.1752 3.71217 0.0416359
77.067 -39.1593 3.70999 0.165546
77.1964 -39.1076 3.70876 0.0969796
77.1964 -39.1076 3.70876 0.0969796
77.0006 -39.1577 3.70495 0.0540639
77.0006 -39.1577 3.70495 0.0540639
77.1155 -39.4922 3.70382 0.0379635
77.1155 -39.4922 3.70382 0.0379635
77.067 -39.1593 3.70999 0.165546
77.067 -39.1593 3.70999 0.165546
77.3034 -39.3856 3.70285 0.0217441
77.1964 -39.1076 3.70876 0.0969796
77.0872 -39.236 3.71022 0.132929
77.0691 -39.076 3.71136 0.0914312
77.067 -39.1593 3.70999 0.165546
77.0229 -39.2243 3.70488 0.125505
77.3034 -39.3856 3.70285 0.0217441
77.0006 -39.1577 3.70495 0.0540639
77.0691 -39.076 3.71136 0.0914312
77.067 -39.1593 3.70999 0.165546
77.0229 -39.2243 3.70488 0.125505
77.1707 -39.0762 3.71342 0.0387652
77.0492 -38.9686 3.71236 0.0229789
77.0691 -39.076 3.71136 0.0914312
77.0691 -39.076 3.71136 0.0914312
77.067 -39.1593 3.70999 0.165546
77.3034 -39.3856 3.70285 0.0217441
77.0872 -39.236 3.71022 0.132929
77.0691 -39.076 3.71136 0.0914312
77.067 -39.1593 3.70999 0.165546
76.9384 -39.1626 3.71016 0.0437391
77.0006 -39.1577 3.70495 0.0540639
77.0691 -39.076 3.71136 0.0914312
77.1155 -39.4922 3.70382 0.0379635
77.067 -39.1593 3.70999 0.165546
77.067 -39.1593 3.70999 0.165546
77.0229 -39.2243 3.70488 0.125505
77.0229 -39.2243 3.70488 0.125505
77.2983 -39.3218 3.70465 0.0374916
77.0006 -39.1577 3.70495 0.0540639
77.0872 -39.236 3.71022 0.132929
77.0691 -39.076 3.71136 0.0914312
77.286 -39.2281 3.70922 0.038331
77.0229 -39.2243 3.70488 0.125505
76.9384 -39.1626 3.71016 0.0437391
77.2983 -39.3218 3.70465 0.0374916
