4.88661 5.29448 0.276233 0.00506227
4.6765 5.20532 0.287748 0.414134
4.84771 5.16737 0.287641 0.399316
4.84771 5.16737 0.287641 0.399316
4.6765 5.20532 0.287748 0.414134
4.9835 5.25092 0.276393 0.0142221
4.6765 5.20532 0.287748 0.414134
4.6765 5.20532 0.287748 0.414134
4.84771 5.16737 0.287641 0.399316
4.6765 5.20532 0.287748 0.414134
4.84771 5.16737 0.287641 0.399316
4.6765 5.20532 0.287748 0.414134
4.51616 5.06874 0.286071 0.0349772
4.84771 5.16737 0.287641 0.399316
4.80089 4.84724 0.285888 0.0324969
4.84771 5.16737 0.287641 0.399316
4.6765 5.20532 0.287748 0.414134
4.84771 5.16737 0.287641 0.399316
4.84771 5.16737 0.287641 0.399316
4.6765 5.20532 0.287748 0.414134
4.6765 5.20532 0.287748 0.414134
4.6765 5.20532 0.287748 0.414134
4.6765 5.20532 0.287748 0.414134
4.84771 5.16737 0.287641 0.399316
4.84771 5.16737 0.287641 0.399316
4.84771 5.16737 0.287641 0.399316
4.6765 5.20532 0.287748 0.414134
4.6765 5.20532 0.287748 0.414134
4.84771 5.16737 0.287641 0.399316
4.48823 5.05178 0.293701 0.00673585
4.81559 5.17456 0.275852 0.0110928
4.6765 5.20532 0.287748 0.414134
4.6765 5.20532 0.287748 0.414134
4.84771 5.16737 0.287641 0.399316
4.84771 5.16737 0.287641 0.399316
4.84771 5.16737 0.287641 0.399316
4.95329 5.05859 0.290643 0.0045259
4.6765 5.20532 0.287748 0.414134
4.6765 5.20532 0.287748 0.414134
4.84771 5.16737 0.287641 0.399316
4.84771 5.16737 0.287641 0.399316
4.6765 5.20532 0.287748 0.414134
4.84771 5.16737 0.287641 0.399316
4.84771 5.16737 0.287641 0.399316
4.84771 5.16737 0.287641 0.399316
4.84771 5.16737 0.287641 0.399316
4.6765 5.20532 0.287748 0.414134
4.6765 5.20532 0.287748 0.414134
4.86974 4.84525 0.282827 0.0301236
4.6765 5.20532 0.287748 0.414134
4.84771 5.16737 0.287641 0.399316
4.6765 5.20532 0.287748 0.414134
4.6765 5.20532 0.287748 0.414134
4.51616 5.06874 0.286071 0.0349772
4.6765 5.20532 0.287748 0.414134
4.84771 5.16737 0.287641 0.399316
4.6765 5.20532 0.287748 0.414134
4.84771 5.16737 0.287641 0.399316
4.6765 5.20532 0.287748 0.414134
4.6765 5.20532 0.287748 0.414134
4.6765 5.20532 0.287748 0.414134
4.6765 5.20532 0.287748 0.414134
4.84771 5.16737 0.287641 0.399316
4.6765 5.20532 0.287748 0.414134
4.84771 5.16737 0.287641 0.399316
4.81559 5.17456 0.275852 0.0110928
4.6765 5.20532 0.287748 0.414134
4.84771 5.16737 0.287641 0.399316
4.86974 4.84525 0.282827 0.0301236
4.84771 5.16737 0.287641 0.399316
4.84771 5.16737 0.287641 0.399316
4.6765 5.20532 0.287748 0.414134
4.84771 5.16737 0.287641 0.399316
4.6765 5.20532 0.287748 0.414134
4.84771 5.16737 0.287641 0.399316
4.84771 5.16737 0.287641 0.399316
4.51616 5.06874 0.286071 0.0349772
4.84771 5.16737 0.287641 0.399316
4.6765 5.20532 0.287748 0.414134
4.80089 4.84724 0.285888 0.0324969
4.6765 5.20532 0.287748 0.414134
4.9835 5.25092 0.276393 0.0142221
4.84771 5.16737 0.287641 0.399316
4.84771 5.16737 0.287641 0.399316
4.6765 5.20532 0.287748 0.414134
4.84771 5.16737 0.287641 0.399316
4.6765 5.20532 0.287748 0.414134
4.6765 5.20532 0.287748 0.414134
4.84771 5.16737 0.287641 0.399316
4.81559 5.17456 0.275852 0.0110928
4.6765 5.20532 0.287748 0.414134
4.84771 5.16737 0.287641 0.399316
4.6765 5.20532 0.287748 0.414134
4.6765 5.20532 0.287748 0.414134
4.6765 5.20532 0.287748 0.414134
4.84771 5.16737 0.287641 0.399316
4.6765 5.20532 0.287748 0.414134
4.84771 5.16737 0.287641 0.399316
4.84771 5.16737 0.287641 0.399316
4.6765 5.20532 0.287748 0.414134
