104.234 18.748 0.0668063 0.280567
104.349 18.9458 0.0639434 0.145694
104.192 18.6197 0.0689283 0.100942
104.171 19.028 0.0636262 0.0162446
104.234 18.748 0.0668063 0.280567
104.349 18.9458 0.0639434 0.145694
104.5 18.7675 0.0640813 0.125824
104.142 18.8568 0.0695963 0.129533
104.305 18.6896 0.0593546 0.0125999
104.349 18.9458 0.0639434 0.145694
104.192 18.6197 0.0689283 0.100942
104.234 18.748 0.0668063 0.280567
103.995 18.8636 0.0619816 0.000980643
104.079 18.9363 0.0628812 0.00753627
104.142 18.8568 0.0695963 0.129533
104.5 18.7675 0.0640813 0.125824
104.234 18.748 0.0668063 0.280567
104.234 18.748 0.0668063 0.280567
104.192 18.6197 0.0689283 0.100942
104.41 18.584 0.0644222 0.0472473
104.234 18.748 0.0668063 0.280567
104.349 18.9458 0.0639434 0.145694
104.532 18.7561 0.060593 0.032153
104.5 18.7675 0.0640813 0.125824
104.234 18.748 0.0668063 0.280567
104.192 18.6197 0.0689283 0.100942
104.234 18.748 0.0668063 0.280567
104.532 18.7561 0.060593 0.032153
104.234 18.748 0.0668063 0.280567
104.142 18.8568 0.0695963 0.129533
104.142 18.8568 0.0695963 0.129533
104.5 18.7675 0.0640813 0.125824
104.41 18.584 0.0644222 0.0472473
104.142 18.8568 0.0695963 0.129533
104.192 18.6197 0.0689283 0.100942
104.532 18.7561 0.060593 0.032153
104.5 18.7675 0.0640813 0.125824
104.5 18.7675 0.0640813 0.125824
104.234 18.748 0.0668063 0.280567
104.142 18.8568 0.0695963 0.129533
104.142 18.8568 0.0695963 0.129533
104.349 18.9458 0.0639434 0.145694
104.307 18.4997 0.0672633 0.0224368
104.234 18.748 0.0668063 0.280567
104.192 18.6197 0.0689283 0.100942
104.234 18.748 0.0668063 0.280567
104.325 18.7773 0.058603 0.0155607
104.5 18.7675 0.0640813 0.125824
104.5 18.7675 0.0640813 0.125824
104.142 18.8568 0.0695963 0.129533
104.349 18.9458 0.0639434 0.145694
104.234 18.748 0.0668063 0.280567
104.142 18.8568 0.0695963 0.129533
104.349 18.9458 0.0639434 0.145694
104.5 18.7675 0.0640813 0.125824
104.234 18.748 0.0668063 0.280567
104.234 18.748 0.0668063 0.280567
104.349 18.9458 0.0639434 0.145694
104.121 19.1444 0.0715565 0.000917527
104.142 18.8568 0.0695963 0.129533
104.349 18.9458 0.0639434 0.145694
104.5 18.7675 0.0640813 0.125824
104.234 18.748 0.0668063 0.280567
104.142 18.8568 0.0695963 0.129533
104.349 18.9458 0.0639434 0.145694
104.234 18.748 0.0668063 0.280567
104.234 18.748 0.0668063 0.280567
104.09 18.9845 0.0661385 0.0175792
104.192 18.6197 0.0689283 0.100942
104.532 18.7561 0.060593 0.032153
104.5 18.7675 0.0640813 0.125824
104.5 18.7675 0.0640813 0.125824
104.234 18.748 0.0668063 0.280567
104.234 18.748 0.0668063 0.280567
104.234 18.748 0.0668063 0.280567
104.234 18.748 0.0668063 0.280567
104.192 18.6197 0.0689283 0.100942
104.234 18.748 0.0668063 0.280567
104.234 18.748 0.0668063 0.280567
104.234 18.748 0.0668063 0.280567
104.234 18.748 0.0668063 0.280567
104.349 18.9458 0.0639434 0.145694
104.234 18.748 0.0668063 0.280567
104.142 18.8568 0.0695963 0.129533
104.192 18.6197 0.0689283 0.100942
104.192 18.6197 0.0689283 0.100942
104.532 18.7561 0.060593 0.032153
104.234 18.748 0.0668063 0.280567
104.192 18.6197 0.0689283 0.100942
104.234 18.748 0.0668063 0.280567
104.349 18.9458 0.0639434 0.145694
104.5 18.7675 0.0640813 0.125824
104.628 19.1022 0.0666833 0.000878243
104.234 18.748 0.0668063 0.280567
104.142 18.8568 0.0695963 0.129533
104.229 18.4827 0.0718101 0.0125173
104.349 18.9458 0.0639434 0.145694
104.5 18.7675 0.0640813 0.125824
104.41 18.584 0.0644222 0.0472473
104.234 18.748 0.0668063 0.280567
