252.199 -18.811 3.17394 0.046377
252.245 -18.7843 3.17325 0.0943909
252.305 -18.5846 3.17613 0.0145017
252.299 -18.6771 3.16422 0.0464361
252.299 -18.6771 3.16422 0.0464361
252.368 -18.5461 3.17019 0.0548336
252.067 -18.5218 3.16561 0.155135
252.129 -18.5284 3.16197 0.0833671
251.933 -18.6011 3.16224 0.167223
252.383 -18.6196 3.1744 0.049893
252.199 -18.811 3.17394 0.046377
252.129 -18.5284 3.16197 0.0833671
251.933 -18.6011 3.16224 0.167223
252.368 -18.5461 3.17019 0.0548336
252.472 -18.6164 3.17067 0.0272759
252.199 -18.811 3.17394 0.046377
252.067 -18.5218 3.16561 0.155135
252.067 -18.5218 3.16561 0.155135
252.037 -18.4622 3.16707 0.0489563
251.933 -18.5226 3.15784 0.0459012
252.368 -18.5461 3.17019 0.0548336
252.25 -18.4204 3.16826 0.023882
252.067 -18.5218 3.16561 0.155135
252.067 -18.5218 3.16561 0.155135
252.129 -18.5284 3.16197 0.0833671
252.245 -18.7843 3.17325 0.0943909
252.402 -18.4962 3.16648 0.00904421
251.933 -18.6011 3.16224 0.167223
251.933 -18.6011 3.16224 0.167223
251.933 -18.6011 3.16224 0.167223
252.472 -18.6164 3.17067 0.0272759
252.472 -18.6164 3.17067 0.0272759
252.067 -18.5218 3.16561 0.155135
252.245 -18.7843 3.17325 0.0943909
251.933 -18.6011 3.16224 0.167223
252.299 -18.6771 3.16422 0.0464361
252.067 -18.5218 3.16561 0.155135
252.129 -18.5284 3.16197 0.0833671
252.037 -18.4622 3.16707 0.0489563
252.034 -18.5443 3.15757 0.023718
251.933 -18.6011 3.16224 0.167223
251.933 -18.5226 3.15784 0.0459012
252.368 -18.5461 3.17019 0.0548336
252.067 -18.5218 3.16561 0.155135
252.129 -18.5284 3.16197 0.0833671
252.245 -18.7843 3.17325 0.0943909
251.933 -18.6011 3.16224 0.167223
252.368 -18.5461 3.17019 0.0548336
252.067 -18.5218 3.16561 0.155135
252.129 -18.5284 3.16197 0.0833671
251.933 -18.6011 3.16224 0.167223
252.192 -18.3249 3.16406 0.0043724
252.25 -18.4204 3.16826 0.023882
252.067 -18.5218 3.16561 0.155135
252.245 -18.7843 3.17325 0.0943909
251.933 -18.6011 3.16224 0.167223
252.299 -18.6771 3.16422 0.0464361
252.192 -18.3249 3.16406 0.0043724
252.184 -18.41 3.1667 0.0291992
252.067 -18.5218 3.16561 0.155135
251.933 -18.6011 3.16224 0.167223
251.933 -18.6011 3.16224 0.167223
251.933 -18.5226 3.15784 0.0459012
251.933 -18.5226 3.15784 0.0459012
252.299 -18.6771 3.16422 0.0464361
252.184 -18.41 3.1667 0.0291992
252.067 -18.5218 3.16561 0.155135
252.245 -18.7843 3.17325 0.0943909
251.933 -18.6011 3.16224 0.167223
251.933 -18.6011 3.16224 0.167223
252.339 -18.9385 3.17355 0.0239587
252.067 -18.5218 3.16561 0.155135
252.129 -18.5284 3.16197 0.0833671
252.129 -18.5284 3.16197 0.0833671
252.037 -18.4622 3.16707 0.0489563
252.299 -18.6771 3.16422 0.0464361
252.339 -18.9385 3.17355 0.0239587
252.199 -18.811 3.17394 0.046377
252.245 -18.7843 3.17325 0.0943909
252.402 -18.4962 3.16648 0.00904421
252.402 -18.4962 3.16648 0.00904421
251.933 -18.5226 3.15784 0.0459012
252.25 -18.4204 3.16826 0.023882
252.129 -18.5284 3.16197 0.0833671
252.374 -19.0135 3.17752 0.00227042
251.933 -18.6011 3.16224 0.167223
251.933 -18.5226 3.15784 0.0459012
251.8 -18.7918 3.16398 0.0160884
252.067 -18.5218 3.16561 0.155135
252.129 -18.5284 3.16197 0.0833671
252.245 -18.7843 3.17325 0.0943909
251.933 -18.5226 3.15784 0.0459012
252.368 -18.5461 3.17019 0.0548336
252.199 -18.811 3.17394 0.046377
252.067 -18.5218 3.16561 0.155135
252.245 -18.7843 3.17325 0.0943909
251.933 -18.6011 3.16224 0.167223
251.933 -18.6011 3.16224 0.167223
252.368 -18.5461 3.17019 0.0548336
251.8 -18.7918 3.16398 0.0160884
