42.497 12.1903 0.154982 0.108446
42.497 12.1903 0.154982 0.108446
42.2739 12.3797 0.158822 0.0660642
42.3072 12.3577 0.159187 0.133769
42.389 12.4188 0.16413 0.0402156
42.2915 12.2217 0.155832 0.0300535
42.6366 12.3319 0.157306 0.0364426
42.2739 12.3797 0.158822 0.0660642
42.525 12.3328 0.159765 0.119491
42.525 12.3328 0.159765 0.119491
42.389 12.4188 0.16413 0.0402156
42.6366 12.3319 0.157306 0.0364426
42.6366 12.3319 0.157306 0.0364426
42.4113 12.1628 0.15854 0.141343
42.497 12.1903 0.154982 0.108446
42.497 12.1903 0.154982 0.108446
42.5909 12.182 0.149532 0.00394862
42.3072 12.3577 0.159187 0.133769
42.2102 12.3663 0.165979 0.0230486
42.389 12.4188 0.16413 0.0402156
42.2915 12.2217 0.155832 0.0300535
42.4113 12.1628 0.15854 0.141343
42.2739 12.3797 0.158822 0.0660642
42.525 12.3328 0.159765 0.119491
42.3072 12.3577 0.159187 0.133769
42.3072 12.3577 0.159187 0.133769
42.3457 12.1645 0.154622 0.0236082
42.4055 12.1865 0.156825 0.143864
42.4113 12.1628 0.15854 0.141343
42.2739 12.3797 0.158822 0.0660642
42.2739 12.3797 0.158822 0.0660642
42.3072 12.3577 0.159187 0.133769
42.6198 12.3473 0.153005 0.021517
42.6366 12.3319 0.157306 0.0364426
42.497 12.1903 0.154982 0.108446
42.525 12.3328 0.159765 0.119491
42.3072 12.3577 0.159187 0.133769
42.5169 12.1346 0.16179 0.0141653
42.389 12.4188 0.16413 0.0402156
42.4055 12.1865 0.156825 0.143864
42.4113 12.1628 0.15854 0.141343
42.4113 12.1628 0.15854 0.141343
42.497 12.1903 0.154982 0.108446
42.449 12.0729 0.152724 0.00729886
42.525 12.3328 0.159765 0.119491
42.525 12.3328 0.159765 0.119491
42.3072 12.3577 0.159187 0.133769
42.4055 12.1865 0.156825 0.143864
42.4113 12.1628 0.15854 0.141343
42.4113 12.1628 0.15854 0.141343
42.497 12.1903 0.154982 0.108446
42.525 12.3328 0.159765 0.119491
42.3072 12.3577 0.159187 0.133769
42.2102 12.3663 0.165979 0.0230486
42.4744 12.0678 0.155238 0.0234696
42.389 12.4188 0.16413 0.0402156
42.4055 12.1865 0.156825 0.143864
42.4113 12.1628 0.15854 0.141343
42.2739 12.3797 0.158822 0.0660642
42.525 12.3328 0.159765 0.119491
42.389 12.4188 0.16413 0.0402156
42.4055 12.1865 0.156825 0.143864
42.275 12.4987 0.157845 0.00643125
42.4113 12.1628 0.15854 0.141343
42.2739 12.3797 0.158822 0.0660642
42.525 12.3328 0.159765 0.119491
42.525 12.3328 0.159765 0.119491
42.3072 12.3577 0.159187 0.133769
42.2102 12.3663 0.165979 0.0230486
42.4055 12.1865 0.156825 0.143864
42.4113 12.1628 0.15854 0.141343
42.497 12.1903 0.154982 0.108446
42.2432 12.2291 0.165225 0.0266557
42.525 12.3328 0.159765 0.119491
42.6198 12.3473 0.153005 0.021517
42.3457 12.1645 0.154622 0.0236082
42.5219 12.1613 0.149331 0.00215108
42.4055 12.1865 0.156825 0.143864
42.497 12.1903 0.154982 0.108446
42.497 12.1903 0.154982 0.108446
42.525 12.3328 0.159765 0.119491
42.3072 12.3577 0.159187 0.133769
42.4055 12.1865 0.156825 0.143864
42.4055 12.1865 0.156825 0.143864
42.4055 12.1865 0.156825 0.143864
42.4113 12.1628 0.15854 0.141343
42.2739 12.3797 0.158822 0.0660642
42.525 12.3328 0.159765 0.119491
42.389 12.4188 0.16413 0.0402156
42.2915 12.2217 0.155832 0.0300535
42.4055 12.1865 0.156825 0.143864
42.497 12.1903 0.154982 0.108446
42.2432 12.2291 0.165225 0.0266557
42.525 12.3328 0.159765 0.119491
42.3072 12.3577 0.159187 0.133769
42.4055 12.1865 0.156825 0.143864
42.4113 12.1628 0.15854 0.141343
42.4113 12.1628 0.15854 0.141343
42.497 12.1903 0.154982 0.108446
42.525 12.3328 0.159765 0.119491
