134.823 20.9856 0.062485 0.00673896
134.877 20.8175 0.0607657 0.144262
134.863 20.5795 0.0518246 0.0733783
134.863 20.5795 0.0518246 0.0733783
135.026 20.8318 0.0548244 0.187219
134.877 20.8175 0.0607657 0.144262
134.677 20.7614 0.0579456 0.147573
134.825 20.782 0.0501823 0.145467
134.877 20.6386 0.0619227 0.134357
134.877 20.8175 0.0607657 0.144262
134.877 20.8175 0.0607657 0.144262
134.825 20.782 0.0501823 0.145467
134.825 20.782 0.0501823 0.145467
134.825 20.782 0.0501823 0.145467
134.836 20.6426 0.065792 0.0231122
134.618 20.7481 0.0492635 0.00601341
134.814 20.6111 0.0664605 0.0150192
134.877 20.8175 0.0607657 0.144262
134.825 20.782 0.0501823 0.145467
134.877 20.6386 0.0619227 0.134357
134.877 20.6386 0.0619227 0.134357
134.776 20.9797 0.0521091 0.0531828
134.677 20.7614 0.0579456 0.147573
134.863 20.5795 0.0518246 0.0733783
134.877 20.6386 0.0619227 0.134357
134.877 20.8175 0.0607657 0.144262
134.877 20.8175 0.0607657 0.144262
134.498 20.6947 0.0653907 0.00142426
134.825 20.782 0.0501823 0.145467
134.825 20.782 0.0501823 0.145467
134.863 20.5795 0.0518246 0.0733783
135.026 20.8318 0.0548244 0.187219
134.677 20.7614 0.0579456 0.147573
134.863 20.5795 0.0518246 0.0733783
135.026 20.8318 0.0548244 0.187219
134.877 20.8175 0.0607657 0.144262
134.877 20.8175 0.0607657 0.144262
134.877 20.8175 0.0607657 0.144262
134.825 20.782 0.0501823 0.145467
134.73 20.774 0.0672862 0.00475217
134.814 20.6111 0.0664605 0.0150192
134.776 20.9797 0.0521091 0.0531828
134.677 20.7614 0.0579456 0.147573
134.677 20.7614 0.0579456 0.147573
134.863 20.5795 0.0518246 0.0733783
135.026 20.8318 0.0548244 0.187219
134.877 20.8175 0.0607657 0.144262
134.825 20.782 0.0501823 0.145467
134.825 20.782 0.0501823 0.145467
135.026 20.8318 0.0548244 0.187219
134.877 20.8175 0.0607657 0.144262
134.677 20.7614 0.0579456 0.147573
134.863 20.5795 0.0518246 0.0733783
134.877 20.6386 0.0619227 0.134357
134.877 20.6386 0.0619227 0.134357
134.776 20.9797 0.0521091 0.0531828
134.877 20.8175 0.0607657 0.144262
134.677 20.7614 0.0579456 0.147573
134.677 20.7614 0.0579456 0.147573
134.825 20.782 0.0501823 0.145467
134.825 20.782 0.0501823 0.145467
134.877 20.6386 0.0619227 0.134357
134.877 20.6386 0.0619227 0.134357
134.776 20.9797 0.0521091 0.0531828
134.677 20.7614 0.0579456 0.147573
134.877 20.6386 0.0619227 0.134357
134.814 20.6111 0.0664605 0.0150192
134.877 20.8175 0.0607657 0.144262
134.677 20.7614 0.0579456 0.147573
134.677 20.7614 0.0579456 0.147573
134.825 20.782 0.0501823 0.145467
134.877 20.6386 0.0619227 0.134357
135.026 20.8318 0.0548244 0.187219
134.877 20.8175 0.0607657 0.144262
134.877 20.8175 0.0607657 0.144262
134.677 20.7614 0.0579456 0.147573
134.677 20.7614 0.0579456 0.147573
134.677 20.7614 0.0579456 0.147573
134.825 20.782 0.0501823 0.145467
134.877 20.6386 0.0619227 0.134357
134.877 20.6386 0.0619227 0.134357
135.026 20.8318 0.0548244 0.187219
134.677 20.7614 0.0579456 0.147573
134.677 20.7614 0.0579456 0.147573
134.863 20.5795 0.0518246 0.0733783
134.863 20.5795 0.0518246 0.0733783
134.877 20.6386 0.0619227 0.134357
134.877 20.8175 0.0607657 0.144262
134.825 20.782 0.0501823 0.145467
134.863 20.5795 0.0518246 0.0733783
134.531 20.541 0.0572895 0.00376545
134.73 20.774 0.0672862 0.00475217
134.776 20.9797 0.0521091 0.0531828
134.677 20.7614 0.0579456 0.147573
134.863 20.5795 0.0518246 0.0733783
135.026 20.8318 0.0548244 0.187219
135.026 20.8318 0.0548244 0.187219
134.776 20.9797 0.0521091 0.0531828
134.877 20.8175 0.0607657 0.144262
134.877 20.8175 0.0607657 0.144262
