279.384 0.238181 4.52827 0.174689
279.384 0.238181 4.52827 0.174689
279.455 0.0888012 4.53355 0.0445117
279.48 0.196873 4.51901 0.0603859
279.52 0.308756 4.53137 0.110146
279.52 0.308756 4.53137 0.110146
279.249 0.149387 4.51959 0.167645
279.249 0.149387 4.51959 0.167645
279.384 0.238181 4.52827 0.174689
279.384 0.238181 4.52827 0.174689
279.553 0.204483 4.52516 0.120926
279.496 0.291665 4.54091 0.00633918
279.52 0.308756 4.53137 0.110146
279.249 0.149387 4.51959 0.167645
279.384 0.238181 4.52827 0.174689
279.553 0.204483 4.52516 0.120926
279.704 0.233698 4.5328 0.0367927
279.781 0.310215 4.53348 0.00802526
279.271 0.240533 4.52387 0.118124
279.52 0.308756 4.53137 0.110146
279.384 0.238181 4.52827 0.174689
279.553 0.204483 4.52516 0.120926
279.704 0.233698 4.5328 0.0367927
279.612 0.118915 4.52438 0.0465775
279.48 0.196873 4.51901 0.0603859
279.249 0.149387 4.51959 0.167645
279.384 0.238181 4.52827 0.174689
279.704 0.233698 4.5328 0.0367927
279.365 -0.060165 4.51095 0.00801564
279.52 0.308756 4.53137 0.110146
279.384 0.238181 4.52827 0.174689
279.455 0.0888012 4.53355 0.0445117
279.48 0.196873 4.51901 0.0603859
279.52 0.308756 4.53137 0.110146
279.249 0.149387 4.51959 0.167645
279.384 0.238181 4.52827 0.174689
279.384 0.238181 4.52827 0.174689
279.553 0.204483 4.52516 0.120926
279.271 0.240533 4.52387 0.118124
279.271 0.240533 4.52387 0.118124
279.52 0.308756 4.53137 0.110146
279.384 0.238181 4.52827 0.174689
279.553 0.204483 4.52516 0.120926
279.282 0.422776 4.52606 0.0100685
279.52 0.308756 4.53137 0.110146
279.384 0.238181 4.52827 0.174689
279.553 0.204483 4.52516 0.120926
279.704 0.233698 4.5328 0.0367927
279.271 0.240533 4.52387 0.118124
279.249 0.149387 4.51959 0.167645
279.553 0.204483 4.52516 0.120926
279.496 0.291665 4.54091 0.00633918
279.48 0.196873 4.51901 0.0603859
279.52 0.308756 4.53137 0.110146
279.384 0.238181 4.52827 0.174689
279.384 0.238181 4.52827 0.174689
279.282 0.422776 4.52606 0.0100685
279.453 -0.033362 4.53281 0.00941425
279.384 0.238181 4.52827 0.174689
279.384 0.238181 4.52827 0.174689
279.704 0.233698 4.5328 0.0367927
279.271 0.240533 4.52387 0.118124
279.271 0.240533 4.52387 0.118124
279.249 0.149387 4.51959 0.167645
279.249 0.149387 4.51959 0.167645
279.553 0.204483 4.52516 0.120926
279.061 0.20106 4.52196 0.00636102
279.249 0.149387 4.51959 0.167645
279.249 0.149387 4.51959 0.167645
279.384 0.238181 4.52827 0.174689
279.384 0.238181 4.52827 0.174689
279.553 0.204483 4.52516 0.120926
279.456 0.34499 4.51941 0.0160693
279.52 0.308756 4.53137 0.110146
279.249 0.149387 4.51959 0.167645
279.13 0.353265 4.52013 0.00589663
279.704 0.233698 4.5328 0.0367927
279.612 0.118915 4.52438 0.0465775
279.48 0.196873 4.51901 0.0603859
279.249 0.149387 4.51959 0.167645
279.384 0.238181 4.52827 0.174689
279.553 0.204483 4.52516 0.120926
279.282 0.422776 4.52606 0.0100685
279.061 0.20106 4.52196 0.00636102
279.271 0.240533 4.52387 0.118124
279.271 0.240533 4.52387 0.118124
279.48 0.196873 4.51901 0.0603859
279.249 0.149387 4.51959 0.167645
279.384 0.238181 4.52827 0.174689
279.553 0.204483 4.52516 0.120926
279.455 0.0888012 4.53355 0.0445117
279.455 0.0888012 4.53355 0.0445117
279.271 0.240533 4.52387 0.118124
279.48 0.196873 4.51901 0.0603859
279.52 0.308756 4.53137 0.110146
279.249 0.149387 4.51959 0.167645
279.249 0.149387 4.51959 0.167645
279.249 0.149387 4.51959 0.167645
279.553 0.204483 4.52516 0.120926
279.612 0.118915 4.52438 0.0465775
