275.004 18.7947 5.36399 0.0581371
274.945 18.8469 5.36265 0.191331
274.806 19.0698 5.35985 0.0677853
274.89 18.969 5.36323 0.227878
274.82 19.0213 5.35995 0.136291
274.945 18.8469 5.36265 0.191331
274.89 18.969 5.36323 0.227878
274.753 19.047 5.35833 0.0362821
275.145 18.9573 5.35451 0.062719
274.945 18.8469 5.36265 0.191331
274.824 19.1366 5.36198 0.0314107
274.984 18.7275 5.36648 0.00619677
274.89 18.969 5.36323 0.227878
275.004 18.7947 5.36399 0.0581371
274.729 18.889 5.35949 0.0487344
274.82 19.0213 5.35995 0.136291
274.899 18.8629 5.37061 0.00676646
274.89 18.969 5.36323 0.227878
274.729 18.889 5.35949 0.0487344
274.634 18.8907 5.35994 0.00500551
274.82 19.0213 5.35995 0.136291
274.945 18.8469 5.36265 0.191331
274.824 19.1366 5.36198 0.0314107
275.004 18.7947 5.36399 0.0581371
274.945 18.8469 5.36265 0.191331
274.824 19.1366 5.36198 0.0314107
275.138 18.7094 5.36026 0.0102298
274.89 18.969 5.36323 0.227878
275.004 18.7947 5.36399 0.0581371
274.945 18.8469 5.36265 0.191331
274.945 18.8469 5.36265 0.191331
274.89 18.969 5.36323 0.227878
275.145 18.9573 5.35451 0.062719
274.945 18.8469 5.36265 0.191331
274.806 19.0698 5.35985 0.0677853
274.89 18.969 5.36323 0.227878
274.89 18.969 5.36323 0.227878
275.027 19.1826 5.36181 0.0180015
274.82 19.0213 5.35995 0.136291
274.945 18.8469 5.36265 0.191331
274.806 19.0698 5.35985 0.0677853
274.89 18.969 5.36323 0.227878
274.82 19.0213 5.35995 0.136291
274.806 19.0698 5.35985 0.0677853
274.89 18.969 5.36323 0.227878
275.027 19.1826 5.36181 0.0180015
275.004 18.7947 5.36399 0.0581371
274.82 19.0213 5.35995 0.136291
274.945 18.8469 5.36265 0.191331
274.945 18.8469 5.36265 0.191331
274.89 18.969 5.36323 0.227878
275.145 18.9573 5.35451 0.062719
275.145 18.9573 5.35451 0.062719
274.634 18.8907 5.35994 0.00500551
274.806 19.0698 5.35985 0.0677853
274.89 18.969 5.36323 0.227878
274.82 19.0213 5.35995 0.136291
274.945 18.8469 5.36265 0.191331
274.806 19.0698 5.35985 0.0677853
274.89 18.969 5.36323 0.227878
274.89 18.969 5.36323 0.227878
275.027 19.1826 5.36181 0.0180015
275.067 19.1252 5.36811 0.0107816
274.806 19.0698 5.35985 0.0677853
274.89 18.969 5.36323 0.227878
274.753 19.047 5.35833 0.0362821
274.82 19.0213 5.35995 0.136291
274.945 18.8469 5.36265 0.191331
274.89 18.969 5.36323 0.227878
275.145 18.9573 5.35451 0.062719
274.82 19.0213 5.35995 0.136291
275.123 18.6957 5.35834 0.0156949
275.004 18.7947 5.36399 0.0581371
275.004 18.7947 5.36399 0.0581371
274.753 19.047 5.35833 0.0362821
275.145 18.9573 5.35451 0.062719
274.945 18.8469 5.36265 0.191331
274.89 18.969 5.36323 0.227878
275.004 18.7947 5.36399 0.0581371
274.945 18.8469 5.36265 0.191331
274.89 18.969 5.36323 0.227878
274.82 19.0213 5.35995 0.136291
274.824 19.1366 5.36198 0.0314107
275.004 18.7947 5.36399 0.0581371
274.945 18.8469 5.36265 0.191331
274.89 18.969 5.36323 0.227878
274.89 18.969 5.36323 0.227878
274.89 18.969 5.36323 0.227878
274.729 18.889 5.35949 0.0487344
274.82 19.0213 5.35995 0.136291
274.945 18.8469 5.36265 0.191331
274.945 18.8469 5.36265 0.191331
274.781 18.6521 5.34916 0.00444104
275.027 19.1826 5.36181 0.0180015
274.945 18.8469 5.36265 0.191331
274.984 18.7275 5.36648 0.00619677
274.89 18.969 5.36323 0.227878
274.729 18.889 5.35949 0.0487344
274.729 18.889 5.35949 0.0487344
274.82 19.0213 5.35995 0.136291
