261.868 -17.1331 3.51383 0.0731602
261.7 -17.3254 3.51451 0.13141
262.002 -17.1968 3.52466 0.0118677
261.669 -17.1389 3.51596 0.128406
261.897 -17.3389 3.51238 0.0140576
261.641 -17.3728 3.51022 0.0460884
261.769 -17.2142 3.5107 0.0786799
261.868 -17.1331 3.51383 0.0731602
261.7 -17.3254 3.51451 0.13141
261.7 -17.3254 3.51451 0.13141
261.913 -17.0358 3.51807 0.034418
261.669 -17.1389 3.51596 0.128406
261.746 -17.0733 3.51671 0.0936402
261.641 -17.3728 3.51022 0.0460884
261.769 -17.2142 3.5107 0.0786799
261.868 -17.1331 3.51383 0.0731602
261.757 -17.0544 3.51016 0.0320694
261.7 -17.3254 3.51451 0.13141
261.669 -17.1389 3.51596 0.128406
261.669 -17.1389 3.51596 0.128406
261.746 -17.0733 3.51671 0.0936402
261.897 -17.3389 3.51238 0.0140576
261.641 -17.3728 3.51022 0.0460884
262.136 -17.3151 3.52381 0.00483734
261.777 -17.4548 3.51547 0.0199159
261.7 -17.3254 3.51451 0.13141
261.669 -17.1389 3.51596 0.128406
261.669 -17.1389 3.51596 0.128406
261.746 -17.0733 3.51671 0.0936402
261.912 -17.3183 3.51284 0.0171514
261.769 -17.2142 3.5107 0.0786799
261.7 -17.3254 3.51451 0.13141
261.669 -17.1389 3.51596 0.128406
261.746 -17.0733 3.51671 0.0936402
261.746 -17.0733 3.51671 0.0936402
261.912 -17.3183 3.51284 0.0171514
261.769 -17.2142 3.5107 0.0786799
261.769 -17.2142 3.5107 0.0786799
261.757 -17.0544 3.51016 0.0320694
261.7 -17.3254 3.51451 0.13141
261.804 -17.0135 3.51905 0.0250031
261.669 -17.1389 3.51596 0.128406
261.891 -17.0082 3.5181 0.0263037
261.79 -17.2914 3.50901 0.0149179
262.013 -17.1441 3.52116 0.0320827
262.013 -17.1441 3.52116 0.0320827
261.7 -17.3254 3.51451 0.13141
261.7 -17.3254 3.51451 0.13141
261.913 -17.0358 3.51807 0.034418
261.746 -17.0733 3.51671 0.0936402
261.902 -17.1772 3.52311 0.0230042
261.942 -17.1318 3.52199 0.0337288
261.769 -17.2142 3.5107 0.0786799
261.7 -17.3254 3.51451 0.13141
261.7 -17.3254 3.51451 0.13141
261.669 -17.1389 3.51596 0.128406
261.942 -17.1318 3.52199 0.0337288
262.028 -17.2819 3.51629 0.0137002
261.769 -17.2142 3.5107 0.0786799
261.769 -17.2142 3.5107 0.0786799
261.7 -17.3254 3.51451 0.13141
261.913 -17.0358 3.51807 0.034418
261.669 -17.1389 3.51596 0.128406
261.746 -17.0733 3.51671 0.0936402
261.942 -17.1318 3.52199 0.0337288
261.641 -17.3728 3.51022 0.0460884
261.769 -17.2142 3.5107 0.0786799
261.7 -17.3254 3.51451 0.13141
262.002 -17.1968 3.52466 0.0118677
262.002 -17.1968 3.52466 0.0118677
261.669 -17.1389 3.51596 0.128406
261.746 -17.0733 3.51671 0.0936402
261.942 -17.1318 3.52199 0.0337288
261.661 -17.3878 3.51588 0.0410198
261.868 -17.1331 3.51383 0.0731602
261.7 -17.3254 3.51451 0.13141
261.913 -17.0358 3.51807 0.034418
261.746 -17.0733 3.51671 0.0936402
261.891 -17.0082 3.5181 0.0263037
261.769 -17.2142 3.5107 0.0786799
262.022 -17.1207 3.51716 0.0188329
261.913 -17.0358 3.51807 0.034418
261.669 -17.1389 3.51596 0.128406
261.902 -17.1772 3.52311 0.0230042
261.661 -17.3878 3.51588 0.0410198
261.777 -17.4548 3.51547 0.0199159
261.7 -17.3254 3.51451 0.13141
261.913 -17.0358 3.51807 0.034418
261.669 -17.1389 3.51596 0.128406
261.746 -17.0733 3.51671 0.0936402
261.79 -17.2914 3.50901 0.0149179
261.769 -17.2142 3.5107 0.0786799
261.868 -17.1331 3.51383 0.0731602
261.923 -17.2722 3.52401 0.0139785
261.536 -17.3106 3.5175 0.00706805
261.669 -17.1389 3.51596 0.128406
261.746 -17.0733 3.51671 0.0936402
261.661 -17.3878 3.51588 0.0410198
261.868 -17.1331 3.51383 0.0731602
261.7 -17.3254 3.51451 0.13141
