278.152 9.49693 4.87087 0.361742
278.152 9.49693 4.87087 0.361742
278.162 9.65553 4.87042 0.168739
278.152 9.49693 4.87087 0.361742
277.935 9.57444 4.87487 0.0564286
278.152 9.49693 4.87087 0.361742
278.411 9.65675 4.88429 0.00857584
277.935 9.57444 4.87487 0.0564286
278.202 9.71896 4.87307 0.0801211
278.204 9.35047 4.8696 0.100081
278.204 9.35047 4.8696 0.100081
278.039 9.70301 4.87878 0.0528262
278.162 9.65553 4.87042 0.168739
277.921 9.53174 4.87871 0.0193348
278.152 9.49693 4.87087 0.361742
278.249 9.32854 4.86446 0.0342431
278.152 9.49693 4.87087 0.361742
278.249 9.32854 4.86446 0.0342431
278.162 9.65553 4.87042 0.168739
278.152 9.49693 4.87087 0.361742
278.202 9.71896 4.87307 0.0801211
278.152 9.49693 4.87087 0.361742
277.935 9.57444 4.87487 0.0564286
278.152 9.49693 4.87087 0.361742
278.152 9.49693 4.87087 0.361742
278.152 9.49693 4.87087 0.361742
278.204 9.35047 4.8696 0.100081
278.039 9.70301 4.87878 0.0528262
278.152 9.49693 4.87087 0.361742
278.152 9.49693 4.87087 0.361742
278.249 9.32854 4.86446 0.0342431
278.204 9.35047 4.8696 0.100081
278.152 9.49693 4.87087 0.361742
278.202 9.71896 4.87307 0.0801211
278.249 9.32854 4.86446 0.0342431
277.919 9.53879 4.87729 0.0268403
278.152 9.49693 4.87087 0.361742
278.152 9.49693 4.87087 0.361742
278.22 9.59898 4.88551 0.0407772
278.039 9.70301 4.87878 0.0528262
278.162 9.65553 4.87042 0.168739
277.921 9.53174 4.87871 0.0193348
277.921 9.53174 4.87871 0.0193348
278.152 9.49693 4.87087 0.361742
278.202 9.71896 4.87307 0.0801211
278.411 9.65675 4.88429 0.00857584
278.152 9.49693 4.87087 0.361742
277.935 9.57444 4.87487 0.0564286
278.202 9.71896 4.87307 0.0801211
278.162 9.65553 4.87042 0.168739
278.202 9.71896 4.87307 0.0801211
278.204 9.35047 4.8696 0.100081
278.152 9.49693 4.87087 0.361742
278.039 9.70301 4.87878 0.0528262
278.152 9.49693 4.87087 0.361742
278.152 9.49693 4.87087 0.361742
278.317 9.80729 4.88493 0.00569395
278.152 9.49693 4.87087 0.361742
278.152 9.49693 4.87087 0.361742
278.404 9.60587 4.87646 0.0222223
278.152 9.49693 4.87087 0.361742
278.202 9.71896 4.87307 0.0801211
278.152 9.49693 4.87087 0.361742
278.204 9.35047 4.8696 0.100081
278.039 9.70301 4.87878 0.0528262
278.152 9.49693 4.87087 0.361742
278.204 9.35047 4.8696 0.100081
277.927 9.59957 4.88559 0.00210111
278.152 9.49693 4.87087 0.361742
278.202 9.71896 4.87307 0.0801211
277.919 9.53879 4.87729 0.0268403
277.935 9.57444 4.87487 0.0564286
278.162 9.65553 4.87042 0.168739
278.152 9.49693 4.87087 0.361742
278.202 9.71896 4.87307 0.0801211
278.162 9.65553 4.87042 0.168739
277.921 9.53174 4.87871 0.0193348
278.152 9.49693 4.87087 0.361742
278.152 9.49693 4.87087 0.361742
278.162 9.65553 4.87042 0.168739
277.935 9.57444 4.87487 0.0564286
277.986 9.83187 4.88221 0.0021215
278.204 9.35047 4.8696 0.100081
278.204 9.35047 4.8696 0.100081
278.162 9.65553 4.87042 0.168739
278.152 9.49693 4.87087 0.361742
278.039 9.70301 4.87878 0.0528262
278.162 9.65553 4.87042 0.168739
278.162 9.65553 4.87042 0.168739
277.919 9.53879 4.87729 0.0268403
278.152 9.49693 4.87087 0.361742
278.152 9.49693 4.87087 0.361742
278.202 9.71896 4.87307 0.0801211
278.202 9.71896 4.87307 0.0801211
278.162 9.65553 4.87042 0.168739
278.152 9.49693 4.87087 0.361742
278.22 9.59898 4.88551 0.0407772
278.228 9.61914 4.89097 0.00540618
278.202 9.71896 4.87307 0.0801211
278.162 9.65553 4.87042 0.168739
