-25.2764 -12.2028 0.855409 0.5238
-25.4 -12.4654 0.861868 0.0180987
-25.1683 -12.1207 0.850979 0.294998
-25.2764 -12.2028 0.855409 0.5238
-25.2764 -12.2028 0.855409 0.5238
-25.2764 -12.2028 0.855409 0.5238
-25.275 -12.249 0.862154 0.0344772
-25.275 -12.249 0.862154 0.0344772
-25.275 -12.249 0.862154 0.0344772
-25.4 -12.4654 0.861868 0.0180987
-25.2764 -12.2028 0.855409 0.5238
-25.1683 -12.1207 0.850979 0.294998
-25.2764 -12.2028 0.855409 0.5238
-25.1683 -12.1207 0.850979 0.294998
-25.1683 -12.1207 0.850979 0.294998
-25.2764 -12.2028 0.855409 0.5238
-25.2764 -12.2028 0.855409 0.5238
-25.5896 -12.2249 0.855309 0.0207236
-25.2764 -12.2028 0.855409 0.5238
-25.2764 -12.2028 0.855409 0.5238
-25.2764 -12.2028 0.855409 0.5238
-25.1683 -12.1207 0.850979 0.294998
-25.1683 -12.1207 0.850979 0.294998
-25.2764 -12.2028 0.855409 0.5238
-25.1683 -12.1207 0.850979 0.294998
-25.2764 -12.2028 0.855409 0.5238
-25.1683 -12.1207 0.850979 0.294998
-25.2764 -12.2028 0.855409 0.5238
-25.2764 -12.2028 0.855409 0.5238
-25.3563 -12.5206 0.858582 0.0093386
-25.139 -12.4885 0.860824 0.00414847
-25.2764 -12.2028 0.855409 0.5238
-25.507 -12.3231 0.854759 0.0469061
-25.2764 -12.2028 0.855409 0.5238
-25.2764 -12.2028 0.855409 0.5238
-25.4 -12.4654 0.861868 0.0180987
-25.507 -12.3231 0.854759 0.0469061
-25.1683 -12.1207 0.850979 0.294998
-25.1683 -12.1207 0.850979 0.294998
-25.2764 -12.2028 0.855409 0.5238
-25.507 -12.3231 0.854759 0.0469061
-25.275 -12.249 0.862154 0.0344772
-25.2764 -12.2028 0.855409 0.5238
-25.2764 -12.2028 0.855409 0.5238
-25.1683 -12.1207 0.850979 0.294998
-25.2764 -12.2028 0.855409 0.5238
-25.2764 -12.2028 0.855409 0.5238
-25.2768 -12.3445 0.863532 0.0201762
-25.507 -12.3231 0.854759 0.0469061
-25.1683 -12.1207 0.850979 0.294998
-25.5896 -12.2249 0.855309 0.0207236
-25.2764 -12.2028 0.855409 0.5238
-25.2764 -12.2028 0.855409 0.5238
-25.507 -12.3231 0.854759 0.0469061
-25.1683 -12.1207 0.850979 0.294998
-25.2764 -12.2028 0.855409 0.5238
-25.2764 -12.2028 0.855409 0.5238
-25.2764 -12.2028 0.855409 0.5238
-25.2764 -12.2028 0.855409 0.5238
-25.1683 -12.1207 0.850979 0.294998
-25.2764 -12.2028 0.855409 0.5238
-25.2764 -12.2028 0.855409 0.5238
-25.5896 -12.2249 0.855309 0.0207236
-25.2764 -12.2028 0.855409 0.5238
-25.2764 -12.2028 0.855409 0.5238
-25.2764 -12.2028 0.855409 0.5238
-25.1749 -12.3878 0.864525 0.00410869
-25.2764 -12.2028 0.855409 0.5238
-25.2764 -12.2028 0.855409 0.5238
-25.2764 -12.2028 0.855409 0.5238
-25.2764 -12.2028 0.855409 0.5238
-25.2764 -12.2028 0.855409 0.5238
-25.2764 -12.2028 0.855409 0.5238
-25.2768 -12.3445 0.863532 0.0201762
-25.5896 -12.2249 0.855309 0.0207236
-25.2764 -12.2028 0.855409 0.5238
-25.2764 -12.2028 0.855409 0.5238
-25.2764 -12.2028 0.855409 0.5238
-25.1683 -12.1207 0.850979 0.294998
-25.507 -12.3231 0.854759 0.0469061
-25.2764 -12.2028 0.855409 0.5238
-25.2764 -12.2028 0.855409 0.5238
-25.2764 -12.2028 0.855409 0.5238
-25.507 -12.3231 0.854759 0.0469061
-25.2764 -12.2028 0.855409 0.5238
-25.5896 -12.2249 0.855309 0.0207236
-25.1683 -12.1207 0.850979 0.294998
-25.1683 -12.1207 0.850979 0.294998
-25.2764 -12.2028 0.855409 0.5238
-25.2764 -12.2028 0.855409 0.5238
-25.3563 -12.5206 0.858582 0.0093386
-25.1683 -12.1207 0.850979 0.294998
-25.275 -12.249 0.862154 0.0344772
-25.2764 -12.2028 0.855409 0.5238
-25.1683 -12.1207 0.850979 0.294998
-25.2764 -12.2028 0.855409 0.5238
-25.1683 -12.1207 0.850979 0.294998
-25.2764 -12.2028 0.855409 0.5238
-25.1749 -12.3878 0.864525 0.00410869
-25.2764 -12.2028 0.855409 0.5238
