193.885 25.5236 0.0745438 0.126129
193.544 25.5417 0.0735261 0.0115795
193.708 25.2218 0.0705192 0.15418
193.708 25.2218 0.0705192 0.15418
193.867 25.175 0.0672393 0.0780808
193.957 25.3544 0.0680447 0.238664
193.957 25.3544 0.0680447 0.238664
193.957 25.3544 0.0680447 0.238664
193.672 25.2285 0.0682543 0.0504894
194.008 25.3669 0.0676849 0.123696
193.708 25.2218 0.0705192 0.15418
193.867 25.175 0.0672393 0.0780808
193.867 25.175 0.0672393 0.0780808
193.957 25.3544 0.0680447 0.238664
193.957 25.3544 0.0680447 0.238664
193.821 25.2073 0.0650245 0.0384371
193.867 25.175 0.0672393 0.0780808
194.008 25.3669 0.0676849 0.123696
193.957 25.3544 0.0680447 0.238664
193.672 25.2285 0.0682543 0.0504894
193.885 25.5236 0.0745438 0.126129
193.957 25.3544 0.0680447 0.238664
193.957 25.3544 0.0680447 0.238664
193.957 25.3544 0.0680447 0.238664
193.708 25.2218 0.0705192 0.15418
193.855 25.2676 0.0794104 0.017281
194.008 25.3669 0.0676849 0.123696
193.957 25.3544 0.0680447 0.238664
193.708 25.2218 0.0705192 0.15418
193.867 25.175 0.0672393 0.0780808
193.957 25.3544 0.0680447 0.238664
193.957 25.3544 0.0680447 0.238664
193.684 25.354 0.0664826 0.0436288
193.885 25.5236 0.0745438 0.126129
193.708 25.2218 0.0705192 0.15418
194.077 25.3082 0.0706083 0.0355903
194.008 25.3669 0.0676849 0.123696
194.008 25.3669 0.0676849 0.123696
193.957 25.3544 0.0680447 0.238664
193.672 25.2285 0.0682543 0.0504894
193.885 25.5236 0.0745438 0.126129
193.957 25.3544 0.0680447 0.238664
193.708 25.2218 0.0705192 0.15418
193.821 25.2073 0.0650245 0.0384371
193.811 25.2511 0.0798587 0.0152329
194.008 25.3669 0.0676849 0.123696
193.708 25.2218 0.0705192 0.15418
193.867 25.175 0.0672393 0.0780808
194.008 25.3669 0.0676849 0.123696
193.885 25.5236 0.0745438 0.126129
193.957 25.3544 0.0680447 0.238664
193.672 25.2285 0.0682543 0.0504894
194.008 25.3669 0.0676849 0.123696
194.008 25.3669 0.0676849 0.123696
193.957 25.3544 0.0680447 0.238664
193.821 25.2073 0.0650245 0.0384371
193.867 25.175 0.0672393 0.0780808
194.008 25.3669 0.0676849 0.123696
193.957 25.3544 0.0680447 0.238664
193.708 25.2218 0.0705192 0.15418
193.708 25.2218 0.0705192 0.15418
193.684 25.354 0.0664826 0.0436288
194.008 25.3669 0.0676849 0.123696
193.957 25.3544 0.0680447 0.238664
193.811 25.2511 0.0798587 0.0152329
193.867 25.175 0.0672393 0.0780808
193.885 25.5236 0.0745438 0.126129
193.885 25.5236 0.0745438 0.126129
193.885 25.5236 0.0745438 0.126129
193.957 25.3544 0.0680447 0.238664
193.957 25.3544 0.0680447 0.238664
193.957 25.3544 0.0680447 0.238664
193.821 25.2073 0.0650245 0.0384371
193.885 25.5236 0.0745438 0.126129
193.885 25.5236 0.0745438 0.126129
193.708 25.2218 0.0705192 0.15418
193.811 25.2511 0.0798587 0.0152329
193.885 25.5236 0.0745438 0.126129
193.708 25.2218 0.0705192 0.15418
193.672 25.2285 0.0682543 0.0504894
193.957 25.3544 0.0680447 0.238664
193.957 25.3544 0.0680447 0.238664
193.708 25.2218 0.0705192 0.15418
193.684 25.354 0.0664826 0.0436288
193.672 25.2285 0.0682543 0.0504894
193.885 25.5236 0.0745438 0.126129
193.957 25.3544 0.0680447 0.238664
193.708 25.2218 0.0705192 0.15418
194.014 25.4378 0.0812804 0.000274484
194.008 25.3669 0.0676849 0.123696
193.957 25.3544 0.0680447 0.238664
193.708 25.2218 0.0705192 0.15418
193.867 25.175 0.0672393 0.0780808
193.957 25.3544 0.0680447 0.238664
193.684 25.354 0.0664826 0.0436288
194.008 25.3669 0.0676849 0.123696
194.008 25.3669 0.0676849 0.123696
194.008 25.3669 0.0676849 0.123696
193.957 25.3544 0.0680447 0.238664
193.957 25.3544 0.0680447 0.238664
