242.287 -16.7417 2.92536 0.261084
242.501 -16.6196 2.92393 0.172582
242.428 -16.8829 2.91907 0.216086
242.287 -16.7417 2.92536 0.261084
242.501 -16.6196 2.92393 0.172582
242.501 -16.6196 2.92393 0.172582
242.616 -16.6385 2.92237 0.0501323
242.287 -16.7417 2.92536 0.261084
242.501 -16.6196 2.92393 0.172582
242.239 -16.6972 2.91597 0.0907717
242.428 -16.8829 2.91907 0.216086
242.428 -16.8829 2.91907 0.216086
242.171 -16.6628 2.92353 0.0435669
242.287 -16.7417 2.92536 0.261084
242.287 -16.7417 2.92536 0.261084
242.501 -16.6196 2.92393 0.172582
242.428 -16.8829 2.91907 0.216086
242.171 -16.6628 2.92353 0.0435669
242.616 -16.6385 2.92237 0.0501323
242.616 -16.6385 2.92237 0.0501323
242.501 -16.6196 2.92393 0.172582
242.428 -16.8829 2.91907 0.216086
242.428 -16.8829 2.91907 0.216086
242.287 -16.7417 2.92536 0.261084
242.086 -16.7165 2.91909 0.0633005
242.287 -16.7417 2.92536 0.261084
242.501 -16.6196 2.92393 0.172582
242.239 -16.6972 2.91597 0.0907717
242.428 -16.8829 2.91907 0.216086
242.428 -16.8829 2.91907 0.216086
242.287 -16.7417 2.92536 0.261084
242.287 -16.7417 2.92536 0.261084
242.084 -16.976 2.92106 0.0296192
242.501 -16.6196 2.92393 0.172582
242.428 -16.8829 2.91907 0.216086
242.428 -16.8829 2.91907 0.216086
242.347 -16.5199 2.91836 0.0207644
242.501 -16.6196 2.92393 0.172582
242.239 -16.6972 2.91597 0.0907717
242.428 -16.8829 2.91907 0.216086
242.084 -16.976 2.92106 0.0296192
242.239 -16.6972 2.91597 0.0907717
242.171 -16.6628 2.92353 0.0435669
242.287 -16.7417 2.92536 0.261084
242.428 -16.8829 2.91907 0.216086
242.287 -16.7417 2.92536 0.261084
242.287 -16.7417 2.92536 0.261084
242.239 -16.6972 2.91597 0.0907717
242.428 -16.8829 2.91907 0.216086
242.616 -16.6385 2.92237 0.0501323
242.084 -16.976 2.92106 0.0296192
242.239 -16.6972 2.91597 0.0907717
242.428 -16.8829 2.91907 0.216086
242.287 -16.7417 2.92536 0.261084
242.287 -16.7417 2.92536 0.261084
242.501 -16.6196 2.92393 0.172582
242.239 -16.6972 2.91597 0.0907717
242.428 -16.8829 2.91907 0.216086
242.287 -16.7417 2.92536 0.261084
242.086 -16.7165 2.91909 0.0633005
242.309 -16.9272 2.93205 0.0122057
242.287 -16.7417 2.92536 0.261084
242.501 -16.6196 2.92393 0.172582
242.239 -16.6972 2.91597 0.0907717
242.239 -16.6972 2.91597 0.0907717
242.347 -16.5199 2.91836 0.0207644
242.501 -16.6196 2.92393 0.172582
242.428 -16.8829 2.91907 0.216086
242.347 -16.5199 2.91836 0.0207644
242.287 -16.7417 2.92536 0.261084
242.501 -16.6196 2.92393 0.172582
242.239 -16.6972 2.91597 0.0907717
242.616 -16.6385 2.92237 0.0501323
242.084 -16.976 2.92106 0.0296192
242.239 -16.6972 2.91597 0.0907717
242.287 -16.7417 2.92536 0.261084
242.239 -16.6972 2.91597 0.0907717
242.428 -16.8829 2.91907 0.216086
242.287 -16.7417 2.92536 0.261084
242.287 -16.7417 2.92536 0.261084
242.287 -16.7417 2.92536 0.261084
242.428 -16.8829 2.91907 0.216086
242.309 -16.9272 2.93205 0.0122057
242.287 -16.7417 2.92536 0.261084
242.239 -16.6972 2.91597 0.0907717
242.347 -16.5199 2.91836 0.0207644
242.287 -16.7417 2.92536 0.261084
242.287 -16.7417 2.92536 0.261084
242.501 -16.6196 2.92393 0.172582
242.428 -16.8829 2.91907 0.216086
242.287 -16.7417 2.92536 0.261084
242.501 -16.6196 2.92393 0.172582
242.428 -16.8829 2.91907 0.216086
242.287 -16.7417 2.92536 0.261084
242.239 -16.6972 2.91597 0.0907717
242.05 -16.655 2.91825 0.0247618
242.501 -16.6196 2.92393 0.172582
242.086 -16.7165 2.91909 0.0633005
242.428 -16.8829 2.91907 0.216086
242.287 -16.7417 2.92536 0.261084
