280.116 5.52735 4.75604 0.0706927
280.116 5.52735 4.75604 0.0706927
280.176 5.73235 4.75491 0.174032
280.176 5.73235 4.75491 0.174032
280.176 5.73235 4.75491 0.174032
280.176 5.73235 4.75491 0.174032
280.074 5.667 4.74598 0.0878793
280.012 5.50028 4.74225 0.0310777
280.012 5.50028 4.74225 0.0310777
279.99 5.61272 4.7585 0.071455
280.176 5.73235 4.75491 0.174032
280.294 5.3542 4.75323 0.000489896
280.144 5.6251 4.74955 0.116731
279.821 5.90381 4.75342 0.00361201
279.948 5.757 4.74829 0.0835819
279.99 5.61272 4.7585 0.071455
280.176 5.73235 4.75491 0.174032
280.176 5.73235 4.75491 0.174032
280.176 5.73235 4.75491 0.174032
280.144 5.6251 4.74955 0.116731
280.13 5.39419 4.74555 0.00674933
280.012 5.50028 4.74225 0.0310777
279.889 5.65533 4.75708 0.035167
279.99 5.61272 4.7585 0.071455
280.176 5.73235 4.75491 0.174032
280.237 5.77979 4.75349 0.0605028
280.237 5.77979 4.75349 0.0605028
279.948 5.757 4.74829 0.0835819
279.99 5.61272 4.7585 0.071455
280.176 5.73235 4.75491 0.174032
280.144 5.6251 4.74955 0.116731
280.237 5.77979 4.75349 0.0605028
280.116 5.52735 4.75604 0.0706927
280.176 5.73235 4.75491 0.174032
280.176 5.73235 4.75491 0.174032
280.074 5.667 4.74598 0.0878793
280.237 5.77979 4.75349 0.0605028
280.116 5.52735 4.75604 0.0706927
279.847 5.84157 4.75251 0.014676
280.176 5.73235 4.75491 0.174032
280.144 5.6251 4.74955 0.116731
280.012 5.50028 4.74225 0.0310777
279.948 5.757 4.74829 0.0835819
280.005 5.9662 4.76847 0.00235084
280.176 5.73235 4.75491 0.174032
279.978 5.55349 4.75503 0.0732187
280.301 5.68722 4.74898 0.00960147
279.948 5.757 4.74829 0.0835819
280.176 5.73235 4.75491 0.174032
280.176 5.73235 4.75491 0.174032
280.074 5.667 4.74598 0.0878793
280.012 5.50028 4.74225 0.0310777
280.107 5.85176 4.7481 0.0228155
280.369 5.85657 4.75644 0.00600314
280.074 5.667 4.74598 0.0878793
279.901 5.86281 4.75921 0.0154653
280.116 5.52735 4.75604 0.0706927
280.176 5.73235 4.75491 0.174032
280.176 5.73235 4.75491 0.174032
280.074 5.667 4.74598 0.0878793
280.074 5.667 4.74598 0.0878793
280.186 5.50082 4.75021 0.0335283
279.948 5.757 4.74829 0.0835819
280.116 5.52735 4.75604 0.0706927
280.176 5.73235 4.75491 0.174032
280.144 5.6251 4.74955 0.116731
279.916 5.70741 4.76582 0.00327588
279.847 5.84157 4.75251 0.014676
279.99 5.61272 4.7585 0.071455
279.99 5.61272 4.7585 0.071455
280.176 5.73235 4.75491 0.174032
279.978 5.55349 4.75503 0.0732187
279.978 5.55349 4.75503 0.0732187
280.074 5.667 4.74598 0.0878793
280.157 6.06398 4.75611 0.00150737
279.889 5.65533 4.75708 0.035167
280.176 5.73235 4.75491 0.174032
280.176 5.73235 4.75491 0.174032
279.978 5.55349 4.75503 0.0732187
280.237 5.77979 4.75349 0.0605028
279.948 5.757 4.74829 0.0835819
279.95 5.52864 4.76141 0.00551191
279.978 5.55349 4.75503 0.0732187
280.144 5.6251 4.74955 0.116731
280.074 5.667 4.74598 0.0878793
280.074 5.667 4.74598 0.0878793
280.074 5.667 4.74598 0.0878793
279.948 5.757 4.74829 0.0835819
279.948 5.757 4.74829 0.0835819
280.107 5.85176 4.7481 0.0228155
279.99 5.61272 4.7585 0.071455
280.144 5.6251 4.74955 0.116731
280.074 5.667 4.74598 0.0878793
280.186 5.50082 4.75021 0.0335283
279.948 5.757 4.74829 0.0835819
279.948 5.757 4.74829 0.0835819
279.889 5.65533 4.75708 0.035167
280.176 5.73235 4.75491 0.174032
280.144 5.6251 4.74955 0.116731
280.074 5.667 4.74598 0.0878793
