26.1899 9.49152 0.18829 0.105974
26.2027 9.46726 0.189555 0.0370113
25.798 9.60317 0.193184 0.0141035
25.9455 9.59444 0.185622 0.133313
26.226 9.43245 0.182915 0.366665
26.1899 9.49152 0.18829 0.105974
26.2558 9.46275 0.177362 0.0878227
26.3094 9.53272 0.182251 0.0855066
26.2558 9.46275 0.177362 0.0878227
26.226 9.43245 0.182915 0.366665
25.9455 9.59444 0.185622 0.133313
25.9455 9.59444 0.185622 0.133313
26.226 9.43245 0.182915 0.366665
26.3094 9.53272 0.182251 0.0855066
25.9455 9.59444 0.185622 0.133313
26.2558 9.46275 0.177362 0.0878227
26.1218 9.50824 0.18981 0.117425
25.9551 9.43588 0.196945 0.00194778
25.9455 9.59444 0.185622 0.133313
26.226 9.43245 0.182915 0.366665
26.226 9.43245 0.182915 0.366665
26.226 9.43245 0.182915 0.366665
25.9455 9.59444 0.185622 0.133313
26.2558 9.46275 0.177362 0.0878227
25.9262 9.72208 0.18553 0.0077145
26.226 9.43245 0.182915 0.366665
25.9455 9.59444 0.185622 0.133313
26.2558 9.46275 0.177362 0.0878227
26.3094 9.53272 0.182251 0.0855066
25.9381 9.4018 0.180764 0.0293422
26.1899 9.49152 0.18829 0.105974
26.226 9.43245 0.182915 0.366665
26.226 9.43245 0.182915 0.366665
26.2027 9.46726 0.189555 0.0370113
25.9455 9.59444 0.185622 0.133313
25.9455 9.59444 0.185622 0.133313
26.1218 9.50824 0.18981 0.117425
26.226 9.43245 0.182915 0.366665
25.9455 9.59444 0.185622 0.133313
26.226 9.43245 0.182915 0.366665
26.1218 9.50824 0.18981 0.117425
26.226 9.43245 0.182915 0.366665
26.3094 9.53272 0.182251 0.0855066
26.1218 9.50824 0.18981 0.117425
26.226 9.43245 0.182915 0.366665
26.1899 9.49152 0.18829 0.105974
26.2027 9.46726 0.189555 0.0370113
25.8787 9.18289 0.183531 0.0013445
26.3094 9.53272 0.182251 0.0855066
26.226 9.43245 0.182915 0.366665
25.9455 9.59444 0.185622 0.133313
26.1899 9.49152 0.18829 0.105974
26.226 9.43245 0.182915 0.366665
26.2027 9.46726 0.189555 0.0370113
26.226 9.43245 0.182915 0.366665
26.3094 9.53272 0.182251 0.0855066
26.226 9.43245 0.182915 0.366665
26.1899 9.49152 0.18829 0.105974
26.1899 9.49152 0.18829 0.105974
26.1218 9.50824 0.18981 0.117425
25.9455 9.59444 0.185622 0.133313
26.2558 9.46275 0.177362 0.0878227
26.226 9.43245 0.182915 0.366665
26.2027 9.46726 0.189555 0.0370113
26.226 9.43245 0.182915 0.366665
26.1218 9.50824 0.18981 0.117425
26.1899 9.49152 0.18829 0.105974
25.9455 9.59444 0.185622 0.133313
25.8421 9.38108 0.181311 0.00310039
26.226 9.43245 0.182915 0.366665
26.3094 9.53272 0.182251 0.0855066
26.3094 9.53272 0.182251 0.0855066
26.226 9.43245 0.182915 0.366665
26.1218 9.50824 0.18981 0.117425
26.226 9.43245 0.182915 0.366665
26.2558 9.46275 0.177362 0.0878227
26.1899 9.49152 0.18829 0.105974
26.3094 9.53272 0.182251 0.0855066
26.1218 9.50824 0.18981 0.117425
26.226 9.43245 0.182915 0.366665
26.1218 9.50824 0.18981 0.117425
26.226 9.43245 0.182915 0.366665
26.3094 9.53272 0.182251 0.0855066
25.798 9.60317 0.193184 0.0141035
26.226 9.43245 0.182915 0.366665
25.9455 9.59444 0.185622 0.133313
26.1218 9.50824 0.18981 0.117425
25.9455 9.59444 0.185622 0.133313
25.9455 9.59444 0.185622 0.133313
26.226 9.43245 0.182915 0.366665
26.1899 9.49152 0.18829 0.105974
26.3094 9.53272 0.182251 0.0855066
26.2558 9.46275 0.177362 0.0878227
26.1218 9.50824 0.18981 0.117425
26.226 9.43245 0.182915 0.366665
26.226 9.43245 0.182915 0.366665
25.9381 9.4018 0.180764 0.0293422
26.2558 9.46275 0.177362 0.0878227
26.3094 9.53272 0.182251 0.0855066
25.9455 9.59444 0.185622 0.133313
