86.2913 -33.6774 3.59387 0.224921
86.3943 -33.3962 3.59852 0.0225456
86.3397 -33.5657 3.59184 0.0754948
86.2913 -33.6774 3.59387 0.224921
86.3633 -33.731 3.59194 0.231657
86.356 -33.526 3.59787 0.10837
86.3397 -33.5657 3.59184 0.0754948
86.2913 -33.6774 3.59387 0.224921
86.3633 -33.731 3.59194 0.231657
86.3397 -33.5657 3.59184 0.0754948
86.3397 -33.5657 3.59184 0.0754948
86.2913 -33.6774 3.59387 0.224921
86.3336 -33.7024 3.59543 0.185038
86.356 -33.526 3.59787 0.10837
86.2913 -33.6774 3.59387 0.224921
86.3633 -33.731 3.59194 0.231657
86.3633 -33.731 3.59194 0.231657
86.3336 -33.7024 3.59543 0.185038
86.3336 -33.7024 3.59543 0.185038
86.3397 -33.5657 3.59184 0.0754948
86.3633 -33.731 3.59194 0.231657
86.294 -33.9099 3.59201 0.0253811
86.3336 -33.7024 3.59543 0.185038
86.356 -33.526 3.59787 0.10837
86.2913 -33.6774 3.59387 0.224921
86.3633 -33.731 3.59194 0.231657
86.3633 -33.731 3.59194 0.231657
86.3336 -33.7024 3.59543 0.185038
86.3336 -33.7024 3.59543 0.185038
86.356 -33.526 3.59787 0.10837
86.2913 -33.6774 3.59387 0.224921
86.2913 -33.6774 3.59387 0.224921
86.2913 -33.6774 3.59387 0.224921
86.3943 -33.3962 3.59852 0.0225456
86.3397 -33.5657 3.59184 0.0754948
86.2913 -33.6774 3.59387 0.224921
86.3633 -33.731 3.59194 0.231657
86.3336 -33.7024 3.59543 0.185038
86.3336 -33.7024 3.59543 0.185038
86.356 -33.526 3.59787 0.10837
86.2913 -33.6774 3.59387 0.224921
86.3633 -33.731 3.59194 0.231657
86.3397 -33.5657 3.59184 0.0754948
86.3096 -33.7865 3.58936 0.0823177
86.3633 -33.731 3.59194 0.231657
86.3397 -33.5657 3.59184 0.0754948
86.2913 -33.6774 3.59387 0.224921
86.3633 -33.731 3.59194 0.231657
86.3336 -33.7024 3.59543 0.185038
86.3397 -33.5657 3.59184 0.0754948
86.2913 -33.6774 3.59387 0.224921
86.294 -33.9099 3.59201 0.0253811
86.3336 -33.7024 3.59543 0.185038
86.3336 -33.7024 3.59543 0.185038
86.3096 -33.7865 3.58936 0.0823177
86.2913 -33.6774 3.59387 0.224921
86.3336 -33.7024 3.59543 0.185038
86.356 -33.526 3.59787 0.10837
86.3096 -33.7865 3.58936 0.0823177
86.2913 -33.6774 3.59387 0.224921
86.294 -33.9099 3.59201 0.0253811
86.3336 -33.7024 3.59543 0.185038
86.356 -33.526 3.59787 0.10837
86.356 -33.526 3.59787 0.10837
86.2913 -33.6774 3.59387 0.224921
86.3633 -33.731 3.59194 0.231657
86.3336 -33.7024 3.59543 0.185038
86.356 -33.526 3.59787 0.10837
86.3397 -33.5657 3.59184 0.0754948
86.3397 -33.5657 3.59184 0.0754948
86.2913 -33.6774 3.59387 0.224921
86.2913 -33.6774 3.59387 0.224921
86.3336 -33.7024 3.59543 0.185038
86.356 -33.526 3.59787 0.10837
86.3096 -33.7865 3.58936 0.0823177
86.2913 -33.6774 3.59387 0.224921
86.2913 -33.6774 3.59387 0.224921
86.3943 -33.3962 3.59852 0.0225456
86.3336 -33.7024 3.59543 0.185038
86.3336 -33.7024 3.59543 0.185038
86.1666 -33.7177 3.59768 0.00855341
86.3633 -33.731 3.59194 0.231657
86.3633 -33.731 3.59194 0.231657
86.3336 -33.7024 3.59543 0.185038
86.2229 -33.4412 3.60111 0.00717998
86.2913 -33.6774 3.59387 0.224921
86.2913 -33.6774 3.59387 0.224921
86.3633 -33.731 3.59194 0.231657
86.3336 -33.7024 3.59543 0.185038
86.356 -33.526 3.59787 0.10837
86.2229 -33.4412 3.60111 0.00717998
86.3633 -33.731 3.59194 0.231657
86.3633 -33.731 3.59194 0.231657
86.3336 -33.7024 3.59543 0.185038
86.3336 -33.7024 3.59543 0.185038
86.2913 -33.6774 3.59387 0.224921
86.2913 -33.6774 3.59387 0.224921
86.3633 -33.731 3.59194 0.231657
86.3336 -33.7024 3.59543 0.185038
86.2913 -33.6774 3.59387 0.224921
