18.3227 8.29549 0.203105 0.167566
18.2612 8.22398 0.20456 0.242683
18.4037 8.23889 0.201747 0.081751
17.9948 8.1498 0.206488 0.0482675
18.3227 8.29549 0.203105 0.167566
18.2612 8.22398 0.20456 0.242683
18.3474 8.30485 0.196946 0.0748135
18.2725 8.07766 0.203901 0.0623206
18.2612 8.22398 0.20456 0.242683
18.2612 8.22398 0.20456 0.242683
18.2612 8.22398 0.20456 0.242683
18.4403 8.19388 0.198503 0.0534607
18.2755 8.43083 0.202332 0.0487644
18.3227 8.29549 0.203105 0.167566
18.2612 8.22398 0.20456 0.242683
18.4037 8.23889 0.201747 0.081751
18.2725 8.07766 0.203901 0.0623206
18.0326 8.20633 0.203673 0.0821139
18.2612 8.22398 0.20456 0.242683
18.3474 8.30485 0.196946 0.0748135
18.3227 8.29549 0.203105 0.167566
18.2612 8.22398 0.20456 0.242683
18.4403 8.19388 0.198503 0.0534607
18.4037 8.23889 0.201747 0.081751
18.2912 8.09936 0.205089 0.0480781
18.3227 8.29549 0.203105 0.167566
18.3474 8.30485 0.196946 0.0748135
18.3474 8.30485 0.196946 0.0748135
18.0326 8.20633 0.203673 0.0821139
18.2612 8.22398 0.20456 0.242683
17.9948 8.1498 0.206488 0.0482675
18.2912 8.09936 0.205089 0.0480781
18.4403 8.19388 0.198503 0.0534607
18.4037 8.23889 0.201747 0.081751
18.2725 8.07766 0.203901 0.0623206
18.3227 8.29549 0.203105 0.167566
18.2612 8.22398 0.20456 0.242683
18.2612 8.22398 0.20456 0.242683
18.3474 8.30485 0.196946 0.0748135
17.9948 8.1498 0.206488 0.0482675
18.0326 8.20633 0.203673 0.0821139
18.4631 8.10476 0.198794 0.0137929
18.2612 8.22398 0.20456 0.242683
18.2612 8.22398 0.20456 0.242683
18.2612 8.22398 0.20456 0.242683
18.2725 8.07766 0.203901 0.0623206
18.3227 8.29549 0.203105 0.167566
18.4403 8.19388 0.198503 0.0534607
18.2755 8.43083 0.202332 0.0487644
18.2725 8.07766 0.203901 0.0623206
18.0326 8.20633 0.203673 0.0821139
18.2612 8.22398 0.20456 0.242683
18.2725 8.07766 0.203901 0.0623206
18.2612 8.22398 0.20456 0.242683
18.35 8.04088 0.206413 0.00246841
17.9948 8.1498 0.206488 0.0482675
18.3227 8.29549 0.203105 0.167566
18.2612 8.22398 0.20456 0.242683
18.2612 8.22398 0.20456 0.242683
18.3474 8.30485 0.196946 0.0748135
18.2725 8.07766 0.203901 0.0623206
18.2612 8.22398 0.20456 0.242683
18.4037 8.23889 0.201747 0.081751
18.3227 8.29549 0.203105 0.167566
18.4403 8.19388 0.198503 0.0534607
18.2725 8.07766 0.203901 0.0623206
18.2612 8.22398 0.20456 0.242683
18.4037 8.23889 0.201747 0.081751
18.3474 8.30485 0.196946 0.0748135
18.2912 8.09936 0.205089 0.0480781
18.3227 8.29549 0.203105 0.167566
18.2612 8.22398 0.20456 0.242683
18.2755 8.43083 0.202332 0.0487644
18.2912 8.09936 0.205089 0.0480781
18.3227 8.29549 0.203105 0.167566
18.4403 8.19388 0.198503 0.0534607
18.3474 8.30485 0.196946 0.0748135
18.1374 8.52347 0.202389 0.00333439
18.3227 8.29549 0.203105 0.167566
18.2612 8.22398 0.20456 0.242683
18.3474 8.30485 0.196946 0.0748135
18.2068 8.0605 0.195394 0.0010566
18.2612 8.22398 0.20456 0.242683
18.2612 8.22398 0.20456 0.242683
18.3474 8.30485 0.196946 0.0748135
18.2755 8.43083 0.202332 0.0487644
18.0326 8.20633 0.203673 0.0821139
18.2612 8.22398 0.20456 0.242683
18.4403 8.19388 0.198503 0.0534607
17.9948 8.1498 0.206488 0.0482675
18.4631 8.10476 0.198794 0.0137929
18.4037 8.23889 0.201747 0.081751
18.2912 8.09936 0.205089 0.0480781
18.2612 8.22398 0.20456 0.242683
18.1968 8.09236 0.199484 0.042514
18.0326 8.20633 0.203673 0.0821139
18.2612 8.22398 0.20456 0.242683
18.2612 8.22398 0.20456 0.242683
18.4403 8.19388 0.198503 0.0534607
18.1968 8.09236 0.199484 0.042514
