170.773 -10.6851 3.23355 0.301726
171.047 -10.5951 3.23699 0.0681854
170.773 -10.6851 3.23355 0.301726
170.773 -10.6851 3.23355 0.301726
170.904 -10.7942 3.23799 0.188651
170.693 -10.694 3.24024 0.0991278
170.773 -10.6851 3.23355 0.301726
170.904 -10.7942 3.23799 0.188651
170.693 -10.694 3.24024 0.0991278
170.773 -10.6851 3.23355 0.301726
170.778 -10.7771 3.23318 0.133027
170.773 -10.6851 3.23355 0.301726
170.904 -10.7942 3.23799 0.188651
170.778 -10.7771 3.23318 0.133027
170.778 -10.7771 3.23318 0.133027
170.76 -10.743 3.22825 0.0148304
171.068 -10.7648 3.23947 0.0518181
170.778 -10.7771 3.23318 0.133027
170.773 -10.6851 3.23355 0.301726
170.773 -10.6851 3.23355 0.301726
170.904 -10.7942 3.23799 0.188651
171.068 -10.7648 3.23947 0.0518181
171.047 -10.5951 3.23699 0.0681854
170.778 -10.7771 3.23318 0.133027
170.773 -10.6851 3.23355 0.301726
170.603 -10.9171 3.23111 0.00293264
170.748 -10.7032 3.22919 0.041221
170.748 -10.7032 3.22919 0.041221
170.773 -10.6851 3.23355 0.301726
170.904 -10.7942 3.23799 0.188651
170.904 -10.7942 3.23799 0.188651
170.778 -10.7771 3.23318 0.133027
170.693 -10.694 3.24024 0.0991278
170.904 -10.7942 3.23799 0.188651
170.778 -10.7771 3.23318 0.133027
170.693 -10.694 3.24024 0.0991278
170.904 -10.7942 3.23799 0.188651
170.778 -10.7771 3.23318 0.133027
170.773 -10.6851 3.23355 0.301726
170.778 -10.7771 3.23318 0.133027
170.693 -10.694 3.24024 0.0991278
171.068 -10.7648 3.23947 0.0518181
170.773 -10.6851 3.23355 0.301726
170.904 -10.7942 3.23799 0.188651
171.047 -10.5951 3.23699 0.0681854
170.773 -10.6851 3.23355 0.301726
170.904 -10.7942 3.23799 0.188651
170.537 -10.516 3.23756 0.00919372
171.047 -10.5951 3.23699 0.0681854
170.778 -10.7771 3.23318 0.133027
170.773 -10.6851 3.23355 0.301726
170.773 -10.6851 3.23355 0.301726
170.904 -10.7942 3.23799 0.188651
170.693 -10.694 3.24024 0.0991278
170.773 -10.6851 3.23355 0.301726
170.773 -10.6851 3.23355 0.301726
170.778 -10.7771 3.23318 0.133027
170.773 -10.6851 3.23355 0.301726
171.047 -10.5951 3.23699 0.0681854
170.773 -10.6851 3.23355 0.301726
170.904 -10.7942 3.23799 0.188651
170.693 -10.694 3.24024 0.0991278
170.904 -10.7942 3.23799 0.188651
170.693 -10.694 3.24024 0.0991278
170.693 -10.694 3.24024 0.0991278
170.773 -10.6851 3.23355 0.301726
170.904 -10.7942 3.23799 0.188651
170.773 -10.6851 3.23355 0.301726
170.773 -10.6851 3.23355 0.301726
170.904 -10.7942 3.23799 0.188651
170.778 -10.7771 3.23318 0.133027
170.773 -10.6851 3.23355 0.301726
170.904 -10.7942 3.23799 0.188651
170.778 -10.7771 3.23318 0.133027
170.778 -10.7771 3.23318 0.133027
170.748 -10.7032 3.22919 0.041221
170.773 -10.6851 3.23355 0.301726
170.904 -10.7942 3.23799 0.188651
171.047 -10.5951 3.23699 0.0681854
170.773 -10.6851 3.23355 0.301726
170.773 -10.6851 3.23355 0.301726
170.904 -10.7942 3.23799 0.188651
170.773 -10.6851 3.23355 0.301726
171.068 -10.7648 3.23947 0.0518181
170.778 -10.7771 3.23318 0.133027
170.693 -10.694 3.24024 0.0991278
170.795 -10.7698 3.22662 0.00211944
170.778 -10.7771 3.23318 0.133027
170.773 -10.6851 3.23355 0.301726
170.748 -10.7032 3.22919 0.041221
170.773 -10.6851 3.23355 0.301726
170.773 -10.6851 3.23355 0.301726
170.778 -10.7771 3.23318 0.133027
170.693 -10.694 3.24024 0.0991278
170.904 -10.7942 3.23799 0.188651
170.904 -10.7942 3.23799 0.188651
170.904 -10.7942 3.23799 0.188651
170.773 -10.6851 3.23355 0.301726
171.068 -10.7648 3.23947 0.0518181
170.778 -10.7771 3.23318 0.133027
