166.072 -10.8497 3.24987 0.202259
166.072 -10.8497 3.24987 0.202259
166.143 -10.8107 3.25222 0.269711
166.072 -10.8497 3.24987 0.202259
166.072 -10.8497 3.24987 0.202259
166.143 -10.8107 3.25222 0.269711
166.084 -10.7028 3.25184 0.104274
166.295 -10.8731 3.2594 0.0426946
166.292 -11.0093 3.2556 0.0762519
166.346 -10.7682 3.25597 0.0783071
166.143 -10.8107 3.25222 0.269711
166.072 -10.8497 3.24987 0.202259
166.072 -10.8497 3.24987 0.202259
166.143 -10.8107 3.25222 0.269711
166.072 -10.8497 3.24987 0.202259
166.346 -10.7682 3.25597 0.0783071
166.143 -10.8107 3.25222 0.269711
166.143 -10.8107 3.25222 0.269711
166.072 -10.8497 3.24987 0.202259
165.897 -10.8582 3.24876 0.023598
166.346 -10.7682 3.25597 0.0783071
166.254 -11.0125 3.25625 0.0720209
166.143 -10.8107 3.25222 0.269711
166.142 -11.0756 3.25078 0.0262747
165.914 -10.7791 3.24639 0.0309824
166.254 -11.0125 3.25625 0.0720209
166.084 -10.7028 3.25184 0.104274
166.33 -11.0774 3.25811 0.0174613
166.292 -11.0093 3.2556 0.0762519
166.254 -11.0125 3.25625 0.0720209
166.072 -10.8497 3.24987 0.202259
166.346 -10.7682 3.25597 0.0783071
165.923 -10.731 3.24159 0.00583035
166.084 -10.7028 3.25184 0.104274
166.072 -10.8497 3.24987 0.202259
166.143 -10.8107 3.25222 0.269711
166.072 -10.8497 3.24987 0.202259
166.143 -10.8107 3.25222 0.269711
166.072 -10.8497 3.24987 0.202259
166.254 -11.0125 3.25625 0.0720209
166.084 -10.7028 3.25184 0.104274
166.142 -11.0756 3.25078 0.0262747
166.072 -10.8497 3.24987 0.202259
166.346 -10.7682 3.25597 0.0783071
166.143 -10.8107 3.25222 0.269711
165.926 -11.0833 3.25084 0.00255895
166.143 -10.8107 3.25222 0.269711
165.995 -10.7103 3.25832 0.000825368
166.292 -11.0093 3.2556 0.0762519
166.143 -10.8107 3.25222 0.269711
166.143 -10.8107 3.25222 0.269711
165.914 -10.7791 3.24639 0.0309824
166.292 -11.0093 3.2556 0.0762519
166.143 -10.8107 3.25222 0.269711
166.143 -10.8107 3.25222 0.269711
166.084 -10.7028 3.25184 0.104274
166.295 -10.8731 3.2594 0.0426946
166.254 -11.0125 3.25625 0.0720209
166.33 -11.0774 3.25811 0.0174613
166.292 -11.0093 3.2556 0.0762519
166.143 -10.8107 3.25222 0.269711
166.084 -10.7028 3.25184 0.104274
166.292 -11.0093 3.2556 0.0762519
166.254 -11.0125 3.25625 0.0720209
166.072 -10.8497 3.24987 0.202259
166.295 -10.8731 3.2594 0.0426946
166.346 -10.7682 3.25597 0.0783071
166.143 -10.8107 3.25222 0.269711
166.072 -10.8497 3.24987 0.202259
166.292 -11.0093 3.2556 0.0762519
166.346 -10.7682 3.25597 0.0783071
166.084 -10.7028 3.25184 0.104274
166.346 -10.7682 3.25597 0.0783071
166.254 -11.0125 3.25625 0.0720209
166.143 -10.8107 3.25222 0.269711
166.072 -10.8497 3.24987 0.202259
166.203 -10.7778 3.24289 0.0065333
166.295 -10.8731 3.2594 0.0426946
166.52 -10.864 3.2549 0.00835099
166.254 -11.0125 3.25625 0.0720209
166.143 -10.8107 3.25222 0.269711
166.072 -10.8497 3.24987 0.202259
166.072 -10.8497 3.24987 0.202259
166.292 -11.0093 3.2556 0.0762519
166.084 -10.7028 3.25184 0.104274
166.072 -10.8497 3.24987 0.202259
166.143 -10.8107 3.25222 0.269711
166.084 -10.7028 3.25184 0.104274
166.072 -10.8497 3.24987 0.202259
166.143 -10.8107 3.25222 0.269711
166.143 -10.8107 3.25222 0.269711
166.072 -10.8497 3.24987 0.202259
166.143 -10.8107 3.25222 0.269711
166.072 -10.8497 3.24987 0.202259
166.295 -10.8731 3.2594 0.0426946
166.143 -10.8107 3.25222 0.269711
166.142 -11.0756 3.25078 0.0262747
165.897 -10.8582 3.24876 0.023598
165.891 -10.9662 3.24971 0.00894103
166.292 -11.0093 3.2556 0.0762519
