75.4708 16.6849 0.121613 0.124437
75.4828 16.5721 0.114623 0.0634422
75.5032 16.5707 0.123946 0.0530339
75.2564 16.673 0.124216 0.0394114
75.583 16.5878 0.114885 0.0440002
75.5892 16.756 0.116472 0.0683553
75.3316 16.429 0.122641 0.0230588
75.2665 16.7302 0.116465 0.0700008
75.4708 16.6849 0.121613 0.124437
75.5032 16.5707 0.123946 0.0530339
75.4212 16.5055 0.115761 0.048925
75.3677 16.722 0.110469 0.0218209
75.3263 16.8419 0.113877 0.0399931
75.2474 16.744 0.124656 0.0246012
75.2665 16.7302 0.116465 0.0700008
75.3611 16.7839 0.113461 0.0597529
75.5032 16.5707 0.123946 0.0530339
75.2564 16.673 0.124216 0.0394114
75.3735 16.7487 0.118522 0.144394
75.2138 16.5762 0.121454 0.0377868
75.4905 16.75 0.107889 0.00647914
75.5032 16.5707 0.123946 0.0530339
75.3263 16.8419 0.113877 0.0399931
75.3316 16.429 0.122641 0.0230588
75.4708 16.6849 0.121613 0.124437
75.5674 16.6688 0.111002 0.0204701
75.583 16.5878 0.114885 0.0440002
75.3735 16.7487 0.118522 0.144394
75.5166 16.8274 0.113322 0.0466975
75.2665 16.7302 0.116465 0.0700008
75.4828 16.5721 0.114623 0.0634422
75.5032 16.5707 0.123946 0.0530339
75.2126 16.657 0.128286 0.00519377
75.3263 16.8419 0.113877 0.0399931
75.3735 16.7487 0.118522 0.144394
75.2474 16.744 0.124656 0.0246012
75.2665 16.7302 0.116465 0.0700008
75.2665 16.7302 0.116465 0.0700008
75.4828 16.5721 0.114623 0.0634422
75.5032 16.5707 0.123946 0.0530339
75.3263 16.8419 0.113877 0.0399931
75.3316 16.429 0.122641 0.0230588
75.2665 16.7302 0.116465 0.0700008
75.2665 16.7302 0.116465 0.0700008
75.4708 16.6849 0.121613 0.124437
75.2564 16.673 0.124216 0.0394114
75.3735 16.7487 0.118522 0.144394
75.5166 16.8274 0.113322 0.0466975
75.6242 16.9564 0.115384 0.00773108
75.4708 16.6849 0.121613 0.124437
75.4212 16.5055 0.115761 0.048925
75.3735 16.7487 0.118522 0.144394
75.3316 16.429 0.122641 0.0230588
75.4708 16.6849 0.121613 0.124437
75.2564 16.673 0.124216 0.0394114
75.3735 16.7487 0.118522 0.144394
75.5892 16.756 0.116472 0.0683553
75.2474 16.744 0.124656 0.0246012
75.3611 16.7839 0.113461 0.0597529
75.5032 16.5707 0.123946 0.0530339
75.5674 16.6688 0.111002 0.0204701
75.3735 16.7487 0.118522 0.144394
75.5892 16.756 0.116472 0.0683553
75.2665 16.7302 0.116465 0.0700008
75.4708 16.6849 0.121613 0.124437
75.4708 16.6849 0.121613 0.124437
75.2564 16.673 0.124216 0.0394114
75.3677 16.722 0.110469 0.0218209
75.583 16.5878 0.114885 0.0440002
75.3735 16.7487 0.118522 0.144394
75.5166 16.8274 0.113322 0.0466975
75.2138 16.5762 0.121454 0.0377868
75.4708 16.6849 0.121613 0.124437
75.4708 16.6849 0.121613 0.124437
75.5032 16.5707 0.123946 0.0530339
75.3677 16.722 0.110469 0.0218209
75.3735 16.7487 0.118522 0.144394
75.3735 16.7487 0.118522 0.144394
75.5892 16.756 0.116472 0.0683553
75.2665 16.7302 0.116465 0.0700008
75.4708 16.6849 0.121613 0.124437
75.4828 16.5721 0.114623 0.0634422
75.4212 16.5055 0.115761 0.048925
75.3735 16.7487 0.118522 0.144394
75.3735 16.7487 0.118522 0.144394
75.2138 16.5762 0.121454 0.0377868
75.3611 16.7839 0.113461 0.0597529
75.4708 16.6849 0.121613 0.124437
75.4212 16.5055 0.115761 0.048925
75.583 16.5878 0.114885 0.0440002
75.3735 16.7487 0.118522 0.144394
75.5892 16.756 0.116472 0.0683553
75.2138 16.5762 0.121454 0.0377868
75.4708 16.6849 0.121613 0.124437
75.4828 16.5721 0.114623 0.0634422
75.4212 16.5055 0.115761 0.048925
75.3735 16.7487 0.118522 0.144394
75.5892 16.756 0.116472 0.0683553
75.2138 16.5762 0.121454 0.0377868
75.2439 16.4977 0.109992 0.00132989
