71.5584 -43.1392 3.7864 0.238668
71.5324 -43.2324 3.78752 0.104631
71.4998 -43.0388 3.78768 0.176645
71.5584 -43.1392 3.7864 0.238668
71.4612 -43.321 3.77954 0.0260467
71.5324 -43.2324 3.78752 0.104631
71.4409 -43.113 3.78361 0.105066
71.4998 -43.0388 3.78768 0.176645
71.405 -43.2844 3.78265 0.043249
71.5955 -43.1352 3.79167 0.0480866
71.4998 -43.0388 3.78768 0.176645
71.5584 -43.1392 3.7864 0.238668
71.7006 -43.0386 3.78997 0.044897
71.5245 -43.1968 3.79271 0.0108667
71.5324 -43.2324 3.78752 0.104631
71.4998 -43.0388 3.78768 0.176645
71.5584 -43.1392 3.7864 0.238668
71.5955 -43.1352 3.79167 0.0480866
71.4409 -43.113 3.78361 0.105066
71.5584 -43.1392 3.7864 0.238668
71.3536 -43.0239 3.78927 0.0266197
71.4998 -43.0388 3.78768 0.176645
71.5584 -43.1392 3.7864 0.238668
71.3536 -43.0239 3.78927 0.0266197
71.4998 -43.0388 3.78768 0.176645
71.5285 -43.3825 3.77814 0.00953726
71.5913 -42.8973 3.79194 0.0306348
71.5324 -43.2324 3.78752 0.104631
71.5324 -43.2324 3.78752 0.104631
71.4409 -43.113 3.78361 0.105066
71.5584 -43.1392 3.7864 0.238668
71.5584 -43.1392 3.7864 0.238668
71.5584 -43.1392 3.7864 0.238668
71.5324 -43.2324 3.78752 0.104631
71.4998 -43.0388 3.78768 0.176645
71.7006 -43.0386 3.78997 0.044897
71.4724 -42.8628 3.78662 0.00733278
71.4998 -43.0388 3.78768 0.176645
71.7566 -43.2253 3.78286 0.0103228
71.6872 -42.8962 3.78699 0.0075329
71.5913 -42.8973 3.79194 0.0306348
71.5955 -43.1352 3.79167 0.0480866
71.5955 -43.1352 3.79167 0.0480866
71.4409 -43.113 3.78361 0.105066
71.4409 -43.113 3.78361 0.105066
71.5584 -43.1392 3.7864 0.238668
71.5955 -43.1352 3.79167 0.0480866
71.7015 -43.3502 3.79018 0.000635591
71.5584 -43.1392 3.7864 0.238668
71.3668 -43.221 3.78331 0.0420845
71.5324 -43.2324 3.78752 0.104631
71.5324 -43.2324 3.78752 0.104631
71.4998 -43.0388 3.78768 0.176645
71.5584 -43.1392 3.7864 0.238668
71.6872 -42.8962 3.78699 0.0075329
71.5324 -43.2324 3.78752 0.104631
71.4998 -43.0388 3.78768 0.176645
71.5584 -43.1392 3.7864 0.238668
71.3643 -43.1012 3.78318 0.0322946
71.3546 -42.9138 3.78944 0.0084342
71.5913 -42.8973 3.79194 0.0306348
71.4998 -43.0388 3.78768 0.176645
71.4998 -43.0388 3.78768 0.176645
71.5584 -43.1392 3.7864 0.238668
71.3643 -43.1012 3.78318 0.0322946
71.7562 -43.1732 3.7922 0.00287929
71.5584 -43.1392 3.7864 0.238668
71.5584 -43.1392 3.7864 0.238668
71.3668 -43.221 3.78331 0.0420845
71.5913 -42.8973 3.79194 0.0306348
71.5913 -42.8973 3.79194 0.0306348
71.5324 -43.2324 3.78752 0.104631
71.4998 -43.0388 3.78768 0.176645
71.5584 -43.1392 3.7864 0.238668
71.5324 -43.2324 3.78752 0.104631
71.4409 -43.113 3.78361 0.105066
71.5584 -43.1392 3.7864 0.238668
71.3536 -43.0239 3.78927 0.0266197
71.4998 -43.0388 3.78768 0.176645
71.5584 -43.1392 3.7864 0.238668
71.5584 -43.1392 3.7864 0.238668
71.7006 -43.0386 3.78997 0.044897
71.3546 -42.9138 3.78944 0.0084342
71.5913 -42.8973 3.79194 0.0306348
71.5324 -43.2324 3.78752 0.104631
71.2865 -42.9073 3.78515 0.000656061
71.5584 -43.1392 3.7864 0.238668
71.7006 -43.0386 3.78997 0.044897
71.6872 -42.8962 3.78699 0.0075329
71.5324 -43.2324 3.78752 0.104631
71.4409 -43.113 3.78361 0.105066
71.5584 -43.1392 3.7864 0.238668
71.5324 -43.2324 3.78752 0.104631
71.5584 -43.1392 3.7864 0.238668
71.7006 -43.0386 3.78997 0.044897
71.4409 -43.113 3.78361 0.105066
71.4998 -43.0388 3.78768 0.176645
71.5584 -43.1392 3.7864 0.238668
71.4724 -42.8628 3.78662 0.00733278
71.5324 -43.2324 3.78752 0.104631
