185.836 -10.1568 3.18209 0.403615
185.641 -9.89616 3.18123 0.0220544
185.836 -10.1568 3.18209 0.403615
185.778 -10.23 3.17751 0.375173
185.778 -10.23 3.17751 0.375173
185.836 -10.1568 3.18209 0.403615
185.506 -10.1168 3.18449 0.0510224
185.836 -10.1568 3.18209 0.403615
185.778 -10.23 3.17751 0.375173
185.836 -10.1568 3.18209 0.403615
185.836 -10.1568 3.18209 0.403615
185.778 -10.23 3.17751 0.375173
185.778 -10.23 3.17751 0.375173
185.506 -10.1168 3.18449 0.0510224
185.836 -10.1568 3.18209 0.403615
185.778 -10.23 3.17751 0.375173
185.758 -10.1608 3.18746 0.0959605
185.778 -10.23 3.17751 0.375173
185.778 -10.23 3.17751 0.375173
185.836 -10.1568 3.18209 0.403615
185.836 -10.1568 3.18209 0.403615
185.778 -10.23 3.17751 0.375173
185.836 -10.1568 3.18209 0.403615
185.778 -10.23 3.17751 0.375173
185.641 -9.89616 3.18123 0.0220544
185.836 -10.1568 3.18209 0.403615
185.506 -10.1168 3.18449 0.0510224
185.778 -10.23 3.17751 0.375173
185.778 -10.23 3.17751 0.375173
185.836 -10.1568 3.18209 0.403615
185.778 -10.23 3.17751 0.375173
185.836 -10.1568 3.18209 0.403615
185.836 -10.1568 3.18209 0.403615
185.778 -10.23 3.17751 0.375173
185.836 -10.1568 3.18209 0.403615
185.778 -10.23 3.17751 0.375173
185.793 -9.89481 3.18004 0.00747732
185.836 -10.1568 3.18209 0.403615
185.778 -10.23 3.17751 0.375173
185.836 -10.1568 3.18209 0.403615
185.778 -10.23 3.17751 0.375173
185.506 -10.1168 3.18449 0.0510224
185.758 -10.1608 3.18746 0.0959605
185.836 -10.1568 3.18209 0.403615
185.836 -10.1568 3.18209 0.403615
185.778 -10.23 3.17751 0.375173
185.836 -10.1568 3.18209 0.403615
185.641 -9.89616 3.18123 0.0220544
185.778 -10.23 3.17751 0.375173
185.836 -10.1568 3.18209 0.403615
185.778 -10.23 3.17751 0.375173
185.682 -9.94771 3.18664 0.0163813
185.778 -10.23 3.17751 0.375173
185.758 -10.1608 3.18746 0.0959605
185.778 -10.23 3.17751 0.375173
185.778 -10.23 3.17751 0.375173
185.506 -10.1168 3.18449 0.0510224
185.836 -10.1568 3.18209 0.403615
185.778 -10.23 3.17751 0.375173
185.506 -10.1168 3.18449 0.0510224
185.778 -10.23 3.17751 0.375173
185.506 -10.1168 3.18449 0.0510224
185.778 -10.23 3.17751 0.375173
185.778 -10.23 3.17751 0.375173
185.778 -10.23 3.17751 0.375173
185.836 -10.1568 3.18209 0.403615
185.778 -10.23 3.17751 0.375173
185.778 -10.23 3.17751 0.375173
185.836 -10.1568 3.18209 0.403615
185.778 -10.23 3.17751 0.375173
185.836 -10.1568 3.18209 0.403615
185.778 -10.23 3.17751 0.375173
185.836 -10.1568 3.18209 0.403615
185.836 -10.1568 3.18209 0.403615
185.778 -10.23 3.17751 0.375173
185.778 -10.23 3.17751 0.375173
185.758 -10.1608 3.18746 0.0959605
185.778 -10.23 3.17751 0.375173
185.758 -10.1608 3.18746 0.0959605
185.758 -10.1608 3.18746 0.0959605
185.836 -10.1568 3.18209 0.403615
185.778 -10.23 3.17751 0.375173
185.778 -10.23 3.17751 0.375173
185.836 -10.1568 3.18209 0.403615
185.778 -10.23 3.17751 0.375173
185.836 -10.1568 3.18209 0.403615
185.506 -10.1168 3.18449 0.0510224
185.836 -10.1568 3.18209 0.403615
185.682 -9.94771 3.18664 0.0163813
185.506 -10.1168 3.18449 0.0510224
185.641 -9.89616 3.18123 0.0220544
185.778 -10.23 3.17751 0.375173
185.836 -10.1568 3.18209 0.403615
185.644 -9.93278 3.18575 0.0148473
185.836 -10.1568 3.18209 0.403615
185.778 -10.23 3.17751 0.375173
185.758 -10.1608 3.18746 0.0959605
185.778 -10.23 3.17751 0.375173
185.778 -10.23 3.17751 0.375173
185.836 -10.1568 3.18209 0.403615
