-36.1749 -31.5149 1.28544 0.263441
-36.4415 -31.4078 1.28324 0.148793
-36.4415 -31.4078 1.28324 0.148793
-36.2461 -31.6501 1.27892 0.00511852
-36.4331 -31.596 1.29102 0.0331855
-36.1749 -31.5149 1.28544 0.263441
-36.1749 -31.5149 1.28544 0.263441
-36.4475 -31.6501 1.28988 0.0253014
-36.3634 -31.2316 1.28737 0.0214284
-36.1749 -31.5149 1.28544 0.263441
-36.4415 -31.4078 1.28324 0.148793
-36.4415 -31.4078 1.28324 0.148793
-36.3446 -31.6286 1.2842 0.0798566
-36.4331 -31.596 1.29102 0.0331855
-36.1749 -31.5149 1.28544 0.263441
-36.1749 -31.5149 1.28544 0.263441
-36.4415 -31.4078 1.28324 0.148793
-36.3634 -31.2316 1.28737 0.0214284
-36.3828 -31.356 1.28064 0.205818
-36.1749 -31.5149 1.28544 0.263441
-36.1749 -31.5149 1.28544 0.263441
-36.6125 -31.4434 1.28446 0.00491345
-36.3828 -31.356 1.28064 0.205818
-36.1749 -31.5149 1.28544 0.263441
-36.1749 -31.5149 1.28544 0.263441
-36.3254 -31.6406 1.28407 0.0698941
-36.1749 -31.5149 1.28544 0.263441
-36.1749 -31.5149 1.28544 0.263441
-36.4415 -31.4078 1.28324 0.148793
-36.3446 -31.6286 1.2842 0.0798566
-36.3828 -31.356 1.28064 0.205818
-36.4475 -31.6501 1.28988 0.0253014
-36.4415 -31.4078 1.28324 0.148793
-36.3828 -31.356 1.28064 0.205818
-36.4277 -31.6925 1.28872 0.0223238
-36.4173 -31.6879 1.28874 0.0270378
-36.3446 -31.6286 1.2842 0.0798566
-36.1749 -31.5149 1.28544 0.263441
-36.4415 -31.4078 1.28324 0.148793
-36.3828 -31.356 1.28064 0.205818
-36.273 -31.4278 1.29558 0.00233298
-36.4475 -31.6501 1.28988 0.0253014
-36.4415 -31.4078 1.28324 0.148793
-36.4415 -31.4078 1.28324 0.148793
-36.3828 -31.356 1.28064 0.205818
-36.3406 -31.7606 1.28782 0.0139504
-36.3406 -31.7606 1.28782 0.0139504
-36.4415 -31.4078 1.28324 0.148793
-36.3828 -31.356 1.28064 0.205818
-36.4415 -31.4078 1.28324 0.148793
-36.4415 -31.4078 1.28324 0.148793
-36.3254 -31.6406 1.28407 0.0698941
-36.3828 -31.356 1.28064 0.205818
-36.425 -31.747 1.29002 0.00888399
-36.4415 -31.4078 1.28324 0.148793
-36.3828 -31.356 1.28064 0.205818
-36.3828 -31.356 1.28064 0.205818
-36.425 -31.747 1.29002 0.00888399
-36.4277 -31.6925 1.28872 0.0223238
-36.4173 -31.6879 1.28874 0.0270378
-36.3828 -31.356 1.28064 0.205818
-36.1749 -31.5149 1.28544 0.263441
-36.3254 -31.6406 1.28407 0.0698941
-36.3828 -31.356 1.28064 0.205818
-36.1749 -31.5149 1.28544 0.263441
-36.3254 -31.6406 1.28407 0.0698941
-36.3446 -31.6286 1.2842 0.0798566
-36.1749 -31.5149 1.28544 0.263441
-36.1749 -31.5149 1.28544 0.263441
-36.4277 -31.6925 1.28872 0.0223238
-36.4415 -31.4078 1.28324 0.148793
-36.3828 -31.356 1.28064 0.205818
-36.1749 -31.5149 1.28544 0.263441
-36.4415 -31.4078 1.28324 0.148793
-36.3828 -31.356 1.28064 0.205818
-36.4415 -31.4078 1.28324 0.148793
-36.3828 -31.356 1.28064 0.205818
-36.1749 -31.5149 1.28544 0.263441
-36.3254 -31.6406 1.28407 0.0698941
-36.1749 -31.5149 1.28544 0.263441
-36.4475 -31.6501 1.28988 0.0253014
-36.3828 -31.356 1.28064 0.205818
-36.3828 -31.356 1.28064 0.205818
-36.1749 -31.5149 1.28544 0.263441
-36.4415 -31.4078 1.28324 0.148793
-36.3446 -31.6286 1.2842 0.0798566
-36.3828 -31.356 1.28064 0.205818
-36.3828 -31.356 1.28064 0.205818
-36.4475 -31.6501 1.28988 0.0253014
-36.4415 -31.4078 1.28324 0.148793
-36.3446 -31.6286 1.2842 0.0798566
-36.3446 -31.6286 1.2842 0.0798566
-36.3828 -31.356 1.28064 0.205818
-36.1749 -31.5149 1.28544 0.263441
-36.3446 -31.6286 1.2842 0.0798566
-36.3828 -31.356 1.28064 0.205818
-36.4415 -31.4078 1.28324 0.148793
-36.4331 -31.596 1.29102 0.0331855
-36.1749 -31.5149 1.28544 0.263441
-36.3446 -31.6286 1.2842 0.0798566
