46.6397 -66.8191 3.9364 0.088812
46.7943 -66.5702 3.93705 0.222446
46.7164 -66.6696 3.92975 0.322839
46.8405 -66.8325 3.93041 0.0622476
46.5963 -66.5215 3.93334 0.0763368
46.7164 -66.6696 3.92975 0.322839
46.7164 -66.6696 3.92975 0.322839
46.7943 -66.5702 3.93705 0.222446
46.7164 -66.6696 3.92975 0.322839
46.6397 -66.8191 3.9364 0.088812
46.5963 -66.5215 3.93334 0.0763368
46.7164 -66.6696 3.92975 0.322839
46.7164 -66.6696 3.92975 0.322839
46.7943 -66.5702 3.93705 0.222446
46.6303 -66.8393 3.9359 0.0723175
46.6397 -66.8191 3.9364 0.088812
46.7164 -66.6696 3.92975 0.322839
46.7164 -66.6696 3.92975 0.322839
46.7943 -66.5702 3.93705 0.222446
46.6303 -66.8393 3.9359 0.0723175
46.6157 -66.6103 3.93847 0.0659249
46.6157 -66.6103 3.93847 0.0659249
46.6397 -66.8191 3.9364 0.088812
46.7164 -66.6696 3.92975 0.322839
46.7164 -66.6696 3.92975 0.322839
46.6303 -66.8393 3.9359 0.0723175
46.6303 -66.8393 3.9359 0.0723175
46.6303 -66.8393 3.9359 0.0723175
46.6397 -66.8191 3.9364 0.088812
46.7943 -66.5702 3.93705 0.222446
46.7943 -66.5702 3.93705 0.222446
46.5963 -66.5215 3.93334 0.0763368
46.8405 -66.8325 3.93041 0.0622476
46.6303 -66.8393 3.9359 0.0723175
46.7164 -66.6696 3.92975 0.322839
46.7943 -66.5702 3.93705 0.222446
46.73 -66.837 3.94038 0.0139562
46.7164 -66.6696 3.92975 0.322839
46.7943 -66.5702 3.93705 0.222446
46.73 -66.837 3.94038 0.0139562
46.7164 -66.6696 3.92975 0.322839
46.6397 -66.8191 3.9364 0.088812
46.7164 -66.6696 3.92975 0.322839
46.7164 -66.6696 3.92975 0.322839
46.7164 -66.6696 3.92975 0.322839
46.7943 -66.5702 3.93705 0.222446
46.7164 -66.6696 3.92975 0.322839
46.8405 -66.8325 3.93041 0.0622476
46.7943 -66.5702 3.93705 0.222446
46.7164 -66.6696 3.92975 0.322839
46.7164 -66.6696 3.92975 0.322839
46.8105 -66.4328 3.94341 0.00200647
46.7164 -66.6696 3.92975 0.322839
46.8405 -66.8325 3.93041 0.0622476
46.5963 -66.5215 3.93334 0.0763368
46.73 -66.837 3.94038 0.0139562
46.9674 -66.6007 3.93875 0.0275979
46.7164 -66.6696 3.92975 0.322839
46.7943 -66.5702 3.93705 0.222446
46.6303 -66.8393 3.9359 0.0723175
46.8405 -66.8325 3.93041 0.0622476
46.5963 -66.5215 3.93334 0.0763368
46.7164 -66.6696 3.92975 0.322839
46.7164 -66.6696 3.92975 0.322839
46.6397 -66.8191 3.9364 0.088812
46.7943 -66.5702 3.93705 0.222446
46.6157 -66.6103 3.93847 0.0659249
46.6157 -66.6103 3.93847 0.0659249
46.7164 -66.6696 3.92975 0.322839
46.7943 -66.5702 3.93705 0.222446
46.7164 -66.6696 3.92975 0.322839
46.6397 -66.8191 3.9364 0.088812
46.8105 -66.4328 3.94341 0.00200647
46.8405 -66.8325 3.93041 0.0622476
46.9674 -66.6007 3.93875 0.0275979
46.8049 -66.5604 3.94325 0.012081
46.7164 -66.6696 3.92975 0.322839
46.8405 -66.8325 3.93041 0.0622476
46.7943 -66.5702 3.93705 0.222446
46.7164 -66.6696 3.92975 0.322839
46.7943 -66.5702 3.93705 0.222446
46.7164 -66.6696 3.92975 0.322839
46.7943 -66.5702 3.93705 0.222446
46.5963 -66.5215 3.93334 0.0763368
46.9226 -66.5903 3.94299 0.010095
46.5963 -66.5215 3.93334 0.0763368
46.7164 -66.6696 3.92975 0.322839
46.7943 -66.5702 3.93705 0.222446
46.7164 -66.6696 3.92975 0.322839
46.7164 -66.6696 3.92975 0.322839
46.7164 -66.6696 3.92975 0.322839
46.8105 -66.4328 3.94341 0.00200647
46.7164 -66.6696 3.92975 0.322839
46.7943 -66.5702 3.93705 0.222446
46.7943 -66.5702 3.93705 0.222446
46.6157 -66.6103 3.93847 0.0659249
46.7164 -66.6696 3.92975 0.322839
46.7943 -66.5702 3.93705 0.222446
46.6303 -66.8393 3.9359 0.0723175
46.5963 -66.5215 3.93334 0.0763368
