228.741 26.8916 0.0783196 0.167163
228.741 26.8916 0.0783196 0.167163
228.908 27.0176 0.0734485 0.137174
228.908 27.0176 0.0734485 0.137174
228.703 27.2079 0.0726786 0.0537361
228.718 26.9667 0.0726343 0.129506
228.875 27.1176 0.0774053 0.120636
228.741 26.8916 0.0783196 0.167163
228.703 27.2079 0.0726786 0.0537361
228.718 26.9667 0.0726343 0.129506
228.937 26.9414 0.0762148 0.0785721
228.741 26.8916 0.0783196 0.167163
228.908 27.0176 0.0734485 0.137174
228.501 26.9205 0.0763351 0.0167369
228.718 26.9667 0.0726343 0.129506
228.875 27.1176 0.0774053 0.120636
228.648 26.9042 0.0854856 0.0100844
228.919 27.2431 0.0714738 0.0196738
228.741 26.8916 0.0783196 0.167163
228.741 26.8916 0.0783196 0.167163
228.908 27.0176 0.0734485 0.137174
228.584 26.8822 0.0844719 0.0114743
228.937 26.9414 0.0762148 0.0785721
228.807 27.035 0.068386 0.0277446
228.741 26.8916 0.0783196 0.167163
228.741 26.8916 0.0783196 0.167163
228.908 27.0176 0.0734485 0.137174
228.676 26.8644 0.0788169 0.102676
228.703 27.2079 0.0726786 0.0537361
228.718 26.9667 0.0726343 0.129506
228.786 27.1221 0.0849999 0.00485117
228.875 27.1176 0.0774053 0.120636
228.648 26.9042 0.0854856 0.0100844
228.741 26.8916 0.0783196 0.167163
228.741 26.8916 0.0783196 0.167163
228.676 26.8644 0.0788169 0.102676
228.703 27.2079 0.0726786 0.0537361
228.718 26.9667 0.0726343 0.129506
228.937 26.9414 0.0762148 0.0785721
228.807 27.035 0.068386 0.0277446
228.741 26.8916 0.0783196 0.167163
228.703 27.2079 0.0726786 0.0537361
228.706 27.2504 0.0752183 0.0423114
229.005 27.1071 0.0741098 0.0321593
228.718 26.9667 0.0726343 0.129506
228.807 27.035 0.068386 0.0277446
228.908 27.0176 0.0734485 0.137174
228.676 26.8644 0.0788169 0.102676
228.718 26.9667 0.0726343 0.129506
228.718 26.9667 0.0726343 0.129506
228.937 26.9414 0.0762148 0.0785721
228.875 27.1176 0.0774053 0.120636
228.741 26.8916 0.0783196 0.167163
228.908 27.0176 0.0734485 0.137174
228.703 27.2079 0.0726786 0.0537361
229.005 27.1071 0.0741098 0.0321593
228.718 26.9667 0.0726343 0.129506
228.875 27.1176 0.0774053 0.120636
228.741 26.8916 0.0783196 0.167163
228.676 26.8644 0.0788169 0.102676
228.718 26.9667 0.0726343 0.129506
228.875 27.1176 0.0774053 0.120636
228.875 27.1176 0.0774053 0.120636
228.648 26.9042 0.0854856 0.0100844
228.908 27.0176 0.0734485 0.137174
228.676 26.8644 0.0788169 0.102676
229.005 27.1071 0.0741098 0.0321593
228.718 26.9667 0.0726343 0.129506
228.875 27.1176 0.0774053 0.120636
228.741 26.8916 0.0783196 0.167163
228.908 27.0176 0.0734485 0.137174
228.702 27.1476 0.0670191 0.00455208
228.676 26.8644 0.0788169 0.102676
228.703 27.2079 0.0726786 0.0537361
228.718 26.9667 0.0726343 0.129506
228.786 27.1221 0.0849999 0.00485117
228.741 26.8916 0.0783196 0.167163
228.676 26.8644 0.0788169 0.102676
228.676 26.8644 0.0788169 0.102676
228.718 26.9667 0.0726343 0.129506
228.937 26.9414 0.0762148 0.0785721
228.509 26.9206 0.084073 0.00760479
228.741 26.8916 0.0783196 0.167163
228.908 27.0176 0.0734485 0.137174
228.706 27.2504 0.0752183 0.0423114
228.718 26.9667 0.0726343 0.129506
228.937 26.9414 0.0762148 0.0785721
228.807 27.035 0.068386 0.0277446
228.908 27.0176 0.0734485 0.137174
228.706 27.2504 0.0752183 0.0423114
228.875 27.1176 0.0774053 0.120636
228.919 27.2431 0.0714738 0.0196738
228.741 26.8916 0.0783196 0.167163
228.676 26.8644 0.0788169 0.102676
228.718 26.9667 0.0726343 0.129506
228.875 27.1176 0.0774053 0.120636
228.919 27.2431 0.0714738 0.0196738
228.741 26.8916 0.0783196 0.167163
228.908 27.0176 0.0734485 0.137174
228.676 26.8644 0.0788169 0.102676
