29.9069 -83.3249 3.84781 0.0283283
29.7973 -83.1918 3.84838 0.187317
29.9217 -83.1914 3.84382 0.0533123
29.842 -83.2011 3.84585 0.228216
29.7973 -83.1918 3.84838 0.187317
29.7973 -83.1918 3.84838 0.187317
29.842 -83.2011 3.84585 0.228216
29.6647 -83.2167 3.84438 0.0643904
29.8795 -82.8571 3.84629 0.0330354
29.879 -82.8552 3.84549 0.0292391
29.7973 -83.1918 3.84838 0.187317
29.9217 -83.1914 3.84382 0.0533123
29.842 -83.2011 3.84585 0.228216
29.842 -83.2011 3.84585 0.228216
29.842 -83.2011 3.84585 0.228216
29.842 -83.2011 3.84585 0.228216
29.6647 -83.2167 3.84438 0.0643904
29.8923 -83.1113 3.85103 0.17097
29.9069 -83.3249 3.84781 0.0283283
29.7646 -83.0689 3.85019 0.0715196
29.842 -83.2011 3.84585 0.228216
29.8795 -82.8571 3.84629 0.0330354
29.7973 -83.1918 3.84838 0.187317
29.842 -83.2011 3.84585 0.228216
29.8923 -83.1113 3.85103 0.17097
29.7646 -83.0689 3.85019 0.0715196
29.8572 -83.0622 3.84125 0.0398612
29.842 -83.2011 3.84585 0.228216
29.8923 -83.1113 3.85103 0.17097
29.8923 -83.1113 3.85103 0.17097
29.7973 -83.1918 3.84838 0.187317
29.9217 -83.1914 3.84382 0.0533123
29.9548 -83.3803 3.84942 0.00590009
29.7646 -83.0689 3.85019 0.0715196
29.6155 -82.9797 3.83918 0.0204863
29.8795 -82.8571 3.84629 0.0330354
29.7646 -83.0689 3.85019 0.0715196
29.6155 -82.9797 3.83918 0.0204863
29.6155 -82.9797 3.83918 0.0204863
29.7973 -83.1918 3.84838 0.187317
29.842 -83.2011 3.84585 0.228216
29.6647 -83.2167 3.84438 0.0643904
29.8923 -83.1113 3.85103 0.17097
29.7973 -83.1918 3.84838 0.187317
29.7973 -83.1918 3.84838 0.187317
29.7973 -83.1918 3.84838 0.187317
29.842 -83.2011 3.84585 0.228216
29.8795 -82.8571 3.84629 0.0330354
29.7973 -83.1918 3.84838 0.187317
29.7973 -83.1918 3.84838 0.187317
29.8572 -83.0622 3.84125 0.0398612
29.842 -83.2011 3.84585 0.228216
29.8923 -83.1113 3.85103 0.17097
29.6369 -83.3891 3.84115 0.000335977
29.6203 -82.9939 3.84142 0.0611497
29.8572 -83.0622 3.84125 0.0398612
29.842 -83.2011 3.84585 0.228216
29.8923 -83.1113 3.85103 0.17097
29.9217 -83.1914 3.84382 0.0533123
29.6203 -82.9939 3.84142 0.0611497
29.842 -83.2011 3.84585 0.228216
29.8923 -83.1113 3.85103 0.17097
29.879 -82.8552 3.84549 0.0292391
29.7973 -83.1918 3.84838 0.187317
29.9217 -83.1914 3.84382 0.0533123
29.842 -83.2011 3.84585 0.228216
29.8795 -82.8571 3.84629 0.0330354
29.6203 -82.9939 3.84142 0.0611497
29.9548 -83.3803 3.84942 0.00590009
29.842 -83.2011 3.84585 0.228216
29.8923 -83.1113 3.85103 0.17097
29.7973 -83.1918 3.84838 0.187317
29.842 -83.2011 3.84585 0.228216
29.6647 -83.2167 3.84438 0.0643904
29.7973 -83.1918 3.84838 0.187317
29.7973 -83.1918 3.84838 0.187317
29.7973 -83.1918 3.84838 0.187317
29.8572 -83.0622 3.84125 0.0398612
29.842 -83.2011 3.84585 0.228216
29.8923 -83.1113 3.85103 0.17097
29.7646 -83.0689 3.85019 0.0715196
29.842 -83.2011 3.84585 0.228216
29.8923 -83.1113 3.85103 0.17097
29.8923 -83.1113 3.85103 0.17097
29.879 -82.8552 3.84549 0.0292391
29.8572 -83.0622 3.84125 0.0398612
29.6647 -83.2167 3.84438 0.0643904
29.7973 -83.1918 3.84838 0.187317
29.842 -83.2011 3.84585 0.228216
29.6647 -83.2167 3.84438 0.0643904
29.8923 -83.1113 3.85103 0.17097
29.8923 -83.1113 3.85103 0.17097
29.7973 -83.1918 3.84838 0.187317
29.842 -83.2011 3.84585 0.228216
29.842 -83.2011 3.84585 0.228216
29.8923 -83.1113 3.85103 0.17097
29.8923 -83.1113 3.85103 0.17097
29.8923 -83.1113 3.85103 0.17097
29.8923 -83.1113 3.85103 0.17097
29.879 -82.8552 3.84549 0.0292391
