-38.7541 -61.4584 1.73171 0.0515393
-39.0062 -61.5028 1.7285 0.212574
-39.0062 -61.5028 1.7285 0.212574
-39.0242 -61.5843 1.72822 0.135459
-38.8239 -61.3708 1.7203 0.0114493
-38.9632 -61.6194 1.71935 0.00398178
-38.7541 -61.4584 1.73171 0.0515393
-38.8832 -61.4779 1.73051 0.161394
-39.0242 -61.5843 1.72822 0.135459
-39.0393 -61.4182 1.7201 0.0546822
-38.7738 -61.3614 1.71986 0.00363557
-38.8832 -61.4779 1.73051 0.161394
-39.0062 -61.5028 1.7285 0.212574
-39.0242 -61.5843 1.72822 0.135459
-39.0393 -61.4182 1.7201 0.0546822
-38.7541 -61.4584 1.73171 0.0515393
-38.8832 -61.4779 1.73051 0.161394
-39.0062 -61.5028 1.7285 0.212574
-38.7634 -61.4022 1.72417 0.0316564
-39.0393 -61.4182 1.7201 0.0546822
-38.8737 -61.2795 1.72797 0.066059
-38.8737 -61.2795 1.72797 0.066059
-38.7541 -61.4584 1.73171 0.0515393
-39.0062 -61.5028 1.7285 0.212574
-39.0062 -61.5028 1.7285 0.212574
-39.0242 -61.5843 1.72822 0.135459
-38.7541 -61.4584 1.73171 0.0515393
-38.8832 -61.4779 1.73051 0.161394
-39.0242 -61.5843 1.72822 0.135459
-38.8972 -61.7353 1.72569 0.0116154
-38.8737 -61.2795 1.72797 0.066059
-38.8832 -61.4779 1.73051 0.161394
-39.0062 -61.5028 1.7285 0.212574
-39.0242 -61.5843 1.72822 0.135459
-39.0242 -61.5843 1.72822 0.135459
-39.0242 -61.5843 1.72822 0.135459
-39.1058 -61.5183 1.73253 0.0207278
-38.7541 -61.4584 1.73171 0.0515393
-38.8832 -61.4779 1.73051 0.161394
-39.0062 -61.5028 1.7285 0.212574
-38.8737 -61.2795 1.72797 0.066059
-38.8309 -61.4076 1.72303 0.0530327
-39.0062 -61.5028 1.7285 0.212574
-39.0062 -61.5028 1.7285 0.212574
-39.0062 -61.5028 1.7285 0.212574
-38.8239 -61.3708 1.7203 0.0114493
-38.7541 -61.4584 1.73171 0.0515393
-38.8832 -61.4779 1.73051 0.161394
-38.8832 -61.4779 1.73051 0.161394
-39.0242 -61.5843 1.72822 0.135459
-38.8122 -61.5059 1.72556 0.0835577
-38.8832 -61.4779 1.73051 0.161394
-39.0062 -61.5028 1.7285 0.212574
-39.0242 -61.5843 1.72822 0.135459
-39.0393 -61.4182 1.7201 0.0546822
-38.8309 -61.4076 1.72303 0.0530327
-38.8832 -61.4779 1.73051 0.161394
-39.0062 -61.5028 1.7285 0.212574
-39.1858 -61.4918 1.72845 0.0369762
-38.8122 -61.5059 1.72556 0.0835577
-38.8832 -61.4779 1.73051 0.161394
-39.0242 -61.5843 1.72822 0.135459
-39.0242 -61.5843 1.72822 0.135459
-38.7634 -61.4022 1.72417 0.0316564
-38.6592 -61.6232 1.73621 0.00332222
-38.8122 -61.5059 1.72556 0.0835577
-39.0062 -61.5028 1.7285 0.212574
-39.0242 -61.5843 1.72822 0.135459
-39.0242 -61.5843 1.72822 0.135459
-39.0242 -61.5843 1.72822 0.135459
-38.8359 -61.2119 1.73209 0.00485751
-38.8737 -61.2795 1.72797 0.066059
-38.9582 -61.273 1.73281 0.00971789
-38.8832 -61.4779 1.73051 0.161394
-39.0062 -61.5028 1.7285 0.212574
-39.0242 -61.5843 1.72822 0.135459
-38.8122 -61.5059 1.72556 0.0835577
-38.8832 -61.4779 1.73051 0.161394
-38.8832 -61.4779 1.73051 0.161394
-39.0242 -61.5843 1.72822 0.135459
-38.8122 -61.5059 1.72556 0.0835577
-38.8832 -61.4779 1.73051 0.161394
-38.7634 -61.4022 1.72417 0.0316564
-38.7541 -61.4584 1.73171 0.0515393
-39.0062 -61.5028 1.7285 0.212574
-39.0393 -61.4182 1.7201 0.0546822
-39.0393 -61.4182 1.7201 0.0546822
-38.8832 -61.4779 1.73051 0.161394
-39.0062 -61.5028 1.7285 0.212574
-39.1858 -61.4918 1.72845 0.0369762
-38.7541 -61.4584 1.73171 0.0515393
-39.0062 -61.5028 1.7285 0.212574
-39.1858 -61.4918 1.72845 0.0369762
-38.8309 -61.4076 1.72303 0.0530327
-39.0062 -61.5028 1.7285 0.212574
-39.1058 -61.5183 1.73253 0.0207278
-38.8122 -61.5059 1.72556 0.0835577
-38.8832 -61.4779 1.73051 0.161394
-38.8832 -61.4779 1.73051 0.161394
-38.8832 -61.4779 1.73051 0.161394
