-40.2426 -58.3235 1.68649 0.209529
-40.1523 -58.4809 1.68212 0.0331191
-40.0896 -58.4533 1.69459 0.13294
-40.2095 -58.5314 1.68703 0.177206
-39.9595 -58.5364 1.69313 0.0910808
-39.9595 -58.5364 1.69313 0.0910808
-40.2426 -58.3235 1.68649 0.209529
-40.0896 -58.4533 1.69459 0.13294
-40.2095 -58.5314 1.68703 0.177206
-40.2095 -58.5314 1.68703 0.177206
-40.2028 -58.0522 1.68407 0.00538042
-40.2426 -58.3235 1.68649 0.209529
-40.0896 -58.4533 1.69459 0.13294
-39.9595 -58.5364 1.69313 0.0910808
-40.2426 -58.3235 1.68649 0.209529
-40.2426 -58.3235 1.68649 0.209529
-40.1104 -58.3249 1.68482 0.145442
-40.1104 -58.3249 1.68482 0.145442
-40.1104 -58.3249 1.68482 0.145442
-40.0896 -58.4533 1.69459 0.13294
-39.9595 -58.5364 1.69313 0.0910808
-39.9941 -58.2532 1.68419 0.0262371
-40.1983 -58.3752 1.6804 0.0242404
-40.2095 -58.5314 1.68703 0.177206
-40.0418 -58.3666 1.68323 0.0463641
-40.0418 -58.3666 1.68323 0.0463641
-40.2426 -58.3235 1.68649 0.209529
-40.0896 -58.4533 1.69459 0.13294
-40.0418 -58.3666 1.68323 0.0463641
-40.2426 -58.3235 1.68649 0.209529
-40.2426 -58.3235 1.68649 0.209529
-40.2426 -58.3235 1.68649 0.209529
-40.2426 -58.3235 1.68649 0.209529
-40.1104 -58.3249 1.68482 0.145442
-40.2095 -58.5314 1.68703 0.177206
-40.2426 -58.3235 1.68649 0.209529
-40.0896 -58.4533 1.69459 0.13294
-39.9595 -58.5364 1.69313 0.0910808
-39.9595 -58.5364 1.69313 0.0910808
-40.1523 -58.4809 1.68212 0.0331191
-40.1104 -58.3249 1.68482 0.145442
-40.3805 -58.2156 1.68031 0.00825763
-40.2095 -58.5314 1.68703 0.177206
-39.9595 -58.5364 1.69313 0.0910808
-40.1104 -58.3249 1.68482 0.145442
-40.1104 -58.3249 1.68482 0.145442
-40.2095 -58.5314 1.68703 0.177206
-40.2426 -58.3235 1.68649 0.209529
-40.1104 -58.3249 1.68482 0.145442
-40.0896 -58.4533 1.69459 0.13294
-40.2095 -58.5314 1.68703 0.177206
-40.2095 -58.5314 1.68703 0.177206
-40.259 -58.2571 1.67779 0.00428333
-40.2426 -58.3235 1.68649 0.209529
-40.2426 -58.3235 1.68649 0.209529
-39.9941 -58.2532 1.68419 0.0262371
-40.0896 -58.4533 1.69459 0.13294
-40.2095 -58.5314 1.68703 0.177206
-40.2426 -58.3235 1.68649 0.209529
-40.0896 -58.4533 1.69459 0.13294
-40.2095 -58.5314 1.68703 0.177206
-39.9595 -58.5364 1.69313 0.0910808
-39.9595 -58.5364 1.69313 0.0910808
-40.1104 -58.3249 1.68482 0.145442
-40.1104 -58.3249 1.68482 0.145442
-40.2095 -58.5314 1.68703 0.177206
-40.2426 -58.3235 1.68649 0.209529
-40.2426 -58.3235 1.68649 0.209529
-40.2426 -58.3235 1.68649 0.209529
-40.2426 -58.3235 1.68649 0.209529
-39.9941 -58.2532 1.68419 0.0262371
-40.1104 -58.3249 1.68482 0.145442
-40.0896 -58.4533 1.69459 0.13294
-40.2095 -58.5314 1.68703 0.177206
-40.2426 -58.3235 1.68649 0.209529
-40.1523 -58.4809 1.68212 0.0331191
-40.4788 -58.3061 1.68493 0.0102844
-40.0418 -58.3666 1.68323 0.0463641
-40.0418 -58.3666 1.68323 0.0463641
-40.2985 -58.305 1.67525 0.00047644
-40.2426 -58.3235 1.68649 0.209529
-40.2426 -58.3235 1.68649 0.209529
-39.9941 -58.2532 1.68419 0.0262371
-40.1104 -58.3249 1.68482 0.145442
-40.0896 -58.4533 1.69459 0.13294
-40.1983 -58.3752 1.6804 0.0242404
-40.2189 -58.481 1.68121 0.0214602
-40.2426 -58.3235 1.68649 0.209529
-40.0896 -58.4533 1.69459 0.13294
-40.2095 -58.5314 1.68703 0.177206
-40.2426 -58.3235 1.68649 0.209529
-40.2426 -58.3235 1.68649 0.209529
-40.1523 -58.4809 1.68212 0.0331191
-40.1983 -58.3752 1.6804 0.0242404
-39.9595 -58.5364 1.69313 0.0910808
-39.9941 -58.2532 1.68419 0.0262371
-40.2095 -58.5314 1.68703 0.177206
-40.2095 -58.5314 1.68703 0.177206
-40.0418 -58.3666 1.68323 0.0463641
-40.2426 -58.3235 1.68649 0.209529
