-4.66276 1.52048 0.383739 0.0820947
-4.69721 1.24397 0.390893 0.111667
-4.76191 1.61796 0.392133 0.0384633
-4.80875 1.29449 0.388183 0.0657486
-4.69326 1.25865 0.390313 0.140919
-4.7871 1.46653 0.390365 0.267588
-4.69721 1.24397 0.390893 0.111667
-4.74147 1.25988 0.394017 0.0932485
-4.80875 1.29449 0.388183 0.0657486
-4.69326 1.25865 0.390313 0.140919
-4.74147 1.25988 0.394017 0.0932485
-4.66276 1.52048 0.383739 0.0820947
-4.7871 1.46653 0.390365 0.267588
-4.7871 1.46653 0.390365 0.267588
-4.93419 1.43859 0.392309 0.0313941
-4.69326 1.25865 0.390313 0.140919
-4.74147 1.25988 0.394017 0.0932485
-4.47259 1.57484 0.387057 0.0278447
-4.7871 1.46653 0.390365 0.267588
-4.93599 1.57467 0.396122 0.00375572
-4.80875 1.29449 0.388183 0.0657486
-4.47259 1.57484 0.387057 0.0278447
-4.69326 1.25865 0.390313 0.140919
-4.7871 1.46653 0.390365 0.267588
-4.76191 1.61796 0.392133 0.0384633
-4.80875 1.29449 0.388183 0.0657486
-4.66276 1.52048 0.383739 0.0820947
-4.7871 1.46653 0.390365 0.267588
-4.47259 1.57484 0.387057 0.0278447
-4.69326 1.25865 0.390313 0.140919
-4.7871 1.46653 0.390365 0.267588
-4.74147 1.25988 0.394017 0.0932485
-4.69326 1.25865 0.390313 0.140919
-4.69721 1.24397 0.390893 0.111667
-4.47259 1.57484 0.387057 0.0278447
-4.92385 1.28103 0.394953 0.0181367
-4.69326 1.25865 0.390313 0.140919
-4.7871 1.46653 0.390365 0.267588
-4.76191 1.61796 0.392133 0.0384633
-4.66276 1.52048 0.383739 0.0820947
-4.69326 1.25865 0.390313 0.140919
-4.69721 1.24397 0.390893 0.111667
-4.74805 1.62667 0.383341 0.00766304
-4.7871 1.46653 0.390365 0.267588
-4.69721 1.24397 0.390893 0.111667
-4.80875 1.29449 0.388183 0.0657486
-4.66276 1.52048 0.383739 0.0820947
-4.51769 1.42939 0.393186 0.0371187
-4.69326 1.25865 0.390313 0.140919
-4.7871 1.46653 0.390365 0.267588
-4.712 1.30809 0.397239 0.0361575
-4.66276 1.52048 0.383739 0.0820947
-4.51769 1.42939 0.393186 0.0371187
-4.69721 1.24397 0.390893 0.111667
-4.69721 1.24397 0.390893 0.111667
-4.74147 1.25988 0.394017 0.0932485
-4.66276 1.52048 0.383739 0.0820947
-4.7871 1.46653 0.390365 0.267588
-4.74147 1.25988 0.394017 0.0932485
-4.51769 1.42939 0.393186 0.0371187
-4.7871 1.46653 0.390365 0.267588
-4.71803 1.63551 0.384748 0.01865
-4.66276 1.52048 0.383739 0.0820947
-4.66276 1.52048 0.383739 0.0820947
-4.7871 1.46653 0.390365 0.267588
-4.7871 1.46653 0.390365 0.267588
-4.69721 1.24397 0.390893 0.111667
-4.92385 1.28103 0.394953 0.0181367
-4.51769 1.42939 0.393186 0.0371187
-4.7871 1.46653 0.390365 0.267588
-4.7871 1.46653 0.390365 0.267588
-4.712 1.30809 0.397239 0.0361575
-4.66276 1.52048 0.383739 0.0820947
-4.7871 1.46653 0.390365 0.267588
-4.712 1.30809 0.397239 0.0361575
-4.7871 1.46653 0.390365 0.267588
-4.7871 1.46653 0.390365 0.267588
-4.69721 1.24397 0.390893 0.111667
-4.66276 1.52048 0.383739 0.0820947
-4.69326 1.25865 0.390313 0.140919
-4.93473 1.47191 0.386674 0.00489978
-4.51985 1.21132 0.383026 0.00350845
-4.69326 1.25865 0.390313 0.140919
-4.69721 1.24397 0.390893 0.111667
-4.74147 1.25988 0.394017 0.0932485
-4.69326 1.25865 0.390313 0.140919
-4.69326 1.25865 0.390313 0.140919
-4.69721 1.24397 0.390893 0.111667
-4.66276 1.52048 0.383739 0.0820947
-4.7871 1.46653 0.390365 0.267588
-4.80875 1.29449 0.388183 0.0657486
-4.47259 1.57484 0.387057 0.0278447
-4.7871 1.46653 0.390365 0.267588
-4.7871 1.46653 0.390365 0.267588
-4.43916 1.44696 0.394733 0.00174966
-4.7871 1.46653 0.390365 0.267588
-4.71803 1.63551 0.384748 0.01865
-4.47259 1.57484 0.387057 0.0278447
-4.69326 1.25865 0.390313 0.140919
-4.76191 1.61796 0.392133 0.0384633
