257.279 28.8077 6.23233 0.00761788
257.591 28.7103 6.23759 0.0227348
257.724 28.8074 6.22349 0.134206
257.395 28.8541 6.23879 0.0116056
257.763 28.6619 6.22579 0.0170881
257.457 28.8131 6.23075 0.148081
257.748 28.8361 6.21561 0.00845488
257.596 28.8103 6.22593 0.249336
257.724 28.8074 6.22349 0.134206
257.682 28.7325 6.22435 0.0824617
257.596 28.8103 6.22593 0.249336
257.266 28.6964 6.23518 0.00399395
257.682 28.7325 6.22435 0.0824617
257.493 29.0316 6.23128 0.030285
257.596 28.8103 6.22593 0.249336
257.596 28.8103 6.22593 0.249336
257.457 28.8131 6.23075 0.148081
257.783 29.0085 6.2306 0.00944513
257.437 28.8788 6.23589 0.0404436
257.763 28.6619 6.22579 0.0170881
257.724 28.8074 6.22349 0.134206
257.596 28.8103 6.22593 0.249336
257.596 28.8103 6.22593 0.249336
257.724 28.8074 6.22349 0.134206
257.682 28.7325 6.22435 0.0824617
257.566 29.0762 6.22987 0.0244149
257.596 28.8103 6.22593 0.249336
257.851 28.6538 6.22579 0.00360793
257.457 28.8131 6.23075 0.148081
257.457 28.8131 6.23075 0.148081
257.682 28.7325 6.22435 0.0824617
257.682 28.7325 6.22435 0.0824617
257.596 28.8103 6.22593 0.249336
257.457 28.8131 6.23075 0.148081
257.457 28.8131 6.23075 0.148081
257.596 28.8103 6.22593 0.249336
257.266 28.6964 6.23518 0.00399395
257.724 28.8074 6.22349 0.134206
257.724 28.8074 6.22349 0.134206
257.682 28.7325 6.22435 0.0824617
257.596 28.8103 6.22593 0.249336
257.457 28.8131 6.23075 0.148081
257.493 29.0316 6.23128 0.030285
257.566 29.0762 6.22987 0.0244149
257.77 29.1024 6.21856 0.0210879
257.748 28.8361 6.21561 0.00845488
257.786 28.8412 6.2318 0.0215418
257.437 28.8788 6.23589 0.0404436
257.596 28.8103 6.22593 0.249336
257.596 28.8103 6.22593 0.249336
257.457 28.8131 6.23075 0.148081
257.682 28.7325 6.22435 0.0824617
257.596 28.8103 6.22593 0.249336
257.457 28.8131 6.23075 0.148081
257.724 28.8074 6.22349 0.134206
257.596 28.8103 6.22593 0.249336
257.851 28.6538 6.22579 0.00360793
257.457 28.8131 6.23075 0.148081
257.457 28.8131 6.23075 0.148081
257.724 28.8074 6.22349 0.134206
257.596 28.8103 6.22593 0.249336
257.457 28.8131 6.23075 0.148081
257.786 28.8412 6.2318 0.0215418
257.437 28.8788 6.23589 0.0404436
257.596 28.8103 6.22593 0.249336
257.584 28.9867 6.23555 0.0113886
257.724 28.8074 6.22349 0.134206
257.596 28.8103 6.22593 0.249336
257.486 28.6687 6.23569 0.0449373
257.457 28.8131 6.23075 0.148081
257.682 28.7325 6.22435 0.0824617
257.596 28.8103 6.22593 0.249336
257.457 28.8131 6.23075 0.148081
257.457 28.8131 6.23075 0.148081
257.682 28.7325 6.22435 0.0824617
257.437 28.8788 6.23589 0.0404436
257.763 28.6619 6.22579 0.0170881
257.39 28.9969 6.23022 0.0194817
257.724 28.8074 6.22349 0.134206
257.724 28.8074 6.22349 0.134206
257.596 28.8103 6.22593 0.249336
257.457 28.8131 6.23075 0.148081
257.682 28.7325 6.22435 0.0824617
257.596 28.8103 6.22593 0.249336
257.457 28.8131 6.23075 0.148081
257.493 29.0316 6.23128 0.030285
257.786 28.8412 6.2318 0.0215418
257.279 28.8077 6.23233 0.00761788
257.682 28.7325 6.22435 0.0824617
257.355 28.8667 6.23414 0.0276716
257.457 28.8131 6.23075 0.148081
257.457 28.8131 6.23075 0.148081
257.682 28.7325 6.22435 0.0824617
257.596 28.8103 6.22593 0.249336
257.279 28.8077 6.23233 0.00761788
257.591 28.7103 6.23759 0.0227348
257.682 28.7325 6.22435 0.0824617
257.682 28.7325 6.22435 0.0824617
257.596 28.8103 6.22593 0.249336
257.434 29.0692 6.22307 0.00707852
