272.584 21.6332 5.51293 0.0215782
272.458 21.6161 5.51458 0.104066
272.281 21.5928 5.5094 0.0413271
272.363 21.6798 5.51311 0.049604
272.482 21.5144 5.51389 0.153584
272.209 21.3369 5.50424 0.00211952
272.417 21.3377 5.50856 0.0566512
272.458 21.6161 5.51458 0.104066
272.458 21.6161 5.51458 0.104066
272.334 21.588 5.50982 0.0787059
272.461 21.7187 5.51807 0.0197124
272.281 21.5928 5.5094 0.0413271
272.363 21.6798 5.51311 0.049604
272.506 21.2701 5.50786 0.0134398
272.482 21.5144 5.51389 0.153584
272.482 21.5144 5.51389 0.153584
272.528 21.5098 5.5112 0.101466
272.421 21.6196 5.51683 0.103
272.458 21.6161 5.51458 0.104066
272.443 21.6127 5.51115 0.0961051
272.363 21.6798 5.51311 0.049604
272.482 21.5144 5.51389 0.153584
272.482 21.5144 5.51389 0.153584
272.528 21.5098 5.5112 0.101466
272.417 21.3377 5.50856 0.0566512
272.458 21.6161 5.51458 0.104066
272.334 21.588 5.50982 0.0787059
272.443 21.6127 5.51115 0.0961051
272.363 21.6798 5.51311 0.049604
272.482 21.5144 5.51389 0.153584
272.403 21.5386 5.52398 0.0197997
272.202 21.4064 5.51211 0.0241518
272.421 21.6196 5.51683 0.103
272.334 21.588 5.50982 0.0787059
272.443 21.6127 5.51115 0.0961051
272.363 21.6798 5.51311 0.049604
272.482 21.5144 5.51389 0.153584
272.528 21.5098 5.5112 0.101466
272.417 21.3377 5.50856 0.0566512
272.334 21.588 5.50982 0.0787059
272.443 21.6127 5.51115 0.0961051
272.403 21.5386 5.52398 0.0197997
272.421 21.6196 5.51683 0.103
272.421 21.6196 5.51683 0.103
272.458 21.6161 5.51458 0.104066
272.443 21.6127 5.51115 0.0961051
272.363 21.6798 5.51311 0.049604
272.482 21.5144 5.51389 0.153584
272.528 21.5098 5.5112 0.101466
272.528 21.5098 5.5112 0.101466
272.421 21.6196 5.51683 0.103
272.458 21.6161 5.51458 0.104066
272.458 21.6161 5.51458 0.104066
272.443 21.6127 5.51115 0.0961051
272.482 21.5144 5.51389 0.153584
272.529 21.5987 5.50904 0.0454723
272.528 21.5098 5.5112 0.101466
272.421 21.6196 5.51683 0.103
272.461 21.7187 5.51807 0.0197124
272.482 21.5144 5.51389 0.153584
272.528 21.5098 5.5112 0.101466
272.347 21.3527 5.51914 0.0258372
272.458 21.6161 5.51458 0.104066
272.443 21.6127 5.51115 0.0961051
272.443 21.6127 5.51115 0.0961051
272.482 21.5144 5.51389 0.153584
272.237 21.3176 5.51344 0.0150484
272.584 21.6332 5.51293 0.0215782
272.421 21.6196 5.51683 0.103
272.458 21.6161 5.51458 0.104066
272.334 21.588 5.50982 0.0787059
272.506 21.2701 5.50786 0.0134398
272.482 21.5144 5.51389 0.153584
272.482 21.5144 5.51389 0.153584
272.482 21.5144 5.51389 0.153584
272.528 21.5098 5.5112 0.101466
272.417 21.3377 5.50856 0.0566512
272.281 21.5928 5.5094 0.0413271
272.281 21.5928 5.5094 0.0413271
272.482 21.5144 5.51389 0.153584
272.529 21.5987 5.50904 0.0454723
272.528 21.5098 5.5112 0.101466
272.421 21.6196 5.51683 0.103
272.417 21.3377 5.50856 0.0566512
272.185 21.7055 5.51868 0.00648437
272.334 21.588 5.50982 0.0787059
272.482 21.5144 5.51389 0.153584
272.202 21.4064 5.51211 0.0241518
272.528 21.5098 5.5112 0.101466
272.458 21.6161 5.51458 0.104066
272.458 21.6161 5.51458 0.104066
272.334 21.588 5.50982 0.0787059
272.506 21.2701 5.50786 0.0134398
272.482 21.5144 5.51389 0.153584
272.202 21.4064 5.51211 0.0241518
272.528 21.5098 5.5112 0.101466
272.421 21.6196 5.51683 0.103
272.421 21.6196 5.51683 0.103
272.417 21.3377 5.50856 0.0566512
272.443 21.6127 5.51115 0.0961051
