203.471 -9.99599 3.08433 0.160815
203.408 -10.0461 3.08309 0.177567
203.324 -9.75685 3.08863 0.0159079
203.468 -9.8834 3.09145 0.0624802
203.432 -10.2306 3.08597 0.0473714
203.432 -10.2306 3.08597 0.0473714
203.338 -10.1197 3.07303 0.012187
203.192 -10.0468 3.08483 0.0452556
203.192 -10.0468 3.08483 0.0452556
203.471 -9.99599 3.08433 0.160815
203.154 -10.026 3.07569 0.0331802
203.593 -9.90346 3.08664 0.0729006
203.192 -10.0468 3.08483 0.0452556
203.132 -9.86125 3.07533 0.00532521
203.387 -9.96135 3.09191 0.0361987
203.464 -9.78529 3.09001 0.0406832
203.593 -9.90346 3.08664 0.0729006
203.388 -10.3037 3.07932 0.025952
203.192 -10.0468 3.08483 0.0452556
203.468 -9.8834 3.09145 0.0624802
203.408 -10.0461 3.08309 0.177567
203.408 -10.0461 3.08309 0.177567
203.187 -10.0202 3.08592 0.0318632
203.593 -9.90346 3.08664 0.0729006
203.388 -10.3037 3.07932 0.025952
203.388 -10.3037 3.07932 0.025952
203.471 -9.99599 3.08433 0.160815
203.471 -9.99599 3.08433 0.160815
203.408 -10.0461 3.08309 0.177567
203.593 -9.90346 3.08664 0.0729006
203.192 -10.0468 3.08483 0.0452556
203.471 -9.99599 3.08433 0.160815
203.408 -10.0461 3.08309 0.177567
203.154 -10.026 3.07569 0.0331802
203.422 -10.1532 3.0903 0.0311241
203.471 -9.99599 3.08433 0.160815
203.408 -10.0461 3.08309 0.177567
203.327 -9.75514 3.08854 0.0161875
203.593 -9.90346 3.08664 0.0729006
203.593 -9.90346 3.08664 0.0729006
203.196 -9.79032 3.08638 0.00841212
203.468 -9.8834 3.09145 0.0624802
203.468 -9.8834 3.09145 0.0624802
203.468 -9.8834 3.09145 0.0624802
203.408 -10.0461 3.08309 0.177567
203.464 -9.78529 3.09001 0.0406832
203.327 -9.75514 3.08854 0.0161875
203.422 -10.1532 3.0903 0.0311241
203.471 -9.99599 3.08433 0.160815
203.408 -10.0461 3.08309 0.177567
203.464 -9.78529 3.09001 0.0406832
203.593 -9.90346 3.08664 0.0729006
203.593 -9.90346 3.08664 0.0729006
203.739 -9.98378 3.08932 0.0256064
203.471 -9.99599 3.08433 0.160815
203.408 -10.0461 3.08309 0.177567
203.236 -10.1444 3.08564 0.039721
203.593 -9.90346 3.08664 0.0729006
203.468 -9.8834 3.09145 0.0624802
203.471 -9.99599 3.08433 0.160815
203.408 -10.0461 3.08309 0.177567
203.464 -9.78529 3.09001 0.0406832
203.388 -10.3037 3.07932 0.025952
203.471 -9.99599 3.08433 0.160815
203.408 -10.0461 3.08309 0.177567
203.593 -9.90346 3.08664 0.0729006
203.593 -9.90346 3.08664 0.0729006
203.554 -9.87074 3.08046 0.0126
203.192 -10.0468 3.08483 0.0452556
203.471 -9.99599 3.08433 0.160815
203.408 -10.0461 3.08309 0.177567
203.408 -10.0461 3.08309 0.177567
203.236 -10.1444 3.08564 0.039721
203.338 -10.1197 3.07303 0.012187
203.187 -10.0202 3.08592 0.0318632
203.593 -9.90346 3.08664 0.0729006
203.593 -9.90346 3.08664 0.0729006
203.739 -9.98378 3.08932 0.0256064
203.387 -9.96135 3.09191 0.0361987
203.408 -10.0461 3.08309 0.177567
203.154 -10.026 3.07569 0.0331802
203.236 -10.1444 3.08564 0.039721
203.187 -10.0202 3.08592 0.0318632
203.554 -9.87074 3.08046 0.0126
203.192 -10.0468 3.08483 0.0452556
203.471 -9.99599 3.08433 0.160815
203.387 -9.96135 3.09191 0.0361987
203.154 -10.026 3.07569 0.0331802
203.593 -9.90346 3.08664 0.0729006
203.468 -9.8834 3.09145 0.0624802
203.408 -10.0461 3.08309 0.177567
203.464 -9.78529 3.09001 0.0406832
203.422 -10.1532 3.0903 0.0311241
203.471 -9.99599 3.08433 0.160815
203.408 -10.0461 3.08309 0.177567
203.408 -10.0461 3.08309 0.177567
203.288 -10.2336 3.07323 0.0150195
203.388 -10.3037 3.07932 0.025952
203.196 -9.79032 3.08638 0.00841212
203.66 -10.0111 3.09482 0.0227163
