247.927 28.9859 0.0648598 0.387888
247.927 28.9859 0.0648598 0.387888
247.933 29.0036 0.0656695 0.263952
247.927 28.9859 0.0648598 0.387888
247.889 28.7679 0.062755 0.134502
247.927 28.9859 0.0648598 0.387888
248.088 28.896 0.0681856 0.0617262
247.787 28.8632 0.0646962 0.0878895
247.927 28.9859 0.0648598 0.387888
247.889 28.7679 0.062755 0.134502
247.933 29.0036 0.0656695 0.263952
247.927 28.9859 0.0648598 0.387888
248.091 28.9024 0.0701084 0.00987516
247.927 28.9859 0.0648598 0.387888
247.787 28.8632 0.0646962 0.0878895
247.927 28.9859 0.0648598 0.387888
247.927 28.9859 0.0648598 0.387888
247.933 29.0036 0.0656695 0.263952
247.927 28.9859 0.0648598 0.387888
247.889 28.7679 0.062755 0.134502
247.933 29.0036 0.0656695 0.263952
247.787 28.6028 0.0627751 0.000341612
247.933 29.0036 0.0656695 0.263952
247.889 28.7679 0.062755 0.134502
247.927 28.9859 0.0648598 0.387888
247.927 28.9859 0.0648598 0.387888
247.933 29.0036 0.0656695 0.263952
247.927 28.9859 0.0648598 0.387888
248.244 29.0598 0.0602284 0.0200569
247.927 28.9859 0.0648598 0.387888
247.889 28.7679 0.062755 0.134502
247.927 28.9859 0.0648598 0.387888
248.209 29.0887 0.0646305 0.00542799
247.927 28.9859 0.0648598 0.387888
247.889 28.7679 0.062755 0.134502
247.933 29.0036 0.0656695 0.263952
247.927 28.9859 0.0648598 0.387888
248.209 29.0887 0.0646305 0.00542799
247.933 29.0036 0.0656695 0.263952
247.927 28.9859 0.0648598 0.387888
248.258 28.9633 0.0561882 0.0139147
247.927 28.9859 0.0648598 0.387888
248.088 28.896 0.0681856 0.0617262
247.933 29.0036 0.0656695 0.263952
247.933 29.0036 0.0656695 0.263952
247.889 28.7679 0.062755 0.134502
247.933 29.0036 0.0656695 0.263952
247.927 28.9859 0.0648598 0.387888
247.933 29.0036 0.0656695 0.263952
247.927 28.9859 0.0648598 0.387888
247.927 28.9859 0.0648598 0.387888
247.933 29.0036 0.0656695 0.263952
247.933 29.0036 0.0656695 0.263952
247.933 29.0036 0.0656695 0.263952
247.787 28.8632 0.0646962 0.0878895
247.933 29.0036 0.0656695 0.263952
247.933 29.0036 0.0656695 0.263952
247.927 28.9859 0.0648598 0.387888
247.927 28.9859 0.0648598 0.387888
248.091 28.9024 0.0701084 0.00987516
247.787 28.8632 0.0646962 0.0878895
248.244 29.0598 0.0602284 0.0200569
247.927 28.9859 0.0648598 0.387888
247.889 28.7679 0.062755 0.134502
247.927 28.9859 0.0648598 0.387888
248.244 29.0598 0.0602284 0.0200569
247.927 28.9859 0.0648598 0.387888
247.933 29.0036 0.0656695 0.263952
247.927 28.9859 0.0648598 0.387888
247.787 28.8632 0.0646962 0.0878895
247.933 29.0036 0.0656695 0.263952
247.927 28.9859 0.0648598 0.387888
247.933 29.0036 0.0656695 0.263952
247.933 29.0036 0.0656695 0.263952
247.787 28.8632 0.0646962 0.0878895
248.244 29.0598 0.0602284 0.0200569
247.927 28.9859 0.0648598 0.387888
247.787 28.8632 0.0646962 0.0878895
247.927 28.9859 0.0648598 0.387888
247.927 28.9859 0.0648598 0.387888
247.933 29.0036 0.0656695 0.263952
247.889 28.7679 0.062755 0.134502
247.889 28.7679 0.062755 0.134502
247.787 28.8632 0.0646962 0.0878895
247.927 28.9859 0.0648598 0.387888
248.088 28.896 0.0681856 0.0617262
247.933 29.0036 0.0656695 0.263952
247.927 28.9859 0.0648598 0.387888
247.889 28.7679 0.062755 0.134502
247.889 28.7679 0.062755 0.134502
247.933 29.0036 0.0656695 0.263952
247.927 28.9859 0.0648598 0.387888
247.927 28.9859 0.0648598 0.387888
248.088 28.896 0.0681856 0.0617262
247.933 29.0036 0.0656695 0.263952
247.927 28.9859 0.0648598 0.387888
247.889 28.7679 0.062755 0.134502
247.933 29.0036 0.0656695 0.263952
247.927 28.9859 0.0648598 0.387888
247.927 28.9859 0.0648598 0.387888
