187.05 -9.83479 3.18449 0.237504
187.097 -9.95749 3.1814 0.0610022
187.078 -9.87892 3.18575 0.181939
187.2 -9.86421 3.18606 0.208648
187.05 -9.83479 3.18449 0.237504
187.078 -9.87892 3.18575 0.181939
187.078 -9.87892 3.18575 0.181939
187.389 -9.69952 3.193 0.0434873
187.2 -9.86421 3.18606 0.208648
187.097 -9.95749 3.1814 0.0610022
187.078 -9.87892 3.18575 0.181939
186.823 -9.86374 3.17665 0.0178125
187.05 -9.83479 3.18449 0.237504
187.078 -9.87892 3.18575 0.181939
187.233 -10.0055 3.18476 0.0258312
187 -9.77218 3.17817 0.0688532
187.2 -9.86421 3.18606 0.208648
187.05 -9.83479 3.18449 0.237504
186.823 -9.86374 3.17665 0.0178125
187.2 -9.86421 3.18606 0.208648
187.097 -9.95749 3.1814 0.0610022
186.85 -9.8431 3.17993 0.0423895
186.797 -9.73888 3.18463 0.00560599
187.2 -9.86421 3.18606 0.208648
187.05 -9.83479 3.18449 0.237504
187.097 -9.95749 3.1814 0.0610022
187.078 -9.87892 3.18575 0.181939
187.389 -9.69952 3.193 0.0434873
187.05 -9.83479 3.18449 0.237504
187.078 -9.87892 3.18575 0.181939
187.078 -9.87892 3.18575 0.181939
187.2 -9.86421 3.18606 0.208648
187.05 -9.83479 3.18449 0.237504
187.05 -9.83479 3.18449 0.237504
187.097 -9.95749 3.1814 0.0610022
187.078 -9.87892 3.18575 0.181939
187.078 -9.87892 3.18575 0.181939
187.2 -9.86421 3.18606 0.208648
187.097 -9.95749 3.1814 0.0610022
186.85 -9.8431 3.17993 0.0423895
187.081 -9.60849 3.19072 0.0220192
187.05 -9.83479 3.18449 0.237504
187.05 -9.83479 3.18449 0.237504
187.097 -9.95749 3.1814 0.0610022
186.85 -9.8431 3.17993 0.0423895
187.2 -9.86421 3.18606 0.208648
187.2 -9.86421 3.18606 0.208648
187.078 -9.87892 3.18575 0.181939
186.85 -9.8431 3.17993 0.0423895
187.2 -9.86421 3.18606 0.208648
187.097 -9.95749 3.1814 0.0610022
187 -9.77218 3.17817 0.0688532
187.173 -10.1159 3.18522 0.00343275
187.2 -9.86421 3.18606 0.208648
187.097 -9.95749 3.1814 0.0610022
187 -9.77218 3.17817 0.0688532
187.2 -9.86421 3.18606 0.208648
187.2 -9.86421 3.18606 0.208648
187.097 -9.95749 3.1814 0.0610022
187.389 -9.69952 3.193 0.0434873
187.2 -9.86421 3.18606 0.208648
187.2 -9.86421 3.18606 0.208648
186.97 -9.88383 3.1876 0.0310781
187.081 -9.60849 3.19072 0.0220192
187.2 -9.86421 3.18606 0.208648
187.05 -9.83479 3.18449 0.237504
187.05 -9.83479 3.18449 0.237504
187 -9.77218 3.17817 0.0688532
187.2 -9.86421 3.18606 0.208648
187.2 -9.86421 3.18606 0.208648
187.05 -9.83479 3.18449 0.237504
187.078 -9.87892 3.18575 0.181939
187.078 -9.87892 3.18575 0.181939
186.85 -9.8431 3.17993 0.0423895
187.2 -9.86421 3.18606 0.208648
187.2 -9.86421 3.18606 0.208648
187.05 -9.83479 3.18449 0.237504
187.078 -9.87892 3.18575 0.181939
187.389 -9.69952 3.193 0.0434873
187.05 -9.83479 3.18449 0.237504
187.078 -9.87892 3.18575 0.181939
187.2 -9.86421 3.18606 0.208648
187.05 -9.83479 3.18449 0.237504
186.97 -9.88383 3.1876 0.0310781
187.078 -9.87892 3.18575 0.181939
186.85 -9.8431 3.17993 0.0423895
187.2 -9.86421 3.18606 0.208648
187.05 -9.83479 3.18449 0.237504
187.097 -9.95749 3.1814 0.0610022
187 -9.77218 3.17817 0.0688532
187.2 -9.86421 3.18606 0.208648
186.97 -9.88383 3.1876 0.0310781
187.233 -10.0055 3.18476 0.0258312
187 -9.77218 3.17817 0.0688532
187.2 -9.86421 3.18606 0.208648
187.097 -9.95749 3.1814 0.0610022
187.078 -9.87892 3.18575 0.181939
187.389 -9.69952 3.193 0.0434873
187.2 -9.86421 3.18606 0.208648
187.05 -9.83479 3.18449 0.237504
