229.385 -13.8746 2.91014 0.0121635
229.044 -13.7978 2.90048 0.00375973
229.083 -13.806 2.91051 0.219213
228.836 -13.96 2.90525 0.0379114
228.968 -13.9475 2.90821 0.119904
229.256 -13.92 2.91526 0.0710458
228.977 -13.8547 2.90276 0.0371198
229.078 -13.9508 2.91365 0.0750599
228.974 -13.909 2.91408 0.02742
228.968 -13.9475 2.90821 0.119904
228.962 -13.8125 2.91153 0.0889403
229.083 -13.806 2.91051 0.219213
228.979 -13.6096 2.90875 0.0294149
229.078 -13.9508 2.91365 0.0750599
228.836 -13.96 2.90525 0.0379114
229.256 -13.92 2.91526 0.0710458
229.083 -13.806 2.91051 0.219213
229.083 -13.806 2.91051 0.219213
229.044 -14.0002 2.90493 0.0368893
228.968 -13.9475 2.90821 0.119904
228.977 -13.8547 2.90276 0.0371198
229.083 -13.806 2.91051 0.219213
229.078 -13.9508 2.91365 0.0750599
228.836 -13.96 2.90525 0.0379114
229.256 -13.92 2.91526 0.0710458
229.246 -13.9644 2.91623 0.0386864
229.083 -13.806 2.91051 0.219213
229.044 -14.0002 2.90493 0.0368893
228.968 -13.9475 2.90821 0.119904
228.962 -13.8125 2.91153 0.0889403
228.977 -13.8547 2.90276 0.0371198
228.979 -13.6096 2.90875 0.0294149
228.836 -13.96 2.90525 0.0379114
229.061 -14.1486 2.90803 0.00904078
228.962 -13.8125 2.91153 0.0889403
229.083 -13.806 2.91051 0.219213
229.083 -13.806 2.91051 0.219213
228.739 -13.8548 2.90191 0.0120512
228.977 -13.8547 2.90276 0.0371198
229.083 -13.806 2.91051 0.219213
229.083 -13.806 2.91051 0.219213
229.078 -13.9508 2.91365 0.0750599
228.836 -13.96 2.90525 0.0379114
229.256 -13.92 2.91526 0.0710458
229.256 -13.92 2.91526 0.0710458
229.033 -13.8614 2.91806 0.00387872
229.246 -13.9644 2.91623 0.0386864
229.083 -13.806 2.91051 0.219213
228.649 -13.9557 2.90325 0.00265804
228.968 -13.9475 2.90821 0.119904
229.256 -13.92 2.91526 0.0710458
229.354 -13.7411 2.91491 0.0358367
228.962 -13.8125 2.91153 0.0889403
229.083 -13.806 2.91051 0.219213
228.968 -13.9475 2.90821 0.119904
228.962 -13.8125 2.91153 0.0889403
229.083 -13.806 2.91051 0.219213
228.836 -13.96 2.90525 0.0379114
228.929 -13.9516 2.90322 0.0357161
228.962 -13.8125 2.91153 0.0889403
229.083 -13.806 2.91051 0.219213
229.044 -14.0002 2.90493 0.0368893
229.354 -13.7411 2.91491 0.0358367
229.083 -13.806 2.91051 0.219213
229.083 -13.806 2.91051 0.219213
229.078 -13.9508 2.91365 0.0750599
229.078 -13.9508 2.91365 0.0750599
228.929 -13.9516 2.90322 0.0357161
229.246 -13.9644 2.91623 0.0386864
229.083 -13.806 2.91051 0.219213
229.083 -13.806 2.91051 0.219213
229.078 -13.9508 2.91365 0.0750599
229.078 -13.9508 2.91365 0.0750599
229.083 -13.7608 2.91744 0.0111149
229.354 -13.7411 2.91491 0.0358367
228.962 -13.8125 2.91153 0.0889403
229.078 -13.9508 2.91365 0.0750599
228.836 -13.96 2.90525 0.0379114
228.739 -13.8548 2.90191 0.0120512
229.256 -13.92 2.91526 0.0710458
229.083 -13.806 2.91051 0.219213
229.083 -13.806 2.91051 0.219213
228.836 -13.96 2.90525 0.0379114
228.968 -13.9475 2.90821 0.119904
228.977 -13.8547 2.90276 0.0371198
228.944 -13.7358 2.90134 0.0118081
229.385 -13.8746 2.91014 0.0121635
228.962 -13.8125 2.91153 0.0889403
229.083 -13.806 2.91051 0.219213
229.078 -13.9508 2.91365 0.0750599
229.256 -13.92 2.91526 0.0710458
229.083 -13.806 2.91051 0.219213
229.078 -13.9508 2.91365 0.0750599
228.968 -13.9475 2.90821 0.119904
228.962 -13.8125 2.91153 0.0889403
228.962 -13.8125 2.91153 0.0889403
228.979 -13.6096 2.90875 0.0294149
228.968 -13.9475 2.90821 0.119904
228.962 -13.8125 2.91153 0.0889403
228.979 -13.6096 2.90875 0.0294149
