131.096 -17.8955 3.39916 0.353639
131.202 -18.3229 3.40201 0.0286103
130.915 -18.2884 3.39457 0.0582636
131.096 -17.8955 3.39916 0.353639
130.915 -18.2884 3.39457 0.0582636
131.452 -17.9425 3.39437 0.0296367
131.202 -18.3229 3.40201 0.0286103
131.096 -17.8955 3.39916 0.353639
131.096 -17.8955 3.39916 0.353639
131.363 -18.0291 3.39092 0.0466956
130.915 -18.2884 3.39457 0.0582636
131.096 -17.8955 3.39916 0.353639
131.139 -17.7055 3.40232 0.0050059
131.448 -17.934 3.40517 0.0145117
131.452 -17.9425 3.39437 0.0296367
131.096 -17.8955 3.39916 0.353639
130.961 -17.7694 3.39841 0.0177486
131.452 -17.9425 3.39437 0.0296367
131.308 -18.3116 3.40172 0.0334866
131.401 -18.1414 3.40607 0.0137302
131.113 -18.3328 3.3943 0.123032
131.096 -17.8955 3.39916 0.353639
131.113 -18.3328 3.3943 0.123032
131.452 -17.9425 3.39437 0.0296367
131.096 -17.8955 3.39916 0.353639
130.915 -18.2884 3.39457 0.0582636
131.452 -17.9425 3.39437 0.0296367
131.452 -17.9425 3.39437 0.0296367
131.096 -17.8955 3.39916 0.353639
130.938 -18.068 3.40008 0.0748685
131.096 -17.8955 3.39916 0.353639
131.234 -18.1846 3.40403 0.0627252
131.096 -17.8955 3.39916 0.353639
131.234 -18.1846 3.40403 0.0627252
131.096 -17.8955 3.39916 0.353639
131.113 -18.3328 3.3943 0.123032
131.096 -17.8955 3.39916 0.353639
131.113 -18.3328 3.3943 0.123032
131.452 -17.9425 3.39437 0.0296367
131.096 -17.8955 3.39916 0.353639
131.201 -17.7099 3.39207 0.0118994
131.113 -18.3328 3.3943 0.123032
131.096 -17.8955 3.39916 0.353639
131.096 -17.8955 3.39916 0.353639
131.113 -18.3328 3.3943 0.123032
131.096 -17.8955 3.39916 0.353639
131.234 -18.1846 3.40403 0.0627252
131.308 -18.3116 3.40172 0.0334866
131.234 -18.1846 3.40403 0.0627252
131.113 -18.3328 3.3943 0.123032
131.096 -17.8955 3.39916 0.353639
130.915 -18.2884 3.39457 0.0582636
131.096 -17.8955 3.39916 0.353639
131.113 -18.3328 3.3943 0.123032
131.096 -17.8955 3.39916 0.353639
131.113 -18.3328 3.3943 0.123032
131.113 -18.3328 3.3943 0.123032
130.938 -18.068 3.40008 0.0748685
131.096 -17.8955 3.39916 0.353639
131.096 -17.8955 3.39916 0.353639
131.234 -18.1846 3.40403 0.0627252
131.096 -17.8955 3.39916 0.353639
131.113 -18.3328 3.3943 0.123032
131.096 -17.8955 3.39916 0.353639
131.234 -18.1846 3.40403 0.0627252
131.096 -17.8955 3.39916 0.353639
131.096 -17.8955 3.39916 0.353639
130.915 -18.2884 3.39457 0.0582636
131.308 -18.3116 3.40172 0.0334866
131.096 -17.8955 3.39916 0.353639
131.539 -17.9856 3.39044 0.000345971
131.096 -17.8955 3.39916 0.353639
131.096 -17.8955 3.39916 0.353639
131.113 -18.3328 3.3943 0.123032
131.095 -17.9661 3.40505 0.018126
131.234 -18.1846 3.40403 0.0627252
131.401 -18.1414 3.40607 0.0137302
131.385 -18.3479 3.40017 0.0138
131.234 -18.1846 3.40403 0.0627252
131.308 -18.3116 3.40172 0.0334866
131.096 -17.8955 3.39916 0.353639
130.938 -18.068 3.40008 0.0748685
131.536 -17.9111 3.39639 0.00640867
131.096 -17.8955 3.39916 0.353639
131.234 -18.1846 3.40403 0.0627252
131.113 -18.3328 3.3943 0.123032
131.096 -17.8955 3.39916 0.353639
131.401 -18.1414 3.40607 0.0137302
131.096 -17.8955 3.39916 0.353639
131.202 -18.3229 3.40201 0.0286103
130.915 -18.2884 3.39457 0.0582636
131.096 -17.8955 3.39916 0.353639
131.096 -17.8955 3.39916 0.353639
131.452 -17.9425 3.39437 0.0296367
131.096 -17.8955 3.39916 0.353639
131.385 -18.3479 3.40017 0.0138
131.234 -18.1846 3.40403 0.0627252
131.448 -17.934 3.40517 0.0145117
131.452 -17.9425 3.39437 0.0296367
131.096 -17.8955 3.39916 0.353639
