169.71 -10.7254 3.2365 0.0216013
169.945 -10.7662 3.24386 0.0388799
169.89 -10.6741 3.23418 0.180471
169.97 -10.813 3.23637 0.237381
169.89 -10.6741 3.23418 0.180471
169.89 -10.6741 3.23418 0.180471
169.97 -10.813 3.23637 0.237381
169.948 -10.8882 3.24159 0.061522
169.768 -10.672 3.23867 0.0282866
169.89 -10.6741 3.23418 0.180471
169.89 -10.6741 3.23418 0.180471
170.138 -10.7795 3.24406 0.0732295
169.894 -10.9017 3.2438 0.0097688
169.97 -10.813 3.23637 0.237381
170.161 -10.7553 3.23758 0.100444
169.89 -10.6741 3.23418 0.180471
169.882 -10.6339 3.24031 0.063131
169.97 -10.813 3.23637 0.237381
169.863 -10.5574 3.24104 0.0141637
169.89 -10.6741 3.23418 0.180471
169.97 -10.813 3.23637 0.237381
169.97 -10.813 3.23637 0.237381
169.97 -10.813 3.23637 0.237381
169.833 -10.8671 3.24071 0.026922
169.768 -10.672 3.23867 0.0282866
169.894 -10.9017 3.2438 0.0097688
169.948 -10.8882 3.24159 0.061522
170.161 -10.7553 3.23758 0.100444
170.138 -10.7795 3.24406 0.0732295
169.97 -10.813 3.23637 0.237381
169.97 -10.813 3.23637 0.237381
170.161 -10.7553 3.23758 0.100444
169.89 -10.6741 3.23418 0.180471
169.89 -10.6741 3.23418 0.180471
169.882 -10.6339 3.24031 0.063131
169.97 -10.813 3.23637 0.237381
170.161 -10.7553 3.23758 0.100444
169.945 -10.7662 3.24386 0.0388799
169.752 -10.8982 3.23499 0.0185622
169.97 -10.813 3.23637 0.237381
170.161 -10.7553 3.23758 0.100444
169.89 -10.6741 3.23418 0.180471
169.97 -10.813 3.23637 0.237381
169.643 -10.6863 3.23331 0.00814985
169.89 -10.6741 3.23418 0.180471
169.89 -10.6741 3.23418 0.180471
169.894 -10.9017 3.2438 0.0097688
169.702 -10.6676 3.23206 0.0222676
169.97 -10.813 3.23637 0.237381
169.643 -10.6863 3.23331 0.00814985
169.89 -10.6741 3.23418 0.180471
169.97 -10.813 3.23637 0.237381
169.948 -10.8882 3.24159 0.061522
169.71 -10.7254 3.2365 0.0216013
169.89 -10.6741 3.23418 0.180471
170.138 -10.7795 3.24406 0.0732295
170.138 -10.7795 3.24406 0.0732295
169.97 -10.813 3.23637 0.237381
170.003 -10.468 3.23575 0.0181887
170.003 -10.468 3.23575 0.0181887
169.89 -10.6741 3.23418 0.180471
169.882 -10.6339 3.24031 0.063131
169.97 -10.813 3.23637 0.237381
169.833 -10.8671 3.24071 0.026922
169.768 -10.672 3.23867 0.0282866
169.97 -10.813 3.23637 0.237381
169.97 -10.813 3.23637 0.237381
170.161 -10.7553 3.23758 0.100444
169.882 -10.6339 3.24031 0.063131
170.003 -10.468 3.23575 0.0181887
169.768 -10.672 3.23867 0.0282866
169.97 -10.813 3.23637 0.237381
169.97 -10.813 3.23637 0.237381
169.71 -10.7254 3.2365 0.0216013
169.89 -10.6741 3.23418 0.180471
169.89 -10.6741 3.23418 0.180471
170.138 -10.7795 3.24406 0.0732295
169.97 -10.813 3.23637 0.237381
169.97 -10.813 3.23637 0.237381
169.97 -10.813 3.23637 0.237381
169.863 -10.5574 3.24104 0.0141637
170.161 -10.7553 3.23758 0.100444
169.89 -10.6741 3.23418 0.180471
169.882 -10.6339 3.24031 0.063131
169.97 -10.813 3.23637 0.237381
169.97 -10.813 3.23637 0.237381
169.97 -10.813 3.23637 0.237381
170.161 -10.7553 3.23758 0.100444
169.882 -10.6339 3.24031 0.063131
169.97 -10.813 3.23637 0.237381
169.97 -10.813 3.23637 0.237381
169.948 -10.8882 3.24159 0.061522
169.948 -10.8882 3.24159 0.061522
169.89 -10.6741 3.23418 0.180471
169.894 -10.9017 3.2438 0.0097688
169.833 -10.8671 3.24071 0.026922
169.89 -10.6741 3.23418 0.180471
169.89 -10.6741 3.23418 0.180471
169.97 -10.813 3.23637 0.237381
169.948 -10.8882 3.24159 0.061522
