-40.6301 -51.1929 1.57968 0.146904
-40.5372 -51.1587 1.57898 0.0978382
-40.5738 -50.8912 1.57952 0.112825
-40.587 -50.8555 1.57789 0.0723816
-40.54 -51.2599 1.58647 0.060722
-40.6301 -51.1929 1.57968 0.146904
-40.6301 -51.1929 1.57968 0.146904
-40.6301 -51.1929 1.57968 0.146904
-40.5738 -50.8912 1.57952 0.112825
-40.6247 -50.8933 1.58594 0.0359509
-40.4803 -51.0886 1.5846 0.0983734
-40.7185 -50.7718 1.57761 0.0261884
-40.5751 -51.2228 1.57993 0.0898216
-40.5011 -50.8943 1.57571 0.0285
-40.4803 -51.0886 1.5846 0.0983734
-40.5717 -50.7714 1.57804 0.0207552
-40.6301 -51.1929 1.57968 0.146904
-40.6301 -51.1929 1.57968 0.146904
-40.5738 -50.8912 1.57952 0.112825
-40.5738 -50.8912 1.57952 0.112825
-40.5738 -50.8912 1.57952 0.112825
-40.4803 -51.0886 1.5846 0.0983734
-40.6408 -50.8899 1.57607 0.0820642
-40.6301 -51.1929 1.57968 0.146904
-40.5751 -51.2228 1.57993 0.0898216
-40.5751 -51.2228 1.57993 0.0898216
-40.5372 -51.1587 1.57898 0.0978382
-40.5738 -50.8912 1.57952 0.112825
-40.4803 -51.0886 1.5846 0.0983734
-40.6408 -50.8899 1.57607 0.0820642
-40.54 -51.2599 1.58647 0.060722
-40.54 -51.2599 1.58647 0.060722
-40.6301 -51.1929 1.57968 0.146904
-40.5751 -51.2228 1.57993 0.0898216
-40.6093 -50.7107 1.5807 0.0062538
-40.5738 -50.8912 1.57952 0.112825
-40.4272 -50.9875 1.58125 0.0478602
-40.4803 -51.0886 1.5846 0.0983734
-40.6301 -51.1929 1.57968 0.146904
-40.5751 -51.2228 1.57993 0.0898216
-40.5738 -50.8912 1.57952 0.112825
-40.4803 -51.0886 1.5846 0.0983734
-40.6408 -50.8899 1.57607 0.0820642
-40.6301 -51.1929 1.57968 0.146904
-40.5372 -51.1587 1.57898 0.0978382
-40.5372 -51.1587 1.57898 0.0978382
-40.4272 -50.9875 1.58125 0.0478602
-40.4803 -51.0886 1.5846 0.0983734
-40.54 -51.2599 1.58647 0.060722
-40.6301 -51.1929 1.57968 0.146904
-40.6301 -51.1929 1.57968 0.146904
-40.6301 -51.1929 1.57968 0.146904
-40.5372 -51.1587 1.57898 0.0978382
-40.4272 -50.9875 1.58125 0.0478602
-40.6408 -50.8899 1.57607 0.0820642
-40.6301 -51.1929 1.57968 0.146904
-40.5372 -51.1587 1.57898 0.0978382
-40.5372 -51.1587 1.57898 0.0978382
-40.5738 -50.8912 1.57952 0.112825
-40.4803 -51.0886 1.5846 0.0983734
-40.4803 -51.0886 1.5846 0.0983734
-40.6301 -51.1929 1.57968 0.146904
-40.5751 -51.2228 1.57993 0.0898216
-40.5751 -51.2228 1.57993 0.0898216
-40.5372 -51.1587 1.57898 0.0978382
-40.5738 -50.8912 1.57952 0.112825
-40.6247 -50.8933 1.58594 0.0359509
-40.4803 -51.0886 1.5846 0.0983734
-40.5 -50.9005 1.57413 0.0150755
-40.6301 -51.1929 1.57968 0.146904
-40.5372 -51.1587 1.57898 0.0978382
-40.6247 -50.8933 1.58594 0.0359509
-40.4803 -51.0886 1.5846 0.0983734
-40.6408 -50.8899 1.57607 0.0820642
-40.6301 -51.1929 1.57968 0.146904
-40.5738 -50.8912 1.57952 0.112825
-40.4272 -50.9875 1.58125 0.0478602
-40.6408 -50.8899 1.57607 0.0820642
-40.54 -51.2599 1.58647 0.060722
-40.6301 -51.1929 1.57968 0.146904
-40.6301 -51.1929 1.57968 0.146904
-40.6301 -51.1929 1.57968 0.146904
-40.5372 -51.1587 1.57898 0.0978382
-40.4272 -50.9875 1.58125 0.0478602
-40.6408 -50.8899 1.57607 0.0820642
-40.5 -50.9005 1.57413 0.0150755
-40.6301 -51.1929 1.57968 0.146904
-40.5738 -50.8912 1.57952 0.112825
-40.587 -50.8555 1.57789 0.0723816
-40.6408 -50.8899 1.57607 0.0820642
-40.54 -51.2599 1.58647 0.060722
-40.54 -51.2599 1.58647 0.060722
-40.6301 -51.1929 1.57968 0.146904
-40.6301 -51.1929 1.57968 0.146904
-40.6301 -51.1929 1.57968 0.146904
-40.5751 -51.2228 1.57993 0.0898216
-40.5738 -50.8912 1.57952 0.112825
-40.4272 -50.9875 1.58125 0.0478602
-40.4035 -50.769 1.57861 0.00265555
-40.4803 -51.0886 1.5846 0.0983734
