105.847 -26.1109 3.45879 0.0608731
106.136 -26.0289 3.45367 0.197553
106.068 -26.1331 3.45368 0.212397
106.041 -26.1479 3.46216 0.0508412
105.81 -26.1258 3.45696 0.0548047
105.847 -26.1109 3.45879 0.0608731
106.136 -26.0289 3.45367 0.197553
106.136 -26.0289 3.45367 0.197553
105.876 -25.7941 3.45305 0.024087
105.876 -25.7941 3.45305 0.024087
105.876 -25.7941 3.45305 0.024087
106.068 -26.1331 3.45368 0.212397
105.734 -25.9494 3.44456 0.000999104
106.133 -26.1825 3.45913 0.0941311
106.044 -25.8998 3.4512 0.0796435
105.993 -25.936 3.44812 0.033605
105.876 -25.7941 3.45305 0.024087
106.068 -26.1331 3.45368 0.212397
105.81 -26.1258 3.45696 0.0548047
106.136 -26.0289 3.45367 0.197553
106.068 -26.1331 3.45368 0.212397
106.068 -26.1331 3.45368 0.212397
106.169 -26.2563 3.44722 0.0173852
106.136 -26.0289 3.45367 0.197553
106.068 -26.1331 3.45368 0.212397
105.847 -26.1109 3.45879 0.0608731
106.136 -26.0289 3.45367 0.197553
105.876 -25.7941 3.45305 0.024087
105.837 -25.7495 3.45718 0.0146791
105.81 -26.1258 3.45696 0.0548047
106.133 -26.1825 3.45913 0.0941311
106.044 -25.8998 3.4512 0.0796435
106.044 -25.8998 3.4512 0.0796435
105.678 -25.8733 3.45991 0.00388093
106.041 -26.1479 3.46216 0.0508412
106.136 -26.0289 3.45367 0.197553
106.068 -26.1331 3.45368 0.212397
105.81 -26.1258 3.45696 0.0548047
106.133 -26.1825 3.45913 0.0941311
106.136 -26.0289 3.45367 0.197553
106.068 -26.1331 3.45368 0.212397
106.068 -26.1331 3.45368 0.212397
106.068 -26.1331 3.45368 0.212397
106.068 -26.1331 3.45368 0.212397
106.068 -26.1331 3.45368 0.212397
106.133 -26.1825 3.45913 0.0941311
106.136 -26.0289 3.45367 0.197553
106.136 -26.0289 3.45367 0.197553
106.044 -25.8998 3.4512 0.0796435
106.068 -26.1331 3.45368 0.212397
105.81 -26.1258 3.45696 0.0548047
106.026 -26.1744 3.46337 0.0238875
106.136 -26.0289 3.45367 0.197553
105.993 -25.936 3.44812 0.033605
106.068 -26.1331 3.45368 0.212397
105.847 -26.1109 3.45879 0.0608731
105.847 -26.1109 3.45879 0.0608731
106.044 -25.8998 3.4512 0.0796435
106.068 -26.1331 3.45368 0.212397
106.068 -26.1331 3.45368 0.212397
106.133 -26.1825 3.45913 0.0941311
106.136 -26.0289 3.45367 0.197553
106.136 -26.0289 3.45367 0.197553
105.876 -25.7941 3.45305 0.024087
106.068 -26.1331 3.45368 0.212397
106.133 -26.1825 3.45913 0.0941311
106.044 -25.8998 3.4512 0.0796435
105.876 -25.7941 3.45305 0.024087
105.876 -25.7941 3.45305 0.024087
106.041 -26.1479 3.46216 0.0508412
106.133 -26.1825 3.45913 0.0941311
106.136 -26.0289 3.45367 0.197553
105.993 -25.936 3.44812 0.033605
106.068 -26.1331 3.45368 0.212397
106.041 -26.1479 3.46216 0.0508412
105.81 -26.1258 3.45696 0.0548047
106.136 -26.0289 3.45367 0.197553
106.044 -25.8998 3.4512 0.0796435
105.876 -25.7941 3.45305 0.024087
106.068 -26.1331 3.45368 0.212397
105.929 -25.7256 3.45748 0.0219278
106.026 -26.1744 3.46337 0.0238875
106.136 -26.0289 3.45367 0.197553
106.068 -26.1331 3.45368 0.212397
106.026 -26.1744 3.46337 0.0238875
105.993 -25.936 3.44812 0.033605
106.259 -26.1567 3.46248 0.020236
106.041 -26.1479 3.46216 0.0508412
105.847 -26.1109 3.45879 0.0608731
106.136 -26.0289 3.45367 0.197553
106.136 -26.0289 3.45367 0.197553
106.136 -26.0289 3.45367 0.197553
106.044 -25.8998 3.4512 0.0796435
106.141 -26.3231 3.46276 0.00532663
105.81 -26.1258 3.45696 0.0548047
106.044 -25.8998 3.4512 0.0796435
106.068 -26.1331 3.45368 0.212397
106.041 -26.1479 3.46216 0.0508412
105.847 -26.1109 3.45879 0.0608731
106.044 -25.8998 3.4512 0.0796435
