12.9073 -93.1688 3.55723 0.0157694
12.9234 -92.7824 3.54736 0.112308
12.2578 -93.2692 3.5239 0.000435798
12.7634 -93.21 3.55318 0.0162996
12.5863 -92.7891 3.54685 0.158555
12.5863 -92.7891 3.54685 0.158555
13.0022 -92.7786 3.54856 0.0770552
12.9234 -92.7824 3.54736 0.112308
12.2957 -92.9917 3.53839 0.0175071
12.5863 -92.7891 3.54685 0.158555
12.5863 -92.7891 3.54685 0.158555
12.5863 -92.7891 3.54685 0.158555
12.4096 -92.758 3.53839 0.0290277
13.0022 -92.7786 3.54856 0.0770552
12.516 -93.0233 3.54744 0.0683189
12.8099 -93.0089 3.53477 0.008945
12.8099 -93.0089 3.53477 0.008945
12.7253 -92.9828 3.54187 0.104058
12.5863 -92.7891 3.54685 0.158555
12.4966 -92.7931 3.53639 0.0339627
12.7008 -92.9571 3.53595 0.0311145
12.6648 -92.9606 3.5331 0.0151603
13.0317 -93.0894 3.54692 0.0174854
12.5863 -92.7891 3.54685 0.158555
13.0022 -92.7786 3.54856 0.0770552
12.4966 -92.7931 3.53639 0.0339627
12.4903 -93.1007 3.52863 0.00522718
12.7253 -92.9828 3.54187 0.104058
12.5863 -92.7891 3.54685 0.158555
13.0022 -92.7786 3.54856 0.0770552
13.0022 -92.7786 3.54856 0.0770552
12.9234 -92.7824 3.54736 0.112308
12.7634 -93.21 3.55318 0.0162996
12.5863 -92.7891 3.54685 0.158555
12.4096 -92.758 3.53839 0.0290277
13.0022 -92.7786 3.54856 0.0770552
12.6009 -93.1798 3.53481 0.0138112
12.516 -93.0233 3.54744 0.0683189
12.794 -92.4129 3.54627 0.00691642
12.2957 -92.9917 3.53839 0.0175071
12.5863 -92.7891 3.54685 0.158555
12.4096 -92.758 3.53839 0.0290277
12.7719 -92.6304 3.54261 0.0379883
12.4903 -93.1007 3.52863 0.00522718
12.9234 -92.7824 3.54736 0.112308
12.2957 -92.9917 3.53839 0.0175071
12.7253 -92.9828 3.54187 0.104058
12.7253 -92.9828 3.54187 0.104058
12.6403 -93.0845 3.53326 0.0141581
12.5863 -92.7891 3.54685 0.158555
12.4966 -92.7931 3.53639 0.0339627
13.0234 -93.0408 3.54374 0.0134571
13.0234 -93.0408 3.54374 0.0134571
12.7253 -92.9828 3.54187 0.104058
12.5863 -92.7891 3.54685 0.158555
12.8288 -93.0485 3.54444 0.0758461
12.4741 -93.3237 3.5519 0.000633955
12.516 -93.0233 3.54744 0.0683189
12.6624 -92.9793 3.53125 0.00785142
12.3089 -93.2058 3.54652 0.00194764
12.7719 -92.6304 3.54261 0.0379883
12.9234 -92.7824 3.54736 0.112308
12.7634 -93.21 3.55318 0.0162996
12.9437 -92.6009 3.54518 0.0205967
12.8288 -93.0485 3.54444 0.0758461
13.0022 -92.7786 3.54856 0.0770552
12.9073 -93.1688 3.55723 0.0157694
12.516 -93.0233 3.54744 0.0683189
12.9234 -92.7824 3.54736 0.112308
12.8099 -93.0089 3.53477 0.008945
12.6077 -93.2556 3.53871 0.0123431
12.7253 -92.9828 3.54187 0.104058
12.5863 -92.7891 3.54685 0.158555
13.0022 -92.7786 3.54856 0.0770552
12.4966 -92.7931 3.53639 0.0339627
12.6009 -93.1798 3.53481 0.0138112
12.9234 -92.7824 3.54736 0.112308
12.7634 -93.21 3.55318 0.0162996
12.7253 -92.9828 3.54187 0.104058
12.8288 -93.0485 3.54444 0.0758461
13.0022 -92.7786 3.54856 0.0770552
13.0022 -92.7786 3.54856 0.0770552
12.6009 -93.1798 3.53481 0.0138112
12.9234 -92.7824 3.54736 0.112308
12.2957 -92.9917 3.53839 0.0175071
12.6077 -93.2556 3.53871 0.0123431
12.5863 -92.7891 3.54685 0.158555
12.5863 -92.7891 3.54685 0.158555
13.0022 -92.7786 3.54856 0.0770552
13.0022 -92.7786 3.54856 0.0770552
12.9234 -92.7824 3.54736 0.112308
12.7253 -92.9828 3.54187 0.104058
13.0317 -93.0894 3.54692 0.0174854
12.5863 -92.7891 3.54685 0.158555
13.0022 -92.7786 3.54856 0.0770552
13.0022 -92.7786 3.54856 0.0770552
12.4671 -92.8407 3.53133 0.0106302
12.9234 -92.7824 3.54736 0.112308
12.6077 -93.2556 3.53871 0.0123431
12.7253 -92.9828 3.54187 0.104058
