48.377 -63.1251 3.94626 0.157182
48.3114 -63.3119 3.94938 0.232233
48.354 -63.2269 3.94594 0.275069
48.3114 -63.3119 3.94938 0.232233
48.3114 -63.3119 3.94938 0.232233
48.377 -63.1251 3.94626 0.157182
48.377 -63.1251 3.94626 0.157182
48.3114 -63.3119 3.94938 0.232233
48.377 -63.1251 3.94626 0.157182
48.3114 -63.3119 3.94938 0.232233
48.3114 -63.3119 3.94938 0.232233
48.3114 -63.3119 3.94938 0.232233
48.3114 -63.3119 3.94938 0.232233
48.354 -63.2269 3.94594 0.275069
48.3114 -63.3119 3.94938 0.232233
48.3114 -63.3119 3.94938 0.232233
48.3114 -63.3119 3.94938 0.232233
48.3114 -63.3119 3.94938 0.232233
48.3741 -63.2108 3.94321 0.0768824
48.3481 -63.216 3.94204 0.0424111
48.3481 -63.216 3.94204 0.0424111
48.377 -63.1251 3.94626 0.157182
48.354 -63.2269 3.94594 0.275069
48.3114 -63.3119 3.94938 0.232233
48.4259 -62.9563 3.95004 0.0181114
48.354 -63.2269 3.94594 0.275069
48.3741 -63.2108 3.94321 0.0768824
48.377 -63.1251 3.94626 0.157182
48.354 -63.2269 3.94594 0.275069
48.3114 -63.3119 3.94938 0.232233
48.3741 -63.2108 3.94321 0.0768824
48.3741 -63.2108 3.94321 0.0768824
48.377 -63.1251 3.94626 0.157182
48.2733 -62.9786 3.95074 0.0191806
48.3114 -63.3119 3.94938 0.232233
48.4767 -63.3059 3.9576 0.0112497
48.3095 -63.1543 3.94038 0.00748586
48.354 -63.2269 3.94594 0.275069
48.3114 -63.3119 3.94938 0.232233
48.3114 -63.3119 3.94938 0.232233
48.5697 -63.1927 3.9474 0.0436749
48.4339 -63.1685 3.9419 0.0148567
48.3741 -63.2108 3.94321 0.0768824
48.0291 -63.084 3.94984 0.000434063
48.354 -63.2269 3.94594 0.275069
48.3114 -63.3119 3.94938 0.232233
48.513 -63.3135 3.94402 0.0256875
48.3481 -63.216 3.94204 0.0424111
48.377 -63.1251 3.94626 0.157182
48.354 -63.2269 3.94594 0.275069
48.354 -63.2269 3.94594 0.275069
48.3114 -63.3119 3.94938 0.232233
48.3114 -63.3119 3.94938 0.232233
48.3741 -63.2108 3.94321 0.0768824
48.354 -63.2269 3.94594 0.275069
48.3114 -63.3119 3.94938 0.232233
48.513 -63.3135 3.94402 0.0256875
48.377 -63.1251 3.94626 0.157182
48.354 -63.2269 3.94594 0.275069
48.3114 -63.3119 3.94938 0.232233
48.4339 -63.1685 3.9419 0.0148567
48.354 -63.2269 3.94594 0.275069
48.3114 -63.3119 3.94938 0.232233
48.377 -63.1251 3.94626 0.157182
48.3114 -63.3119 3.94938 0.232233
48.3481 -63.216 3.94204 0.0424111
48.354 -63.2269 3.94594 0.275069
48.3741 -63.2108 3.94321 0.0768824
48.354 -63.2269 3.94594 0.275069
48.354 -63.2269 3.94594 0.275069
48.6071 -63.1739 3.95009 0.0362751
48.6366 -63.1589 3.94895 0.0128322
48.377 -63.1251 3.94626 0.157182
48.354 -63.2269 3.94594 0.275069
48.3114 -63.3119 3.94938 0.232233
48.377 -63.1251 3.94626 0.157182
48.3114 -63.3119 3.94938 0.232233
48.3114 -63.3119 3.94938 0.232233
48.6071 -63.1739 3.95009 0.0362751
48.377 -63.1251 3.94626 0.157182
48.354 -63.2269 3.94594 0.275069
48.354 -63.2269 3.94594 0.275069
48.3114 -63.3119 3.94938 0.232233
48.6071 -63.1739 3.95009 0.0362751
48.377 -63.1251 3.94626 0.157182
48.354 -63.2269 3.94594 0.275069
48.3114 -63.3119 3.94938 0.232233
48.3481 -63.216 3.94204 0.0424111
48.2733 -62.9786 3.95074 0.0191806
48.3481 -63.216 3.94204 0.0424111
48.354 -63.2269 3.94594 0.275069
48.354 -63.2269 3.94594 0.275069
48.354 -63.2269 3.94594 0.275069
48.3114 -63.3119 3.94938 0.232233
48.377 -63.1251 3.94626 0.157182
48.354 -63.2269 3.94594 0.275069
48.354 -63.2269 3.94594 0.275069
48.3114 -63.3119 3.94938 0.232233
48.3741 -63.2108 3.94321 0.0768824
48.6366 -63.1589 3.94895 0.0128322
