61.8193 -51.7349 3.90106 0.0494682
61.9279 -51.4334 3.89722 0.0404522
61.7167 -51.4965 3.90474 0.147617
61.8835 -51.739 3.90265 0.0378922
61.7167 -51.4965 3.90474 0.147617
61.8358 -51.317 3.90586 0.0818209
61.9279 -51.4334 3.89722 0.0404522
61.8942 -51.5763 3.90347 0.279662
61.739 -51.3214 3.89711 0.00834748
61.9169 -51.2848 3.89646 0.00199645
61.8942 -51.5763 3.90347 0.279662
61.8209 -51.4444 3.90714 0.218689
61.8358 -51.317 3.90586 0.0818209
61.8942 -51.5763 3.90347 0.279662
61.8942 -51.5763 3.90347 0.279662
61.8209 -51.4444 3.90714 0.218689
61.8942 -51.5763 3.90347 0.279662
61.7167 -51.4965 3.90474 0.147617
61.8209 -51.4444 3.90714 0.218689
61.8942 -51.5763 3.90347 0.279662
61.8209 -51.4444 3.90714 0.218689
61.8209 -51.4444 3.90714 0.218689
61.781 -51.5319 3.89074 0.00501964
61.8942 -51.5763 3.90347 0.279662
61.6202 -51.6416 3.89514 0.0128654
61.7167 -51.4965 3.90474 0.147617
61.7167 -51.4965 3.90474 0.147617
61.8358 -51.317 3.90586 0.0818209
61.9781 -51.5656 3.8964 0.032173
61.7167 -51.4965 3.90474 0.147617
61.8209 -51.4444 3.90714 0.218689
61.8942 -51.5763 3.90347 0.279662
61.7167 -51.4965 3.90474 0.147617
61.8835 -51.739 3.90265 0.0378922
61.9781 -51.5656 3.8964 0.032173
61.8942 -51.5763 3.90347 0.279662
61.739 -51.3214 3.89711 0.00834748
61.8675 -51.2495 3.90887 0.0217152
61.8209 -51.4444 3.90714 0.218689
61.8942 -51.5763 3.90347 0.279662
61.8942 -51.5763 3.90347 0.279662
61.7167 -51.4965 3.90474 0.147617
61.8358 -51.317 3.90586 0.0818209
61.8942 -51.5763 3.90347 0.279662
61.8209 -51.4444 3.90714 0.218689
61.8832 -51.757 3.89572 0.0150187
61.8942 -51.5763 3.90347 0.279662
61.7167 -51.4965 3.90474 0.147617
61.8209 -51.4444 3.90714 0.218689
61.9781 -51.5656 3.8964 0.032173
61.8942 -51.5763 3.90347 0.279662
61.8358 -51.317 3.90586 0.0818209
61.9043 -51.1987 3.9126 0.00360848
61.7167 -51.4965 3.90474 0.147617
61.7167 -51.4965 3.90474 0.147617
61.8835 -51.739 3.90265 0.0378922
61.8942 -51.5763 3.90347 0.279662
61.7167 -51.4965 3.90474 0.147617
61.8358 -51.317 3.90586 0.0818209
61.9279 -51.4334 3.89722 0.0404522
61.7167 -51.4965 3.90474 0.147617
61.8193 -51.7349 3.90106 0.0494682
61.8942 -51.5763 3.90347 0.279662
61.8209 -51.4444 3.90714 0.218689
61.8209 -51.4444 3.90714 0.218689
61.9781 -51.5656 3.8964 0.032173
61.7167 -51.4965 3.90474 0.147617
61.8358 -51.317 3.90586 0.0818209
61.8193 -51.7349 3.90106 0.0494682
61.8942 -51.5763 3.90347 0.279662
61.7167 -51.4965 3.90474 0.147617
61.8193 -51.7349 3.90106 0.0494682
61.8942 -51.5763 3.90347 0.279662
61.8209 -51.4444 3.90714 0.218689
61.8193 -51.7349 3.90106 0.0494682
61.8942 -51.5763 3.90347 0.279662
61.7167 -51.4965 3.90474 0.147617
61.8193 -51.7349 3.90106 0.0494682
61.7167 -51.4965 3.90474 0.147617
61.8835 -51.739 3.90265 0.0378922
61.8835 -51.739 3.90265 0.0378922
61.8942 -51.5763 3.90347 0.279662
61.8942 -51.5763 3.90347 0.279662
61.8358 -51.317 3.90586 0.0818209
61.8942 -51.5763 3.90347 0.279662
61.8209 -51.4444 3.90714 0.218689
61.9279 -51.4334 3.89722 0.0404522
61.7167 -51.4965 3.90474 0.147617
61.8209 -51.4444 3.90714 0.218689
61.8942 -51.5763 3.90347 0.279662
61.8942 -51.5763 3.90347 0.279662
61.8358 -51.317 3.90586 0.0818209
61.8193 -51.7349 3.90106 0.0494682
61.8942 -51.5763 3.90347 0.279662
61.8942 -51.5763 3.90347 0.279662
61.7167 -51.4965 3.90474 0.147617
61.8209 -51.4444 3.90714 0.218689
61.8832 -51.757 3.89572 0.0150187
61.7167 -51.4965 3.90474 0.147617
61.8209 -51.4444 3.90714 0.218689
