5.41204 -95.0503 3.32797 0.0830164
5.35919 -95.3371 3.33678 0.257359
5.35919 -95.3371 3.33678 0.257359
5.35039 -94.9498 3.33235 0.0654065
5.35039 -94.9498 3.33235 0.0654065
5.27352 -95.3232 3.3375 0.14819
5.27352 -95.3232 3.3375 0.14819
5.26279 -95.4203 3.32358 0.206628
5.26279 -95.4203 3.32358 0.206628
5.35919 -95.3371 3.33678 0.257359
5.36675 -95.211 3.34267 0.0508053
5.35919 -95.3371 3.33678 0.257359
5.27352 -95.3232 3.3375 0.14819
5.27352 -95.3232 3.3375 0.14819
5.36675 -95.211 3.34267 0.0508053
5.26279 -95.4203 3.32358 0.206628
5.41204 -95.0503 3.32797 0.0830164
5.35039 -94.9498 3.33235 0.0654065
5.35039 -94.9498 3.33235 0.0654065
5.26279 -95.4203 3.32358 0.206628
5.41204 -95.0503 3.32797 0.0830164
5.35919 -95.3371 3.33678 0.257359
5.03149 -95.1824 3.33395 0.0320196
5.4421 -95.2243 3.34725 0.00551514
5.27352 -95.3232 3.3375 0.14819
5.26279 -95.4203 3.32358 0.206628
5.26279 -95.4203 3.32358 0.206628
5.35919 -95.3371 3.33678 0.257359
5.35919 -95.3371 3.33678 0.257359
5.27352 -95.3232 3.3375 0.14819
5.26279 -95.4203 3.32358 0.206628
5.41204 -95.0503 3.32797 0.0830164
5.27352 -95.3232 3.3375 0.14819
5.27352 -95.3232 3.3375 0.14819
5.26279 -95.4203 3.32358 0.206628
5.35919 -95.3371 3.33678 0.257359
5.03149 -95.1824 3.33395 0.0320196
5.26279 -95.4203 3.32358 0.206628
5.03972 -94.9879 3.34572 7.77099e-05
5.03149 -95.1824 3.33395 0.0320196
5.26279 -95.4203 3.32358 0.206628
5.26279 -95.4203 3.32358 0.206628
5.26279 -95.4203 3.32358 0.206628
5.26279 -95.4203 3.32358 0.206628
5.35919 -95.3371 3.33678 0.257359
5.27352 -95.3232 3.3375 0.14819
5.27352 -95.3232 3.3375 0.14819
5.41204 -95.0503 3.32797 0.0830164
5.35919 -95.3371 3.33678 0.257359
5.07477 -95.2146 3.33902 0.0110711
5.12648 -94.9766 3.33507 0.0220094
5.35919 -95.3371 3.33678 0.257359
5.48738 -94.8831 3.34599 0.00594896
5.35919 -95.3371 3.33678 0.257359
5.35919 -95.3371 3.33678 0.257359
5.35919 -95.3371 3.33678 0.257359
5.27352 -95.3232 3.3375 0.14819
5.26279 -95.4203 3.32358 0.206628
5.35919 -95.3371 3.33678 0.257359
5.35919 -95.3371 3.33678 0.257359
5.09891 -95.6432 3.32998 0.0113113
5.27352 -95.3232 3.3375 0.14819
5.41204 -95.0503 3.32797 0.0830164
5.35919 -95.3371 3.33678 0.257359
5.10661 -95.0159 3.34179 0.00309107
5.12648 -94.9766 3.33507 0.0220094
5.03149 -95.1824 3.33395 0.0320196
5.09891 -95.6432 3.32998 0.0113113
5.82786 -95.0859 3.33616 0.00596
5.26279 -95.4203 3.32358 0.206628
5.12648 -94.9766 3.33507 0.0220094
5.35919 -95.3371 3.33678 0.257359
5.35919 -95.3371 3.33678 0.257359
5.35919 -95.3371 3.33678 0.257359
5.26279 -95.4203 3.32358 0.206628
5.32035 -94.8871 3.34117 0.0141687
5.35039 -94.9498 3.33235 0.0654065
5.19484 -94.9348 3.33568 0.0254938
5.35919 -95.3371 3.33678 0.257359
5.35919 -95.3371 3.33678 0.257359
5.26279 -95.4203 3.32358 0.206628
5.35919 -95.3371 3.33678 0.257359
5.36675 -95.211 3.34267 0.0508053
5.26279 -95.4203 3.32358 0.206628
5.26279 -95.4203 3.32358 0.206628
5.35919 -95.3371 3.33678 0.257359
5.35919 -95.3371 3.33678 0.257359
5.26279 -95.4203 3.32358 0.206628
5.26279 -95.4203 3.32358 0.206628
5.41204 -95.0503 3.32797 0.0830164
5.35039 -94.9498 3.33235 0.0654065
5.26279 -95.4203 3.32358 0.206628
5.35919 -95.3371 3.33678 0.257359
5.27352 -95.3232 3.3375 0.14819
5.36675 -95.211 3.34267 0.0508053
5.41204 -95.0503 3.32797 0.0830164
5.35919 -95.3371 3.33678 0.257359
5.27352 -95.3232 3.3375 0.14819
5.36675 -95.211 3.34267 0.0508053
5.26279 -95.4203 3.32358 0.206628
