257.755 -19.6176 3.29601 0.0631904
257.817 -19.5099 3.29889 0.203643
258.115 -19.6877 3.30638 0.358809
257.817 -19.5099 3.29889 0.203643
258.115 -19.6877 3.30638 0.358809
258.115 -19.6877 3.30638 0.358809
257.873 -19.4767 3.30583 0.0692079
257.817 -19.5099 3.29889 0.203643
257.817 -19.5099 3.29889 0.203643
257.837 -19.6436 3.29622 0.0554113
257.755 -19.6176 3.29601 0.0631904
257.791 -19.8262 3.30286 0.0114315
257.873 -19.4767 3.30583 0.0692079
257.896 -19.3906 3.30024 0.108562
257.873 -19.4767 3.30583 0.0692079
257.817 -19.5099 3.29889 0.203643
257.873 -19.4767 3.30583 0.0692079
257.755 -19.6176 3.29601 0.0631904
257.837 -19.6436 3.29622 0.0554113
257.873 -19.4767 3.30583 0.0692079
257.817 -19.5099 3.29889 0.203643
257.837 -19.6436 3.29622 0.0554113
257.896 -19.3906 3.30024 0.108562
257.817 -19.5099 3.29889 0.203643
258.115 -19.6877 3.30638 0.358809
257.817 -19.5099 3.29889 0.203643
257.758 -19.663 3.30348 0.0423185
257.755 -19.6176 3.29601 0.0631904
258.115 -19.6877 3.30638 0.358809
257.896 -19.3906 3.30024 0.108562
257.873 -19.4767 3.30583 0.0692079
258.115 -19.6877 3.30638 0.358809
257.817 -19.5099 3.29889 0.203643
258.115 -19.6877 3.30638 0.358809
257.817 -19.5099 3.29889 0.203643
257.817 -19.5099 3.29889 0.203643
257.631 -19.6247 3.29273 0.00809335
258.115 -19.6877 3.30638 0.358809
257.817 -19.5099 3.29889 0.203643
258.115 -19.6877 3.30638 0.358809
257.755 -19.6176 3.29601 0.0631904
258.115 -19.6877 3.30638 0.358809
258.115 -19.6877 3.30638 0.358809
257.896 -19.3906 3.30024 0.108562
257.817 -19.5099 3.29889 0.203643
258.115 -19.6877 3.30638 0.358809
257.896 -19.3906 3.30024 0.108562
258.115 -19.6877 3.30638 0.358809
257.817 -19.5099 3.29889 0.203643
257.896 -19.3906 3.30024 0.108562
257.837 -19.6436 3.29622 0.0554113
257.791 -19.8262 3.30286 0.0114315
257.817 -19.5099 3.29889 0.203643
258.115 -19.6877 3.30638 0.358809
257.755 -19.6176 3.29601 0.0631904
257.837 -19.6436 3.29622 0.0554113
258.115 -19.6877 3.30638 0.358809
258.115 -19.6877 3.30638 0.358809
257.817 -19.5099 3.29889 0.203643
258.115 -19.6877 3.30638 0.358809
258.115 -19.6877 3.30638 0.358809
257.837 -19.6436 3.29622 0.0554113
257.896 -19.3906 3.30024 0.108562
257.817 -19.5099 3.29889 0.203643
258.115 -19.6877 3.30638 0.358809
257.817 -19.5099 3.29889 0.203643
257.896 -19.3906 3.30024 0.108562
258.115 -19.6877 3.30638 0.358809
258.115 -19.6877 3.30638 0.358809
257.817 -19.5099 3.29889 0.203643
257.758 -19.663 3.30348 0.0423185
258.115 -19.6877 3.30638 0.358809
257.755 -19.6176 3.29601 0.0631904
257.817 -19.5099 3.29889 0.203643
258.115 -19.6877 3.30638 0.358809
257.896 -19.3906 3.30024 0.108562
257.755 -19.6176 3.29601 0.0631904
257.817 -19.5099 3.29889 0.203643
258.115 -19.6877 3.30638 0.358809
257.755 -19.6176 3.29601 0.0631904
257.817 -19.5099 3.29889 0.203643
258.212 -19.8048 3.30194 0.00461205
257.896 -19.3906 3.30024 0.108562
257.817 -19.5099 3.29889 0.203643
258.115 -19.6877 3.30638 0.358809
257.755 -19.6176 3.29601 0.0631904
257.791 -19.8262 3.30286 0.0114315
258.115 -19.6877 3.30638 0.358809
258.115 -19.6877 3.30638 0.358809
257.896 -19.3906 3.30024 0.108562
257.817 -19.5099 3.29889 0.203643
257.817 -19.5099 3.29889 0.203643
257.837 -19.6436 3.29622 0.0554113
257.873 -19.4767 3.30583 0.0692079
258.115 -19.6877 3.30638 0.358809
257.817 -19.5099 3.29889 0.203643
257.817 -19.5099 3.29889 0.203643
257.873 -19.4767 3.30583 0.0692079
257.755 -19.6176 3.29601 0.0631904
258.115 -19.6877 3.30638 0.358809
