88.2131 -31.1273 3.53247 0.186226
88.3569 -31.0815 3.5253 0.0148391
88.1666 -31.2913 3.53223 0.0360391
88.2131 -31.1273 3.53247 0.186226
88.2246 -31.0386 3.53686 0.0983915
88.4519 -31.0777 3.5353 0.0329002
88.0648 -31.0231 3.53692 0.0333723
88.3216 -31.147 3.53515 0.0760457
88.2131 -31.1273 3.53247 0.186226
88.2246 -31.0386 3.53686 0.0983915
88.4519 -31.0777 3.5353 0.0329002
88.2118 -31.3297 3.53056 0.0338912
88.3848 -31.1101 3.52901 0.0641058
88.1311 -31.0068 3.53393 0.129114
88.2131 -31.1273 3.53247 0.186226
88.0663 -30.8377 3.52857 0.00317578
88.0663 -30.8377 3.52857 0.00317578
88.3086 -31.1765 3.53692 0.0277976
88.3216 -31.147 3.53515 0.0760457
88.1311 -31.0068 3.53393 0.129114
88.2131 -31.1273 3.53247 0.186226
88.2131 -31.1273 3.53247 0.186226
88.2131 -31.1273 3.53247 0.186226
88.1429 -30.9358 3.52852 0.0290772
88.3848 -31.1101 3.52901 0.0641058
88.3848 -31.1101 3.52901 0.0641058
88.2131 -31.1273 3.53247 0.186226
88.234 -31.0765 3.52803 0.103635
88.3128 -31.1033 3.53954 0.0143133
88.3216 -31.147 3.53515 0.0760457
88.2918 -31.3417 3.53218 0.0166201
88.2131 -31.1273 3.53247 0.186226
88.2131 -31.1273 3.53247 0.186226
88.0381 -30.6498 3.53489 0.000439888
88.3569 -31.0815 3.5253 0.0148391
88.3216 -31.147 3.53515 0.0760457
88.2131 -31.1273 3.53247 0.186226
88.2131 -31.1273 3.53247 0.186226
88.2131 -31.1273 3.53247 0.186226
88.2131 -31.1273 3.53247 0.186226
88.2246 -31.0386 3.53686 0.0983915
88.2118 -31.3297 3.53056 0.0338912
88.2118 -31.3297 3.53056 0.0338912
88.3216 -31.147 3.53515 0.0760457
88.1311 -31.0068 3.53393 0.129114
88.2918 -31.3417 3.53218 0.0166201
88.2131 -31.1273 3.53247 0.186226
88.2246 -31.0386 3.53686 0.0983915
88.3216 -31.147 3.53515 0.0760457
88.2131 -31.1273 3.53247 0.186226
88.0381 -30.6498 3.53489 0.000439888
88.3848 -31.1101 3.52901 0.0641058
88.1311 -31.0068 3.53393 0.129114
88.2131 -31.1273 3.53247 0.186226
88.1429 -30.9358 3.52852 0.0290772
88.3128 -31.1033 3.53954 0.0143133
88.1311 -31.0068 3.53393 0.129114
88.5201 -31.089 3.53279 0.0139219
88.234 -31.0765 3.52803 0.103635
88.2118 -31.3297 3.53056 0.0338912
88.1311 -31.0068 3.53393 0.129114
88.1311 -31.0068 3.53393 0.129114
88.2131 -31.1273 3.53247 0.186226
88.2131 -31.1273 3.53247 0.186226
88.234 -31.0765 3.52803 0.103635
88.3569 -31.0815 3.5253 0.0148391
88.4519 -31.0777 3.5353 0.0329002
88.5687 -31.0957 3.53173 0.00483039
88.3216 -31.147 3.53515 0.0760457
88.2131 -31.1273 3.53247 0.186226
88.1429 -30.9358 3.52852 0.0290772
88.2246 -31.0386 3.53686 0.0983915
88.3128 -31.1033 3.53954 0.0143133
88.1311 -31.0068 3.53393 0.129114
88.2131 -31.1273 3.53247 0.186226
88.1429 -30.9358 3.52852 0.0290772
88.3848 -31.1101 3.52901 0.0641058
88.3848 -31.1101 3.52901 0.0641058
88.1311 -31.0068 3.53393 0.129114
88.1311 -31.0068 3.53393 0.129114
88.2131 -31.1273 3.53247 0.186226
88.2246 -31.0386 3.53686 0.0983915
88.3086 -31.1765 3.53692 0.0277976
88.3216 -31.147 3.53515 0.0760457
88.1311 -31.0068 3.53393 0.129114
88.2131 -31.1273 3.53247 0.186226
88.1429 -30.9358 3.52852 0.0290772
88.4519 -31.0777 3.5353 0.0329002
88.2118 -31.3297 3.53056 0.0338912
88.1311 -31.0068 3.53393 0.129114
88.2131 -31.1273 3.53247 0.186226
88.1429 -30.9358 3.52852 0.0290772
88.2246 -31.0386 3.53686 0.0983915
88.2246 -31.0386 3.53686 0.0983915
88.3216 -31.147 3.53515 0.0760457
88.3216 -31.147 3.53515 0.0760457
88.2131 -31.1273 3.53247 0.186226
88.2131 -31.1273 3.53247 0.186226
88.2246 -31.0386 3.53686 0.0983915
88.4519 -31.0777 3.5353 0.0329002
