41.7439 -71.3694 3.93641 0.127161
41.6753 -71.316 3.93328 0.0445724
41.71 -71.4627 3.93943 0.213819
41.8067 -71.3871 3.93748 0.0975235
41.749 -71.3313 3.92965 0.00384442
41.6753 -71.316 3.93328 0.0445724
41.71 -71.4627 3.93943 0.213819
41.8067 -71.3871 3.93748 0.0975235
41.6338 -71.556 3.94154 0.040952
41.8317 -71.4586 3.94063 0.0996314
41.715 -71.6376 3.93566 0.137009
41.8353 -71.6356 3.93865 0.0530604
41.8067 -71.3871 3.93748 0.0975235
41.6693 -71.2796 3.9337 0.0239745
41.8034 -71.6315 3.94418 0.00971736
41.6933 -71.6256 3.93184 0.070762
41.71 -71.4627 3.93943 0.213819
41.8067 -71.3871 3.93748 0.0975235
41.8317 -71.4586 3.94063 0.0996314
41.6753 -71.316 3.93328 0.0445724
41.6933 -71.6256 3.93184 0.070762
41.6338 -71.556 3.94154 0.040952
41.8317 -71.4586 3.94063 0.0996314
41.6933 -71.6256 3.93184 0.070762
41.8067 -71.3871 3.93748 0.0975235
41.7439 -71.3694 3.93641 0.127161
41.8317 -71.4586 3.94063 0.0996314
41.6933 -71.6256 3.93184 0.070762
41.6693 -71.2796 3.9337 0.0239745
41.7439 -71.3694 3.93641 0.127161
41.7439 -71.3694 3.93641 0.127161
41.8353 -71.6356 3.93865 0.0530604
41.9879 -71.5614 3.9411 0.00656272
41.8317 -71.4586 3.94063 0.0996314
41.715 -71.6376 3.93566 0.137009
41.715 -71.6376 3.93566 0.137009
41.8353 -71.6356 3.93865 0.0530604
41.8067 -71.3871 3.93748 0.0975235
41.8067 -71.3871 3.93748 0.0975235
41.7439 -71.3694 3.93641 0.127161
41.7439 -71.3694 3.93641 0.127161
41.6753 -71.316 3.93328 0.0445724
41.71 -71.4627 3.93943 0.213819
41.8067 -71.3871 3.93748 0.0975235
41.8317 -71.4586 3.94063 0.0996314
41.715 -71.6376 3.93566 0.137009
41.8353 -71.6356 3.93865 0.0530604
41.71 -71.4627 3.93943 0.213819
41.6693 -71.2796 3.9337 0.0239745
41.8876 -71.4538 3.93329 0.00956012
41.71 -71.4627 3.93943 0.213819
41.6338 -71.556 3.94154 0.040952
41.7439 -71.3694 3.93641 0.127161
41.715 -71.6376 3.93566 0.137009
41.6933 -71.6256 3.93184 0.070762
41.8067 -71.3871 3.93748 0.0975235
41.7439 -71.3694 3.93641 0.127161
41.7439 -71.3694 3.93641 0.127161
41.715 -71.6376 3.93566 0.137009
41.71 -71.4627 3.93943 0.213819
41.71 -71.4627 3.93943 0.213819
41.71 -71.4627 3.93943 0.213819
41.8317 -71.4586 3.94063 0.0996314
41.8317 -71.4586 3.94063 0.0996314
41.6933 -71.6256 3.93184 0.070762
41.6933 -71.6256 3.93184 0.070762
41.71 -71.4627 3.93943 0.213819
41.6414 -71.4195 3.92739 0.00933439
41.7439 -71.3694 3.93641 0.127161
41.7439 -71.3694 3.93641 0.127161
41.715 -71.6376 3.93566 0.137009
41.71 -71.4627 3.93943 0.213819
41.8067 -71.3871 3.93748 0.0975235
41.6414 -71.4195 3.92739 0.00933439
41.715 -71.6376 3.93566 0.137009
41.9879 -71.5614 3.9411 0.00656272
41.8317 -71.4586 3.94063 0.0996314
41.8353 -71.6356 3.93865 0.0530604
41.8067 -71.3871 3.93748 0.0975235
41.7439 -71.3694 3.93641 0.127161
41.6753 -71.316 3.93328 0.0445724
41.6933 -71.6256 3.93184 0.070762
41.71 -71.4627 3.93943 0.213819
41.8067 -71.3871 3.93748 0.0975235
41.6338 -71.556 3.94154 0.040952
41.715 -71.6376 3.93566 0.137009
41.6933 -71.6256 3.93184 0.070762
41.71 -71.4627 3.93943 0.213819
41.8067 -71.3871 3.93748 0.0975235
41.8067 -71.3871 3.93748 0.0975235
41.7439 -71.3694 3.93641 0.127161
41.7439 -71.3694 3.93641 0.127161
41.8317 -71.4586 3.94063 0.0996314
41.6933 -71.6256 3.93184 0.070762
41.71 -71.4627 3.93943 0.213819
41.6338 -71.556 3.94154 0.040952
41.6338 -71.556 3.94154 0.040952
41.8317 -71.4586 3.94063 0.0996314
41.6753 -71.316 3.93328 0.0445724
41.8353 -71.6356 3.93865 0.0530604
