200.268 -9.59914 3.10282 0.160321
200.268 -9.59914 3.10282 0.160321
200.294 -9.32305 3.10129 0.13651
200.294 -9.32305 3.10129 0.13651
200.323 -9.15521 3.11275 0.0277265
200.535 -9.53715 3.10453 0.101348
200.194 -9.29044 3.10374 0.115198
200.194 -9.29044 3.10374 0.115198
200.194 -9.29044 3.10374 0.115198
200.442 -9.49076 3.10263 0.1844
200.268 -9.59914 3.10282 0.160321
200.268 -9.59914 3.10282 0.160321
200.528 -9.74164 3.10718 0.00676138
200.294 -9.32305 3.10129 0.13651
200.393 -9.61017 3.09909 0.0344574
200.393 -9.61017 3.09909 0.0344574
200.323 -9.15521 3.11275 0.0277265
200.535 -9.53715 3.10453 0.101348
200.442 -9.49076 3.10263 0.1844
200.268 -9.59914 3.10282 0.160321
200.294 -9.32305 3.10129 0.13651
200.535 -9.53715 3.10453 0.101348
199.985 -9.34972 3.10209 0.00889326
200.306 -9.12978 3.1105 0.0300235
200.294 -9.32305 3.10129 0.13651
200.266 -9.11051 3.10777 0.0191434
200.194 -9.29044 3.10374 0.115198
200.268 -9.59914 3.10282 0.160321
200.294 -9.32305 3.10129 0.13651
200.27 -9.4232 3.0972 0.0424903
200.535 -9.53715 3.10453 0.101348
200.442 -9.49076 3.10263 0.1844
200.294 -9.32305 3.10129 0.13651
200.27 -9.4232 3.0972 0.0424903
200.535 -9.53715 3.10453 0.101348
200.442 -9.49076 3.10263 0.1844
200.268 -9.59914 3.10282 0.160321
200.294 -9.32305 3.10129 0.13651
200.535 -9.53715 3.10453 0.101348
200.806 -9.29206 3.11492 0.0274533
200.442 -9.49076 3.10263 0.1844
200.073 -9.68066 3.09363 0.00588228
200.528 -9.74164 3.10718 0.00676138
200.294 -9.32305 3.10129 0.13651
200.27 -9.4232 3.0972 0.0424903
200.194 -9.29044 3.10374 0.115198
200.268 -9.59914 3.10282 0.160321
200.268 -9.59914 3.10282 0.160321
200.393 -9.61017 3.09909 0.0344574
200.27 -9.4232 3.0972 0.0424903
200.442 -9.49076 3.10263 0.1844
200.073 -9.68066 3.09363 0.00588228
200.294 -9.32305 3.10129 0.13651
200.393 -9.61017 3.09909 0.0344574
200.535 -9.53715 3.10453 0.101348
200.806 -9.29206 3.11492 0.0274533
200.268 -9.59914 3.10282 0.160321
200.393 -9.61017 3.09909 0.0344574
200.227 -9.0779 3.10546 0.00591834
200.535 -9.53715 3.10453 0.101348
200.442 -9.49076 3.10263 0.1844
200.294 -9.32305 3.10129 0.13651
200.294 -9.32305 3.10129 0.13651
200.119 -9.13738 3.10984 0.00172445
200.535 -9.53715 3.10453 0.101348
200.442 -9.49076 3.10263 0.1844
200.268 -9.59914 3.10282 0.160321
200.266 -9.11051 3.10777 0.0191434
200.535 -9.53715 3.10453 0.101348
200.442 -9.49076 3.10263 0.1844
200.271 -9.14844 3.09777 0.00112363
200.268 -9.59914 3.10282 0.160321
200.268 -9.59914 3.10282 0.160321
200.393 -9.61017 3.09909 0.0344574
200.194 -9.29044 3.10374 0.115198
200.361 -9.12082 3.1031 0.0115059
200.294 -9.32305 3.10129 0.13651
200.194 -9.29044 3.10374 0.115198
200.194 -9.29044 3.10374 0.115198
200.442 -9.49076 3.10263 0.1844
200.268 -9.59914 3.10282 0.160321
200.294 -9.32305 3.10129 0.13651
200.535 -9.53715 3.10453 0.101348
200.194 -9.29044 3.10374 0.115198
200.442 -9.49076 3.10263 0.1844
200.294 -9.32305 3.10129 0.13651
200.294 -9.32305 3.10129 0.13651
200.194 -9.29044 3.10374 0.115198
200.194 -9.29044 3.10374 0.115198
200.361 -9.12082 3.1031 0.0115059
200.268 -9.59914 3.10282 0.160321
200.393 -9.61017 3.09909 0.0344574
200.194 -9.29044 3.10374 0.115198
200.442 -9.49076 3.10263 0.1844
200.268 -9.59914 3.10282 0.160321
200.294 -9.32305 3.10129 0.13651
200.393 -9.61017 3.09909 0.0344574
200.535 -9.53715 3.10453 0.101348
200.194 -9.29044 3.10374 0.115198
200.442 -9.49076 3.10263 0.1844
