185.583 23.7854 0.0908796 0.092463
185.516 23.9802 0.0803633 0.114141
185.572 23.8519 0.0841395 0.433036
185.572 23.8519 0.0841395 0.433036
185.67 23.9342 0.0802339 0.189262
185.512 23.921 0.0800142 0.0902092
185.67 23.9342 0.0802339 0.189262
185.572 23.8519 0.0841395 0.433036
185.572 23.8519 0.0841395 0.433036
185.572 23.8519 0.0841395 0.433036
185.572 23.8519 0.0841395 0.433036
185.67 23.9342 0.0802339 0.189262
185.516 23.9802 0.0803633 0.114141
185.572 23.8519 0.0841395 0.433036
185.572 23.8519 0.0841395 0.433036
185.572 23.8519 0.0841395 0.433036
185.67 23.9342 0.0802339 0.189262
185.67 23.9342 0.0802339 0.189262
185.572 23.8519 0.0841395 0.433036
185.572 23.8519 0.0841395 0.433036
185.572 23.8519 0.0841395 0.433036
185.67 23.9342 0.0802339 0.189262
185.516 23.9802 0.0803633 0.114141
185.572 23.8519 0.0841395 0.433036
185.67 23.9342 0.0802339 0.189262
185.583 23.7854 0.0908796 0.092463
185.516 23.9802 0.0803633 0.114141
185.516 23.9802 0.0803633 0.114141
185.583 23.7854 0.0908796 0.092463
185.572 23.8519 0.0841395 0.433036
185.572 23.8519 0.0841395 0.433036
185.516 23.9802 0.0803633 0.114141
185.572 23.8519 0.0841395 0.433036
185.67 23.6296 0.0809847 0.00293818
185.583 23.7854 0.0908796 0.092463
185.602 23.8127 0.0779992 0.0214797
185.512 23.921 0.0800142 0.0902092
185.572 23.8519 0.0841395 0.433036
185.583 23.7854 0.0908796 0.092463
185.67 23.9342 0.0802339 0.189262
185.512 23.921 0.0800142 0.0902092
185.67 23.9342 0.0802339 0.189262
185.572 23.8519 0.0841395 0.433036
185.516 23.9802 0.0803633 0.114141
185.572 23.8519 0.0841395 0.433036
185.516 23.9802 0.0803633 0.114141
185.67 23.9342 0.0802339 0.189262
185.572 23.8519 0.0841395 0.433036
185.67 23.9342 0.0802339 0.189262
185.572 23.8519 0.0841395 0.433036
185.67 23.9342 0.0802339 0.189262
185.572 23.8519 0.0841395 0.433036
185.67 23.9342 0.0802339 0.189262
185.572 23.8519 0.0841395 0.433036
185.583 23.7854 0.0908796 0.092463
185.516 23.9802 0.0803633 0.114141
185.572 23.8519 0.0841395 0.433036
185.572 23.8519 0.0841395 0.433036
185.67 23.9342 0.0802339 0.189262
185.486 23.6938 0.082164 0.0128669
185.572 23.8519 0.0841395 0.433036
185.602 23.8127 0.0779992 0.0214797
185.572 23.8519 0.0841395 0.433036
185.486 23.6938 0.082164 0.0128669
185.67 23.9342 0.0802339 0.189262
185.516 23.9802 0.0803633 0.114141
185.512 23.921 0.0800142 0.0902092
185.512 23.921 0.0800142 0.0902092
185.512 23.921 0.0800142 0.0902092
185.516 23.9802 0.0803633 0.114141
185.67 23.9342 0.0802339 0.189262
185.516 23.9802 0.0803633 0.114141
185.572 23.8519 0.0841395 0.433036
185.67 23.9342 0.0802339 0.189262
185.67 23.9342 0.0802339 0.189262
185.572 23.8519 0.0841395 0.433036
185.67 23.9342 0.0802339 0.189262
185.572 23.8519 0.0841395 0.433036
185.583 23.7854 0.0908796 0.092463
185.572 23.8519 0.0841395 0.433036
185.67 23.9342 0.0802339 0.189262
185.572 23.8519 0.0841395 0.433036
185.572 23.8519 0.0841395 0.433036
185.583 23.7854 0.0908796 0.092463
185.572 23.8519 0.0841395 0.433036
185.516 23.9802 0.0803633 0.114141
185.602 23.8127 0.0779992 0.0214797
185.67 23.9342 0.0802339 0.189262
185.572 23.8519 0.0841395 0.433036
185.67 23.9342 0.0802339 0.189262
185.572 23.8519 0.0841395 0.433036
185.67 23.9342 0.0802339 0.189262
185.516 23.9802 0.0803633 0.114141
185.572 23.8519 0.0841395 0.433036
185.572 23.8519 0.0841395 0.433036
185.516 23.9802 0.0803633 0.114141
185.67 23.9342 0.0802339 0.189262
185.572 23.8519 0.0841395 0.433036
185.572 23.8519 0.0841395 0.433036
185.572 23.8519 0.0841395 0.433036
