-23.1098 -89.0465 2.65343 0.0581992
-23.3939 -89.2076 2.64272 0.0137775
-23.2471 -89.2645 2.6588 0.0247848
-23.114 -89.2608 2.64953 0.167075
-23.114 -89.2608 2.64953 0.167075
-23.0422 -89.1737 2.64914 0.109139
-23.0625 -89.2541 2.65852 0.0643288
-23.1098 -89.0465 2.65343 0.0581992
-22.9062 -89.1187 2.65754 0.0164273
-23.2267 -89.0045 2.65053 0.0451547
-23.0625 -89.2541 2.65852 0.0643288
-23.1098 -89.0465 2.65343 0.0581992
-23.1062 -89.2518 2.66135 0.0165434
-23.0422 -89.1737 2.64914 0.109139
-23.14 -89.1211 2.64932 0.141411
-23.4514 -89.1266 2.64939 0.0162909
-23.3034 -89.1707 2.64369 0.037669
-23.114 -89.2608 2.64953 0.167075
-23.0625 -89.2541 2.65852 0.0643288
-23.1706 -89.0941 2.64292 0.0257928
-23.1706 -89.0941 2.64292 0.0257928
-23.3568 -89.3153 2.65473 0.0308562
-23.3034 -89.1707 2.64369 0.037669
-23.114 -89.2608 2.64953 0.167075
-23.0422 -89.1737 2.64914 0.109139
-23.14 -89.1211 2.64932 0.141411
-23.14 -89.1211 2.64932 0.141411
-23.3939 -89.2076 2.64272 0.0137775
-23.3939 -89.2076 2.64272 0.0137775
-23.0941 -88.9345 2.64658 0.0137382
-23.114 -89.2608 2.64953 0.167075
-23.0625 -89.2541 2.65852 0.0643288
-23.14 -89.1211 2.64932 0.141411
-23.3568 -89.3153 2.65473 0.0308562
-23.3568 -89.3153 2.65473 0.0308562
-23.114 -89.2608 2.64953 0.167075
-23.114 -89.2608 2.64953 0.167075
-22.7611 -89.1264 2.65552 0.00308206
-23.14 -89.1211 2.64932 0.141411
-23.1706 -89.0941 2.64292 0.0257928
-22.8916 -89.0382 2.6499 0.00995234
-22.9876 -89.1915 2.64972 0.0789052
-23.0422 -89.1737 2.64914 0.109139
-23.14 -89.1211 2.64932 0.141411
-23.14 -89.1211 2.64932 0.141411
-23.1098 -89.0465 2.65343 0.0581992
-22.906 -89.253 2.66052 0.015717
-23.114 -89.2608 2.64953 0.167075
-23.0422 -89.1737 2.64914 0.109139
-23.0625 -89.2541 2.65852 0.0643288
-23.4309 -89.1584 2.65388 0.0099487
-23.3568 -89.3153 2.65473 0.0308562
-23.0554 -89.3083 2.64242 0.00472333
-22.9876 -89.1915 2.64972 0.0789052
-23.114 -89.2608 2.64953 0.167075
-23.0422 -89.1737 2.64914 0.109139
-23.14 -89.1211 2.64932 0.141411
-23.1098 -89.0465 2.65343 0.0581992
-23.3939 -89.2076 2.64272 0.0137775
-23.114 -89.2608 2.64953 0.167075
-23.114 -89.2608 2.64953 0.167075
-23.14 -89.1211 2.64932 0.141411
-23.14 -89.1211 2.64932 0.141411
-22.8621 -89.2896 2.64776 0.00631078
-23.3939 -89.2076 2.64272 0.0137775
-23.114 -89.2608 2.64953 0.167075
-23.0063 -89.4179 2.66851 0.000210776
-23.1095 -88.9366 2.65056 0.0183859
-23.14 -89.1211 2.64932 0.141411
-23.3939 -89.2076 2.64272 0.0137775
-23.114 -89.2608 2.64953 0.167075
-23.1095 -88.9366 2.65056 0.0183859
-23.0289 -89.4646 2.66425 0.00348802
-23.3034 -89.1707 2.64369 0.037669
-23.114 -89.2608 2.64953 0.167075
-23.114 -89.2608 2.64953 0.167075
-23.0625 -89.2541 2.65852 0.0643288
-23.14 -89.1211 2.64932 0.141411
-23.3568 -89.3153 2.65473 0.0308562
-23.3034 -89.1707 2.64369 0.037669
-23.114 -89.2608 2.64953 0.167075
-23.0422 -89.1737 2.64914 0.109139
-23.14 -89.1211 2.64932 0.141411
-23.14 -89.1211 2.64932 0.141411
-23.14 -89.1211 2.64932 0.141411
-23.3939 -89.2076 2.64272 0.0137775
-23.3034 -89.1707 2.64369 0.037669
-23.114 -89.2608 2.64953 0.167075
-23.2267 -89.0045 2.65053 0.0451547
-23.0625 -89.2541 2.65852 0.0643288
-23.1095 -88.9366 2.65056 0.0183859
-23.14 -89.1211 2.64932 0.141411
-23.4514 -89.1266 2.64939 0.0162909
-23.2726 -88.9131 2.63907 0.00139676
-22.906 -89.253 2.66052 0.015717
-23.4609 -89.4272 2.65039 0.00526279
-23.0941 -88.9345 2.64658 0.0137382
-23.0422 -89.1737 2.64914 0.109139
-23.0422 -89.1737 2.64914 0.109139
-23.14 -89.1211 2.64932 0.141411
