91.5187 -29.8847 3.49108 0.245229
91.3744 -29.8694 3.48841 0.180972
91.38 -29.6679 3.49667 0.0169656
91.3569 -29.6832 3.4905 0.117362
91.7965 -29.9317 3.48897 0.00510683
91.7893 -29.7519 3.49397 0.00827775
91.621 -29.8308 3.48633 0.0802645
91.5187 -29.8847 3.49108 0.245229
91.3744 -29.8694 3.48841 0.180972
91.3868 -29.8194 3.48589 0.104045
91.3868 -29.8194 3.48589 0.104045
91.5187 -29.8847 3.49108 0.245229
91.3569 -29.6832 3.4905 0.117362
91.3744 -29.8694 3.48841 0.180972
91.621 -29.8308 3.48633 0.0802645
91.5187 -29.8847 3.49108 0.245229
91.5187 -29.8847 3.49108 0.245229
91.3744 -29.8694 3.48841 0.180972
91.621 -29.8308 3.48633 0.0802645
91.5383 -29.7051 3.48608 0.0651147
91.2372 -29.8644 3.49155 0.0181151
91.38 -29.6679 3.49667 0.0169656
91.5187 -29.8847 3.49108 0.245229
91.5187 -29.8847 3.49108 0.245229
91.3744 -29.8694 3.48841 0.180972
91.3744 -29.8694 3.48841 0.180972
91.3744 -29.8694 3.48841 0.180972
91.3868 -29.8194 3.48589 0.104045
91.5187 -29.8847 3.49108 0.245229
91.5187 -29.8847 3.49108 0.245229
91.3744 -29.8694 3.48841 0.180972
91.6604 -29.6191 3.49635 0.015002
91.3868 -29.8194 3.48589 0.104045
91.2372 -29.8644 3.49155 0.0181151
91.38 -29.6679 3.49667 0.0169656
91.6117 -30.033 3.49038 0.0238822
91.5733 -30.052 3.49119 0.0174036
91.3744 -29.8694 3.48841 0.180972
91.2372 -29.8644 3.49155 0.0181151
91.3569 -29.6832 3.4905 0.117362
91.3868 -29.8194 3.48589 0.104045
91.4968 -29.9669 3.49397 0.0276467
91.6866 -29.8878 3.49402 0.0237562
91.3868 -29.8194 3.48589 0.104045
91.5383 -29.7051 3.48608 0.0651147
91.5187 -29.8847 3.49108 0.245229
91.3569 -29.6832 3.4905 0.117362
91.3569 -29.6832 3.4905 0.117362
91.3569 -29.6832 3.4905 0.117362
91.3868 -29.8194 3.48589 0.104045
91.5383 -29.7051 3.48608 0.0651147
91.3569 -29.6832 3.4905 0.117362
91.3868 -29.8194 3.48589 0.104045
91.621 -29.8308 3.48633 0.0802645
91.5187 -29.8847 3.49108 0.245229
91.5187 -29.8847 3.49108 0.245229
91.5733 -30.052 3.49119 0.0174036
91.5383 -29.7051 3.48608 0.0651147
91.3569 -29.6832 3.4905 0.117362
91.3569 -29.6832 3.4905 0.117362
91.621 -29.8308 3.48633 0.0802645
91.5187 -29.8847 3.49108 0.245229
91.6117 -30.033 3.49038 0.0238822
91.3569 -29.6832 3.4905 0.117362
91.3868 -29.8194 3.48589 0.104045
91.5187 -29.8847 3.49108 0.245229
91.5187 -29.8847 3.49108 0.245229
91.3569 -29.6832 3.4905 0.117362
91.3868 -29.8194 3.48589 0.104045
91.5187 -29.8847 3.49108 0.245229
91.5187 -29.8847 3.49108 0.245229
91.3569 -29.6832 3.4905 0.117362
91.3868 -29.8194 3.48589 0.104045
91.5187 -29.8847 3.49108 0.245229
91.3744 -29.8694 3.48841 0.180972
91.6337 -29.8797 3.48268 0.0062821
91.4968 -29.9669 3.49397 0.0276467
91.5187 -29.8847 3.49108 0.245229
91.3569 -29.6832 3.4905 0.117362
91.3744 -29.8694 3.48841 0.180972
91.621 -29.8308 3.48633 0.0802645
91.6866 -29.8878 3.49402 0.0237562
91.3569 -29.6832 3.4905 0.117362
91.621 -29.8308 3.48633 0.0802645
91.5187 -29.8847 3.49108 0.245229
91.5187 -29.8847 3.49108 0.245229
91.5187 -29.8847 3.49108 0.245229
91.3569 -29.6832 3.4905 0.117362
91.3744 -29.8694 3.48841 0.180972
91.5383 -29.7051 3.48608 0.0651147
91.5383 -29.7051 3.48608 0.0651147
91.5187 -29.8847 3.49108 0.245229
91.3744 -29.8694 3.48841 0.180972
91.5187 -29.8847 3.49108 0.245229
91.5187 -29.8847 3.49108 0.245229
91.3744 -29.8694 3.48841 0.180972
91.621 -29.8308 3.48633 0.0802645
91.5383 -29.7051 3.48608 0.0651147
91.3569 -29.6832 3.4905 0.117362
91.3868 -29.8194 3.48589 0.104045
