255.785 28.7726 6.27572 0.129331
255.864 28.7197 6.27482 0.609395
255.864 28.7197 6.27482 0.609395
255.864 28.7197 6.27482 0.609395
255.864 28.7197 6.27482 0.609395
255.864 28.7197 6.27482 0.609395
255.864 28.7197 6.27482 0.609395
255.864 28.7197 6.27482 0.609395
255.864 28.7197 6.27482 0.609395
255.864 28.7197 6.27482 0.609395
255.674 28.7532 6.27955 0.0184434
255.864 28.7197 6.27482 0.609395
255.864 28.7197 6.27482 0.609395
255.864 28.7197 6.27482 0.609395
255.864 28.7197 6.27482 0.609395
255.864 28.7197 6.27482 0.609395
255.864 28.7197 6.27482 0.609395
255.864 28.7197 6.27482 0.609395
255.864 28.7197 6.27482 0.609395
255.864 28.7197 6.27482 0.609395
255.63 28.7204 6.28221 0.00901925
255.785 28.7726 6.27572 0.129331
255.864 28.7197 6.27482 0.609395
255.864 28.7197 6.27482 0.609395
255.864 28.7197 6.27482 0.609395
255.864 28.7197 6.27482 0.609395
255.864 28.7197 6.27482 0.609395
255.864 28.7197 6.27482 0.609395
255.785 28.7726 6.27572 0.129331
255.864 28.7197 6.27482 0.609395
255.864 28.7197 6.27482 0.609395
255.864 28.7197 6.27482 0.609395
255.864 28.7197 6.27482 0.609395
255.864 28.7197 6.27482 0.609395
255.864 28.7197 6.27482 0.609395
255.864 28.7197 6.27482 0.609395
255.709 28.6655 6.28561 0.0866933
255.785 28.7726 6.27572 0.129331
255.864 28.7197 6.27482 0.609395
255.864 28.7197 6.27482 0.609395
255.864 28.7197 6.27482 0.609395
255.864 28.7197 6.27482 0.609395
255.864 28.7197 6.27482 0.609395
255.808 28.8699 6.2719 0.0259861
255.702 28.4228 6.28731 0.0309234
255.864 28.7197 6.27482 0.609395
255.864 28.7197 6.27482 0.609395
255.864 28.7197 6.27482 0.609395
255.709 28.6655 6.28561 0.0866933
255.864 28.7197 6.27482 0.609395
255.864 28.7197 6.27482 0.609395
255.864 28.7197 6.27482 0.609395
255.864 28.7197 6.27482 0.609395
255.864 28.7197 6.27482 0.609395
255.864 28.7197 6.27482 0.609395
255.806 28.9058 6.28222 0.0234491
255.702 28.4228 6.28731 0.0309234
255.864 28.7197 6.27482 0.609395
255.864 28.7197 6.27482 0.609395
255.864 28.7197 6.27482 0.609395
255.785 28.7726 6.27572 0.129331
255.864 28.7197 6.27482 0.609395
255.674 28.7532 6.27955 0.0184434
255.785 28.7726 6.27572 0.129331
255.864 28.7197 6.27482 0.609395
255.864 28.7197 6.27482 0.609395
255.864 28.7197 6.27482 0.609395
255.864 28.7197 6.27482 0.609395
255.785 28.7726 6.27572 0.129331
255.864 28.7197 6.27482 0.609395
255.709 28.6655 6.28561 0.0866933
255.785 28.7726 6.27572 0.129331
255.864 28.7197 6.27482 0.609395
255.709 28.6655 6.28561 0.0866933
255.785 28.7726 6.27572 0.129331
255.785 28.7726 6.27572 0.129331
255.864 28.7197 6.27482 0.609395
255.864 28.7197 6.27482 0.609395
255.864 28.7197 6.27482 0.609395
255.864 28.7197 6.27482 0.609395
255.864 28.7197 6.27482 0.609395
255.808 28.8699 6.2719 0.0259861
255.709 28.6655 6.28561 0.0866933
255.864 28.7197 6.27482 0.609395
255.808 28.8699 6.2719 0.0259861
255.864 28.7197 6.27482 0.609395
255.709 28.6655 6.28561 0.0866933
255.864 28.7197 6.27482 0.609395
255.709 28.6655 6.28561 0.0866933
255.864 28.7197 6.27482 0.609395
255.864 28.7197 6.27482 0.609395
255.864 28.7197 6.27482 0.609395
255.785 28.7726 6.27572 0.129331
255.702 28.4228 6.28731 0.0309234
255.719 28.7257 6.27626 0.0344652
255.709 28.6655 6.28561 0.0866933
255.785 28.7726 6.27572 0.129331
255.864 28.7197 6.27482 0.609395
255.864 28.7197 6.27482 0.609395
255.864 28.7197 6.27482 0.609395
