269.702 25.0098 5.78377 0.231188
269.869 24.9784 5.77143 0.0752849
269.89 24.8065 5.77427 0.173925
269.702 25.0098 5.78377 0.231188
269.867 24.864 5.77291 0.239232
269.603 25.0724 5.78122 0.167805
269.895 24.5944 5.76659 0.00428103
269.702 25.0098 5.78377 0.231188
269.603 25.0724 5.78122 0.167805
269.737 24.8839 5.76251 0.00885896
269.702 25.0098 5.78377 0.231188
269.603 25.0724 5.78122 0.167805
269.89 24.8065 5.77427 0.173925
269.702 25.0098 5.78377 0.231188
269.702 25.0098 5.78377 0.231188
269.869 24.9784 5.77143 0.0752849
269.867 24.864 5.77291 0.239232
269.603 25.0724 5.78122 0.167805
269.89 24.8065 5.77427 0.173925
269.702 25.0098 5.78377 0.231188
269.867 24.864 5.77291 0.239232
269.603 25.0724 5.78122 0.167805
269.702 25.0098 5.78377 0.231188
269.867 24.864 5.77291 0.239232
269.603 25.0724 5.78122 0.167805
269.737 24.8839 5.76251 0.00885896
269.867 24.864 5.77291 0.239232
269.603 25.0724 5.78122 0.167805
269.89 24.8065 5.77427 0.173925
269.869 24.9784 5.77143 0.0752849
269.867 24.864 5.77291 0.239232
269.603 25.0724 5.78122 0.167805
269.702 25.0098 5.78377 0.231188
269.869 24.9784 5.77143 0.0752849
269.867 24.864 5.77291 0.239232
269.832 25.045 5.78138 0.0427204
269.737 24.8839 5.76251 0.00885896
269.702 25.0098 5.78377 0.231188
269.869 24.9784 5.77143 0.0752849
269.867 24.864 5.77291 0.239232
269.89 24.8065 5.77427 0.173925
269.702 25.0098 5.78377 0.231188
269.867 24.864 5.77291 0.239232
269.867 24.864 5.77291 0.239232
269.89 24.8065 5.77427 0.173925
269.702 25.0098 5.78377 0.231188
269.869 24.9784 5.77143 0.0752849
269.867 24.864 5.77291 0.239232
269.89 24.8065 5.77427 0.173925
269.702 25.0098 5.78377 0.231188
269.867 24.864 5.77291 0.239232
269.89 24.8065 5.77427 0.173925
269.89 24.8065 5.77427 0.173925
269.702 25.0098 5.78377 0.231188
269.869 24.9784 5.77143 0.0752849
269.867 24.864 5.77291 0.239232
269.89 24.8065 5.77427 0.173925
269.702 25.0098 5.78377 0.231188
269.867 24.864 5.77291 0.239232
269.867 24.864 5.77291 0.239232
269.89 24.8065 5.77427 0.173925
269.832 25.045 5.78138 0.0427204
269.832 25.045 5.78138 0.0427204
269.869 24.9784 5.77143 0.0752849
269.867 24.864 5.77291 0.239232
269.603 25.0724 5.78122 0.167805
269.89 24.8065 5.77427 0.173925
269.89 24.8065 5.77427 0.173925
269.89 24.8065 5.77427 0.173925
269.869 24.9784 5.77143 0.0752849
269.867 24.864 5.77291 0.239232
269.603 25.0724 5.78122 0.167805
269.702 25.0098 5.78377 0.231188
269.867 24.864 5.77291 0.239232
269.603 25.0724 5.78122 0.167805
269.89 24.8065 5.77427 0.173925
269.702 25.0098 5.78377 0.231188
269.702 25.0098 5.78377 0.231188
269.867 24.864 5.77291 0.239232
269.89 24.8065 5.77427 0.173925
269.89 24.8065 5.77427 0.173925
269.702 25.0098 5.78377 0.231188
269.702 25.0098 5.78377 0.231188
269.603 25.0724 5.78122 0.167805
269.711 24.8328 5.76367 0.0212948
269.702 25.0098 5.78377 0.231188
269.702 25.0098 5.78377 0.231188
269.867 24.864 5.77291 0.239232
269.867 24.864 5.77291 0.239232
269.832 25.045 5.78138 0.0427204
269.702 25.0098 5.78377 0.231188
269.702 25.0098 5.78377 0.231188
269.702 25.0098 5.78377 0.231188
269.869 24.9784 5.77143 0.0752849
269.867 24.864 5.77291 0.239232
269.89 24.8065 5.77427 0.173925
269.89 24.8065 5.77427 0.173925
269.702 25.0098 5.78377 0.231188
269.702 25.0098 5.78377 0.231188
269.867 24.864 5.77291 0.239232
