73.3621 -40.2243 3.76877 0.460457
73.3621 -40.2243 3.76877 0.460457
73.5468 -40.0454 3.77368 0.08477
73.3621 -40.2243 3.76877 0.460457
73.2984 -40.2499 3.7661 0.211232
73.3621 -40.2243 3.76877 0.460457
73.3621 -40.2243 3.76877 0.460457
73.3621 -40.2243 3.76877 0.460457
73.2984 -40.2499 3.7661 0.211232
73.2984 -40.2499 3.7661 0.211232
73.3621 -40.2243 3.76877 0.460457
73.4223 -40.355 3.75922 0.0491433
73.3621 -40.2243 3.76877 0.460457
73.3621 -40.2243 3.76877 0.460457
73.3621 -40.2243 3.76877 0.460457
73.3621 -40.2243 3.76877 0.460457
73.4223 -40.355 3.75922 0.0491433
73.3621 -40.2243 3.76877 0.460457
73.282 -40.446 3.76292 0.0335449
73.2984 -40.2499 3.7661 0.211232
73.2984 -40.2499 3.7661 0.211232
73.3621 -40.2243 3.76877 0.460457
73.2984 -40.2499 3.7661 0.211232
73.3079 -40.4623 3.76185 0.0348349
73.3621 -40.2243 3.76877 0.460457
73.4223 -40.355 3.75922 0.0491433
73.5468 -40.0454 3.77368 0.08477
73.2984 -40.2499 3.7661 0.211232
73.3621 -40.2243 3.76877 0.460457
73.3621 -40.2243 3.76877 0.460457
73.3796 -40.3209 3.75783 0.010695
73.5468 -40.0454 3.77368 0.08477
73.2984 -40.2499 3.7661 0.211232
73.3621 -40.2243 3.76877 0.460457
73.2984 -40.2499 3.7661 0.211232
73.2984 -40.2499 3.7661 0.211232
73.4223 -40.355 3.75922 0.0491433
73.5468 -40.0454 3.77368 0.08477
73.2984 -40.2499 3.7661 0.211232
73.3445 -40.4741 3.76662 0.0302113
73.5468 -40.0454 3.77368 0.08477
73.4223 -40.355 3.75922 0.0491433
73.3621 -40.2243 3.76877 0.460457
73.4223 -40.355 3.75922 0.0491433
73.3621 -40.2243 3.76877 0.460457
73.3621 -40.2243 3.76877 0.460457
73.2984 -40.2499 3.7661 0.211232
73.2984 -40.2499 3.7661 0.211232
73.2984 -40.2499 3.7661 0.211232
73.2982 -40.4076 3.76855 0.0320244
73.5468 -40.0454 3.77368 0.08477
73.3796 -40.3209 3.75783 0.010695
73.3621 -40.2243 3.76877 0.460457
73.2984 -40.2499 3.7661 0.211232
73.3621 -40.2243 3.76877 0.460457
73.3621 -40.2243 3.76877 0.460457
73.3445 -40.4741 3.76662 0.0302113
73.2984 -40.2499 3.7661 0.211232
73.3621 -40.2243 3.76877 0.460457
73.2984 -40.2499 3.7661 0.211232
73.3621 -40.2243 3.76877 0.460457
73.3621 -40.2243 3.76877 0.460457
73.2984 -40.2499 3.7661 0.211232
73.282 -40.446 3.76292 0.0335449
73.3621 -40.2243 3.76877 0.460457
73.282 -40.446 3.76292 0.0335449
73.3621 -40.2243 3.76877 0.460457
73.3621 -40.2243 3.76877 0.460457
73.2984 -40.2499 3.7661 0.211232
73.4223 -40.355 3.75922 0.0491433
73.5468 -40.0454 3.77368 0.08477
73.3621 -40.2243 3.76877 0.460457
73.2984 -40.2499 3.7661 0.211232
73.2982 -40.4076 3.76855 0.0320244
73.2984 -40.2499 3.7661 0.211232
73.3445 -40.4741 3.76662 0.0302113
73.3621 -40.2243 3.76877 0.460457
73.3621 -40.2243 3.76877 0.460457
73.3621 -40.2243 3.76877 0.460457
73.3621 -40.2243 3.76877 0.460457
73.5794 -40.4617 3.77086 0.00256903
73.3079 -40.4623 3.76185 0.0348349
73.3445 -40.4741 3.76662 0.0302113
73.3621 -40.2243 3.76877 0.460457
73.3621 -40.2243 3.76877 0.460457
73.4223 -40.355 3.75922 0.0491433
73.3621 -40.2243 3.76877 0.460457
73.2984 -40.2499 3.7661 0.211232
73.3621 -40.2243 3.76877 0.460457
73.282 -40.446 3.76292 0.0335449
73.3621 -40.2243 3.76877 0.460457
73.2984 -40.2499 3.7661 0.211232
73.3621 -40.2243 3.76877 0.460457
73.2984 -40.2499 3.7661 0.211232
73.5468 -40.0454 3.77368 0.08477
73.2984 -40.2499 3.7661 0.211232
73.3796 -40.3209 3.75783 0.010695
73.282 -40.446 3.76292 0.0335449
73.3621 -40.2243 3.76877 0.460457
73.2984 -40.2499 3.7661 0.211232
