-35.6747 -74.9007 2.05234 0.0920989
-35.6877 -75.1377 2.05842 0.0137802
-35.7918 -74.6603 2.05007 0.143201
-35.9065 -74.7251 2.0424 0.0245483
-35.9537 -74.6775 2.05163 0.0915989
-35.9537 -74.6775 2.05163 0.0915989
-35.9537 -74.6775 2.05163 0.0915989
-35.6214 -75.1434 2.06085 0.00623683
-35.6747 -74.9007 2.05234 0.0920989
-35.7918 -74.6603 2.05007 0.143201
-35.7431 -74.5744 2.04727 0.0570307
-35.7047 -74.6087 2.04272 0.0125446
-35.8166 -75.009 2.0545 0.0788173
-36.0863 -74.7919 2.04662 0.0268169
-35.6747 -74.9007 2.05234 0.0920989
-35.6747 -74.9007 2.05234 0.0920989
-35.6877 -75.1377 2.05842 0.0137802
-35.7431 -74.5744 2.04727 0.0570307
-35.9537 -74.6775 2.05163 0.0915989
-35.7379 -74.7695 2.04703 0.0809075
-35.7379 -74.7695 2.04703 0.0809075
-35.8166 -75.009 2.0545 0.0788173
-35.671 -75.0741 2.05746 0.0274424
-35.5728 -75.0296 2.05795 0.0168315
-35.534 -74.7242 2.05944 0.00321809
-35.9537 -74.6775 2.05163 0.0915989
-35.9537 -74.6775 2.05163 0.0915989
-35.5847 -74.7938 2.04552 0.00643661
-35.7379 -74.7695 2.04703 0.0809075
-35.6257 -75.0548 2.05753 0.0238052
-35.8453 -74.9527 2.04546 0.0120029
-35.6327 -75.0416 2.05245 0.0178814
-35.6747 -74.9007 2.05234 0.0920989
-35.6877 -75.1377 2.05842 0.0137802
-35.9553 -74.8595 2.0592 0.0139615
-35.9537 -74.6775 2.05163 0.0915989
-35.7379 -74.7695 2.04703 0.0809075
-35.8166 -75.009 2.0545 0.0788173
-35.7876 -74.7932 2.05609 0.101932
-35.6747 -74.9007 2.05234 0.0920989
-35.9065 -74.7251 2.0424 0.0245483
-35.9537 -74.6775 2.05163 0.0915989
-35.7379 -74.7695 2.04703 0.0809075
-35.8166 -75.009 2.0545 0.0788173
-35.5751 -74.6143 2.05534 0.00721475
-35.671 -75.0741 2.05746 0.0274424
-35.6747 -74.9007 2.05234 0.0920989
-35.7431 -74.5744 2.04727 0.0570307
-35.7178 -74.9556 2.05709 0.0775288
-35.7379 -74.7695 2.04703 0.0809075
-36.0863 -74.7919 2.04662 0.0268169
-35.7876 -74.7932 2.05609 0.101932
-35.7918 -74.6603 2.05007 0.143201
-35.9553 -74.8595 2.0592 0.0139615
-35.9065 -74.7251 2.0424 0.0245483
-35.7178 -74.9556 2.05709 0.0775288
-35.7178 -74.9556 2.05709 0.0775288
-35.6257 -75.0548 2.05753 0.0238052
-35.8166 -75.009 2.0545 0.0788173
-35.5506 -75.0005 2.06048 0.00912328
-35.6747 -74.9007 2.05234 0.0920989
-35.7918 -74.6603 2.05007 0.143201
-35.9065 -74.7251 2.0424 0.0245483
-35.7047 -74.6087 2.04272 0.0125446
-35.8166 -75.009 2.0545 0.0788173
-35.6214 -75.1434 2.06085 0.00623683
-35.671 -75.0741 2.05746 0.0274424
-35.6747 -74.9007 2.05234 0.0920989
-35.7918 -74.6603 2.05007 0.143201
-35.7178 -74.9556 2.05709 0.0775288
-35.7379 -74.7695 2.04703 0.0809075
-35.7379 -74.7695 2.04703 0.0809075
-35.7876 -74.7932 2.05609 0.101932
-35.7918 -74.6603 2.05007 0.143201
-35.7178 -74.9556 2.05709 0.0775288
-35.9537 -74.6775 2.05163 0.0915989
-35.6214 -75.1434 2.06085 0.00623683
-35.6747 -74.9007 2.05234 0.0920989
-35.7918 -74.6603 2.05007 0.143201
-35.7178 -74.9556 2.05709 0.0775288
-35.9537 -74.6775 2.05163 0.0915989
-35.8166 -75.009 2.0545 0.0788173
-35.671 -75.0741 2.05746 0.0274424
-35.6327 -75.0416 2.05245 0.0178814
-35.6747 -74.9007 2.05234 0.0920989
-35.7178 -74.9556 2.05709 0.0775288
-35.9358 -74.5962 2.05627 0.00680824
-35.4873 -75.0779 2.05579 0.00318832
-35.6747 -74.9007 2.05234 0.0920989
-35.9553 -74.8595 2.0592 0.0139615
-35.7178 -74.9556 2.05709 0.0775288
-35.7047 -74.6087 2.04272 0.0125446
-35.6257 -75.0548 2.05753 0.0238052
-35.7876 -74.7932 2.05609 0.101932
-35.7918 -74.6603 2.05007 0.143201
-35.7918 -74.6603 2.05007 0.143201
-35.7918 -74.6603 2.05007 0.143201
-35.7918 -74.6603 2.05007 0.143201
-35.7918 -74.6603 2.05007 0.143201
-35.9628 -74.9289 2.04241 0.00229136
