274.872 -5.4338 4.22288 0.185147
275.142 -5.43806 4.2351 0.0685375
274.64 -5.13846 4.21818 0.0170661
274.872 -5.4338 4.22288 0.185147
274.931 -5.38891 4.23137 0.218331
274.9 -5.18717 4.22136 0.0433956
274.898 -5.26166 4.22526 0.230274
274.872 -5.4338 4.22288 0.185147
274.931 -5.38891 4.23137 0.218331
274.898 -5.26166 4.22526 0.230274
274.872 -5.4338 4.22288 0.185147
274.931 -5.38891 4.23137 0.218331
275.142 -5.43806 4.2351 0.0685375
274.898 -5.26166 4.22526 0.230274
274.872 -5.4338 4.22288 0.185147
275.26 -5.41491 4.24388 0.0080008
274.931 -5.38891 4.23137 0.218331
274.931 -5.38891 4.23137 0.218331
275.142 -5.43806 4.2351 0.0685375
274.898 -5.26166 4.22526 0.230274
274.872 -5.4338 4.22288 0.185147
275.362 -5.34015 4.24399 0.00670109
275.142 -5.43806 4.2351 0.0685375
275.399 -5.34548 4.23685 0.00256272
274.872 -5.4338 4.22288 0.185147
274.931 -5.38891 4.23137 0.218331
274.898 -5.26166 4.22526 0.230274
274.99 -5.15898 4.23079 0.0876971
274.931 -5.38891 4.23137 0.218331
275.142 -5.43806 4.2351 0.0685375
275.243 -5.30987 4.24717 0.00335901
274.64 -5.13846 4.21818 0.0170661
274.87 -5.39438 4.23701 0.0127237
274.931 -5.38891 4.23137 0.218331
274.898 -5.26166 4.22526 0.230274
274.99 -5.15898 4.23079 0.0876971
274.872 -5.4338 4.22288 0.185147
274.931 -5.38891 4.23137 0.218331
274.898 -5.26166 4.22526 0.230274
274.872 -5.4338 4.22288 0.185147
274.931 -5.38891 4.23137 0.218331
274.931 -5.38891 4.23137 0.218331
274.898 -5.26166 4.22526 0.230274
275.24 -5.09998 4.236 0.00711841
274.931 -5.38891 4.23137 0.218331
274.931 -5.38891 4.23137 0.218331
274.898 -5.26166 4.22526 0.230274
274.898 -5.26166 4.22526 0.230274
275.192 -5.43512 4.24071 0.021006
274.872 -5.4338 4.22288 0.185147
274.931 -5.38891 4.23137 0.218331
274.9 -5.18717 4.22136 0.0433956
274.99 -5.15898 4.23079 0.0876971
274.872 -5.4338 4.22288 0.185147
274.872 -5.4338 4.22288 0.185147
274.931 -5.38891 4.23137 0.218331
274.898 -5.26166 4.22526 0.230274
274.872 -5.4338 4.22288 0.185147
274.931 -5.38891 4.23137 0.218331
274.931 -5.38891 4.23137 0.218331
274.931 -5.38891 4.23137 0.218331
274.898 -5.26166 4.22526 0.230274
274.872 -5.4338 4.22288 0.185147
274.87 -5.39438 4.23701 0.0127237
275.142 -5.43806 4.2351 0.0685375
274.99 -5.15898 4.23079 0.0876971
275.165 -5.15135 4.23666 0.0325726
274.931 -5.38891 4.23137 0.218331
274.898 -5.26166 4.22526 0.230274
274.898 -5.26166 4.22526 0.230274
274.872 -5.4338 4.22288 0.185147
274.872 -5.4338 4.22288 0.185147
274.9 -5.18717 4.22136 0.0433956
274.9 -5.18717 4.22136 0.0433956
274.898 -5.26166 4.22526 0.230274
274.872 -5.4338 4.22288 0.185147
274.931 -5.38891 4.23137 0.218331
275.142 -5.43806 4.2351 0.0685375
274.99 -5.15898 4.23079 0.0876971
274.872 -5.4338 4.22288 0.185147
274.931 -5.38891 4.23137 0.218331
274.898 -5.26166 4.22526 0.230274
274.898 -5.26166 4.22526 0.230274
274.872 -5.4338 4.22288 0.185147
274.931 -5.38891 4.23137 0.218331
274.898 -5.26166 4.22526 0.230274
274.898 -5.26166 4.22526 0.230274
274.872 -5.4338 4.22288 0.185147
274.9 -5.18717 4.22136 0.0433956
274.99 -5.15898 4.23079 0.0876971
275.192 -5.43512 4.24071 0.021006
274.872 -5.4338 4.22288 0.185147
275.165 -5.15135 4.23666 0.0325726
275.142 -5.43806 4.2351 0.0685375
274.721 -5.12545 4.22777 0.0152809
274.898 -5.26166 4.22526 0.230274
274.872 -5.4338 4.22288 0.185147
275.165 -5.15135 4.23666 0.0325726
275.142 -5.43806 4.2351 0.0685375
274.898 -5.26166 4.22526 0.230274
