-39.7448 -62.3256 1.74039 0.00642576
-40.0073 -62.377 1.73994 0.145323
-40.0073 -62.377 1.73994 0.145323
-39.9623 -62.3189 1.74594 0.184404
-39.7657 -62.3324 1.74127 0.0140003
-40.2044 -62.1866 1.73433 0.0378751
-40.0073 -62.377 1.73994 0.145323
-39.8853 -62.1306 1.73933 0.0356044
-39.9142 -62.372 1.74362 0.157746
-39.8058 -62.3908 1.74189 0.0265197
-39.7448 -62.3256 1.74039 0.00642576
-39.872 -62.1203 1.74583 0.0259528
-39.9623 -62.3189 1.74594 0.184404
-39.9142 -62.372 1.74362 0.157746
-39.9142 -62.372 1.74362 0.157746
-40.0141 -62.5848 1.74017 0.00801414
-40.1892 -62.3903 1.73865 0.0835822
-39.872 -62.1203 1.74583 0.0259528
-40.0073 -62.377 1.73994 0.145323
-40.0971 -62.4826 1.73858 0.0327463
-39.9142 -62.372 1.74362 0.157746
-40.0096 -62.1385 1.74072 0.146783
-39.9144 -62.0412 1.74313 0.0199903
-40.2044 -62.1866 1.73433 0.0378751
-39.8853 -62.1306 1.73933 0.0356044
-39.9142 -62.372 1.74362 0.157746
-39.9142 -62.372 1.74362 0.157746
-40.0141 -62.5848 1.74017 0.00801414
-40.1892 -62.3903 1.73865 0.0835822
-39.7657 -62.3324 1.74127 0.0140003
-40.0096 -62.1385 1.74072 0.146783
-40.0096 -62.1385 1.74072 0.146783
-39.872 -62.1203 1.74583 0.0259528
-39.9623 -62.3189 1.74594 0.184404
-39.9142 -62.372 1.74362 0.157746
-40.0096 -62.1385 1.74072 0.146783
-40.0073 -62.377 1.73994 0.145323
-39.9623 -62.3189 1.74594 0.184404
-39.9142 -62.372 1.74362 0.157746
-40.0096 -62.1385 1.74072 0.146783
-40.0073 -62.377 1.73994 0.145323
-40.0971 -62.4826 1.73858 0.0327463
-39.9623 -62.3189 1.74594 0.184404
-39.9623 -62.3189 1.74594 0.184404
-40.1892 -62.3903 1.73865 0.0835822
-39.8613 -62.0294 1.73576 0.00199011
-40.0096 -62.1385 1.74072 0.146783
-39.872 -62.1203 1.74583 0.0259528
-39.9623 -62.3189 1.74594 0.184404
-40.1892 -62.3903 1.73865 0.0835822
-40.0096 -62.1385 1.74072 0.146783
-40.0073 -62.377 1.73994 0.145323
-39.8853 -62.1306 1.73933 0.0356044
-39.9623 -62.3189 1.74594 0.184404
-39.9623 -62.3189 1.74594 0.184404
-39.9142 -62.372 1.74362 0.157746
-40.1892 -62.3903 1.73865 0.0835822
-39.872 -62.1203 1.74583 0.0259528
-39.9623 -62.3189 1.74594 0.184404
-40.1892 -62.3903 1.73865 0.0835822
-39.963 -62.1175 1.73641 0.0290797
-40.0073 -62.377 1.73994 0.145323
-39.9142 -62.372 1.74362 0.157746
-39.9142 -62.372 1.74362 0.157746
-39.9363 -61.9495 1.73878 0.0046149
-39.963 -62.1175 1.73641 0.0290797
-40.0971 -62.4826 1.73858 0.0327463
-39.9142 -62.372 1.74362 0.157746
-39.8058 -62.3908 1.74189 0.0265197
-40.0073 -62.377 1.73994 0.145323
-40.0971 -62.4826 1.73858 0.0327463
-39.9623 -62.3189 1.74594 0.184404
-40.1892 -62.3903 1.73865 0.0835822
-40.1892 -62.3903 1.73865 0.0835822
-39.8613 -62.0294 1.73576 0.00199011
-40.2044 -62.1866 1.73433 0.0378751
-40.0073 -62.377 1.73994 0.145323
-39.9623 -62.3189 1.74594 0.184404
-39.9623 -62.3189 1.74594 0.184404
-39.7657 -62.3324 1.74127 0.0140003
-39.872 -62.1203 1.74583 0.0259528
-40.0073 -62.377 1.73994 0.145323
-40.0073 -62.377 1.73994 0.145323
-39.9623 -62.3189 1.74594 0.184404
-39.9142 -62.372 1.74362 0.157746
-39.8058 -62.3908 1.74189 0.0265197
-40.2044 -62.1866 1.73433 0.0378751
-40.0073 -62.377 1.73994 0.145323
-39.9142 -62.372 1.74362 0.157746
-40.0096 -62.1385 1.74072 0.146783
-40.2044 -62.1866 1.73433 0.0378751
-39.9623 -62.3189 1.74594 0.184404
-39.9142 -62.372 1.74362 0.157746
-40.0096 -62.1385 1.74072 0.146783
-40.0073 -62.377 1.73994 0.145323
-40.0073 -62.377 1.73994 0.145323
-39.9623 -62.3189 1.74594 0.184404
-39.8058 -62.3908 1.74189 0.0265197
-39.9144 -62.0412 1.74313 0.0199903
-40.0073 -62.377 1.73994 0.145323
