216.548 -11.7848 2.9729 0.541385
216.624 -11.5132 2.97948 0.139688
216.843 -11.7791 2.97439 0.0473055
216.548 -11.7848 2.9729 0.541385
216.548 -11.7848 2.9729 0.541385
216.548 -11.7848 2.9729 0.541385
216.548 -11.7848 2.9729 0.541385
216.624 -11.5132 2.97948 0.139688
216.624 -11.5132 2.97948 0.139688
216.548 -11.7848 2.9729 0.541385
216.866 -11.5456 2.982 0.0389509
216.624 -11.5132 2.97948 0.139688
216.548 -11.7848 2.9729 0.541385
216.548 -11.7848 2.9729 0.541385
216.548 -11.7848 2.9729 0.541385
216.674 -11.4507 2.97834 0.096933
216.667 -11.4104 2.98025 0.0302748
216.548 -11.7848 2.9729 0.541385
216.548 -11.7848 2.9729 0.541385
216.548 -11.7848 2.9729 0.541385
216.548 -11.7848 2.9729 0.541385
216.548 -11.7848 2.9729 0.541385
216.548 -11.7848 2.9729 0.541385
216.548 -11.7848 2.9729 0.541385
216.548 -11.7848 2.9729 0.541385
216.548 -11.7848 2.9729 0.541385
216.728 -11.4248 2.97798 0.0569904
216.624 -11.5132 2.97948 0.139688
216.548 -11.7848 2.9729 0.541385
216.548 -11.7848 2.9729 0.541385
216.843 -11.7791 2.97439 0.0473055
216.667 -11.4104 2.98025 0.0302748
216.548 -11.7848 2.9729 0.541385
216.624 -11.5132 2.97948 0.139688
216.624 -11.5132 2.97948 0.139688
216.548 -11.7848 2.9729 0.541385
216.548 -11.7848 2.9729 0.541385
216.548 -11.7848 2.9729 0.541385
216.548 -11.7848 2.9729 0.541385
216.548 -11.7848 2.9729 0.541385
216.548 -11.7848 2.9729 0.541385
216.548 -11.7848 2.9729 0.541385
216.624 -11.5132 2.97948 0.139688
216.624 -11.5132 2.97948 0.139688
216.624 -11.5132 2.97948 0.139688
216.548 -11.7848 2.9729 0.541385
216.548 -11.7848 2.9729 0.541385
216.548 -11.7848 2.9729 0.541385
216.624 -11.5132 2.97948 0.139688
216.548 -11.7848 2.9729 0.541385
216.548 -11.7848 2.9729 0.541385
216.548 -11.7848 2.9729 0.541385
216.548 -11.7848 2.9729 0.541385
216.667 -11.4104 2.98025 0.0302748
216.966 -11.5063 2.97662 0.0045094
216.548 -11.7848 2.9729 0.541385
216.548 -11.7848 2.9729 0.541385
216.624 -11.5132 2.97948 0.139688
216.548 -11.7848 2.9729 0.541385
216.548 -11.7848 2.9729 0.541385
216.548 -11.7848 2.9729 0.541385
216.667 -11.4104 2.98025 0.0302748
216.667 -11.4104 2.98025 0.0302748
216.624 -11.5132 2.97948 0.139688
216.548 -11.7848 2.9729 0.541385
216.548 -11.7848 2.9729 0.541385
216.548 -11.7848 2.9729 0.541385
216.548 -11.7848 2.9729 0.541385
216.548 -11.7848 2.9729 0.541385
216.315 -11.6848 2.96412 0.0234984
216.624 -11.5132 2.97948 0.139688
216.548 -11.7848 2.9729 0.541385
216.548 -11.7848 2.9729 0.541385
216.624 -11.5132 2.97948 0.139688
216.728 -11.4248 2.97798 0.0569904
216.624 -11.5132 2.97948 0.139688
216.548 -11.7848 2.9729 0.541385
216.624 -11.5132 2.97948 0.139688
216.548 -11.7848 2.9729 0.541385
216.548 -11.7848 2.9729 0.541385
216.548 -11.7848 2.9729 0.541385
216.548 -11.7848 2.9729 0.541385
216.866 -11.5456 2.982 0.0389509
216.548 -11.7848 2.9729 0.541385
216.548 -11.7848 2.9729 0.541385
216.624 -11.5132 2.97948 0.139688
216.548 -11.7848 2.9729 0.541385
216.966 -11.5063 2.97662 0.0045094
216.966 -11.5063 2.97662 0.0045094
216.624 -11.5132 2.97948 0.139688
216.548 -11.7848 2.9729 0.541385
216.548 -11.7848 2.9729 0.541385
216.624 -11.5132 2.97948 0.139688
216.548 -11.7848 2.9729 0.541385
216.548 -11.7848 2.9729 0.541385
216.624 -11.5132 2.97948 0.139688
216.624 -11.5132 2.97948 0.139688
216.548 -11.7848 2.9729 0.541385
216.548 -11.7848 2.9729 0.541385
216.548 -11.7848 2.9729 0.541385
