45.2667 -68.1538 3.93714 0.028836
45.2861 -68.1843 3.93863 0.033771
44.8984 -68.2661 3.92721 0.00263459
45.2012 -68.4391 3.93313 0.099441
45.151 -68.2777 3.94052 0.0265121
45.3679 -68.3372 3.93516 0.0333726
45.1882 -68.2451 3.93394 0.119796
45.0285 -68.382 3.93383 0.0652612
45.2667 -68.1538 3.93714 0.028836
45.2012 -68.4391 3.93313 0.099441
45.1657 -68.3807 3.93564 0.152451
45.1882 -68.2451 3.93394 0.119796
45.1535 -68.4291 3.93179 0.102001
45.0971 -68.0717 3.93501 0.00439661
45.2176 -68.2664 3.93343 0.118428
45.1657 -68.3807 3.93564 0.152451
45.3679 -68.3372 3.93516 0.0333726
45.1882 -68.2451 3.93394 0.119796
45.0752 -68.2269 3.92884 0.021948
45.2667 -68.1538 3.93714 0.028836
45.1265 -68.461 3.92893 0.0342674
45.2012 -68.4391 3.93313 0.099441
45.151 -68.2777 3.94052 0.0265121
45.1657 -68.3807 3.93564 0.152451
45.1882 -68.2451 3.93394 0.119796
45.0752 -68.2269 3.92884 0.021948
45.1535 -68.4291 3.93179 0.102001
45.2012 -68.4391 3.93313 0.099441
45.2012 -68.4391 3.93313 0.099441
45.1657 -68.3807 3.93564 0.152451
45.1882 -68.2451 3.93394 0.119796
45.1882 -68.2451 3.93394 0.119796
45.0285 -68.382 3.93383 0.0652612
45.1535 -68.4291 3.93179 0.102001
45.2012 -68.4391 3.93313 0.099441
45.2012 -68.4391 3.93313 0.099441
45.2176 -68.2664 3.93343 0.118428
45.1657 -68.3807 3.93564 0.152451
45.313 -68.3913 3.93978 0.0343931
45.1882 -68.2451 3.93394 0.119796
45.1535 -68.4291 3.93179 0.102001
45.2012 -68.4391 3.93313 0.099441
45.151 -68.2777 3.94052 0.0265121
45.1657 -68.3807 3.93564 0.152451
45.3679 -68.3372 3.93516 0.0333726
45.1882 -68.2451 3.93394 0.119796
45.1535 -68.4291 3.93179 0.102001
45.2012 -68.4391 3.93313 0.099441
45.2176 -68.2664 3.93343 0.118428
45.2367 -68.4865 3.93293 0.043596
45.1882 -68.2451 3.93394 0.119796
45.1535 -68.4291 3.93179 0.102001
45.2176 -68.2664 3.93343 0.118428
45.1657 -68.3807 3.93564 0.152451
45.1882 -68.2451 3.93394 0.119796
45.1535 -68.4291 3.93179 0.102001
45.2012 -68.4391 3.93313 0.099441
45.2012 -68.4391 3.93313 0.099441
45.2176 -68.2664 3.93343 0.118428
45.2367 -68.4865 3.93293 0.043596
45.0285 -68.382 3.93383 0.0652612
45.1265 -68.461 3.92893 0.0342674
45.2176 -68.2664 3.93343 0.118428
45.2176 -68.2664 3.93343 0.118428
45.1657 -68.3807 3.93564 0.152451
45.313 -68.3913 3.93978 0.0343931
45.0285 -68.382 3.93383 0.0652612
45.1265 -68.461 3.92893 0.0342674
45.2012 -68.4391 3.93313 0.099441
45.1657 -68.3807 3.93564 0.152451
45.2367 -68.4865 3.93293 0.043596
45.1535 -68.4291 3.93179 0.102001
45.1535 -68.4291 3.93179 0.102001
45.1265 -68.461 3.92893 0.0342674
45.2012 -68.4391 3.93313 0.099441
45.2012 -68.4391 3.93313 0.099441
45.2176 -68.2664 3.93343 0.118428
44.8231 -68.3923 3.92489 0.000369203
45.0752 -68.2269 3.92884 0.021948
45.1535 -68.4291 3.93179 0.102001
45.1265 -68.461 3.92893 0.0342674
45.2176 -68.2664 3.93343 0.118428
45.1657 -68.3807 3.93564 0.152451
45.3679 -68.3372 3.93516 0.0333726
45.0285 -68.382 3.93383 0.0652612
45.1265 -68.461 3.92893 0.0342674
45.151 -68.2777 3.94052 0.0265121
45.1657 -68.3807 3.93564 0.152451
45.1882 -68.2451 3.93394 0.119796
45.0285 -68.382 3.93383 0.0652612
45.2861 -68.1843 3.93863 0.033771
45.2012 -68.4391 3.93313 0.099441
45.151 -68.2777 3.94052 0.0265121
45.3679 -68.3372 3.93516 0.0333726
45.1882 -68.2451 3.93394 0.119796
45.4152 -68.2058 3.93691 0.00813035
45.2176 -68.2664 3.93343 0.118428
45.1657 -68.3807 3.93564 0.152451
45.1882 -68.2451 3.93394 0.119796
45.0285 -68.382 3.93383 0.0652612
