158.782 -13.1126 3.31101 0.0110362
158.356 -13.3869 3.30447 0.0756643
158.699 -13.2509 3.30771 0.0633898
158.644 -13.4736 3.30616 0.0224153
158.573 -13.2716 3.31087 0.172512
158.366 -13.401 3.30222 0.0424893
158.543 -13.3506 3.30282 0.0454982
158.699 -13.2509 3.30771 0.0633898
158.437 -13.5576 3.30445 0.00889322
158.28 -13.2193 3.30319 0.0666757
158.573 -13.2716 3.31087 0.172512
158.743 -13.2954 3.31337 0.0717377
158.398 -13.3191 3.3012 0.0582907
158.398 -13.3191 3.3012 0.0582907
158.356 -13.3869 3.30447 0.0756643
158.399 -13.3684 3.30311 0.0785192
158.28 -13.2193 3.30319 0.0666757
158.573 -13.2716 3.31087 0.172512
158.573 -13.2716 3.31087 0.172512
158.356 -13.3869 3.30447 0.0756643
158.699 -13.2509 3.30771 0.0633898
158.381 -13.072 3.30208 0.0374606
158.573 -13.2716 3.31087 0.172512
158.657 -13.5833 3.31297 0.0164996
158.356 -13.3869 3.30447 0.0756643
158.356 -13.3869 3.30447 0.0756643
158.637 -13.3907 3.32021 0.00461674
158.28 -13.2193 3.30319 0.0666757
158.573 -13.2716 3.31087 0.172512
158.366 -13.401 3.30222 0.0424893
158.83 -13.4719 3.30984 0.00695383
158.618 -13.4176 3.31335 0.097613
158.28 -13.2193 3.30319 0.0666757
158.657 -13.5833 3.31297 0.0164996
158.743 -13.2954 3.31337 0.0717377
158.743 -13.2954 3.31337 0.0717377
158.728 -13.1557 3.30547 0.0119261
158.699 -13.2509 3.30771 0.0633898
158.399 -13.3684 3.30311 0.0785192
158.269 -13.4187 3.29975 0.0102617
158.618 -13.4176 3.31335 0.097613
158.618 -13.4176 3.31335 0.097613
158.618 -13.4176 3.31335 0.097613
158.573 -13.2716 3.31087 0.172512
158.743 -13.2954 3.31337 0.0717377
158.366 -13.401 3.30222 0.0424893
158.543 -13.3506 3.30282 0.0454982
158.699 -13.2509 3.30771 0.0633898
158.666 -13.4887 3.31973 0.0060147
158.573 -13.2716 3.31087 0.172512
158.743 -13.2954 3.31337 0.0717377
158.543 -13.3506 3.30282 0.0454982
158.911 -13.2948 3.31517 0.00863262
158.356 -13.3869 3.30447 0.0756643
158.83 -13.4719 3.30984 0.00695383
158.618 -13.4176 3.31335 0.097613
158.573 -13.2716 3.31087 0.172512
158.366 -13.401 3.30222 0.0424893
158.543 -13.3506 3.30282 0.0454982
158.399 -13.3684 3.30311 0.0785192
158.618 -13.4176 3.31335 0.097613
158.717 -13.7752 3.31614 0.00018376
158.573 -13.2716 3.31087 0.172512
158.657 -13.5833 3.31297 0.0164996
158.728 -13.1557 3.30547 0.0119261
158.356 -13.3869 3.30447 0.0756643
158.618 -13.4176 3.31335 0.097613
158.28 -13.2193 3.30319 0.0666757
158.573 -13.2716 3.31087 0.172512
158.573 -13.2716 3.31087 0.172512
158.743 -13.2954 3.31337 0.0717377
158.398 -13.3191 3.3012 0.0582907
158.782 -13.1126 3.31101 0.0110362
158.399 -13.3684 3.30311 0.0785192
158.618 -13.4176 3.31335 0.097613
158.403 -13.5853 3.31007 0.00732844
158.573 -13.2716 3.31087 0.172512
158.743 -13.2954 3.31337 0.0717377
158.366 -13.401 3.30222 0.0424893
158.543 -13.3506 3.30282 0.0454982
158.356 -13.3869 3.30447 0.0756643
158.618 -13.4176 3.31335 0.097613
158.618 -13.4176 3.31335 0.097613
158.573 -13.2716 3.31087 0.172512
158.573 -13.2716 3.31087 0.172512
158.17 -13.4382 3.3025 0.00514613
158.57 -13.5946 3.30839 0.010722
158.782 -13.1126 3.31101 0.0110362
158.269 -13.4187 3.29975 0.0102617
158.644 -13.4736 3.30616 0.0224153
158.978 -13.3783 3.31529 0.00284061
158.356 -13.3869 3.30447 0.0756643
158.618 -13.4176 3.31335 0.097613
158.644 -13.4736 3.30616 0.0224153
158.573 -13.2716 3.31087 0.172512
158.743 -13.2954 3.31337 0.0717377
158.27 -13.1749 3.2991 0.0300601
158.637 -13.3907 3.32021 0.00461674
158.573 -13.2716 3.31087 0.172512
158.573 -13.2716 3.31087 0.172512
