99.1602 17.3841 0.0671321 0.0653914
99.0697 17.5066 0.0747105 0.0614705
99.1242 17.5297 0.073081 0.0894512
99.4817 17.6549 0.0727367 0.0138635
99.3485 17.3763 0.0786687 0.0645355
99.3329 17.4919 0.0669856 0.121322
99.5005 17.5337 0.074598 0.0286496
99.1602 17.3841 0.0671321 0.0653914
99.0868 17.6447 0.0754803 0.0160172
99.1242 17.5297 0.073081 0.0894512
99.2328 17.4003 0.0625549 0.0151881
99.3485 17.3763 0.0786687 0.0645355
99.3329 17.4919 0.0669856 0.121322
99.3715 17.4294 0.0667347 0.132442
99.1602 17.3841 0.0671321 0.0653914
99.1242 17.5297 0.073081 0.0894512
99.1242 17.5297 0.073081 0.0894512
99.5867 17.4368 0.0713187 0.0253126
99.3329 17.4919 0.0669856 0.121322
99.3227 17.7129 0.0684293 0.0144281
99.5005 17.5337 0.074598 0.0286496
99.1602 17.3841 0.0671321 0.0653914
99.0868 17.6447 0.0754803 0.0160172
99.0868 17.6447 0.0754803 0.0160172
99.1561 17.7315 0.07686 0.00463315
99.6505 17.5358 0.0670807 0.00600636
99.3485 17.3763 0.0786687 0.0645355
99.3329 17.4919 0.0669856 0.121322
99.4765 17.3801 0.0804494 0.00658275
98.9595 17.3708 0.0687528 0.0059274
99.1242 17.5297 0.073081 0.0894512
99.1242 17.5297 0.073081 0.0894512
99.3485 17.3763 0.0786687 0.0645355
99.3329 17.4919 0.0669856 0.121322
99.3329 17.4919 0.0669856 0.121322
99.3329 17.4919 0.0669856 0.121322
99.3715 17.4294 0.0667347 0.132442
99.1602 17.3841 0.0671321 0.0653914
99.0868 17.6447 0.0754803 0.0160172
99.2756 17.2556 0.066755 0.0656209
99.112 17.2743 0.0755655 0.0910255
99.3329 17.4919 0.0669856 0.121322
99.3715 17.4294 0.0667347 0.132442
99.3715 17.4294 0.0667347 0.132442
99.0697 17.5066 0.0747105 0.0614705
99.1242 17.5297 0.073081 0.0894512
99.1194 17.6192 0.0652368 0.00574149
99.4817 17.6549 0.0727367 0.0138635
99.2756 17.2556 0.066755 0.0656209
99.3485 17.3763 0.0786687 0.0645355
99.112 17.2743 0.0755655 0.0910255
99.112 17.2743 0.0755655 0.0910255
99.2633 17.329 0.0810313 0.0340037
99.1602 17.3841 0.0671321 0.0653914
99.1242 17.5297 0.073081 0.0894512
99.3513 17.3778 0.0806162 0.0260144
99.112 17.2743 0.0755655 0.0910255
99.112 17.2743 0.0755655 0.0910255
99.3715 17.4294 0.0667347 0.132442
99.6407 17.264 0.0696112 0.00712318
99.1242 17.5297 0.073081 0.0894512
99.2756 17.2556 0.066755 0.0656209
99.3995 17.5611 0.0774904 0.0267815
99.3329 17.4919 0.0669856 0.121322
99.3329 17.4919 0.0669856 0.121322
99.3715 17.4294 0.0667347 0.132442
99.3715 17.4294 0.0667347 0.132442
99.1602 17.3841 0.0671321 0.0653914
99.0697 17.5066 0.0747105 0.0614705
99.0222 17.2811 0.0805564 0.0157864
99.1242 17.5297 0.073081 0.0894512
99.2756 17.2556 0.066755 0.0656209
99.2756 17.2556 0.066755 0.0656209
99.112 17.2743 0.0755655 0.0910255
99.2633 17.329 0.0810313 0.0340037
99.1602 17.3841 0.0671321 0.0653914
99.0222 17.2811 0.0805564 0.0157864
99.2756 17.2556 0.066755 0.0656209
99.3485 17.3763 0.0786687 0.0645355
99.3329 17.4919 0.0669856 0.121322
99.3227 17.7129 0.0684293 0.0144281
99.2633 17.329 0.0810313 0.0340037
99.3715 17.4294 0.0667347 0.132442
99.1242 17.5297 0.073081 0.0894512
99.3513 17.3778 0.0806162 0.0260144
99.3485 17.3763 0.0786687 0.0645355
99.112 17.2743 0.0755655 0.0910255
99.2633 17.329 0.0810313 0.0340037
99.3715 17.4294 0.0667347 0.132442
99.3715 17.4294 0.0667347 0.132442
99.1602 17.3841 0.0671321 0.0653914
99.3513 17.3778 0.0806162 0.0260144
99.3995 17.5611 0.0774904 0.0267815
99.3329 17.4919 0.0669856 0.121322
99.5005 17.5337 0.074598 0.0286496
99.1602 17.3841 0.0671321 0.0653914
99.1602 17.3841 0.0671321 0.0653914
99.1242 17.5297 0.073081 0.0894512
99.3995 17.5611 0.0774904 0.0267815
99.3329 17.4919 0.0669856 0.121322
