99.9584 -28.2258 3.47478 0.229111
99.9584 -28.2258 3.47478 0.229111
99.8002 -28.2915 3.48008 0.0141776
99.9899 -28.3712 3.47627 0.0745167
99.9584 -28.2258 3.47478 0.229111
99.9933 -28.3323 3.47439 0.140985
99.8878 -28.4554 3.46875 0.043995
99.9584 -28.2258 3.47478 0.229111
99.9933 -28.3323 3.47439 0.140985
99.8878 -28.4554 3.46875 0.043995
99.9581 -28.2391 3.47928 0.067397
99.9584 -28.2258 3.47478 0.229111
99.9584 -28.2258 3.47478 0.229111
99.9584 -28.2258 3.47478 0.229111
99.6865 -28.1321 3.46889 0.0362305
99.9352 -28.703 3.46911 0.000503064
99.9623 -28.2723 3.46588 0.0250665
99.9933 -28.3323 3.47439 0.140985
99.8759 -28.4803 3.47508 0.0260127
99.7163 -28.3037 3.47298 0.0796468
99.9933 -28.3323 3.47439 0.140985
99.9126 -28.1175 3.48219 0.0147092
99.9581 -28.2391 3.47928 0.067397
99.8628 -27.9578 3.46808 0.00729339
99.9933 -28.3323 3.47439 0.140985
99.9933 -28.3323 3.47439 0.140985
99.8002 -28.2915 3.48008 0.0141776
99.9581 -28.2391 3.47928 0.067397
99.9584 -28.2258 3.47478 0.229111
99.9398 -28.0663 3.47684 0.111723
99.7163 -28.3037 3.47298 0.0796468
99.9584 -28.2258 3.47478 0.229111
99.9933 -28.3323 3.47439 0.140985
99.9398 -28.0663 3.47684 0.111723
100.204 -28.2583 3.47086 0.0118266
99.9899 -28.3712 3.47627 0.0745167
99.9933 -28.3323 3.47439 0.140985
99.8878 -28.4554 3.46875 0.043995
99.9584 -28.2258 3.47478 0.229111
99.9382 -27.8643 3.47137 0.00441923
99.7163 -28.3037 3.47298 0.0796468
99.9584 -28.2258 3.47478 0.229111
99.9933 -28.3323 3.47439 0.140985
99.6865 -28.1321 3.46889 0.0362305
99.9584 -28.2258 3.47478 0.229111
99.9398 -28.0663 3.47684 0.111723
99.8759 -28.4803 3.47508 0.0260127
99.5391 -28.4488 3.47181 0.00204375
99.7163 -28.3037 3.47298 0.0796468
99.9584 -28.2258 3.47478 0.229111
99.8759 -28.4803 3.47508 0.0260127
99.9581 -28.2391 3.47928 0.067397
99.9899 -28.3712 3.47627 0.0745167
99.9584 -28.2258 3.47478 0.229111
99.9398 -28.0663 3.47684 0.111723
99.9581 -28.2391 3.47928 0.067397
99.9933 -28.3323 3.47439 0.140985
99.9398 -28.0663 3.47684 0.111723
99.9581 -28.2391 3.47928 0.067397
99.9933 -28.3323 3.47439 0.140985
99.6865 -28.1321 3.46889 0.0362305
99.9584 -28.2258 3.47478 0.229111
99.9933 -28.3323 3.47439 0.140985
99.9933 -28.3323 3.47439 0.140985
99.8546 -28.1418 3.46682 0.0375622
99.7163 -28.3037 3.47298 0.0796468
99.9584 -28.2258 3.47478 0.229111
99.9126 -28.1175 3.48219 0.0147092
99.9581 -28.2391 3.47928 0.067397
99.9584 -28.2258 3.47478 0.229111
99.8759 -28.4803 3.47508 0.0260127
99.9899 -28.3712 3.47627 0.0745167
99.9584 -28.2258 3.47478 0.229111
99.9584 -28.2258 3.47478 0.229111
99.8759 -28.4803 3.47508 0.0260127
99.9899 -28.3712 3.47627 0.0745167
99.9584 -28.2258 3.47478 0.229111
99.9933 -28.3323 3.47439 0.140985
99.9398 -28.0663 3.47684 0.111723
99.9581 -28.2391 3.47928 0.067397
99.9584 -28.2258 3.47478 0.229111
99.9584 -28.2258 3.47478 0.229111
99.9398 -28.0663 3.47684 0.111723
99.7163 -28.3037 3.47298 0.0796468
99.9584 -28.2258 3.47478 0.229111
99.9398 -28.0663 3.47684 0.111723
99.8546 -28.1418 3.46682 0.0375622
99.8546 -28.1418 3.46682 0.0375622
99.9581 -28.2391 3.47928 0.067397
99.9584 -28.2258 3.47478 0.229111
99.9584 -28.2258 3.47478 0.229111
99.8759 -28.4803 3.47508 0.0260127
99.8878 -28.4554 3.46875 0.043995
99.7163 -28.3037 3.47298 0.0796468
99.9581 -28.2391 3.47928 0.067397
99.9584 -28.2258 3.47478 0.229111
99.9398 -28.0663 3.47684 0.111723
99.8245 -27.9683 3.48092 0.00695425
99.9584 -28.2258 3.47478 0.229111
99.8759 -28.4803 3.47508 0.0260127
