242.552 -17.0311 2.90526 0.196639
242.502 -17.0363 2.90043 0.0555084
242.545 -16.8858 2.90354 0.14931
242.545 -16.8858 2.90354 0.14931
242.403 -17.0329 2.90409 0.141473
242.566 -16.7034 2.90726 0.0192747
242.552 -17.0311 2.90526 0.196639
242.451 -16.9357 2.90528 0.188985
242.693 -17.0644 2.91698 0.0229958
242.417 -17.3502 2.90379 0.00228357
242.502 -17.0363 2.90043 0.0555084
242.509 -17.2265 2.90852 0.0553792
242.545 -16.8858 2.90354 0.14931
242.552 -17.0311 2.90526 0.196639
242.451 -16.9357 2.90528 0.188985
242.509 -17.2265 2.90852 0.0553792
242.545 -16.8858 2.90354 0.14931
242.606 -17.1838 2.92305 0.000110775
242.456 -17.0353 2.89817 0.0228168
242.451 -16.9357 2.90528 0.188985
242.545 -16.8858 2.90354 0.14931
242.403 -17.0329 2.90409 0.141473
242.29 -17.0319 2.90001 0.0445146
242.552 -17.0311 2.90526 0.196639
242.552 -17.0311 2.90526 0.196639
242.451 -16.9357 2.90528 0.188985
242.545 -16.8858 2.90354 0.14931
242.975 -17.3124 2.91228 0.00194285
242.451 -16.9357 2.90528 0.188985
242.451 -16.9357 2.90528 0.188985
242.502 -17.0363 2.90043 0.0555084
242.403 -17.0329 2.90409 0.141473
242.837 -17.3762 2.91717 0.00527175
242.456 -17.0353 2.89817 0.0228168
242.451 -16.9357 2.90528 0.188985
242.906 -17.1549 2.92075 0.00514326
242.509 -17.2265 2.90852 0.0553792
242.566 -16.7034 2.90726 0.0192747
242.456 -17.0353 2.89817 0.0228168
242.552 -17.0311 2.90526 0.196639
242.451 -16.9357 2.90528 0.188985
242.509 -17.2265 2.90852 0.0553792
242.403 -17.0329 2.90409 0.141473
242.552 -17.0311 2.90526 0.196639
242.451 -16.9357 2.90528 0.188985
242.693 -17.0644 2.91698 0.0229958
242.545 -16.8858 2.90354 0.14931
242.29 -17.0319 2.90001 0.0445146
242.552 -17.0311 2.90526 0.196639
242.552 -17.0311 2.90526 0.196639
242.552 -17.0311 2.90526 0.196639
242.552 -17.0311 2.90526 0.196639
242.509 -17.2265 2.90852 0.0553792
242.403 -17.0329 2.90409 0.141473
242.29 -17.0319 2.90001 0.0445146
242.552 -17.0311 2.90526 0.196639
242.818 -17.3393 2.90839 0.00273889
242.403 -17.0329 2.90409 0.141473
242.552 -17.0311 2.90526 0.196639
242.451 -16.9357 2.90528 0.188985
242.545 -16.8858 2.90354 0.14931
242.545 -16.8858 2.90354 0.14931
242.403 -17.0329 2.90409 0.141473
243.003 -17.1692 2.91589 0.00753182
242.451 -16.9357 2.90528 0.188985
242.417 -17.3502 2.90379 0.00228357
242.403 -17.0329 2.90409 0.141473
242.29 -17.0319 2.90001 0.0445146
242.29 -17.0319 2.90001 0.0445146
242.552 -17.0311 2.90526 0.196639
242.502 -17.0363 2.90043 0.0555084
242.502 -17.0363 2.90043 0.0555084
242.403 -17.0329 2.90409 0.141473
242.552 -17.0311 2.90526 0.196639
242.451 -16.9357 2.90528 0.188985
242.451 -16.9357 2.90528 0.188985
242.545 -16.8858 2.90354 0.14931
242.545 -16.8858 2.90354 0.14931
242.595 -16.836 2.89712 0.00620634
242.451 -16.9357 2.90528 0.188985
242.545 -16.8858 2.90354 0.14931
242.403 -17.0329 2.90409 0.141473
242.595 -16.836 2.89712 0.00620634
242.975 -17.3124 2.91228 0.00194285
242.451 -16.9357 2.90528 0.188985
242.545 -16.8858 2.90354 0.14931
242.29 -17.0319 2.90001 0.0445146
242.595 -16.836 2.89712 0.00620634
242.552 -17.0311 2.90526 0.196639
242.502 -17.0363 2.90043 0.0555084
242.403 -17.0329 2.90409 0.141473
242.552 -17.0311 2.90526 0.196639
242.502 -17.0363 2.90043 0.0555084
242.545 -16.8858 2.90354 0.14931
242.545 -16.8858 2.90354 0.14931
242.566 -16.7034 2.90726 0.0192747
242.451 -16.9357 2.90528 0.188985
242.818 -17.3393 2.90839 0.00273889
242.502 -17.0363 2.90043 0.0555084
242.403 -17.0329 2.90409 0.141473
