215.033 25.8218 0.0784903 0.0260645
214.952 25.9458 0.0727952 0.0185426
215.034 26.0384 0.0767808 0.146707
215.279 26.0402 0.0792686 0.028751
215.092 26.121 0.0738854 0.0804746
215.2 25.9854 0.0748141 0.146248
214.952 25.9458 0.0727952 0.0185426
215.087 26.1562 0.0743193 0.0587871
215.092 26.121 0.0738854 0.0804746
215.058 26.0366 0.075569 0.16227
215.034 26.0384 0.0767808 0.146707
215.071 25.9765 0.0758917 0.176276
215.071 25.9765 0.0758917 0.176276
215.071 25.9765 0.0758917 0.176276
215.092 26.121 0.0738854 0.0804746
215.058 26.0366 0.075569 0.16227
214.952 25.9458 0.0727952 0.0185426
215.071 25.9765 0.0758917 0.176276
215.071 25.9765 0.0758917 0.176276
214.955 26.1358 0.0777559 0.031646
215.218 26.1222 0.0696924 0.00993549
215.058 26.0366 0.075569 0.16227
215.034 26.0384 0.0767808 0.146707
215.071 25.9765 0.0758917 0.176276
215.279 26.0402 0.0792686 0.028751
215.092 26.121 0.0738854 0.0804746
214.955 26.1358 0.0777559 0.031646
215.2 25.9854 0.0748141 0.146248
215.2 25.9854 0.0748141 0.146248
215.058 26.0366 0.075569 0.16227
215.034 26.0384 0.0767808 0.146707
215.071 25.9765 0.0758917 0.176276
215.092 26.121 0.0738854 0.0804746
215.058 26.0366 0.075569 0.16227
215.034 26.0384 0.0767808 0.146707
215.071 25.9765 0.0758917 0.176276
215.279 26.0402 0.0792686 0.028751
215.279 26.0402 0.0792686 0.028751
215.092 26.121 0.0738854 0.0804746
215.2 25.9854 0.0748141 0.146248
215.058 26.0366 0.075569 0.16227
215.058 26.0366 0.075569 0.16227
215.046 25.9087 0.0731792 0.0549485
215.071 25.9765 0.0758917 0.176276
215.092 26.121 0.0738854 0.0804746
215.058 26.0366 0.075569 0.16227
214.952 25.9458 0.0727952 0.0185426
215.087 26.1562 0.0743193 0.0587871
215.071 25.9765 0.0758917 0.176276
215.279 26.0402 0.0792686 0.028751
215.2 25.9854 0.0748141 0.146248
215.034 26.0384 0.0767808 0.146707
215.071 25.9765 0.0758917 0.176276
215.279 26.0402 0.0792686 0.028751
215.2 25.9854 0.0748141 0.146248
215.034 26.0384 0.0767808 0.146707
215.071 25.9765 0.0758917 0.176276
214.955 26.1358 0.0777559 0.031646
215.2 25.9854 0.0748141 0.146248
214.952 25.9458 0.0727952 0.0185426
215.034 26.0384 0.0767808 0.146707
215.034 26.0384 0.0767808 0.146707
215.414 26.0328 0.0722278 0.0035339
215.087 26.1562 0.0743193 0.0587871
215.092 26.121 0.0738854 0.0804746
215.058 26.0366 0.075569 0.16227
215.034 26.0384 0.0767808 0.146707
215.034 26.0384 0.0767808 0.146707
215.071 25.9765 0.0758917 0.176276
215.071 25.9765 0.0758917 0.176276
215.092 26.121 0.0738854 0.0804746
214.955 26.1358 0.0777559 0.031646
215.058 26.0366 0.075569 0.16227
215.046 25.9087 0.0731792 0.0549485
215.092 26.121 0.0738854 0.0804746
215.092 26.121 0.0738854 0.0804746
215.092 26.121 0.0738854 0.0804746
215.058 26.0366 0.075569 0.16227
215.034 26.0384 0.0767808 0.146707
215.046 25.9087 0.0731792 0.0549485
215.279 26.0402 0.0792686 0.028751
215.092 26.121 0.0738854 0.0804746
215.2 25.9854 0.0748141 0.146248
215.2 25.9854 0.0748141 0.146248
215.218 26.1222 0.0696924 0.00993549
215.034 26.0384 0.0767808 0.146707
215.071 25.9765 0.0758917 0.176276
215.092 26.121 0.0738854 0.0804746
215.449 26.0322 0.068428 0.00025753
215.058 26.0366 0.075569 0.16227
215.034 26.0384 0.0767808 0.146707
215.034 26.0384 0.0767808 0.146707
215.071 25.9765 0.0758917 0.176276
215.092 26.121 0.0738854 0.0804746
214.955 26.1358 0.0777559 0.031646
215.058 26.0366 0.075569 0.16227
215.034 26.0384 0.0767808 0.146707
214.938 26.2432 0.0789773 0.00389541
215.279 26.0402 0.0792686 0.028751
215.2 25.9854 0.0748141 0.146248
