133.268 -17.6218 3.39676 0.183506
133.236 -17.3066 3.399 0.0838079
133.236 -17.3066 3.399 0.0838079
133.435 -17.4922 3.39629 0.229988
133.435 -17.4922 3.39629 0.229988
133.435 -17.4922 3.39629 0.229988
133.506 -17.5807 3.39923 0.213083
133.238 -17.5306 3.40545 0.0260949
133.268 -17.6218 3.39676 0.183506
133.435 -17.4922 3.39629 0.229988
133.435 -17.4922 3.39629 0.229988
133.41 -17.2714 3.40883 0.00529205
133.236 -17.3066 3.399 0.0838079
133.435 -17.4922 3.39629 0.229988
133.124 -17.5663 3.40321 0.0114051
133.238 -17.5306 3.40545 0.0260949
133.024 -17.4254 3.39913 0.00716557
133.236 -17.3066 3.399 0.0838079
133.506 -17.5807 3.39923 0.213083
133.213 -17.2664 3.39629 0.0303813
133.325 -17.2953 3.39522 0.0529902
133.435 -17.4922 3.39629 0.229988
133.435 -17.4922 3.39629 0.229988
133.435 -17.4922 3.39629 0.229988
133.693 -17.572 3.3988 0.0119471
133.268 -17.6218 3.39676 0.183506
133.435 -17.4922 3.39629 0.229988
133.435 -17.4922 3.39629 0.229988
133.506 -17.5807 3.39923 0.213083
133.268 -17.6218 3.39676 0.183506
133.435 -17.4922 3.39629 0.229988
133.506 -17.5807 3.39923 0.213083
133.194 -17.4144 3.40375 0.0351064
133.325 -17.2953 3.39522 0.0529902
133.506 -17.5807 3.39923 0.213083
133.268 -17.6218 3.39676 0.183506
133.435 -17.4922 3.39629 0.229988
133.015 -17.3472 3.39273 0.00256751
133.236 -17.3066 3.399 0.0838079
133.435 -17.4922 3.39629 0.229988
133.506 -17.5807 3.39923 0.213083
133.268 -17.6218 3.39676 0.183506
133.435 -17.4922 3.39629 0.229988
133.298 -17.38 3.38987 0.00601431
133.194 -17.4144 3.40375 0.0351064
133.268 -17.6218 3.39676 0.183506
133.435 -17.4922 3.39629 0.229988
133.435 -17.4922 3.39629 0.229988
133.506 -17.5807 3.39923 0.213083
133.268 -17.6218 3.39676 0.183506
133.268 -17.6218 3.39676 0.183506
133.435 -17.4922 3.39629 0.229988
133.506 -17.5807 3.39923 0.213083
133.506 -17.5807 3.39923 0.213083
133.194 -17.4144 3.40375 0.0351064
133.238 -17.5306 3.40545 0.0260949
133.268 -17.6218 3.39676 0.183506
133.435 -17.4922 3.39629 0.229988
133.506 -17.5807 3.39923 0.213083
133.236 -17.3066 3.399 0.0838079
133.325 -17.2953 3.39522 0.0529902
133.435 -17.4922 3.39629 0.229988
133.506 -17.5807 3.39923 0.213083
133.194 -17.4144 3.40375 0.0351064
133.213 -17.2664 3.39629 0.0303813
133.268 -17.6218 3.39676 0.183506
133.268 -17.6218 3.39676 0.183506
133.435 -17.4922 3.39629 0.229988
133.435 -17.4922 3.39629 0.229988
133.506 -17.5807 3.39923 0.213083
133.238 -17.5306 3.40545 0.0260949
133.236 -17.3066 3.399 0.0838079
133.435 -17.4922 3.39629 0.229988
133.435 -17.4922 3.39629 0.229988
133.506 -17.5807 3.39923 0.213083
133.194 -17.4144 3.40375 0.0351064
133.268 -17.6218 3.39676 0.183506
133.435 -17.4922 3.39629 0.229988
133.506 -17.5807 3.39923 0.213083
133.268 -17.6218 3.39676 0.183506
133.268 -17.6218 3.39676 0.183506
133.435 -17.4922 3.39629 0.229988
133.506 -17.5807 3.39923 0.213083
133.506 -17.5807 3.39923 0.213083
133.268 -17.6218 3.39676 0.183506
133.236 -17.3066 3.399 0.0838079
133.435 -17.4922 3.39629 0.229988
133.544 -17.7325 3.39441 0.00532903
133.236 -17.3066 3.399 0.0838079
133.435 -17.4922 3.39629 0.229988
133.435 -17.4922 3.39629 0.229988
133.506 -17.5807 3.39923 0.213083
133.268 -17.6218 3.39676 0.183506
133.268 -17.6218 3.39676 0.183506
133.325 -17.2953 3.39522 0.0529902
133.506 -17.5807 3.39923 0.213083
133.682 -17.2868 3.40591 0.00803113
133.506 -17.5807 3.39923 0.213083
133.506 -17.5807 3.39923 0.213083
133.236 -17.3066 3.399 0.0838079
