65.5726 -45.8538 3.83473 0.136488
65.6048 -45.7828 3.8299 0.284349
65.839 -45.8255 3.83402 0.0306429
65.7036 -45.857 3.82891 0.149537
65.6048 -45.7828 3.8299 0.284349
65.6831 -45.8888 3.8337 0.137605
65.839 -45.8255 3.83402 0.0306429
65.7036 -45.857 3.82891 0.149537
65.5978 -45.6845 3.83418 0.191845
65.6048 -45.7828 3.8299 0.284349
65.5978 -45.6845 3.83418 0.191845
65.5726 -45.8538 3.83473 0.136488
65.6048 -45.7828 3.8299 0.284349
65.6048 -45.7828 3.8299 0.284349
65.839 -45.8255 3.83402 0.0306429
65.839 -45.8255 3.83402 0.0306429
65.5978 -45.6845 3.83418 0.191845
65.5726 -45.8538 3.83473 0.136488
65.6048 -45.7828 3.8299 0.284349
65.5978 -45.6845 3.83418 0.191845
65.5978 -45.6845 3.83418 0.191845
65.5978 -45.6845 3.83418 0.191845
65.6048 -45.7828 3.8299 0.284349
65.5978 -45.6845 3.83418 0.191845
65.5978 -45.6845 3.83418 0.191845
65.6048 -45.7828 3.8299 0.284349
65.6831 -45.8888 3.8337 0.137605
65.7036 -45.857 3.82891 0.149537
65.7036 -45.857 3.82891 0.149537
65.5726 -45.8538 3.83473 0.136488
65.6831 -45.8888 3.8337 0.137605
65.6831 -45.8888 3.8337 0.137605
65.7036 -45.857 3.82891 0.149537
65.5726 -45.8538 3.83473 0.136488
65.6048 -45.7828 3.8299 0.284349
65.6048 -45.7828 3.8299 0.284349
65.3741 -45.8693 3.82866 0.014483
65.6831 -45.8888 3.8337 0.137605
65.8129 -45.9125 3.82807 0.0165599
65.5978 -45.6845 3.83418 0.191845
65.5978 -45.6845 3.83418 0.191845
65.5726 -45.8538 3.83473 0.136488
65.6831 -45.8888 3.8337 0.137605
65.5726 -45.8538 3.83473 0.136488
65.6048 -45.7828 3.8299 0.284349
65.7036 -45.857 3.82891 0.149537
65.5978 -45.6845 3.83418 0.191845
65.6831 -45.8888 3.8337 0.137605
65.6831 -45.8888 3.8337 0.137605
65.839 -45.8255 3.83402 0.0306429
65.7036 -45.857 3.82891 0.149537
65.8129 -45.9125 3.82807 0.0165599
65.6048 -45.7828 3.8299 0.284349
65.6831 -45.8888 3.8337 0.137605
65.7036 -45.857 3.82891 0.149537
65.7036 -45.857 3.82891 0.149537
65.7036 -45.857 3.82891 0.149537
65.6048 -45.7828 3.8299 0.284349
65.6048 -45.7828 3.8299 0.284349
65.6831 -45.8888 3.8337 0.137605
65.7481 -45.6343 3.84292 0.00289687
65.5978 -45.6845 3.83418 0.191845
65.5726 -45.8538 3.83473 0.136488
65.5726 -45.8538 3.83473 0.136488
65.839 -45.8255 3.83402 0.0306429
65.5978 -45.6845 3.83418 0.191845
65.5726 -45.8538 3.83473 0.136488
65.6048 -45.7828 3.8299 0.284349
65.5978 -45.6845 3.83418 0.191845
65.6048 -45.7828 3.8299 0.284349
65.6831 -45.8888 3.8337 0.137605
65.5324 -45.6208 3.84044 0.00720258
65.7036 -45.857 3.82891 0.149537
65.5726 -45.8538 3.83473 0.136488
65.6831 -45.8888 3.8337 0.137605
65.6831 -45.8888 3.8337 0.137605
65.7036 -45.857 3.82891 0.149537
65.3655 -45.7042 3.82951 0.00721277
65.6048 -45.7828 3.8299 0.284349
65.6831 -45.8888 3.8337 0.137605
65.5978 -45.6845 3.83418 0.191845
65.5726 -45.8538 3.83473 0.136488
65.6048 -45.7828 3.8299 0.284349
65.7036 -45.857 3.82891 0.149537
65.5726 -45.8538 3.83473 0.136488
65.5726 -45.8538 3.83473 0.136488
65.7741 -45.9873 3.82359 0.00239122
65.6048 -45.7828 3.8299 0.284349
65.7036 -45.857 3.82891 0.149537
65.5726 -45.8538 3.83473 0.136488
65.7036 -45.857 3.82891 0.149537
65.5726 -45.8538 3.83473 0.136488
65.6048 -45.7828 3.8299 0.284349
65.5978 -45.6845 3.83418 0.191845
65.5978 -45.6845 3.83418 0.191845
65.6048 -45.7828 3.8299 0.284349
65.6831 -45.8888 3.8337 0.137605
65.8129 -45.9125 3.82807 0.0165599
65.5978 -45.6845 3.83418 0.191845
65.5978 -45.6845 3.83418 0.191845
