28.7026 -81.4718 3.87216 0.124626
28.7026 -81.4718 3.87216 0.124626
28.6712 -81.2207 3.86845 0.0401579
28.8674 -81.3573 3.87572 0.399205
28.7026 -81.4718 3.87216 0.124626
28.8674 -81.3573 3.87572 0.399205
28.8674 -81.3573 3.87572 0.399205
28.8297 -81.485 3.87667 0.145888
28.8674 -81.3573 3.87572 0.399205
28.83 -81.3904 3.87697 0.15908
28.8674 -81.3573 3.87572 0.399205
28.83 -81.3904 3.87697 0.15908
28.8674 -81.3573 3.87572 0.399205
28.8674 -81.3573 3.87572 0.399205
28.7026 -81.4718 3.87216 0.124626
28.6975 -81.536 3.87331 0.0415354
28.8297 -81.485 3.87667 0.145888
28.8674 -81.3573 3.87572 0.399205
28.83 -81.3904 3.87697 0.15908
28.8297 -81.485 3.87667 0.145888
28.83 -81.3904 3.87697 0.15908
28.6975 -81.536 3.87331 0.0415354
28.8674 -81.3573 3.87572 0.399205
28.8297 -81.485 3.87667 0.145888
28.7026 -81.4718 3.87216 0.124626
28.8297 -81.485 3.87667 0.145888
28.8674 -81.3573 3.87572 0.399205
28.83 -81.3904 3.87697 0.15908
28.8297 -81.485 3.87667 0.145888
28.7026 -81.4718 3.87216 0.124626
28.8674 -81.3573 3.87572 0.399205
28.8674 -81.3573 3.87572 0.399205
28.83 -81.3904 3.87697 0.15908
28.8674 -81.3573 3.87572 0.399205
28.8674 -81.3573 3.87572 0.399205
28.7026 -81.4718 3.87216 0.124626
28.7026 -81.4718 3.87216 0.124626
28.8674 -81.3573 3.87572 0.399205
28.8236 -81.6323 3.87174 0.0242114
28.8674 -81.3573 3.87572 0.399205
28.8674 -81.3573 3.87572 0.399205
28.948 -81.0502 3.87406 0.00173066
28.7423 -81.6325 3.87194 0.0140086
28.8674 -81.3573 3.87572 0.399205
28.7026 -81.4718 3.87216 0.124626
28.7522 -81.3967 3.87726 0.0325552
28.8674 -81.3573 3.87572 0.399205
28.7026 -81.4718 3.87216 0.124626
28.8674 -81.3573 3.87572 0.399205
28.7026 -81.4718 3.87216 0.124626
28.8297 -81.485 3.87667 0.145888
28.7026 -81.4718 3.87216 0.124626
28.8674 -81.3573 3.87572 0.399205
28.8236 -81.6323 3.87174 0.0242114
28.8297 -81.485 3.87667 0.145888
28.8674 -81.3573 3.87572 0.399205
28.8297 -81.485 3.87667 0.145888
28.8297 -81.485 3.87667 0.145888
28.83 -81.3904 3.87697 0.15908
28.7026 -81.4718 3.87216 0.124626
28.8674 -81.3573 3.87572 0.399205
28.7026 -81.4718 3.87216 0.124626
28.8674 -81.3573 3.87572 0.399205
28.83 -81.3904 3.87697 0.15908
28.8297 -81.485 3.87667 0.145888
28.7026 -81.4718 3.87216 0.124626
28.7522 -81.3967 3.87726 0.0325552
28.83 -81.3904 3.87697 0.15908
28.7026 -81.4718 3.87216 0.124626
28.8236 -81.6323 3.87174 0.0242114
28.8674 -81.3573 3.87572 0.399205
28.83 -81.3904 3.87697 0.15908
28.8674 -81.3573 3.87572 0.399205
28.83 -81.3904 3.87697 0.15908
28.8674 -81.3573 3.87572 0.399205
28.83 -81.3904 3.87697 0.15908
28.7026 -81.4718 3.87216 0.124626
28.8674 -81.3573 3.87572 0.399205
28.8674 -81.3573 3.87572 0.399205
28.7026 -81.4718 3.87216 0.124626
28.8297 -81.485 3.87667 0.145888
28.83 -81.3904 3.87697 0.15908
28.6712 -81.2207 3.86845 0.0401579
28.8674 -81.3573 3.87572 0.399205
28.8674 -81.3573 3.87572 0.399205
28.8297 -81.485 3.87667 0.145888
28.8674 -81.3573 3.87572 0.399205
28.6712 -81.2207 3.86845 0.0401579
28.8674 -81.3573 3.87572 0.399205
28.8674 -81.3573 3.87572 0.399205
28.8674 -81.3573 3.87572 0.399205
28.8674 -81.3573 3.87572 0.399205
28.6975 -81.536 3.87331 0.0415354
28.8674 -81.3573 3.87572 0.399205
28.8297 -81.485 3.87667 0.145888
28.83 -81.3904 3.87697 0.15908
28.8674 -81.3573 3.87572 0.399205
28.7026 -81.4718 3.87216 0.124626
28.8297 -81.485 3.87667 0.145888
28.8674 -81.3573 3.87572 0.399205
