53.255 -58.5047 3.94046 0.0291333
53.2681 -58.3521 3.93642 0.181557
53.1472 -58.4437 3.93417 0.47319
53.1472 -58.4437 3.93417 0.47319
53.1193 -58.5084 3.92588 0.0816667
53.2681 -58.3521 3.93642 0.181557
53.1472 -58.4437 3.93417 0.47319
53.2681 -58.3521 3.93642 0.181557
53.1472 -58.4437 3.93417 0.47319
53.1472 -58.4437 3.93417 0.47319
53.2681 -58.3521 3.93642 0.181557
53.1472 -58.4437 3.93417 0.47319
53.3255 -58.286 3.93986 0.0222133
53.3341 -58.1968 3.93512 0.00956627
53.1472 -58.4437 3.93417 0.47319
52.93 -58.309 3.93428 0.0167855
53.1472 -58.4437 3.93417 0.47319
53.2681 -58.3521 3.93642 0.181557
53.3341 -58.1968 3.93512 0.00956627
53.1472 -58.4437 3.93417 0.47319
53.1472 -58.4437 3.93417 0.47319
53.3255 -58.286 3.93986 0.0222133
53.2069 -58.2475 3.93644 0.0765623
53.2681 -58.3521 3.93642 0.181557
53.1472 -58.4437 3.93417 0.47319
53.3582 -58.208 3.93495 0.0078663
53.1193 -58.5084 3.92588 0.0816667
53.2415 -58.2947 3.94019 0.0369021
53.1472 -58.4437 3.93417 0.47319
53.2681 -58.3521 3.93642 0.181557
53.3255 -58.286 3.93986 0.0222133
53.1472 -58.4437 3.93417 0.47319
53.1472 -58.4437 3.93417 0.47319
53.1472 -58.4437 3.93417 0.47319
53.2069 -58.2475 3.93644 0.0765623
53.2415 -58.2947 3.94019 0.0369021
53.3341 -58.1968 3.93512 0.00956627
53.1472 -58.4437 3.93417 0.47319
53.1472 -58.4437 3.93417 0.47319
53.1472 -58.4437 3.93417 0.47319
53.2069 -58.2475 3.93644 0.0765623
53.2681 -58.3521 3.93642 0.181557
53.1296 -58.6544 3.92941 0.0380201
53.1472 -58.4437 3.93417 0.47319
53.2681 -58.3521 3.93642 0.181557
53.1472 -58.4437 3.93417 0.47319
53.1193 -58.5084 3.92588 0.0816667
53.1472 -58.4437 3.93417 0.47319
53.2681 -58.3521 3.93642 0.181557
53.2681 -58.3521 3.93642 0.181557
53.2681 -58.3521 3.93642 0.181557
53.1472 -58.4437 3.93417 0.47319
53.2681 -58.3521 3.93642 0.181557
53.1472 -58.4437 3.93417 0.47319
53.2069 -58.2475 3.93644 0.0765623
53.2681 -58.3521 3.93642 0.181557
53.2681 -58.3521 3.93642 0.181557
53.1472 -58.4437 3.93417 0.47319
53.1472 -58.4437 3.93417 0.47319
53.2415 -58.2947 3.94019 0.0369021
53.1472 -58.4437 3.93417 0.47319
53.2415 -58.2947 3.94019 0.0369021
53.2415 -58.2947 3.94019 0.0369021
52.93 -58.309 3.93428 0.0167855
53.2681 -58.3521 3.93642 0.181557
53.1296 -58.6544 3.92941 0.0380201
53.2681 -58.3521 3.93642 0.181557
53.2681 -58.3521 3.93642 0.181557
53.1472 -58.4437 3.93417 0.47319
53.2681 -58.3521 3.93642 0.181557
53.1472 -58.4437 3.93417 0.47319
53.1193 -58.5084 3.92588 0.0816667
53.2415 -58.2947 3.94019 0.0369021
53.1472 -58.4437 3.93417 0.47319
53.2069 -58.2475 3.93644 0.0765623
53.3255 -58.286 3.93986 0.0222133
53.1472 -58.4437 3.93417 0.47319
53.1472 -58.4437 3.93417 0.47319
53.2681 -58.3521 3.93642 0.181557
53.2069 -58.2475 3.93644 0.0765623
52.93 -58.309 3.93428 0.0167855
53.2681 -58.3521 3.93642 0.181557
53.1193 -58.5084 3.92588 0.0816667
53.1472 -58.4437 3.93417 0.47319
53.1472 -58.4437 3.93417 0.47319
53.0453 -58.347 3.94141 0.00503079
53.1472 -58.4437 3.93417 0.47319
53.1193 -58.5084 3.92588 0.0816667
53.2415 -58.2947 3.94019 0.0369021
53.1472 -58.4437 3.93417 0.47319
53.1472 -58.4437 3.93417 0.47319
53.1472 -58.4437 3.93417 0.47319
53.1193 -58.5084 3.92588 0.0816667
53.1472 -58.4437 3.93417 0.47319
52.93 -58.309 3.93428 0.0167855
53.1472 -58.4437 3.93417 0.47319
52.93 -58.309 3.93428 0.0167855
53.1472 -58.4437 3.93417 0.47319
53.2415 -58.2947 3.94019 0.0369021
53.1472 -58.4437 3.93417 0.47319
