142.511 -15.56 3.34914 0.086393
142.464 -15.6598 3.35431 0.136701
142.358 -15.6038 3.35276 0.0385469
142.722 -15.813 3.3658 0.00899115
142.348 -15.7586 3.34979 0.0276047
142.511 -15.56 3.34914 0.086393
142.627 -15.7696 3.34851 0.0667626
142.586 -15.6899 3.34782 0.0747434
142.115 -15.5297 3.34942 0.000262087
142.819 -15.7128 3.35576 0.20963
142.627 -15.7696 3.34851 0.0667626
142.586 -15.6899 3.34782 0.0747434
142.358 -15.6038 3.35276 0.0385469
142.358 -15.6038 3.35276 0.0385469
142.731 -15.8057 3.36257 0.0510106
142.586 -15.6899 3.34782 0.0747434
142.819 -15.7128 3.35576 0.20963
142.819 -15.7128 3.35576 0.20963
142.511 -15.56 3.34914 0.086393
142.586 -15.6899 3.34782 0.0747434
142.586 -15.6899 3.34782 0.0747434
142.819 -15.7128 3.35576 0.20963
142.596 -15.8659 3.35533 0.0775539
142.781 -15.3642 3.36274 0.0457669
142.511 -15.56 3.34914 0.086393
142.469 -15.728 3.35396 0.120332
142.819 -15.7128 3.35576 0.20963
142.731 -15.8057 3.36257 0.0510106
142.586 -15.6899 3.34782 0.0747434
142.722 -15.813 3.3658 0.00899115
142.819 -15.7128 3.35576 0.20963
142.511 -15.56 3.34914 0.086393
142.464 -15.6598 3.35431 0.136701
142.464 -15.6598 3.35431 0.136701
142.722 -15.813 3.3658 0.00899115
142.819 -15.7128 3.35576 0.20963
142.819 -15.7128 3.35576 0.20963
142.781 -15.3642 3.36274 0.0457669
142.627 -15.7696 3.34851 0.0667626
142.791 -15.9256 3.34999 0.00682245
142.819 -15.7128 3.35576 0.20963
142.596 -15.8659 3.35533 0.0775539
142.511 -15.56 3.34914 0.086393
142.511 -15.56 3.34914 0.086393
142.586 -15.6899 3.34782 0.0747434
142.464 -15.6598 3.35431 0.136701
142.819 -15.7128 3.35576 0.20963
142.819 -15.7128 3.35576 0.20963
142.511 -15.56 3.34914 0.086393
142.511 -15.56 3.34914 0.086393
142.469 -15.728 3.35396 0.120332
142.469 -15.728 3.35396 0.120332
142.362 -15.7295 3.34352 0.00716246
142.596 -15.8659 3.35533 0.0775539
142.469 -15.728 3.35396 0.120332
142.819 -15.7128 3.35576 0.20963
142.819 -15.7128 3.35576 0.20963
142.819 -15.7128 3.35576 0.20963
142.819 -15.7128 3.35576 0.20963
142.819 -15.7128 3.35576 0.20963
142.819 -15.7128 3.35576 0.20963
142.511 -15.56 3.34914 0.086393
142.586 -15.6899 3.34782 0.0747434
142.586 -15.6899 3.34782 0.0747434
142.469 -15.728 3.35396 0.120332
142.464 -15.6598 3.35431 0.136701
142.791 -15.9256 3.34999 0.00682245
142.722 -15.813 3.3658 0.00899115
142.781 -15.3642 3.36274 0.0457669
142.511 -15.56 3.34914 0.086393
142.469 -15.728 3.35396 0.120332
142.358 -15.6038 3.35276 0.0385469
142.348 -15.7586 3.34979 0.0276047
142.627 -15.7696 3.34851 0.0667626
142.469 -15.728 3.35396 0.120332
142.338 -15.7898 3.34453 0.00722399
142.596 -15.8659 3.35533 0.0775539
142.586 -15.6899 3.34782 0.0747434
142.469 -15.728 3.35396 0.120332
142.722 -15.813 3.3658 0.00899115
142.819 -15.7128 3.35576 0.20963
142.819 -15.7128 3.35576 0.20963
142.596 -15.8659 3.35533 0.0775539
142.511 -15.56 3.34914 0.086393
142.469 -15.728 3.35396 0.120332
142.464 -15.6598 3.35431 0.136701
142.444 -16.0441 3.34951 0.00158252
142.819 -15.7128 3.35576 0.20963
142.511 -15.56 3.34914 0.086393
142.464 -15.6598 3.35431 0.136701
142.731 -15.8057 3.36257 0.0510106
142.596 -15.8659 3.35533 0.0775539
142.596 -15.8659 3.35533 0.0775539
142.469 -15.728 3.35396 0.120332
142.469 -15.728 3.35396 0.120332
142.819 -15.7128 3.35576 0.20963
142.511 -15.56 3.34914 0.086393
142.627 -15.7696 3.34851 0.0667626
142.791 -15.9256 3.34999 0.00682245
142.819 -15.7128 3.35576 0.20963
