68.3716 14.9681 0.12275 0.223445
68.4415 14.6583 0.116811 0.04683
68.2685 14.5363 0.122108 0.122101
68.2685 14.5363 0.122108 0.122101
68.1961 14.58 0.117367 0.0885422
68.3716 14.9681 0.12275 0.223445
68.3716 14.9681 0.12275 0.223445
68.5201 14.7128 0.11556 0.0190179
68.1961 14.58 0.117367 0.0885422
68.1679 15.0532 0.116644 0.0917386
68.3716 14.9681 0.12275 0.223445
68.4415 14.6583 0.116811 0.04683
68.4415 14.6583 0.116811 0.04683
68.552 14.7581 0.116722 0.0190239
68.4297 15.0338 0.117734 0.0470035
68.2363 14.609 0.113393 0.0322711
68.1679 15.0532 0.116644 0.0917386
68.2685 14.5363 0.122108 0.122101
68.2327 14.6429 0.114599 0.0690453
68.4248 14.6086 0.119843 0.0660932
68.1679 15.0532 0.116644 0.0917386
68.4415 14.6583 0.116811 0.04683
68.1961 14.58 0.117367 0.0885422
68.1679 15.0532 0.116644 0.0917386
68.1679 15.0532 0.116644 0.0917386
68.3716 14.9681 0.12275 0.223445
68.4415 14.6583 0.116811 0.04683
68.4297 15.0338 0.117734 0.0470035
68.2327 14.6429 0.114599 0.0690453
68.1679 15.0532 0.116644 0.0917386
68.2685 14.5363 0.122108 0.122101
68.5682 14.689 0.118286 0.0143462
68.2894 14.7243 0.113214 0.0663534
68.4248 14.6086 0.119843 0.0660932
68.6804 14.5489 0.111946 9.35732e-05
68.2685 14.5363 0.122108 0.122101
68.5308 15.0446 0.113874 0.00559001
68.1679 15.0532 0.116644 0.0917386
68.1679 15.0532 0.116644 0.0917386
68.2685 14.5363 0.122108 0.122101
68.1961 14.58 0.117367 0.0885422
68.3716 14.9681 0.12275 0.223445
68.3716 14.9681 0.12275 0.223445
68.2685 14.5363 0.122108 0.122101
68.1961 14.58 0.117367 0.0885422
68.3716 14.9681 0.12275 0.223445
68.3716 14.9681 0.12275 0.223445
68.4415 14.6583 0.116811 0.04683
68.5682 14.689 0.118286 0.0143462
68.1961 14.58 0.117367 0.0885422
68.1961 14.58 0.117367 0.0885422
68.4248 14.6086 0.119843 0.0660932
68.4248 14.6086 0.119843 0.0660932
68.3716 14.9681 0.12275 0.223445
68.3716 14.9681 0.12275 0.223445
68.2685 14.5363 0.122108 0.122101
68.3203 15.0683 0.114535 0.0367586
68.4415 14.6583 0.116811 0.04683
68.2685 14.5363 0.122108 0.122101
68.1961 14.58 0.117367 0.0885422
68.1679 15.0532 0.116644 0.0917386
68.4415 14.6583 0.116811 0.04683
68.1961 14.58 0.117367 0.0885422
68.1679 15.0532 0.116644 0.0917386
68.3716 14.9681 0.12275 0.223445
68.2894 14.7243 0.113214 0.0663534
68.1679 15.0532 0.116644 0.0917386
68.5072 14.5446 0.118746 0.0102288
68.2685 14.5363 0.122108 0.122101
68.3203 15.0683 0.114535 0.0367586
68.3716 14.9681 0.12275 0.223445
68.1961 14.58 0.117367 0.0885422
68.4248 14.6086 0.119843 0.0660932
68.3716 14.9681 0.12275 0.223445
68.3716 14.9681 0.12275 0.223445
68.4415 14.6583 0.116811 0.04683
68.2894 14.7243 0.113214 0.0663534
68.4297 15.0338 0.117734 0.0470035
68.2327 14.6429 0.114599 0.0690453
68.2327 14.6429 0.114599 0.0690453
68.3203 15.0683 0.114535 0.0367586
68.2363 14.609 0.113393 0.0322711
68.3716 14.9681 0.12275 0.223445
68.552 14.7581 0.116722 0.0190239
68.2327 14.6429 0.114599 0.0690453
68.2363 14.609 0.113393 0.0322711
68.4248 14.6086 0.119843 0.0660932
68.2768 14.5338 0.111539 0.00575194
68.552 14.7581 0.116722 0.0190239
68.5682 14.689 0.118286 0.0143462
68.2894 14.7243 0.113214 0.0663534
68.4248 14.6086 0.119843 0.0660932
68.5667 15.0111 0.1298 0.00594215
68.4297 15.0338 0.117734 0.0470035
68.3716 14.9681 0.12275 0.223445
68.552 14.7581 0.116722 0.0190239
68.2894 14.7243 0.113214 0.0663534
68.3203 15.0683 0.114535 0.0367586
68.3716 14.9681 0.12275 0.223445
68.2685 14.5363 0.122108 0.122101
