258.844 29.1032 6.12768 0.00389052
258.55 28.8852 6.14381 0.186258
258.55 28.8852 6.14381 0.186258
258.451 28.845 6.14229 0.270463
258.623 29.0871 6.13695 0.106821
258.55 28.8852 6.14381 0.186258
258.451 28.845 6.14229 0.270463
258.623 29.0871 6.13695 0.106821
258.741 28.9766 6.13776 0.0507631
258.589 28.7045 6.14143 0.0364673
258.443 29.0652 6.13251 0.038334
258.623 29.1727 6.12967 0.0176913
258.546 29.0846 6.14148 0.0756835
258.451 28.845 6.14229 0.270463
258.443 29.0652 6.13251 0.038334
258.55 28.8852 6.14381 0.186258
258.594 28.8663 6.1286 0.0117584
258.451 28.845 6.14229 0.270463
258.55 28.8852 6.14381 0.186258
258.55 28.8852 6.14381 0.186258
258.741 28.9766 6.13776 0.0507631
258.589 28.7045 6.14143 0.0364673
258.443 29.0652 6.13251 0.038334
258.589 28.7045 6.14143 0.0364673
258.451 28.845 6.14229 0.270463
258.643 29.0329 6.12972 0.056632
258.425 28.9942 6.1328 0.0440809
258.443 29.0652 6.13251 0.038334
258.55 28.8852 6.14381 0.186258
258.546 29.0846 6.14148 0.0756835
258.643 29.0329 6.12972 0.056632
258.623 29.0871 6.13695 0.106821
258.623 29.0871 6.13695 0.106821
258.55 28.8852 6.14381 0.186258
258.258 29.0949 6.14208 0.00664987
258.451 28.845 6.14229 0.270463
258.55 28.8852 6.14381 0.186258
258.55 28.8852 6.14381 0.186258
258.451 28.845 6.14229 0.270463
258.755 29.097 6.14096 0.00407353
258.55 28.8852 6.14381 0.186258
258.55 28.8852 6.14381 0.186258
258.451 28.845 6.14229 0.270463
258.451 28.845 6.14229 0.270463
258.595 28.6172 6.13609 0.00179494
258.643 29.0329 6.12972 0.056632
258.623 29.0871 6.13695 0.106821
258.233 28.8612 6.14048 0.0128233
258.623 29.0871 6.13695 0.106821
258.623 29.0871 6.13695 0.106821
258.741 28.9766 6.13776 0.0507631
258.451 28.845 6.14229 0.270463
258.451 28.845 6.14229 0.270463
258.443 29.0652 6.13251 0.038334
258.55 28.8852 6.14381 0.186258
258.952 29.2235 6.13323 3.5358e-05
258.451 28.845 6.14229 0.270463
258.741 28.9766 6.13776 0.0507631
258.589 28.7045 6.14143 0.0364673
258.443 29.0652 6.13251 0.038334
258.589 28.7045 6.14143 0.0364673
258.443 29.0652 6.13251 0.038334
258.837 29.0843 6.13436 0.00605939
258.55 28.8852 6.14381 0.186258
258.546 29.0846 6.14148 0.0756835
258.443 29.0652 6.13251 0.038334
258.546 28.6056 6.14663 0.00399482
258.42 28.5913 6.14489 0.00528098
258.623 29.0871 6.13695 0.106821
258.741 28.9766 6.13776 0.0507631
258.546 29.0846 6.14148 0.0756835
258.643 29.0329 6.12972 0.056632
258.623 29.1727 6.12967 0.0176913
258.623 29.0871 6.13695 0.106821
258.741 28.9766 6.13776 0.0507631
258.451 28.845 6.14229 0.270463
258.451 28.845 6.14229 0.270463
258.643 29.0329 6.12972 0.056632
258.594 28.8663 6.1286 0.0117584
258.844 29.1032 6.12768 0.00389052
258.451 28.845 6.14229 0.270463
258.55 28.8852 6.14381 0.186258
258.55 28.8852 6.14381 0.186258
258.451 28.845 6.14229 0.270463
258.643 29.0329 6.12972 0.056632
258.55 28.8852 6.14381 0.186258
258.451 28.845 6.14229 0.270463
258.623 29.0871 6.13695 0.106821
258.538 29.0738 6.12925 0.0269333
258.451 28.845 6.14229 0.270463
258.451 28.845 6.14229 0.270463
258.623 29.1727 6.12967 0.0176913
258.741 28.9766 6.13776 0.0507631
258.546 29.0846 6.14148 0.0756835
258.443 29.0652 6.13251 0.038334
258.772 28.9058 6.1419 0.00878725
258.546 29.0846 6.14148 0.0756835
258.546 29.0846 6.14148 0.0756835
258.546 29.0846 6.14148 0.0756835
258.451 28.845 6.14229 0.270463
