219.826 -12.3649 2.95461 0.349411
219.826 -12.3649 2.95461 0.349411
219.878 -12.2134 2.95998 0.14878
219.811 -12.5889 2.95489 0.104316
220.03 -12.3414 2.9644 0.0430152
219.925 -12.2356 2.94925 0.000351425
219.878 -12.2134 2.95998 0.14878
219.878 -12.2134 2.95998 0.14878
219.826 -12.3649 2.95461 0.349411
219.811 -12.5889 2.95489 0.104316
219.59 -12.3566 2.95483 0.204059
219.59 -12.3566 2.95483 0.204059
220.151 -12.2385 2.96231 0.00555295
219.878 -12.2134 2.95998 0.14878
219.878 -12.2134 2.95998 0.14878
219.878 -12.2134 2.95998 0.14878
219.811 -12.5889 2.95489 0.104316
219.59 -12.3566 2.95483 0.204059
219.674 -12.2284 2.96072 0.0474099
219.878 -12.2134 2.95998 0.14878
219.59 -12.3566 2.95483 0.204059
219.878 -12.2134 2.95998 0.14878
219.878 -12.2134 2.95998 0.14878
219.826 -12.3649 2.95461 0.349411
219.878 -12.2134 2.95998 0.14878
219.811 -12.5889 2.95489 0.104316
219.59 -12.3566 2.95483 0.204059
219.687 -12.5864 2.95242 0.046228
219.687 -12.5864 2.95242 0.046228
219.878 -12.2134 2.95998 0.14878
219.59 -12.3566 2.95483 0.204059
219.687 -12.5864 2.95242 0.046228
219.826 -12.3649 2.95461 0.349411
220.03 -12.3414 2.9644 0.0430152
219.811 -12.5889 2.95489 0.104316
219.826 -12.3649 2.95461 0.349411
220.03 -12.3414 2.9644 0.0430152
219.826 -12.3649 2.95461 0.349411
219.59 -12.3566 2.95483 0.204059
219.59 -12.3566 2.95483 0.204059
220.03 -12.3414 2.9644 0.0430152
219.826 -12.3649 2.95461 0.349411
219.59 -12.3566 2.95483 0.204059
219.811 -12.5889 2.95489 0.104316
219.59 -12.3566 2.95483 0.204059
219.811 -12.5889 2.95489 0.104316
219.59 -12.3566 2.95483 0.204059
219.811 -12.5889 2.95489 0.104316
219.783 -11.9863 2.95607 0.000998321
219.826 -12.3649 2.95461 0.349411
219.59 -12.3566 2.95483 0.204059
219.811 -12.5889 2.95489 0.104316
219.811 -12.5889 2.95489 0.104316
219.59 -12.3566 2.95483 0.204059
219.878 -12.2134 2.95998 0.14878
219.811 -12.5889 2.95489 0.104316
219.59 -12.3566 2.95483 0.204059
219.811 -12.5889 2.95489 0.104316
220.03 -12.3414 2.9644 0.0430152
219.878 -12.2134 2.95998 0.14878
219.878 -12.2134 2.95998 0.14878
219.878 -12.2134 2.95998 0.14878
219.59 -12.3566 2.95483 0.204059
219.878 -12.2134 2.95998 0.14878
219.59 -12.3566 2.95483 0.204059
219.878 -12.2134 2.95998 0.14878
219.59 -12.3566 2.95483 0.204059
219.878 -12.2134 2.95998 0.14878
219.59 -12.3566 2.95483 0.204059
220.03 -12.3414 2.9644 0.0430152
219.878 -12.2134 2.95998 0.14878
219.59 -12.3566 2.95483 0.204059
219.826 -12.3649 2.95461 0.349411
219.826 -12.3649 2.95461 0.349411
219.674 -12.2284 2.96072 0.0474099
219.878 -12.2134 2.95998 0.14878
219.59 -12.3566 2.95483 0.204059
219.826 -12.3649 2.95461 0.349411
220.03 -12.3414 2.9644 0.0430152
219.826 -12.3649 2.95461 0.349411
220.03 -12.3414 2.9644 0.0430152
219.826 -12.3649 2.95461 0.349411
219.826 -12.3649 2.95461 0.349411
219.674 -12.2284 2.96072 0.0474099
219.826 -12.3649 2.95461 0.349411
219.59 -12.3566 2.95483 0.204059
219.947 -12.1263 2.95339 0.00234974
219.826 -12.3649 2.95461 0.349411
219.878 -12.2134 2.95998 0.14878
219.811 -12.5889 2.95489 0.104316
219.826 -12.3649 2.95461 0.349411
219.687 -12.5864 2.95242 0.046228
219.878 -12.2134 2.95998 0.14878
219.59 -12.3566 2.95483 0.204059
220.03 -12.3414 2.9644 0.0430152
219.826 -12.3649 2.95461 0.349411
219.59 -12.3566 2.95483 0.204059
220.03 -12.3414 2.9644 0.0430152
219.878 -12.2134 2.95998 0.14878
219.826 -12.3649 2.95461 0.349411
