24.9697 -84.6105 3.81716 0.316199
24.9697 -84.6105 3.81716 0.316199
24.9365 -84.7237 3.81729 0.154208
24.9365 -84.7237 3.81729 0.154208
24.9697 -84.6105 3.81716 0.316199
24.9365 -84.7237 3.81729 0.154208
24.9477 -84.4689 3.81902 0.110883
24.9477 -84.4689 3.81902 0.110883
24.7868 -84.6717 3.80968 0.0434183
25.1301 -84.717 3.81784 0.0649803
24.9365 -84.7237 3.81729 0.154208
24.9365 -84.7237 3.81729 0.154208
24.9697 -84.6105 3.81716 0.316199
24.9477 -84.4689 3.81902 0.110883
24.9477 -84.4689 3.81902 0.110883
25.1869 -84.5841 3.81421 0.0134988
24.9697 -84.6105 3.81716 0.316199
24.9697 -84.6105 3.81716 0.316199
25.1387 -84.624 3.82068 0.090658
24.7868 -84.6717 3.80968 0.0434183
24.9697 -84.6105 3.81716 0.316199
24.7069 -84.6199 3.81065 0.0544369
24.9697 -84.6105 3.81716 0.316199
24.9477 -84.4689 3.81902 0.110883
24.9365 -84.7237 3.81729 0.154208
24.9697 -84.6105 3.81716 0.316199
24.9477 -84.4689 3.81902 0.110883
24.9365 -84.7237 3.81729 0.154208
24.9365 -84.7237 3.81729 0.154208
24.9697 -84.6105 3.81716 0.316199
24.7356 -84.5301 3.80788 0.0249845
24.9697 -84.6105 3.81716 0.316199
24.9365 -84.7237 3.81729 0.154208
24.9697 -84.6105 3.81716 0.316199
25.1301 -84.717 3.81784 0.0649803
24.9477 -84.4689 3.81902 0.110883
24.7868 -84.6717 3.80968 0.0434183
24.9697 -84.6105 3.81716 0.316199
24.9477 -84.4689 3.81902 0.110883
25.0065 -84.7804 3.82514 0.00285066
24.9697 -84.6105 3.81716 0.316199
24.9477 -84.4689 3.81902 0.110883
24.7069 -84.6199 3.81065 0.0544369
24.7868 -84.6717 3.80968 0.0434183
24.9477 -84.4689 3.81902 0.110883
24.9633 -84.8893 3.81718 0.00986563
24.9477 -84.4689 3.81902 0.110883
24.9365 -84.7237 3.81729 0.154208
24.7417 -84.7263 3.80872 0.0125554
24.9477 -84.4689 3.81902 0.110883
24.8511 -84.8406 3.81332 0.0155286
24.9477 -84.4689 3.81902 0.110883
25.1869 -84.5841 3.81421 0.0134988
24.9697 -84.6105 3.81716 0.316199
25.1387 -84.624 3.82068 0.090658
24.9365 -84.7237 3.81729 0.154208
24.9697 -84.6105 3.81716 0.316199
24.9365 -84.7237 3.81729 0.154208
24.924 -84.8297 3.82172 0.0072419
24.9697 -84.6105 3.81716 0.316199
24.9477 -84.4689 3.81902 0.110883
25.1387 -84.624 3.82068 0.090658
24.9365 -84.7237 3.81729 0.154208
24.9365 -84.7237 3.81729 0.154208
25.1301 -84.717 3.81784 0.0649803
24.9365 -84.7237 3.81729 0.154208
24.9697 -84.6105 3.81716 0.316199
24.9365 -84.7237 3.81729 0.154208
24.9697 -84.6105 3.81716 0.316199
24.9697 -84.6105 3.81716 0.316199
24.9697 -84.6105 3.81716 0.316199
24.9365 -84.7237 3.81729 0.154208
24.9477 -84.4689 3.81902 0.110883
25.1387 -84.624 3.82068 0.090658
24.9697 -84.6105 3.81716 0.316199
24.9697 -84.6105 3.81716 0.316199
24.9365 -84.7237 3.81729 0.154208
24.9697 -84.6105 3.81716 0.316199
25.1301 -84.717 3.81784 0.0649803
24.9365 -84.7237 3.81729 0.154208
24.9697 -84.6105 3.81716 0.316199
25.1301 -84.717 3.81784 0.0649803
24.7069 -84.6199 3.81065 0.0544369
24.9697 -84.6105 3.81716 0.316199
24.9697 -84.6105 3.81716 0.316199
24.9365 -84.7237 3.81729 0.154208
24.7868 -84.6717 3.80968 0.0434183
24.8511 -84.8406 3.81332 0.0155286
25.1387 -84.624 3.82068 0.090658
24.924 -84.8297 3.82172 0.0072419
24.9697 -84.6105 3.81716 0.316199
24.9365 -84.7237 3.81729 0.154208
24.8511 -84.8406 3.81332 0.0155286
25.1387 -84.624 3.82068 0.090658
24.9697 -84.6105 3.81716 0.316199
24.9477 -84.4689 3.81902 0.110883
24.9365 -84.7237 3.81729 0.154208
24.9697 -84.6105 3.81716 0.316199
24.7448 -84.7734 3.81181 0.020698
25.1387 -84.624 3.82068 0.090658
