109.177 19.2553 0.0605881 0.0880531
109.195 19.4262 0.0607239 0.0269543
109.502 19.1749 0.0547591 0.000484089
109.162 19.2257 0.066918 0.185987
109.312 19.2183 0.0642019 0.0928488
109.177 19.2553 0.0605881 0.0880531
109.226 19.1777 0.0579124 0.0248653
109.414 19.1827 0.0582888 0.00970762
109.329 19.0756 0.0619277 0.0313661
109.329 19.0756 0.0619277 0.0313661
109.328 19.1358 0.0727664 0.00212302
109.309 19.3277 0.0687199 0.0256499
109.162 19.2257 0.066918 0.185987
109.162 19.2257 0.066918 0.185987
109.177 19.2553 0.0605881 0.0880531
109.077 19.0238 0.0732052 0.00608263
109.026 19.0389 0.0670269 0.0421537
109.011 19.2782 0.0629375 0.0642955
109.258 19.2091 0.0572596 0.0184377
109.162 19.2257 0.066918 0.185987
109.162 19.2257 0.066918 0.185987
109.162 19.2257 0.066918 0.185987
109.07 19.2658 0.0722521 0.0343687
109.362 19.0804 0.0612441 0.0208928
109.026 19.0389 0.0670269 0.0421537
109.258 19.2091 0.0572596 0.0184377
109.162 19.2257 0.066918 0.185987
109.162 19.2257 0.066918 0.185987
109.07 19.2658 0.0722521 0.0343687
109.195 19.4262 0.0607239 0.0269543
109.089 19.0822 0.06513 0.092173
109.231 19.0093 0.0579058 0.00514929
109.026 19.0389 0.0670269 0.0421537
109.23 19.1261 0.0683562 0.0696887
109.162 19.2257 0.066918 0.185987
109.177 19.2553 0.0605881 0.0880531
109.177 19.2553 0.0605881 0.0880531
109.138 18.9613 0.0676869 0.0168811
109.309 19.3277 0.0687199 0.0256499
109.162 19.2257 0.066918 0.185987
108.908 18.9798 0.0735699 0.00129504
109.511 19.4342 0.0615081 0.00100878
109.089 19.0822 0.06513 0.092173
109.089 19.0822 0.06513 0.092173
109.146 19.0378 0.0614757 0.0327893
109.23 19.1261 0.0683562 0.0696887
109.23 19.1261 0.0683562 0.0696887
109.162 19.2257 0.066918 0.185987
109.162 19.2257 0.066918 0.185987
109.362 19.0804 0.0612441 0.0208928
109.089 19.0822 0.06513 0.092173
109.011 19.2782 0.0629375 0.0642955
109.01 19.3295 0.0732188 0.0134985
109.162 19.2257 0.066918 0.185987
109.162 19.2257 0.066918 0.185987
109.312 19.2183 0.0642019 0.0928488
109.177 19.2553 0.0605881 0.0880531
109.089 19.0822 0.06513 0.092173
109.026 19.0389 0.0670269 0.0421537
109.162 19.2257 0.066918 0.185987
109.162 19.2257 0.066918 0.185987
109.162 19.2257 0.066918 0.185987
109.329 19.0756 0.0619277 0.0313661
109.177 19.2553 0.0605881 0.0880531
109.195 19.4262 0.0607239 0.0269543
109.241 19.3032 0.0578168 0.022272
109.23 19.1261 0.0683562 0.0696887
109.162 19.2257 0.066918 0.185987
109.329 19.0756 0.0619277 0.0313661
109.177 19.2553 0.0605881 0.0880531
109.089 19.0822 0.06513 0.092173
109.011 19.2782 0.0629375 0.0642955
109.146 19.0378 0.0614757 0.0327893
109.23 19.1261 0.0683562 0.0696887
109.162 19.2257 0.066918 0.185987
109.177 19.2553 0.0605881 0.0880531
109.042 19.4639 0.0721807 0.00515142
109.089 19.0822 0.06513 0.092173
109.241 19.3032 0.0578168 0.022272
109.011 19.2782 0.0629375 0.0642955
109.162 19.2257 0.066918 0.185987
109.162 19.2257 0.066918 0.185987
109.329 19.0756 0.0619277 0.0313661
109.329 19.0756 0.0619277 0.0313661
109.312 19.2183 0.0642019 0.0928488
109.195 19.4262 0.0607239 0.0269543
109.146 19.0378 0.0614757 0.0327893
109.421 19.2226 0.0668494 0.0114827
109.162 19.2257 0.066918 0.185987
109.07 19.2658 0.0722521 0.0343687
109.089 19.0822 0.06513 0.092173
109.01 19.3295 0.0732188 0.0134985
109.162 19.2257 0.066918 0.185987
108.894 19.0958 0.0693907 0.0160127
109.177 19.2553 0.0605881 0.0880531
109.089 19.0822 0.06513 0.092173
109.026 19.0389 0.0670269 0.0421537
109.23 19.1261 0.0683562 0.0696887
109.23 19.1261 0.0683562 0.0696887
109.329 19.0756 0.0619277 0.0313661
