68.4064 -43.694 3.82204 0.269008
68.4988 -43.6828 3.81526 0.0686596
68.3239 -43.6466 3.82121 0.317812
68.4094 -43.7184 3.8156 0.20867
68.4064 -43.694 3.82204 0.269008
68.3239 -43.6466 3.82121 0.317812
68.4064 -43.694 3.82204 0.269008
68.4988 -43.6828 3.81526 0.0686596
68.1268 -43.9809 3.81142 0.000579177
68.4064 -43.694 3.82204 0.269008
68.3239 -43.6466 3.82121 0.317812
68.4094 -43.7184 3.8156 0.20867
68.4064 -43.694 3.82204 0.269008
68.3239 -43.6466 3.82121 0.317812
68.4094 -43.7184 3.8156 0.20867
68.4064 -43.694 3.82204 0.269008
68.3239 -43.6466 3.82121 0.317812
68.4064 -43.694 3.82204 0.269008
68.3239 -43.6466 3.82121 0.317812
68.3239 -43.6466 3.82121 0.317812
68.2908 -43.4408 3.82595 0.0168534
68.4064 -43.694 3.82204 0.269008
68.4988 -43.6828 3.81526 0.0686596
68.5906 -43.5721 3.82052 0.0238724
68.3239 -43.6466 3.82121 0.317812
68.1441 -43.7764 3.81987 0.0183375
68.3239 -43.6466 3.82121 0.317812
68.1441 -43.7764 3.81987 0.0183375
68.3239 -43.6466 3.82121 0.317812
68.3239 -43.6466 3.82121 0.317812
68.4064 -43.694 3.82204 0.269008
68.4064 -43.694 3.82204 0.269008
68.3239 -43.6466 3.82121 0.317812
68.4064 -43.694 3.82204 0.269008
68.4988 -43.6828 3.81526 0.0686596
68.4988 -43.6828 3.81526 0.0686596
68.3239 -43.6466 3.82121 0.317812
68.4094 -43.7184 3.8156 0.20867
68.4064 -43.694 3.82204 0.269008
68.4064 -43.694 3.82204 0.269008
68.3239 -43.6466 3.82121 0.317812
68.3239 -43.6466 3.82121 0.317812
68.4064 -43.694 3.82204 0.269008
68.3239 -43.6466 3.82121 0.317812
68.1305 -43.6436 3.8109 0.000872436
68.5731 -43.7513 3.82137 0.031373
68.4094 -43.7184 3.8156 0.20867
68.1441 -43.7764 3.81987 0.0183375
68.3239 -43.6466 3.82121 0.317812
68.5906 -43.5721 3.82052 0.0238724
68.3239 -43.6466 3.82121 0.317812
68.5906 -43.5721 3.82052 0.0238724
68.4064 -43.694 3.82204 0.269008
68.5731 -43.7513 3.82137 0.031373
68.3239 -43.6466 3.82121 0.317812
68.3239 -43.6466 3.82121 0.317812
68.4064 -43.694 3.82204 0.269008
68.3239 -43.6466 3.82121 0.317812
68.3239 -43.6466 3.82121 0.317812
68.4064 -43.694 3.82204 0.269008
68.3239 -43.6466 3.82121 0.317812
68.4064 -43.694 3.82204 0.269008
68.4988 -43.6828 3.81526 0.0686596
68.3239 -43.6466 3.82121 0.317812
68.2908 -43.4408 3.82595 0.0168534
68.4064 -43.694 3.82204 0.269008
68.4094 -43.7184 3.8156 0.20867
68.4094 -43.7184 3.8156 0.20867
68.4988 -43.6828 3.81526 0.0686596
68.4094 -43.7184 3.8156 0.20867
68.4064 -43.694 3.82204 0.269008
68.3239 -43.6466 3.82121 0.317812
68.3239 -43.6466 3.82121 0.317812
68.4094 -43.7184 3.8156 0.20867
68.4064 -43.694 3.82204 0.269008
68.3239 -43.6466 3.82121 0.317812
68.4064 -43.694 3.82204 0.269008
68.3239 -43.6466 3.82121 0.317812
68.4064 -43.694 3.82204 0.269008
68.4064 -43.694 3.82204 0.269008
68.4094 -43.7184 3.8156 0.20867
68.4064 -43.694 3.82204 0.269008
68.5731 -43.7513 3.82137 0.031373
68.4094 -43.7184 3.8156 0.20867
68.4094 -43.7184 3.8156 0.20867
68.5731 -43.7513 3.82137 0.031373
68.4094 -43.7184 3.8156 0.20867
68.4988 -43.6828 3.81526 0.0686596
68.4094 -43.7184 3.8156 0.20867
68.4064 -43.694 3.82204 0.269008
68.3239 -43.6466 3.82121 0.317812
68.5731 -43.7513 3.82137 0.031373
68.3239 -43.6466 3.82121 0.317812
68.1441 -43.7764 3.81987 0.0183375
68.4064 -43.694 3.82204 0.269008
68.3239 -43.6466 3.82121 0.317812
68.4064 -43.694 3.82204 0.269008
68.3239 -43.6466 3.82121 0.317812
68.3239 -43.6466 3.82121 0.317812
68.5906 -43.5721 3.82052 0.0238724
