36.9509 -75.0496 3.92793 0.471766
37.079 -74.9197 3.92381 0.0430164
37.0961 -75.1311 3.92397 0.0599968
36.9509 -75.0496 3.92793 0.471766
37.2689 -75.1142 3.93365 0.114268
36.8728 -74.9579 3.92762 0.121582
36.9509 -75.0496 3.92793 0.471766
36.8946 -74.9648 3.92179 0.0649942
36.8728 -74.9579 3.92762 0.121582
36.9509 -75.0496 3.92793 0.471766
36.9509 -75.0496 3.92793 0.471766
36.9509 -75.0496 3.92793 0.471766
36.9509 -75.0496 3.92793 0.471766
37.2689 -75.1142 3.93365 0.114268
36.9509 -75.0496 3.92793 0.471766
37.0359 -74.8074 3.92569 0.017973
36.9509 -75.0496 3.92793 0.471766
36.9509 -75.0496 3.92793 0.471766
36.9509 -75.0496 3.92793 0.471766
37.0961 -75.1311 3.92397 0.0599968
36.9509 -75.0496 3.92793 0.471766
37.0961 -75.1311 3.92397 0.0599968
37.2689 -75.1142 3.93365 0.114268
36.9509 -75.0496 3.92793 0.471766
36.9509 -75.0496 3.92793 0.471766
36.8728 -74.9579 3.92762 0.121582
37.1597 -74.8953 3.93587 0.0165596
37.079 -74.9197 3.92381 0.0430164
36.8871 -74.8494 3.92796 0.0250041
36.8257 -74.8957 3.92099 0.0158823
36.8871 -74.8494 3.92796 0.0250041
36.9509 -75.0496 3.92793 0.471766
37.1597 -74.8953 3.93587 0.0165596
36.9509 -75.0496 3.92793 0.471766
37.142 -74.7757 3.93215 0.00469653
36.9509 -75.0496 3.92793 0.471766
36.9509 -75.0496 3.92793 0.471766
37.2689 -75.1142 3.93365 0.114268
36.9509 -75.0496 3.92793 0.471766
37.079 -74.9197 3.92381 0.0430164
36.9509 -75.0496 3.92793 0.471766
36.9509 -75.0496 3.92793 0.471766
36.792 -75.0562 3.92848 0.0325817
37.0961 -75.1311 3.92397 0.0599968
37.0359 -74.8074 3.92569 0.017973
36.9509 -75.0496 3.92793 0.471766
37.079 -74.9197 3.92381 0.0430164
36.8871 -74.8494 3.92796 0.0250041
36.792 -75.0562 3.92848 0.0325817
37.2689 -75.1142 3.93365 0.114268
37.079 -74.9197 3.92381 0.0430164
37.2689 -75.1142 3.93365 0.114268
36.9509 -75.0496 3.92793 0.471766
36.8871 -74.8494 3.92796 0.0250041
36.9509 -75.0496 3.92793 0.471766
37.2689 -75.1142 3.93365 0.114268
36.9509 -75.0496 3.92793 0.471766
36.9509 -75.0496 3.92793 0.471766
36.8946 -74.9648 3.92179 0.0649942
37.0961 -75.1311 3.92397 0.0599968
36.9509 -75.0496 3.92793 0.471766
37.2689 -75.1142 3.93365 0.114268
36.8728 -74.9579 3.92762 0.121582
36.9509 -75.0496 3.92793 0.471766
37.0961 -75.1311 3.92397 0.0599968
36.8728 -74.9579 3.92762 0.121582
36.9509 -75.0496 3.92793 0.471766
36.9509 -75.0496 3.92793 0.471766
36.8946 -74.9648 3.92179 0.0649942
36.9509 -75.0496 3.92793 0.471766
36.9509 -75.0496 3.92793 0.471766
36.9509 -75.0496 3.92793 0.471766
36.8728 -74.9579 3.92762 0.121582
37.2689 -75.1142 3.93365 0.114268
36.9509 -75.0496 3.92793 0.471766
36.8257 -74.8957 3.92099 0.0158823
36.8728 -74.9579 3.92762 0.121582
37.079 -74.9197 3.92381 0.0430164
36.9509 -75.0496 3.92793 0.471766
36.8728 -74.9579 3.92762 0.121582
36.792 -75.0562 3.92848 0.0325817
37.0359 -74.8074 3.92569 0.017973
36.9509 -75.0496 3.92793 0.471766
37.2689 -75.1142 3.93365 0.114268
36.9509 -75.0496 3.92793 0.471766
36.9509 -75.0496 3.92793 0.471766
36.9102 -74.8839 3.91807 0.00177364
37.2689 -75.1142 3.93365 0.114268
36.9509 -75.0496 3.92793 0.471766
36.9509 -75.0496 3.92793 0.471766
36.9509 -75.0496 3.92793 0.471766
36.9509 -75.0496 3.92793 0.471766
36.9509 -75.0496 3.92793 0.471766
37.2689 -75.1142 3.93365 0.114268
36.8946 -74.9648 3.92179 0.0649942
36.9509 -75.0496 3.92793 0.471766
37.079 -74.9197 3.92381 0.0430164
36.9509 -75.0496 3.92793 0.471766
36.9509 -75.0496 3.92793 0.471766
36.8728 -74.9579 3.92762 0.121582
