-34.3812 -23.6139 1.14079 0.0253931
-34.4922 -23.4283 1.12621 0.0599795
-34.4922 -23.4283 1.12621 0.0599795
-34.5967 -23.7184 1.13731 0.278295
-34.5035 -23.5603 1.1306 0.24917
-34.4772 -23.2649 1.12953 0.0568083
-34.5967 -23.7184 1.13731 0.278295
-34.5498 -23.763 1.1468 0.00702
-34.5967 -23.7184 1.13731 0.278295
-34.5035 -23.5603 1.1306 0.24917
-34.4922 -23.4283 1.12621 0.0599795
-34.5967 -23.7184 1.13731 0.278295
-34.5967 -23.7184 1.13731 0.278295
-34.5967 -23.7184 1.13731 0.278295
-34.5035 -23.5603 1.1306 0.24917
-34.4141 -23.4063 1.12762 0.0697541
-34.5967 -23.7184 1.13731 0.278295
-34.5967 -23.7184 1.13731 0.278295
-34.5035 -23.5603 1.1306 0.24917
-34.4141 -23.4063 1.12762 0.0697541
-34.5967 -23.7184 1.13731 0.278295
-34.8393 -23.6032 1.13375 0.0424048
-34.4922 -23.4283 1.12621 0.0599795
-34.5035 -23.5603 1.1306 0.24917
-34.5035 -23.5603 1.1306 0.24917
-34.4141 -23.4063 1.12762 0.0697541
-34.5967 -23.7184 1.13731 0.278295
-34.5035 -23.5603 1.1306 0.24917
-34.5483 -23.7503 1.13463 0.10298
-34.5967 -23.7184 1.13731 0.278295
-34.5035 -23.5603 1.1306 0.24917
-34.5483 -23.7503 1.13463 0.10298
-34.5967 -23.7184 1.13731 0.278295
-34.5967 -23.7184 1.13731 0.278295
-34.5498 -23.763 1.1468 0.00702
-34.7499 -23.3355 1.14016 0.0117033
-34.5967 -23.7184 1.13731 0.278295
-34.5035 -23.5603 1.1306 0.24917
-34.5483 -23.7503 1.13463 0.10298
-34.5967 -23.7184 1.13731 0.278295
-34.5967 -23.7184 1.13731 0.278295
-34.8393 -23.6032 1.13375 0.0424048
-34.8393 -23.6032 1.13375 0.0424048
-34.4141 -23.4063 1.12762 0.0697541
-34.5035 -23.5603 1.1306 0.24917
-34.5035 -23.5603 1.1306 0.24917
-34.4766 -23.7112 1.14753 0.00169777
-34.5967 -23.7184 1.13731 0.278295
-34.5035 -23.5603 1.1306 0.24917
-34.4922 -23.4283 1.12621 0.0599795
-34.5967 -23.7184 1.13731 0.278295
-34.5035 -23.5603 1.1306 0.24917
-34.5483 -23.7503 1.13463 0.10298
-34.4141 -23.4063 1.12762 0.0697541
-34.5967 -23.7184 1.13731 0.278295
-34.737 -23.4119 1.14136 0.0288152
-34.737 -23.4119 1.14136 0.0288152
-34.3812 -23.6139 1.14079 0.0253931
-34.4141 -23.4063 1.12762 0.0697541
-34.5967 -23.7184 1.13731 0.278295
-34.5967 -23.7184 1.13731 0.278295
-34.5967 -23.7184 1.13731 0.278295
-34.5035 -23.5603 1.1306 0.24917
-34.4772 -23.2649 1.12953 0.0568083
-34.5967 -23.7184 1.13731 0.278295
-34.5967 -23.7184 1.13731 0.278295
-34.5483 -23.7503 1.13463 0.10298
-34.5967 -23.7184 1.13731 0.278295
-34.5967 -23.7184 1.13731 0.278295
-34.5035 -23.5603 1.1306 0.24917
-34.4141 -23.4063 1.12762 0.0697541
-34.5967 -23.7184 1.13731 0.278295
-34.3378 -23.3409 1.13558 0.0114121
-34.4772 -23.2649 1.12953 0.0568083
-34.5967 -23.7184 1.13731 0.278295
-34.3679 -23.5705 1.14189 0.00941829
-34.4922 -23.4283 1.12621 0.0599795
-34.5967 -23.7184 1.13731 0.278295
-34.5483 -23.7503 1.13463 0.10298
-34.4141 -23.4063 1.12762 0.0697541
-34.4141 -23.4063 1.12762 0.0697541
-34.5035 -23.5603 1.1306 0.24917
-34.4772 -23.2649 1.12953 0.0568083
-34.4141 -23.4063 1.12762 0.0697541
-34.5967 -23.7184 1.13731 0.278295
-34.5035 -23.5603 1.1306 0.24917
-34.737 -23.4119 1.14136 0.0288152
-34.5967 -23.7184 1.13731 0.278295
-34.5967 -23.7184 1.13731 0.278295
-34.737 -23.4119 1.14136 0.0288152
-34.737 -23.4119 1.14136 0.0288152
-34.5967 -23.7184 1.13731 0.278295
-34.5035 -23.5603 1.1306 0.24917
-34.91 -23.4642 1.13496 0.0128969
-34.5967 -23.7184 1.13731 0.278295
-34.5967 -23.7184 1.13731 0.278295
-34.5035 -23.5603 1.1306 0.24917
-34.4922 -23.4283 1.12621 0.0599795
-34.5035 -23.5603 1.1306 0.24917
-34.5483 -23.7503 1.13463 0.10298
