29.6283 10.203 0.156989 0.382509
29.8108 10.1655 0.150798 0.306333
29.6346 10.1872 0.157496 0.210781
29.6346 10.1872 0.157496 0.210781
29.6283 10.203 0.156989 0.382509
29.6283 10.203 0.156989 0.382509
29.8108 10.1655 0.150798 0.306333
29.6283 10.203 0.156989 0.382509
29.6346 10.1872 0.157496 0.210781
29.6283 10.203 0.156989 0.382509
29.6346 10.1872 0.157496 0.210781
29.8108 10.1655 0.150798 0.306333
29.8108 10.1655 0.150798 0.306333
29.6283 10.203 0.156989 0.382509
29.8108 10.1655 0.150798 0.306333
29.6283 10.203 0.156989 0.382509
29.8108 10.1655 0.150798 0.306333
29.6283 10.203 0.156989 0.382509
29.6283 10.203 0.156989 0.382509
29.528 10.0663 0.156755 0.0210269
29.6283 10.203 0.156989 0.382509
29.8108 10.1655 0.150798 0.306333
29.8108 10.1655 0.150798 0.306333
29.8108 10.1655 0.150798 0.306333
29.6283 10.203 0.156989 0.382509
29.4085 10.1525 0.157386 0.054737
29.6283 10.203 0.156989 0.382509
29.4085 10.1525 0.157386 0.054737
29.8108 10.1655 0.150798 0.306333
29.6283 10.203 0.156989 0.382509
29.528 10.0663 0.156755 0.0210269
29.6346 10.1872 0.157496 0.210781
29.8108 10.1655 0.150798 0.306333
29.6346 10.1872 0.157496 0.210781
29.8108 10.1655 0.150798 0.306333
29.6283 10.203 0.156989 0.382509
29.6283 10.203 0.156989 0.382509
29.528 10.0663 0.156755 0.0210269
29.6346 10.1872 0.157496 0.210781
29.6283 10.203 0.156989 0.382509
29.7521 10.2261 0.15998 0.00707216
29.6346 10.1872 0.157496 0.210781
29.6283 10.203 0.156989 0.382509
29.6283 10.203 0.156989 0.382509
29.6346 10.1872 0.157496 0.210781
29.4085 10.1525 0.157386 0.054737
29.7521 10.2261 0.15998 0.00707216
29.8108 10.1655 0.150798 0.306333
29.6346 10.1872 0.157496 0.210781
29.8108 10.1655 0.150798 0.306333
29.6283 10.203 0.156989 0.382509
29.6283 10.203 0.156989 0.382509
29.4085 10.1525 0.157386 0.054737
29.8108 10.1655 0.150798 0.306333
29.6283 10.203 0.156989 0.382509
29.6346 10.1872 0.157496 0.210781
29.6283 10.203 0.156989 0.382509
29.6346 10.1872 0.157496 0.210781
29.6283 10.203 0.156989 0.382509
29.6283 10.203 0.156989 0.382509
29.8108 10.1655 0.150798 0.306333
29.6346 10.1872 0.157496 0.210781
29.6346 10.1872 0.157496 0.210781
29.6283 10.203 0.156989 0.382509
29.8108 10.1655 0.150798 0.306333
29.6283 10.203 0.156989 0.382509
29.8108 10.1655 0.150798 0.306333
29.8108 10.1655 0.150798 0.306333
29.6346 10.1872 0.157496 0.210781
29.6821 10.0091 0.146832 0.00704803
29.4085 10.1525 0.157386 0.054737
29.6283 10.203 0.156989 0.382509
29.6283 10.203 0.156989 0.382509
29.6283 10.203 0.156989 0.382509
29.6346 10.1872 0.157496 0.210781
29.6283 10.203 0.156989 0.382509
29.8108 10.1655 0.150798 0.306333
29.6283 10.203 0.156989 0.382509
29.8108 10.1655 0.150798 0.306333
29.6346 10.1872 0.157496 0.210781
29.8108 10.1655 0.150798 0.306333
29.6283 10.203 0.156989 0.382509
29.8108 10.1655 0.150798 0.306333
29.8108 10.1655 0.150798 0.306333
29.8108 10.1655 0.150798 0.306333
29.6346 10.1872 0.157496 0.210781
29.8108 10.1655 0.150798 0.306333
29.6283 10.203 0.156989 0.382509
29.8108 10.1655 0.150798 0.306333
29.6283 10.203 0.156989 0.382509
29.8108 10.1655 0.150798 0.306333
29.6283 10.203 0.156989 0.382509
29.4085 10.1525 0.157386 0.054737
29.8108 10.1655 0.150798 0.306333
29.6283 10.203 0.156989 0.382509
29.8108 10.1655 0.150798 0.306333
29.6346 10.1872 0.157496 0.210781
29.6283 10.203 0.156989 0.382509
29.9198 10.0684 0.151145 0.00503228
29.6346 10.1872 0.157496 0.210781
