-29.926 -18.0827 0.999279 0.119077
-29.9573 -17.9314 0.998739 0.0457717
-29.8494 -18.1184 0.998848 0.128918
-29.9037 -17.996 1.00335 0.161658
-29.9573 -17.9314 0.998739 0.0457717
-29.9573 -17.9314 0.998739 0.0457717
-29.9348 -18.061 1.00161 0.213919
-29.8494 -18.1184 0.998848 0.128918
-29.6789 -18.0657 1.00148 0.111941
-29.9037 -17.996 1.00335 0.161658
-29.9413 -17.9397 1.00438 0.0363167
-29.9573 -17.9314 0.998739 0.0457717
-29.9348 -18.061 1.00161 0.213919
-29.6789 -18.0657 1.00148 0.111941
-29.9037 -17.996 1.00335 0.161658
-29.926 -18.0827 0.999279 0.119077
-30.0109 -17.9132 1.00178 0.0191146
-29.9037 -17.996 1.00335 0.161658
-30.0079 -18.203 1.0102 0.00835737
-29.9348 -18.061 1.00161 0.213919
-29.8494 -18.1184 0.998848 0.128918
-29.6789 -18.0657 1.00148 0.111941
-29.6789 -18.0657 1.00148 0.111941
-30.0079 -18.203 1.0102 0.00835737
-29.7906 -18.0012 1.00732 0.0194865
-29.926 -18.0827 0.999279 0.119077
-29.9348 -18.061 1.00161 0.213919
-29.8494 -18.1184 0.998848 0.128918
-29.9037 -17.996 1.00335 0.161658
-29.9037 -17.996 1.00335 0.161658
-29.926 -18.0827 0.999279 0.119077
-29.9573 -17.9314 0.998739 0.0457717
-29.9348 -18.061 1.00161 0.213919
-30.0109 -17.9132 1.00178 0.0191146
-29.6789 -18.0657 1.00148 0.111941
-29.6789 -18.0657 1.00148 0.111941
-29.926 -18.0827 0.999279 0.119077
-30.0109 -17.9132 1.00178 0.0191146
-29.8494 -18.1184 0.998848 0.128918
-29.8494 -18.1184 0.998848 0.128918
-29.9037 -17.996 1.00335 0.161658
-29.9037 -17.996 1.00335 0.161658
-29.926 -18.0827 0.999279 0.119077
-29.9435 -18.2519 1.00865 0.0378464
-29.9348 -18.061 1.00161 0.213919
-29.8494 -18.1184 0.998848 0.128918
-29.9624 -17.7432 0.996697 0.00100842
-29.926 -18.0827 0.999279 0.119077
-29.9348 -18.061 1.00161 0.213919
-30.0109 -17.9132 1.00178 0.0191146
-29.6789 -18.0657 1.00148 0.111941
-29.926 -18.0827 0.999279 0.119077
-29.9348 -18.061 1.00161 0.213919
-29.8494 -18.1184 0.998848 0.128918
-29.6789 -18.0657 1.00148 0.111941
-29.9037 -17.996 1.00335 0.161658
-29.774 -18.3098 1.00144 0.0189692
-29.9573 -17.9314 0.998739 0.0457717
-29.9348 -18.061 1.00161 0.213919
-30.0109 -17.9132 1.00178 0.0191146
-29.8494 -18.1184 0.998848 0.128918
-29.8494 -18.1184 0.998848 0.128918
-29.9037 -17.996 1.00335 0.161658
-29.9435 -18.2519 1.00865 0.0378464
-29.9348 -18.061 1.00161 0.213919
-29.6789 -18.0657 1.00148 0.111941
-29.926 -18.0827 0.999279 0.119077
-29.9348 -18.061 1.00161 0.213919
-29.9419 -18.2992 1.00216 0.0222306
-29.926 -18.0827 0.999279 0.119077
-29.9573 -17.9314 0.998739 0.0457717
-29.9348 -18.061 1.00161 0.213919
-29.9419 -18.2992 1.00216 0.0222306
-29.926 -18.0827 0.999279 0.119077
-29.9348 -18.061 1.00161 0.213919
-29.6789 -18.0657 1.00148 0.111941
-29.9435 -18.2519 1.00865 0.0378464
-29.9348 -18.061 1.00161 0.213919
-29.9037 -17.996 1.00335 0.161658
-29.9037 -17.996 1.00335 0.161658
-29.926 -18.0827 0.999279 0.119077
-29.9348 -18.061 1.00161 0.213919
-29.9348 -18.061 1.00161 0.213919
-29.9348 -18.061 1.00161 0.213919
-29.9419 -18.2992 1.00216 0.0222306
-29.9037 -17.996 1.00335 0.161658
-29.926 -18.0827 0.999279 0.119077
-29.9435 -18.2519 1.00865 0.0378464
-29.9413 -17.9397 1.00438 0.0363167
-29.9348 -18.061 1.00161 0.213919
-29.8494 -18.1184 0.998848 0.128918
-29.7906 -18.0012 1.00732 0.0194865
-29.9573 -17.9314 0.998739 0.0457717
-29.8494 -18.1184 0.998848 0.128918
-29.692 -17.848 0.993241 0.00276925
-29.9435 -18.2519 1.00865 0.0378464
-29.9348 -18.061 1.00161 0.213919
-29.9348 -18.061 1.00161 0.213919
-29.9037 -17.996 1.00335 0.161658
-29.926 -18.0827 0.999279 0.119077
