-26.2551 -87.0224 2.54701 0.0478281
-26.1492 -87.0759 2.55125 0.103527
-26.3112 -87.0137 2.55578 0.0246663
-26.0801 -87.2277 2.56068 0.039922
-26.2582 -87.4227 2.55543 0.0430505
-26.1098 -87.4362 2.55855 0.0380637
-26.4195 -87.3981 2.56101 0.00315812
-26.1816 -87.154 2.55853 0.063453
-26.0891 -87.3217 2.55774 0.083825
-26.0765 -87.1664 2.56226 0.013797
-26.0533 -87.133 2.55189 0.0761997
-26.3522 -86.9867 2.54393 0.0126349
-26.4045 -87.1885 2.54739 0.0300641
-26.1492 -87.0759 2.55125 0.103527
-26.2592 -86.7954 2.54857 0.0037504
-26.1287 -87.1886 2.54326 0.00454104
-26.1701 -86.8109 2.54977 0.00445395
-26.2513 -87.0501 2.55079 0.0954394
-26.2513 -87.0501 2.55079 0.0954394
-26.1816 -87.154 2.55853 0.063453
-26.1816 -87.154 2.55853 0.063453
-26.1816 -87.154 2.55853 0.063453
-26.0533 -87.133 2.55189 0.0761997
-25.7428 -87.4141 2.55701 0.000398011
-26.2551 -87.0224 2.54701 0.0478281
-26.2551 -87.0224 2.54701 0.0478281
-26.2551 -87.0224 2.54701 0.0478281
-26.0926 -87.4203 2.5549 0.0406259
-26.3284 -87.1647 2.54959 0.0873719
-26.2513 -87.0501 2.55079 0.0954394
-26.2582 -87.4227 2.55543 0.0430505
-26.0891 -87.3217 2.55774 0.083825
-26.0143 -87.0258 2.55555 0.0239252
-26.2551 -87.0224 2.54701 0.0478281
-26.1492 -87.0759 2.55125 0.103527
-25.9955 -86.9755 2.55318 0.0141543
-26.415 -87.534 2.56032 0.00116559
-26.1816 -87.154 2.55853 0.063453
-26.0891 -87.3217 2.55774 0.083825
-26.0891 -87.3217 2.55774 0.083825
-26.0891 -87.3217 2.55774 0.083825
-26.0143 -87.0258 2.55555 0.0239252
-26.1821 -87.2017 2.54623 0.0307717
-26.426 -87.1887 2.55337 0.0387109
-26.0926 -87.4203 2.5549 0.0406259
-26.1492 -87.0759 2.55125 0.103527
-26.3284 -87.1647 2.54959 0.0873719
-26.2513 -87.0501 2.55079 0.0954394
-26.415 -87.534 2.56032 0.00116559
-26.1816 -87.154 2.55853 0.063453
-26.1816 -87.154 2.55853 0.063453
-26.0533 -87.133 2.55189 0.0761997
-26.0143 -87.0258 2.55555 0.0239252
-26.4045 -87.1885 2.54739 0.0300641
-26.2551 -87.0224 2.54701 0.0478281
-26.426 -87.1887 2.55337 0.0387109
-26.1492 -87.0759 2.55125 0.103527
-26.1492 -87.0759 2.55125 0.103527
-26.3112 -87.0137 2.55578 0.0246663
-26.2513 -87.0501 2.55079 0.0954394
-26.0801 -87.2277 2.56068 0.039922
-26.0823 -86.6954 2.54775 0.00022074
-26.1098 -87.4362 2.55855 0.0380637
-26.1816 -87.154 2.55853 0.063453
-26.0891 -87.3217 2.55774 0.083825
-26.0533 -87.133 2.55189 0.0761997
-26.0533 -87.133 2.55189 0.0761997
-26.0143 -87.0258 2.55555 0.0239252
-26.2551 -87.0224 2.54701 0.0478281
-26.1492 -87.0759 2.55125 0.103527
-26.1492 -87.0759 2.55125 0.103527
-26.4462 -87.0408 2.54617 0.0153033
-26.1098 -87.4362 2.55855 0.0380637
-26.0891 -87.3217 2.55774 0.083825
-26.1821 -87.2017 2.54623 0.0307717
-26.4045 -87.1885 2.54739 0.0300641
-26.0926 -87.4203 2.5549 0.0406259
-26.3284 -87.1647 2.54959 0.0873719
-26.2513 -87.0501 2.55079 0.0954394
-26.1816 -87.154 2.55853 0.063453
-26.0891 -87.3217 2.55774 0.083825
-26.1842 -86.8426 2.55329 0.00517697
-26.2551 -87.0224 2.54701 0.0478281
-26.1492 -87.0759 2.55125 0.103527
-25.9749 -87.4015 2.55002 0.00401908
-26.2513 -87.0501 2.55079 0.0954394
-26.0801 -87.2277 2.56068 0.039922
-26.0891 -87.3217 2.55774 0.083825
-26.0533 -87.133 2.55189 0.0761997
-25.9338 -87.2115 2.56036 0.0147442
-26.2551 -87.0224 2.54701 0.0478281
-26.2551 -87.0224 2.54701 0.0478281
-26.426 -87.1887 2.55337 0.0387109
-26.426 -87.1887 2.55337 0.0387109
-26.1492 -87.0759 2.55125 0.103527
-26.3112 -87.0137 2.55578 0.0246663
-26.2513 -87.0501 2.55079 0.0954394
-26.1816 -87.154 2.55853 0.063453
-26.0891 -87.3217 2.55774 0.083825
-26.0533 -87.133 2.55189 0.0761997
