82.4875 -35.7075 3.63492 0.137145
82.6438 -35.6448 3.64275 0.0784835
82.5062 -35.6948 3.63923 0.357266
82.5062 -35.6948 3.63923 0.357266
82.5062 -35.6948 3.63923 0.357266
82.5208 -35.8708 3.63968 0.019122
82.4875 -35.7075 3.63492 0.137145
82.5062 -35.6948 3.63923 0.357266
82.7407 -35.6793 3.6359 0.0172748
82.4875 -35.7075 3.63492 0.137145
82.3329 -35.6033 3.64345 0.0321931
82.4904 -35.5955 3.63475 0.0604151
82.5535 -35.4306 3.6424 0.108231
82.6438 -35.6448 3.64275 0.0784835
82.5062 -35.6948 3.63923 0.357266
82.5535 -35.4306 3.6424 0.108231
82.4875 -35.7075 3.63492 0.137145
82.4875 -35.7075 3.63492 0.137145
82.5062 -35.6948 3.63923 0.357266
82.4875 -35.7075 3.63492 0.137145
82.5639 -35.4679 3.63758 0.0499793
82.5062 -35.6948 3.63923 0.357266
82.4875 -35.7075 3.63492 0.137145
82.5062 -35.6948 3.63923 0.357266
82.4875 -35.7075 3.63492 0.137145
82.2229 -35.4241 3.63884 0.000676284
82.4875 -35.7075 3.63492 0.137145
82.4904 -35.5955 3.63475 0.0604151
82.5062 -35.6948 3.63923 0.357266
82.5535 -35.4306 3.6424 0.108231
82.7407 -35.6793 3.6359 0.0172748
82.5062 -35.6948 3.63923 0.357266
82.4875 -35.7075 3.63492 0.137145
82.4904 -35.5955 3.63475 0.0604151
82.5062 -35.6948 3.63923 0.357266
82.6438 -35.6448 3.64275 0.0784835
82.5062 -35.6948 3.63923 0.357266
82.5062 -35.6948 3.63923 0.357266
82.6327 -35.8794 3.63861 0.012564
82.5062 -35.6948 3.63923 0.357266
82.5062 -35.6948 3.63923 0.357266
82.5062 -35.6948 3.63923 0.357266
82.4349 -35.8845 3.63209 0.00871391
82.4875 -35.7075 3.63492 0.137145
82.5062 -35.6948 3.63923 0.357266
82.5671 -35.8552 3.64117 0.0101984
82.5062 -35.6948 3.63923 0.357266
82.6438 -35.6448 3.64275 0.0784835
82.5062 -35.6948 3.63923 0.357266
82.5535 -35.4306 3.6424 0.108231
82.5147 -35.4805 3.63738 0.0633294
82.4904 -35.5955 3.63475 0.0604151
82.5062 -35.6948 3.63923 0.357266
82.6613 -35.8051 3.63234 0.0089355
82.5147 -35.4805 3.63738 0.0633294
82.4875 -35.7075 3.63492 0.137145
82.5062 -35.6948 3.63923 0.357266
82.3329 -35.6033 3.64345 0.0321931
82.5062 -35.6948 3.63923 0.357266
82.5535 -35.4306 3.6424 0.108231
82.4875 -35.7075 3.63492 0.137145
82.5062 -35.6948 3.63923 0.357266
82.5062 -35.6948 3.63923 0.357266
82.5147 -35.4805 3.63738 0.0633294
82.5062 -35.6948 3.63923 0.357266
82.5147 -35.4805 3.63738 0.0633294
82.5062 -35.6948 3.63923 0.357266
82.4904 -35.5955 3.63475 0.0604151
82.4875 -35.7075 3.63492 0.137145
82.5671 -35.8552 3.64117 0.0101984
82.4904 -35.5955 3.63475 0.0604151
82.5208 -35.8708 3.63968 0.019122
82.4875 -35.7075 3.63492 0.137145
82.5062 -35.6948 3.63923 0.357266
82.7407 -35.6793 3.6359 0.0172748
82.5062 -35.6948 3.63923 0.357266
82.4875 -35.7075 3.63492 0.137145
82.5062 -35.6948 3.63923 0.357266
82.5535 -35.4306 3.6424 0.108231
82.5062 -35.6948 3.63923 0.357266
82.5062 -35.6948 3.63923 0.357266
82.7407 -35.6793 3.6359 0.0172748
82.5639 -35.4679 3.63758 0.0499793
82.6613 -35.8051 3.63234 0.0089355
82.5062 -35.6948 3.63923 0.357266
82.5535 -35.4306 3.6424 0.108231
82.4875 -35.7075 3.63492 0.137145
82.3329 -35.6033 3.64345 0.0321931
82.5062 -35.6948 3.63923 0.357266
82.5062 -35.6948 3.63923 0.357266
82.5535 -35.4306 3.6424 0.108231
82.4904 -35.5955 3.63475 0.0604151
82.7603 -35.5975 3.64529 0.0025368
82.5062 -35.6948 3.63923 0.357266
82.5062 -35.6948 3.63923 0.357266
82.5639 -35.4679 3.63758 0.0499793
82.5535 -35.4306 3.6424 0.108231
82.4875 -35.7075 3.63492 0.137145
82.6438 -35.6448 3.64275 0.0784835
82.5062 -35.6948 3.63923 0.357266
