110.915 -23.5327 3.4138 0.0287478
111.157 -23.2694 3.41326 0.0607313
111.121 -23.4777 3.40984 0.118491
111.098 -23.1156 3.41016 0.0148827
111.002 -23.3954 3.41445 0.0572321
111.11 -23.4416 3.40892 0.118707
111.121 -23.187 3.41394 0.025593
110.868 -23.7403 3.40288 0.00376245
111.126 -23.5113 3.40531 0.0439426
111.126 -23.5113 3.40531 0.0439426
111.157 -23.2694 3.41326 0.0607313
110.977 -23.2795 3.41573 0.0179272
111.118 -23.1599 3.40503 0.0123748
111.121 -23.4777 3.40984 0.118491
111.025 -23.4894 3.40957 0.117623
111.11 -23.4416 3.40892 0.118707
111.11 -23.4416 3.40892 0.118707
110.725 -23.4559 3.40566 0.0182281
111.266 -23.5039 3.41923 0.0311006
110.977 -23.2795 3.41573 0.0179272
111.098 -23.1156 3.41016 0.0148827
111.025 -23.4894 3.40957 0.117623
111.025 -23.4894 3.40957 0.117623
111.11 -23.4416 3.40892 0.118707
111.341 -23.4564 3.41016 0.0268562
111.134 -23.6248 3.40636 0.02658
110.797 -23.5347 3.40586 0.0286883
110.817 -23.2882 3.40762 0.0295595
110.977 -23.2795 3.41573 0.0179272
111.121 -23.4777 3.40984 0.118491
110.925 -23.0688 3.4037 0.00443511
110.905 -23.1389 3.39714 0.00127713
111.025 -23.4894 3.40957 0.117623
111.11 -23.4416 3.40892 0.118707
111.126 -23.5113 3.40531 0.0439426
111.126 -23.5113 3.40531 0.0439426
111.134 -23.6248 3.40636 0.02658
111.157 -23.2694 3.41326 0.0607313
111.157 -23.2694 3.41326 0.0607313
110.817 -23.2882 3.40762 0.0295595
111.121 -23.4777 3.40984 0.118491
111.332 -23.2031 3.41286 0.0137253
111.098 -23.1156 3.41016 0.0148827
111.002 -23.3954 3.41445 0.0572321
111.002 -23.3954 3.41445 0.0572321
111.321 -23.6693 3.41414 0.0166788
111.134 -23.6248 3.40636 0.02658
111.157 -23.2694 3.41326 0.0607313
111.157 -23.2694 3.41326 0.0607313
111.121 -23.4777 3.40984 0.118491
111.121 -23.4777 3.40984 0.118491
111.025 -23.4894 3.40957 0.117623
111.11 -23.4416 3.40892 0.118707
110.915 -23.5327 3.4138 0.0287478
111.266 -23.5039 3.41923 0.0311006
111.157 -23.2694 3.41326 0.0607313
111.157 -23.2694 3.41326 0.0607313
110.977 -23.2795 3.41573 0.0179272
111.121 -23.4777 3.40984 0.118491
111.245 -23.5685 3.41562 0.0524886
111.341 -23.4564 3.41016 0.0268562
111.121 -23.187 3.41394 0.025593
111.157 -23.2694 3.41326 0.0607313
111.121 -23.4777 3.40984 0.118491
111.025 -23.4894 3.40957 0.117623
111.025 -23.4894 3.40957 0.117623
111.002 -23.3954 3.41445 0.0572321
111.121 -23.187 3.41394 0.025593
111.319 -23.747 3.40783 0.00179399
110.797 -23.5347 3.40586 0.0286883
110.977 -23.2795 3.41573 0.0179272
111.121 -23.4777 3.40984 0.118491
111.025 -23.4894 3.40957 0.117623
111.025 -23.4894 3.40957 0.117623
111.245 -23.5685 3.41562 0.0524886
111.341 -23.4564 3.41016 0.0268562
110.915 -23.5327 3.4138 0.0287478
110.941 -23.2044 3.4041 0.0252662
111.293 -23.854 3.41484 0.00147706
111.348 -23.5297 3.40635 0.00537566
110.925 -23.0688 3.4037 0.00443511
111.025 -23.4894 3.40957 0.117623
111.245 -23.5685 3.41562 0.0524886
111.245 -23.5685 3.41562 0.0524886
111.11 -23.4416 3.40892 0.118707
111.121 -23.187 3.41394 0.025593
111.126 -23.5113 3.40531 0.0439426
111.134 -23.6248 3.40636 0.02658
111.266 -23.5039 3.41923 0.0311006
110.797 -23.5347 3.40586 0.0286883
110.977 -23.2795 3.41573 0.0179272
110.691 -23.5223 3.39884 0.00448672
111.025 -23.4894 3.40957 0.117623
111.245 -23.5685 3.41562 0.0524886
111.11 -23.4416 3.40892 0.118707
111.121 -23.187 3.41394 0.025593
110.915 -23.5327 3.4138 0.0287478
111.134 -23.6248 3.40636 0.02658
111.134 -23.6248 3.40636 0.02658
111.157 -23.2694 3.41326 0.0607313
