-3.52385 -94.3888 3.11356 0.0795184
-3.5307 -94.5228 3.11001 0.0456068
-3.56335 -94.3135 3.10825 0.038025
-3.84097 -94.5838 3.10509 0.0459752
-3.57637 -94.4632 3.10407 0.0153524
-3.47716 -94.4373 3.1146 0.0553122
-3.79793 -94.4891 3.11058 0.147263
-3.55226 -94.5553 3.10802 0.0315269
-3.65089 -94.3739 3.12219 0.0349007
-3.67783 -94.4458 3.1077 0.100356
-4.00619 -94.6193 3.11024 0.0168889
-3.70411 -94.3364 3.11515 0.137745
-3.47716 -94.4373 3.1146 0.0553122
-3.79793 -94.4891 3.11058 0.147263
-3.52385 -94.3888 3.11356 0.0795184
-3.69089 -94.7852 3.1057 0.0045076
-3.70411 -94.3364 3.11515 0.137745
-3.84097 -94.5838 3.10509 0.0459752
-3.47716 -94.4373 3.1146 0.0553122
-3.52385 -94.3888 3.11356 0.0795184
-3.67981 -94.3126 3.11973 0.058912
-3.5307 -94.5228 3.11001 0.0456068
-3.65089 -94.3739 3.12219 0.0349007
-3.70411 -94.3364 3.11515 0.137745
-3.70411 -94.3364 3.11515 0.137745
-3.57637 -94.4632 3.10407 0.0153524
-3.52385 -94.3888 3.11356 0.0795184
-3.67981 -94.3126 3.11973 0.058912
-3.67783 -94.4458 3.1077 0.100356
-3.84097 -94.5838 3.10509 0.0459752
-3.52385 -94.3888 3.11356 0.0795184
-3.67981 -94.3126 3.11973 0.058912
-3.56335 -94.3135 3.10825 0.038025
-3.56335 -94.3135 3.10825 0.038025
-3.70411 -94.3364 3.11515 0.137745
-3.57637 -94.4632 3.10407 0.0153524
-3.52385 -94.3888 3.11356 0.0795184
-3.45842 -94.4495 3.10213 0.00121086
-3.67783 -94.4458 3.1077 0.100356
-3.70411 -94.3364 3.11515 0.137745
-3.84097 -94.5838 3.10509 0.0459752
-3.79793 -94.4891 3.11058 0.147263
-3.52385 -94.3888 3.11356 0.0795184
-3.60598 -94.2827 3.10323 0.00842292
-3.65089 -94.3739 3.12219 0.0349007
-3.67783 -94.4458 3.1077 0.100356
-3.56335 -94.3135 3.10825 0.038025
-4.04895 -94.4089 3.11395 0.0127042
-3.57637 -94.4632 3.10407 0.0153524
-3.52385 -94.3888 3.11356 0.0795184
-3.52385 -94.3888 3.11356 0.0795184
-3.5307 -94.5228 3.11001 0.0456068
-3.65089 -94.3739 3.12219 0.0349007
-3.80416 -94.7063 3.11379 0.0226272
-3.70411 -94.3364 3.11515 0.137745
-3.79793 -94.4891 3.11058 0.147263
-3.52385 -94.3888 3.11356 0.0795184
-3.52385 -94.3888 3.11356 0.0795184
-4.09236 -94.3847 3.11209 0.00906308
-3.5307 -94.5228 3.11001 0.0456068
-3.67783 -94.4458 3.1077 0.100356
-3.70411 -94.3364 3.11515 0.137745
-3.84097 -94.5838 3.10509 0.0459752
-3.79793 -94.4891 3.11058 0.147263
-3.79793 -94.4891 3.11058 0.147263
-3.79793 -94.4891 3.11058 0.147263
-3.67981 -94.3126 3.11973 0.058912
-3.67981 -94.3126 3.11973 0.058912
-3.67981 -94.3126 3.11973 0.058912
-3.67783 -94.4458 3.1077 0.100356
-3.70411 -94.3364 3.11515 0.137745
-3.57637 -94.4632 3.10407 0.0153524
-3.79793 -94.4891 3.11058 0.147263
-3.79793 -94.4891 3.11058 0.147263
-3.53592 -94.3133 3.10381 0.00598756
-3.67783 -94.4458 3.1077 0.100356
-3.70411 -94.3364 3.11515 0.137745
-3.47716 -94.4373 3.1146 0.0553122
-3.47716 -94.4373 3.1146 0.0553122
-3.52385 -94.3888 3.11356 0.0795184
-3.65089 -94.3739 3.12219 0.0349007
-3.80416 -94.7063 3.11379 0.0226272
-3.70411 -94.3364 3.11515 0.137745
-4.04895 -94.4089 3.11395 0.0127042
-3.47716 -94.4373 3.1146 0.0553122
-3.47716 -94.4373 3.1146 0.0553122
-3.52385 -94.3888 3.11356 0.0795184
-3.67981 -94.3126 3.11973 0.058912
-3.65089 -94.3739 3.12219 0.0349007
-3.67783 -94.4458 3.1077 0.100356
-3.70411 -94.3364 3.11515 0.137745
-3.47716 -94.4373 3.1146 0.0553122
-3.79793 -94.4891 3.11058 0.147263
-4.05349 -94.5574 3.11019 0.0146545
-3.5307 -94.5228 3.11001 0.0456068
-3.67783 -94.4458 3.1077 0.100356
-3.70411 -94.3364 3.11515 0.137745
-3.70411 -94.3364 3.11515 0.137745
-3.79793 -94.4891 3.11058 0.147263
-3.52385 -94.3888 3.11356 0.0795184
