274.288 19.1174 5.38032 0.0954738
274.288 19.1174 5.38032 0.0954738
274.5 19.2139 5.38639 0.0803789
274.477 18.9285 5.3755 0.0584859
274.565 19.2308 5.38085 0.0310926
274.321 19.156 5.38242 0.133587
274.361 19.1754 5.38062 0.124767
274.288 19.1174 5.38032 0.0954738
274.288 19.1174 5.38032 0.0954738
274.568 19.1594 5.38053 0.0644341
274.321 19.156 5.38242 0.133587
274.321 19.156 5.38242 0.133587
274.383 19.1782 5.38535 0.16163
274.477 18.9285 5.3755 0.0584859
274.564 19.0828 5.38695 0.0560472
274.321 19.156 5.38242 0.133587
274.321 19.156 5.38242 0.133587
274.361 19.1754 5.38062 0.124767
274.383 19.1782 5.38535 0.16163
274.355 19.0743 5.37026 0.00738851
274.288 19.1174 5.38032 0.0954738
274.515 18.9431 5.37359 0.033071
274.321 19.156 5.38242 0.133587
274.387 19.3038 5.37992 0.0164086
274.361 19.1754 5.38062 0.124767
274.383 19.1782 5.38535 0.16163
274.383 19.1782 5.38535 0.16163
274.617 18.9544 5.37625 0.0194108
274.5 19.2139 5.38639 0.0803789
274.515 18.9431 5.37359 0.033071
274.564 19.0828 5.38695 0.0560472
274.361 19.1754 5.38062 0.124767
274.38 19.1718 5.39463 0.0126134
274.383 19.1782 5.38535 0.16163
274.5 19.2139 5.38639 0.0803789
274.427 19.0304 5.39362 0.00926474
274.321 19.156 5.38242 0.133587
274.321 19.156 5.38242 0.133587
274.361 19.1754 5.38062 0.124767
274.383 19.1782 5.38535 0.16163
274.599 19.2666 5.38088 0.0108396
274.544 18.9249 5.38774 0.0121124
274.634 19.1603 5.39365 0.00157842
274.361 19.1754 5.38062 0.124767
274.361 19.1754 5.38062 0.124767
274.618 19.2662 5.39088 0.00370448
274.617 18.9544 5.37625 0.0194108
274.288 19.1174 5.38032 0.0954738
274.5 19.2139 5.38639 0.0803789
274.477 18.9285 5.3755 0.0584859
274.515 18.9431 5.37359 0.033071
274.538 18.9159 5.39012 0.00405865
274.321 19.156 5.38242 0.133587
274.383 19.1782 5.38535 0.16163
274.288 19.1174 5.38032 0.0954738
274.477 18.9285 5.3755 0.0584859
274.568 19.1594 5.38053 0.0644341
274.515 18.9431 5.37359 0.033071
274.321 19.156 5.38242 0.133587
274.321 19.156 5.38242 0.133587
274.383 19.1782 5.38535 0.16163
274.599 19.2666 5.38088 0.0108396
274.477 18.9285 5.3755 0.0584859
274.515 18.9431 5.37359 0.033071
274.565 19.2308 5.38085 0.0310926
274.321 19.156 5.38242 0.133587
274.383 19.1782 5.38535 0.16163
274.355 19.0743 5.37026 0.00738851
274.355 19.0743 5.37026 0.00738851
274.599 19.2666 5.38088 0.0108396
274.477 18.9285 5.3755 0.0584859
274.564 19.0828 5.38695 0.0560472
274.361 19.1754 5.38062 0.124767
274.617 18.9544 5.37625 0.0194108
274.288 19.1174 5.38032 0.0954738
274.568 19.1594 5.38053 0.0644341
274.321 19.156 5.38242 0.133587
274.38 19.1718 5.39463 0.0126134
274.288 19.1174 5.38032 0.0954738
274.599 19.2666 5.38088 0.0108396
274.5 19.2139 5.38639 0.0803789
274.565 19.2308 5.38085 0.0310926
274.361 19.1754 5.38062 0.124767
274.361 19.1754 5.38062 0.124767
274.383 19.1782 5.38535 0.16163
274.288 19.1174 5.38032 0.0954738
274.5 19.2139 5.38639 0.0803789
274.568 19.1594 5.38053 0.0644341
274.564 19.0828 5.38695 0.0560472
274.387 19.3038 5.37992 0.0164086
274.361 19.1754 5.38062 0.124767
274.383 19.1782 5.38535 0.16163
274.288 19.1174 5.38032 0.0954738
274.5 19.2139 5.38639 0.0803789
274.477 18.9285 5.3755 0.0584859
274.568 19.1594 5.38053 0.0644341
274.321 19.156 5.38242 0.133587
274.383 19.1782 5.38535 0.16163
274.288 19.1174 5.38032 0.0954738
274.515 18.9431 5.37359 0.033071
