65.2193 -46.0847 3.84104 0.0750567
65.3737 -46.2363 3.84165 0.315674
65.3737 -46.2363 3.84165 0.315674
65.4139 -46.1621 3.84892 0.0854864
65.5131 -45.9591 3.84356 0.0974269
65.3737 -46.2363 3.84165 0.315674
65.3737 -46.2363 3.84165 0.315674
65.2193 -46.0847 3.84104 0.0750567
65.3737 -46.2363 3.84165 0.315674
65.3737 -46.2363 3.84165 0.315674
65.3965 -46.08 3.84764 0.227411
65.5773 -45.8863 3.8442 0.0121116
65.4139 -46.1621 3.84892 0.0854864
65.3737 -46.2363 3.84165 0.315674
65.3737 -46.2363 3.84165 0.315674
65.4139 -46.1621 3.84892 0.0854864
65.3965 -46.08 3.84764 0.227411
65.3976 -46.1491 3.84939 0.0685767
65.3976 -46.1491 3.84939 0.0685767
65.3737 -46.2363 3.84165 0.315674
65.2464 -46.2939 3.84351 0.0288629
65.5131 -45.9591 3.84356 0.0974269
65.5131 -45.9591 3.84356 0.0974269
65.3976 -46.1491 3.84939 0.0685767
65.3737 -46.2363 3.84165 0.315674
65.3965 -46.08 3.84764 0.227411
65.3737 -46.2363 3.84165 0.315674
65.3162 -46.3443 3.84435 0.0197332
65.3965 -46.08 3.84764 0.227411
65.5131 -45.9591 3.84356 0.0974269
65.4139 -46.1621 3.84892 0.0854864
65.5242 -46.0061 3.83867 0.0291214
65.3737 -46.2363 3.84165 0.315674
65.3737 -46.2363 3.84165 0.315674
65.3965 -46.08 3.84764 0.227411
65.5242 -46.0061 3.83867 0.0291214
65.4139 -46.1621 3.84892 0.0854864
65.2193 -46.0847 3.84104 0.0750567
65.3737 -46.2363 3.84165 0.315674
65.3965 -46.08 3.84764 0.227411
65.3976 -46.1491 3.84939 0.0685767
65.3737 -46.2363 3.84165 0.315674
65.2464 -46.2939 3.84351 0.0288629
65.3965 -46.08 3.84764 0.227411
65.3464 -46.0232 3.83434 0.00506839
65.4139 -46.1621 3.84892 0.0854864
65.3965 -46.08 3.84764 0.227411
65.3737 -46.2363 3.84165 0.315674
65.3737 -46.2363 3.84165 0.315674
65.5131 -45.9591 3.84356 0.0974269
65.3976 -46.1491 3.84939 0.0685767
65.3737 -46.2363 3.84165 0.315674
65.4139 -46.1621 3.84892 0.0854864
65.3965 -46.08 3.84764 0.227411
65.5131 -45.9591 3.84356 0.0974269
65.3965 -46.08 3.84764 0.227411
65.3965 -46.08 3.84764 0.227411
65.3737 -46.2363 3.84165 0.315674
65.3965 -46.08 3.84764 0.227411
65.3737 -46.2363 3.84165 0.315674
65.3965 -46.08 3.84764 0.227411
65.3965 -46.08 3.84764 0.227411
65.2193 -46.0847 3.84104 0.0750567
65.3737 -46.2363 3.84165 0.315674
65.3737 -46.2363 3.84165 0.315674
65.3965 -46.08 3.84764 0.227411
65.3737 -46.2363 3.84165 0.315674
65.3965 -46.08 3.84764 0.227411
65.5242 -46.0061 3.83867 0.0291214
65.3737 -46.2363 3.84165 0.315674
65.4139 -46.1621 3.84892 0.0854864
65.3976 -46.1491 3.84939 0.0685767
65.3737 -46.2363 3.84165 0.315674
65.3737 -46.2363 3.84165 0.315674
65.3737 -46.2363 3.84165 0.315674
65.3965 -46.08 3.84764 0.227411
65.2193 -46.0847 3.84104 0.0750567
65.3737 -46.2363 3.84165 0.315674
65.3965 -46.08 3.84764 0.227411
65.5131 -45.9591 3.84356 0.0974269
65.3737 -46.2363 3.84165 0.315674
65.3965 -46.08 3.84764 0.227411
65.2193 -46.0847 3.84104 0.0750567
65.5131 -45.9591 3.84356 0.0974269
65.3737 -46.2363 3.84165 0.315674
65.3965 -46.08 3.84764 0.227411
65.5773 -45.8863 3.8442 0.0121116
65.5131 -45.9591 3.84356 0.0974269
65.3737 -46.2363 3.84165 0.315674
65.4139 -46.1621 3.84892 0.0854864
65.4139 -46.1621 3.84892 0.0854864
65.3965 -46.08 3.84764 0.227411
65.3737 -46.2363 3.84165 0.315674
65.3737 -46.2363 3.84165 0.315674
65.3965 -46.08 3.84764 0.227411
65.3737 -46.2363 3.84165 0.315674
65.3162 -46.3443 3.84435 0.0197332
65.4139 -46.1621 3.84892 0.0854864
65.3976 -46.1491 3.84939 0.0685767
65.3737 -46.2363 3.84165 0.315674
