-0.167478 -95.5503 3.15899 0.0947244
-0.453858 -95.3522 3.15959 0.0870283
-0.461761 -95.4829 3.16388 0.0455945
-0.280412 -95.6832 3.16376 0.0294727
-0.216099 -95.3668 3.15688 0.101221
-0.216099 -95.3668 3.15688 0.101221
-0.216099 -95.3668 3.15688 0.101221
-0.539757 -95.4004 3.16066 0.0386622
-0.501178 -95.4677 3.15187 0.035639
-0.200784 -95.5747 3.17393 0.00326401
-0.213657 -95.334 3.16855 0.0715283
-0.187386 -95.567 3.15173 0.0166525
-0.167478 -95.5503 3.15899 0.0947244
-0.453858 -95.3522 3.15959 0.0870283
-0.453858 -95.3522 3.15959 0.0870283
-0.453858 -95.3522 3.15959 0.0870283
-0.461761 -95.4829 3.16388 0.0455945
-0.280412 -95.6832 3.16376 0.0294727
-0.216099 -95.3668 3.15688 0.101221
-0.319551 -95.6626 3.15818 0.0549711
-0.491073 -95.576 3.15788 0.0510075
-0.167478 -95.5503 3.15899 0.0947244
-0.167478 -95.5503 3.15899 0.0947244
-0.453858 -95.3522 3.15959 0.0870283
-0.606545 -95.7253 3.15475 0.00453836
-0.0908845 -95.6232 3.16521 0.0333523
-0.29034 -95.6006 3.15969 0.0980558
-0.216099 -95.3668 3.15688 0.101221
-0.319551 -95.6626 3.15818 0.0549711
-0.213657 -95.334 3.16855 0.0715283
-0.187386 -95.567 3.15173 0.0166525
-0.138151 -95.2538 3.16187 0.078365
-0.138151 -95.2538 3.16187 0.078365
-0.453858 -95.3522 3.15959 0.0870283
-0.0796539 -95.7053 3.15961 0.0136783
-0.0908845 -95.6232 3.16521 0.0333523
-0.280412 -95.6832 3.16376 0.0294727
-0.216099 -95.3668 3.15688 0.101221
-0.331951 -95.9349 3.15964 0.000611959
-0.319551 -95.6626 3.15818 0.0549711
-0.491073 -95.576 3.15788 0.0510075
-0.167478 -95.5503 3.15899 0.0947244
-0.453858 -95.3522 3.15959 0.0870283
-0.461761 -95.4829 3.16388 0.0455945
-0.29034 -95.6006 3.15969 0.0980558
-0.216099 -95.3668 3.15688 0.101221
-0.216099 -95.3668 3.15688 0.101221
-0.491073 -95.576 3.15788 0.0510075
-0.167478 -95.5503 3.15899 0.0947244
-0.167478 -95.5503 3.15899 0.0947244
-0.138151 -95.2538 3.16187 0.078365
-0.461761 -95.4829 3.16388 0.0455945
-0.461761 -95.4829 3.16388 0.0455945
-0.29034 -95.6006 3.15969 0.0980558
-0.29034 -95.6006 3.15969 0.0980558
-0.216099 -95.3668 3.15688 0.101221
-0.501178 -95.4677 3.15187 0.035639
-0.501178 -95.4677 3.15187 0.035639
-0.491073 -95.576 3.15788 0.0510075
-0.187386 -95.567 3.15173 0.0166525
-0.167478 -95.5503 3.15899 0.0947244
-0.453858 -95.3522 3.15959 0.0870283
-0.461761 -95.4829 3.16388 0.0455945
-0.436339 -95.5473 3.16447 0.0366015
-0.319551 -95.6626 3.15818 0.0549711
-0.213657 -95.334 3.16855 0.0715283
-0.138151 -95.2538 3.16187 0.078365
-0.453858 -95.3522 3.15959 0.0870283
-0.461761 -95.4829 3.16388 0.0455945
-0.280412 -95.6832 3.16376 0.0294727
-0.216099 -95.3668 3.15688 0.101221
-0.319551 -95.6626 3.15818 0.0549711
-0.213657 -95.334 3.16855 0.0715283
-0.167478 -95.5503 3.15899 0.0947244
-0.453858 -95.3522 3.15959 0.0870283
-0.640504 -95.5902 3.16038 0.00540066
-0.0908845 -95.6232 3.16521 0.0333523
-0.29034 -95.6006 3.15969 0.0980558
-0.29034 -95.6006 3.15969 0.0980558
-0.280412 -95.6832 3.16376 0.0294727
-0.216099 -95.3668 3.15688 0.101221
-0.319551 -95.6626 3.15818 0.0549711
-0.501178 -95.4677 3.15187 0.035639
-0.491073 -95.576 3.15788 0.0510075
-0.213657 -95.334 3.16855 0.0715283
-0.0733942 -95.6548 3.15099 0.00196191
-0.167478 -95.5503 3.15899 0.0947244
-0.138151 -95.2538 3.16187 0.078365
-0.0908845 -95.6232 3.16521 0.0333523
-0.280412 -95.6832 3.16376 0.0294727
-0.436339 -95.5473 3.16447 0.0366015
-0.319551 -95.6626 3.15818 0.0549711
-0.491073 -95.576 3.15788 0.0510075
-0.213657 -95.334 3.16855 0.0715283
-0.167478 -95.5503 3.15899 0.0947244
-0.138151 -95.2538 3.16187 0.078365
-0.453858 -95.3522 3.15959 0.0870283
-0.606545 -95.7253 3.15475 0.00453836
-0.29034 -95.6006 3.15969 0.0980558
-0.29034 -95.6006 3.15969 0.0980558
