217.925 -11.1391 2.96705 0.124278
218.026 -11.2346 2.97089 0.154848
217.834 -11.4058 2.96868 0.303602
217.834 -11.4058 2.96868 0.303602
217.925 -11.1391 2.96705 0.124278
217.713 -11.2718 2.96905 0.118196
217.713 -11.2718 2.96905 0.118196
217.834 -11.4058 2.96868 0.303602
217.834 -11.4058 2.96868 0.303602
217.925 -11.1391 2.96705 0.124278
217.834 -11.4058 2.96868 0.303602
217.779 -11.1957 2.96835 0.18358
218.026 -11.2346 2.97089 0.154848
217.713 -11.2718 2.96905 0.118196
217.834 -11.4058 2.96868 0.303602
217.834 -11.4058 2.96868 0.303602
218.026 -11.2346 2.97089 0.154848
217.834 -11.4058 2.96868 0.303602
217.779 -11.1957 2.96835 0.18358
217.549 -11.3098 2.96366 0.0170836
217.834 -11.4058 2.96868 0.303602
217.779 -11.1957 2.96835 0.18358
217.834 -11.4058 2.96868 0.303602
217.779 -11.1957 2.96835 0.18358
217.713 -11.2718 2.96905 0.118196
217.834 -11.4058 2.96868 0.303602
217.713 -11.2718 2.96905 0.118196
217.779 -11.1957 2.96835 0.18358
217.779 -11.1957 2.96835 0.18358
218.026 -11.2346 2.97089 0.154848
217.834 -11.4058 2.96868 0.303602
217.779 -11.1957 2.96835 0.18358
217.834 -11.4058 2.96868 0.303602
217.925 -11.1391 2.96705 0.124278
218.026 -11.2346 2.97089 0.154848
217.834 -11.4058 2.96868 0.303602
217.834 -11.4058 2.96868 0.303602
217.779 -11.1957 2.96835 0.18358
218.026 -11.2346 2.97089 0.154848
217.792 -11.0677 2.96372 0.0235741
217.925 -11.1391 2.96705 0.124278
217.834 -11.4058 2.96868 0.303602
217.779 -11.1957 2.96835 0.18358
217.549 -11.3098 2.96366 0.0170836
217.779 -11.1957 2.96835 0.18358
217.779 -11.1957 2.96835 0.18358
217.713 -11.2718 2.96905 0.118196
217.779 -11.1957 2.96835 0.18358
217.779 -11.1957 2.96835 0.18358
217.925 -11.1391 2.96705 0.124278
218.026 -11.2346 2.97089 0.154848
217.834 -11.4058 2.96868 0.303602
217.834 -11.4058 2.96868 0.303602
217.779 -11.1957 2.96835 0.18358
218.026 -11.2346 2.97089 0.154848
217.713 -11.2718 2.96905 0.118196
217.713 -11.2718 2.96905 0.118196
217.834 -11.4058 2.96868 0.303602
217.779 -11.1957 2.96835 0.18358
217.925 -11.1391 2.96705 0.124278
217.713 -11.2718 2.96905 0.118196
217.834 -11.4058 2.96868 0.303602
217.925 -11.1391 2.96705 0.124278
217.713 -11.2718 2.96905 0.118196
217.779 -11.1957 2.96835 0.18358
217.925 -11.1391 2.96705 0.124278
217.925 -11.1391 2.96705 0.124278
217.834 -11.4058 2.96868 0.303602
217.834 -11.4058 2.96868 0.303602
218.026 -11.2346 2.97089 0.154848
217.725 -11.5629 2.96877 0.0150717
217.713 -11.2718 2.96905 0.118196
217.834 -11.4058 2.96868 0.303602
217.925 -11.1391 2.96705 0.124278
217.713 -11.2718 2.96905 0.118196
217.779 -11.1957 2.96835 0.18358
217.722 -11.3769 2.97455 0.00289582
217.779 -11.1957 2.96835 0.18358
217.925 -11.1391 2.96705 0.124278
217.725 -11.5629 2.96877 0.0150717
217.792 -11.0677 2.96372 0.0235741
217.834 -11.4058 2.96868 0.303602
218.026 -11.2346 2.97089 0.154848
217.834 -11.4058 2.96868 0.303602
217.549 -11.3098 2.96366 0.0170836
217.779 -11.1957 2.96835 0.18358
218.026 -11.2346 2.97089 0.154848
217.779 -11.1957 2.96835 0.18358
218.026 -11.2346 2.97089 0.154848
217.788 -11.5175 2.96066 0.00465597
217.713 -11.2718 2.96905 0.118196
217.834 -11.4058 2.96868 0.303602
217.779 -11.1957 2.96835 0.18358
217.779 -11.1957 2.96835 0.18358
217.925 -11.1391 2.96705 0.124278
218.026 -11.2346 2.97089 0.154848
217.834 -11.4058 2.96868 0.303602
217.834 -11.4058 2.96868 0.303602
217.925 -11.1391 2.96705 0.124278
218.026 -11.2346 2.97089 0.154848
