240.171 -16.2824 2.89291 0.0336318
240.211 -16.6725 2.89846 0.0674514
240.047 -16.2967 2.89005 0.0707506
240.101 -16.6396 2.89426 0.119153
239.849 -16.3531 2.89191 0.0633836
239.819 -16.4743 2.88773 0.091608
240.018 -16.6789 2.89736 0.0431674
240.047 -16.6955 2.89462 0.0657799
240.211 -16.6725 2.89846 0.0674514
240.047 -16.2967 2.89005 0.0707506
239.849 -16.3531 2.89191 0.0633836
240.051 -16.3535 2.89394 0.119642
240.002 -16.4587 2.89767 0.0492286
239.757 -16.4429 2.89196 0.0277191
240.211 -16.6725 2.89846 0.0674514
240.047 -16.2967 2.89005 0.0707506
239.849 -16.3531 2.89191 0.0633836
239.819 -16.4743 2.88773 0.091608
240.051 -16.3535 2.89394 0.119642
240.411 -16.4475 2.90265 0.00646712
240.002 -16.4587 2.89767 0.0492286
240.047 -16.6955 2.89462 0.0657799
240.256 -16.3945 2.89981 0.0263348
240.047 -16.2967 2.89005 0.0707506
239.849 -16.3531 2.89191 0.0633836
239.849 -16.3531 2.89191 0.0633836
240.051 -16.3535 2.89394 0.119642
239.987 -16.6243 2.8982 0.032155
240.002 -16.4587 2.89767 0.0492286
239.757 -16.4429 2.89196 0.0277191
239.657 -16.2718 2.88242 0.00855404
240.211 -16.6725 2.89846 0.0674514
240.047 -16.2967 2.89005 0.0707506
240.047 -16.2967 2.89005 0.0707506
240.101 -16.6396 2.89426 0.119153
240.197 -16.2237 2.89321 0.010664
239.849 -16.3531 2.89191 0.0633836
239.849 -16.3531 2.89191 0.0633836
240.051 -16.3535 2.89394 0.119642
240.018 -16.6789 2.89736 0.0431674
240.002 -16.4587 2.89767 0.0492286
240.047 -16.6955 2.89462 0.0657799
240.047 -16.6955 2.89462 0.0657799
240.01 -16.4569 2.89771 0.051571
240.101 -16.6396 2.89426 0.119153
240.101 -16.6396 2.89426 0.119153
240.051 -16.3535 2.89394 0.119642
240.018 -16.6789 2.89736 0.0431674
240.002 -16.4587 2.89767 0.0492286
240.256 -16.3945 2.89981 0.0263348
240.01 -16.4569 2.89771 0.051571
240.047 -16.2967 2.89005 0.0707506
240.101 -16.6396 2.89426 0.119153
240.101 -16.6396 2.89426 0.119153
239.849 -16.3531 2.89191 0.0633836
240.051 -16.3535 2.89394 0.119642
240.051 -16.3535 2.89394 0.119642
240.018 -16.6789 2.89736 0.0431674
240.002 -16.4587 2.89767 0.0492286
240.309 -16.277 2.89193 0.00333058
240.047 -16.6955 2.89462 0.0657799
239.829 -16.3924 2.8954 0.0111319
240.211 -16.6725 2.89846 0.0674514
240.047 -16.2967 2.89005 0.0707506
240.101 -16.6396 2.89426 0.119153
240.101 -16.6396 2.89426 0.119153
239.819 -16.4743 2.88773 0.091608
240.051 -16.3535 2.89394 0.119642
240.179 -16.3072 2.89105 0.0288842
239.98 -16.4266 2.88478 0.0194721
240.171 -16.2824 2.89291 0.0336318
240.171 -16.2824 2.89291 0.0336318
239.829 -16.3924 2.8954 0.0111319
240.211 -16.6725 2.89846 0.0674514
240.047 -16.2967 2.89005 0.0707506
240.197 -16.2237 2.89321 0.010664
239.819 -16.4743 2.88773 0.091608
240.051 -16.3535 2.89394 0.119642
239.987 -16.6243 2.8982 0.032155
240.002 -16.4587 2.89767 0.0492286
240.047 -16.6955 2.89462 0.0657799
240.256 -16.3945 2.89981 0.0263348
239.657 -16.2718 2.88242 0.00855404
240.047 -16.2967 2.89005 0.0707506
240.101 -16.6396 2.89426 0.119153
240.051 -16.3535 2.89394 0.119642
239.987 -16.6243 2.8982 0.032155
239.98 -16.4266 2.88478 0.0194721
240.01 -16.4569 2.89771 0.051571
239.788 -16.6688 2.88914 0.0140944
240.047 -16.2967 2.89005 0.0707506
240.101 -16.6396 2.89426 0.119153
240.051 -16.3535 2.89394 0.119642
240.179 -16.3072 2.89105 0.0288842
240.179 -16.3072 2.89105 0.0288842
240.002 -16.4587 2.89767 0.0492286
239.98 -16.4266 2.88478 0.0194721
240.01 -16.4569 2.89771 0.051571
240.101 -16.6396 2.89426 0.119153
240.101 -16.6396 2.89426 0.119153
