161.698 -12.3017 3.26288 0.330679
161.766 -12.2976 3.26002 0.267852
161.951 -12.3075 3.26352 0.0597914
161.698 -12.3017 3.26288 0.330679
161.698 -12.3017 3.26288 0.330679
161.397 -12.1138 3.25397 0.279787
161.951 -12.3075 3.26352 0.0597914
161.397 -12.1138 3.25397 0.279787
161.766 -12.2976 3.26002 0.267852
161.698 -12.3017 3.26288 0.330679
161.698 -12.3017 3.26288 0.330679
161.397 -12.1138 3.25397 0.279787
161.951 -12.3075 3.26352 0.0597914
161.397 -12.1138 3.25397 0.279787
161.397 -12.1138 3.25397 0.279787
162.075 -11.9958 3.26186 0.00522465
161.698 -12.3017 3.26288 0.330679
161.397 -12.1138 3.25397 0.279787
161.766 -12.2976 3.26002 0.267852
161.951 -12.3075 3.26352 0.0597914
161.397 -12.1138 3.25397 0.279787
161.766 -12.2976 3.26002 0.267852
161.698 -12.3017 3.26288 0.330679
161.698 -12.3017 3.26288 0.330679
161.397 -12.1138 3.25397 0.279787
161.698 -12.3017 3.26288 0.330679
161.397 -12.1138 3.25397 0.279787
161.397 -12.1138 3.25397 0.279787
161.951 -12.3075 3.26352 0.0597914
161.698 -12.3017 3.26288 0.330679
161.397 -12.1138 3.25397 0.279787
161.698 -12.3017 3.26288 0.330679
161.698 -12.3017 3.26288 0.330679
161.397 -12.1138 3.25397 0.279787
161.397 -12.1138 3.25397 0.279787
161.766 -12.2976 3.26002 0.267852
161.698 -12.3017 3.26288 0.330679
161.397 -12.1138 3.25397 0.279787
161.766 -12.2976 3.26002 0.267852
161.698 -12.3017 3.26288 0.330679
161.397 -12.1138 3.25397 0.279787
161.766 -12.2976 3.26002 0.267852
161.698 -12.3017 3.26288 0.330679
161.766 -12.2976 3.26002 0.267852
161.698 -12.3017 3.26288 0.330679
161.397 -12.1138 3.25397 0.279787
161.766 -12.2976 3.26002 0.267852
161.698 -12.3017 3.26288 0.330679
161.766 -12.2976 3.26002 0.267852
161.766 -12.2976 3.26002 0.267852
161.698 -12.3017 3.26288 0.330679
161.698 -12.3017 3.26288 0.330679
161.397 -12.1138 3.25397 0.279787
161.951 -12.3075 3.26352 0.0597914
161.397 -12.1138 3.25397 0.279787
161.766 -12.2976 3.26002 0.267852
161.766 -12.2976 3.26002 0.267852
161.698 -12.3017 3.26288 0.330679
161.698 -12.3017 3.26288 0.330679
161.397 -12.1138 3.25397 0.279787
161.397 -12.1138 3.25397 0.279787
161.836 -12.2749 3.27201 0.0214689
161.397 -12.1138 3.25397 0.279787
161.888 -12.2847 3.25604 0.0125388
161.698 -12.3017 3.26288 0.330679
161.698 -12.3017 3.26288 0.330679
161.397 -12.1138 3.25397 0.279787
161.698 -12.3017 3.26288 0.330679
161.397 -12.1138 3.25397 0.279787
161.397 -12.1138 3.25397 0.279787
161.698 -12.3017 3.26288 0.330679
161.397 -12.1138 3.25397 0.279787
161.836 -12.2749 3.27201 0.0214689
161.698 -12.3017 3.26288 0.330679
161.397 -12.1138 3.25397 0.279787
161.766 -12.2976 3.26002 0.267852
162.033 -11.937 3.26069 0.00522166
161.698 -12.3017 3.26288 0.330679
161.766 -12.2976 3.26002 0.267852
161.698 -12.3017 3.26288 0.330679
161.766 -12.2976 3.26002 0.267852
161.698 -12.3017 3.26288 0.330679
161.698 -12.3017 3.26288 0.330679
161.397 -12.1138 3.25397 0.279787
161.951 -12.3075 3.26352 0.0597914
161.766 -12.2976 3.26002 0.267852
161.951 -12.3075 3.26352 0.0597914
162.143 -12.1142 3.27581 0.000829506
161.698 -12.3017 3.26288 0.330679
161.397 -12.1138 3.25397 0.279787
161.766 -12.2976 3.26002 0.267852
161.698 -12.3017 3.26288 0.330679
161.698 -12.3017 3.26288 0.330679
162.075 -11.9958 3.26186 0.00522465
161.397 -12.1138 3.25397 0.279787
161.766 -12.2976 3.26002 0.267852
161.698 -12.3017 3.26288 0.330679
161.397 -12.1138 3.25397 0.279787
161.397 -12.1138 3.25397 0.279787
161.766 -12.2976 3.26002 0.267852
