278.713 8.54059 4.86081 0.0244838
278.425 8.53461 4.86674 0.0850404
278.365 8.44936 4.85863 0.0284553
278.703 8.31386 4.86773 0.00614987
278.576 8.54812 4.8625 0.120896
278.548 8.63287 4.85906 0.0441437
278.548 8.63287 4.85906 0.0441437
278.32 8.54837 4.86643 0.0198377
278.391 8.6109 4.869 0.0465438
278.693 8.59549 4.86278 0.0440384
278.585 8.61396 4.8707 0.155219
278.576 8.54812 4.8625 0.120896
278.595 8.66294 4.86368 0.0769403
278.575 8.45767 4.86331 0.100717
278.429 8.43374 4.86543 0.0525185
278.303 8.57611 4.86935 0.00981887
278.365 8.44936 4.85863 0.0284553
278.576 8.54812 4.8625 0.120896
278.548 8.63287 4.85906 0.0441437
278.575 8.45767 4.86331 0.100717
278.429 8.43374 4.86543 0.0525185
278.735 8.69856 4.86036 0.0048505
278.425 8.53461 4.86674 0.0850404
278.703 8.31386 4.86773 0.00614987
278.576 8.54812 4.8625 0.120896
278.391 8.6109 4.869 0.0465438
278.391 8.6109 4.869 0.0465438
278.429 8.43374 4.86543 0.0525185
278.429 8.43374 4.86543 0.0525185
278.585 8.61396 4.8707 0.155219
278.548 8.63287 4.85906 0.0441437
278.595 8.66294 4.86368 0.0769403
278.446 8.62457 4.85888 0.0418674
278.365 8.44936 4.85863 0.0284553
278.576 8.54812 4.8625 0.120896
278.527 8.4218 4.85463 0.0213456
278.808 8.56256 4.86883 0.0190448
278.595 8.8094 4.86719 0.0174864
278.693 8.59549 4.86278 0.0440384
278.585 8.61396 4.8707 0.155219
278.576 8.54812 4.8625 0.120896
278.808 8.56256 4.86883 0.0190448
278.575 8.45767 4.86331 0.100717
278.693 8.59549 4.86278 0.0440384
278.585 8.61396 4.8707 0.155219
278.548 8.63287 4.85906 0.0441437
278.391 8.6109 4.869 0.0465438
278.575 8.45767 4.86331 0.100717
278.633 8.34128 4.85948 0.013723
278.585 8.61396 4.8707 0.155219
278.527 8.4218 4.85463 0.0213456
278.595 8.66294 4.86368 0.0769403
278.575 8.45767 4.86331 0.100717
278.693 8.59549 4.86278 0.0440384
278.425 8.53461 4.86674 0.0850404
278.585 8.61396 4.8707 0.155219
278.548 8.63287 4.85906 0.0441437
278.527 8.4218 4.85463 0.0213456
278.575 8.45767 4.86331 0.100717
278.429 8.43374 4.86543 0.0525185
278.633 8.34128 4.85948 0.013723
278.425 8.53461 4.86674 0.0850404
278.425 8.53461 4.86674 0.0850404
278.576 8.54812 4.8625 0.120896
278.666 8.55938 4.84893 0.000369127
278.575 8.45767 4.86331 0.100717
278.575 8.45767 4.86331 0.100717
278.425 8.53461 4.86674 0.0850404
278.525 8.51102 4.85321 0.0157311
278.527 8.4218 4.85463 0.0213456
278.575 8.45767 4.86331 0.100717
278.446 8.62457 4.85888 0.0418674
278.492 8.59148 4.85264 0.00896433
278.703 8.31386 4.86773 0.00614987
278.585 8.61396 4.8707 0.155219
278.576 8.54812 4.8625 0.120896
278.391 8.6109 4.869 0.0465438
278.303 8.57611 4.86935 0.00981887
278.425 8.53461 4.86674 0.0850404
278.703 8.31386 4.86773 0.00614987
278.576 8.54812 4.8625 0.120896
278.548 8.63287 4.85906 0.0441437
278.595 8.66294 4.86368 0.0769403
278.429 8.43374 4.86543 0.0525185
278.429 8.43374 4.86543 0.0525185
278.425 8.53461 4.86674 0.0850404
278.525 8.51102 4.85321 0.0157311
278.576 8.54812 4.8625 0.120896
278.576 8.54812 4.8625 0.120896
278.595 8.66294 4.86368 0.0769403
278.808 8.56256 4.86883 0.0190448
278.446 8.62457 4.85888 0.0418674
278.365 8.44936 4.85863 0.0284553
278.585 8.61396 4.8707 0.155219
278.576 8.54812 4.8625 0.120896
278.595 8.66294 4.86368 0.0769403
278.595 8.66294 4.86368 0.0769403
278.808 8.56256 4.86883 0.0190448
278.575 8.45767 4.86331 0.100717
278.693 8.59549 4.86278 0.0440384
