-40.4829 -48.61 1.5503 0.0590292
-40.4101 -48.5555 1.54313 0.104007
-40.4101 -48.5555 1.54313 0.104007
-40.5409 -48.0719 1.5334 0.0238678
-40.3804 -48.1369 1.53818 0.0234155
-40.6441 -48.5307 1.53971 0.104142
-40.5268 -48.3147 1.53216 0.0461214
-40.1739 -48.4933 1.55315 0.00432905
-40.7355 -48.3895 1.53318 0.0453776
-40.7355 -48.3895 1.53318 0.0453776
-40.5053 -48.242 1.53686 0.130679
-40.5053 -48.242 1.53686 0.130679
-40.5053 -48.242 1.53686 0.130679
-40.3804 -48.1369 1.53818 0.0234155
-40.5201 -48.6688 1.54975 0.0398775
-40.5268 -48.3147 1.53216 0.0461214
-40.4449 -48.4408 1.54884 0.102243
-40.4829 -48.61 1.5503 0.0590292
-40.4829 -48.61 1.5503 0.0590292
-40.5409 -48.0719 1.5334 0.0238678
-40.5053 -48.242 1.53686 0.130679
-40.2629 -48.3646 1.54549 0.0340003
-40.3645 -48.6378 1.54682 0.0487066
-40.5201 -48.6688 1.54975 0.0398775
-40.5268 -48.3147 1.53216 0.0461214
-40.3516 -48.4299 1.53675 0.0298532
-40.4101 -48.5555 1.54313 0.104007
-40.5053 -48.242 1.53686 0.130679
-40.3804 -48.1369 1.53818 0.0234155
-40.5201 -48.6688 1.54975 0.0398775
-40.4449 -48.4408 1.54884 0.102243
-40.4829 -48.61 1.5503 0.0590292
-40.4101 -48.5555 1.54313 0.104007
-40.4101 -48.5555 1.54313 0.104007
-40.5053 -48.242 1.53686 0.130679
-40.5053 -48.242 1.53686 0.130679
-40.3645 -48.6378 1.54682 0.0487066
-40.6441 -48.5307 1.53971 0.104142
-40.4449 -48.4408 1.54884 0.102243
-40.4829 -48.61 1.5503 0.0590292
-40.5842 -48.7026 1.54107 0.016771
-40.5842 -48.7026 1.54107 0.016771
-40.6274 -48.1679 1.5284 0.0157238
-40.6441 -48.5307 1.53971 0.104142
-40.4449 -48.4408 1.54884 0.102243
-40.4101 -48.5555 1.54313 0.104007
-40.7355 -48.3895 1.53318 0.0453776
-40.5053 -48.242 1.53686 0.130679
-40.5053 -48.242 1.53686 0.130679
-40.3645 -48.6378 1.54682 0.0487066
-40.5201 -48.6688 1.54975 0.0398775
-40.5268 -48.3147 1.53216 0.0461214
-40.4829 -48.61 1.5503 0.0590292
-40.7355 -48.3895 1.53318 0.0453776
-40.7355 -48.3895 1.53318 0.0453776
-40.5053 -48.242 1.53686 0.130679
-40.5053 -48.242 1.53686 0.130679
-40.6274 -48.1679 1.5284 0.0157238
-40.2629 -48.3646 1.54549 0.0340003
-40.6441 -48.5307 1.53971 0.104142
-40.6441 -48.5307 1.53971 0.104142
-40.2809 -48.5696 1.53956 0.00914897
-40.4449 -48.4408 1.54884 0.102243
-40.5763 -48.7539 1.5508 0.00981008
-40.5053 -48.242 1.53686 0.130679
-40.3303 -48.2373 1.5472 0.01726
-40.3303 -48.2373 1.5472 0.01726
-40.6441 -48.5307 1.53971 0.104142
-40.4449 -48.4408 1.54884 0.102243
-40.4101 -48.5555 1.54313 0.104007
-40.5053 -48.242 1.53686 0.130679
-40.2629 -48.3646 1.54549 0.0340003
-40.6441 -48.5307 1.53971 0.104142
-40.3516 -48.4299 1.53675 0.0298532
-40.4101 -48.5555 1.54313 0.104007
-40.5409 -48.0719 1.5334 0.0238678
-40.2629 -48.3646 1.54549 0.0340003
-40.6441 -48.5307 1.53971 0.104142
-40.4449 -48.4408 1.54884 0.102243
-40.4101 -48.5555 1.54313 0.104007
-40.7355 -48.3895 1.53318 0.0453776
-40.5053 -48.242 1.53686 0.130679
-40.2516 -48.4223 1.55398 0.00541536
-40.6441 -48.5307 1.53971 0.104142
-40.5268 -48.3147 1.53216 0.0461214
-40.4449 -48.4408 1.54884 0.102243
-40.4449 -48.4408 1.54884 0.102243
-40.4101 -48.5555 1.54313 0.104007
-40.5409 -48.0719 1.5334 0.0238678
-40.5053 -48.242 1.53686 0.130679
-40.7074 -48.4564 1.53198 0.0192498
-40.3645 -48.6378 1.54682 0.0487066
-40.5268 -48.3147 1.53216 0.0461214
-40.4829 -48.61 1.5503 0.0590292
-40.4829 -48.61 1.5503 0.0590292
-40.4829 -48.61 1.5503 0.0590292
-40.2878 -48.4004 1.53504 0.00656622
-40.4101 -48.5555 1.54313 0.104007
-40.3785 -48.6745 1.54376 0.0252154
-40.5409 -48.0719 1.5334 0.0238678
