257.77 28.6587 6.24003 0.08503
257.791 28.6971 6.24836 0.0524919
257.696 28.6871 6.24553 0.247034
257.517 28.7286 6.24663 0.156931
257.791 28.6971 6.24836 0.0524919
257.696 28.6871 6.24553 0.247034
257.806 28.5737 6.2523 0.00673164
257.791 28.6971 6.24836 0.0524919
257.656 28.5907 6.23942 0.0335907
257.718 28.5502 6.24066 0.0308091
257.805 28.6723 6.25032 0.0204153
257.803 28.7463 6.24128 0.109421
257.517 28.7286 6.24663 0.156931
257.334 28.5536 6.25931 0.00265646
257.791 28.6971 6.24836 0.0524919
257.803 28.7463 6.24128 0.109421
257.718 28.5502 6.24066 0.0308091
257.517 28.7286 6.24663 0.156931
257.517 28.7286 6.24663 0.156931
257.507 28.6795 6.25356 0.0660653
257.656 28.5907 6.23942 0.0335907
257.696 28.6871 6.24553 0.247034
257.718 28.5502 6.24066 0.0308091
257.517 28.7286 6.24663 0.156931
257.713 28.5396 6.25185 0.0323487
257.687 28.5702 6.25467 0.0179004
257.838 28.959 6.23442 0.00667952
257.517 28.7286 6.24663 0.156931
257.803 28.7463 6.24128 0.109421
257.687 28.5702 6.25467 0.0179004
257.696 28.6871 6.24553 0.247034
257.517 28.7286 6.24663 0.156931
257.517 28.7286 6.24663 0.156931
257.77 28.6587 6.24003 0.08503
257.656 28.5907 6.23942 0.0335907
257.696 28.6871 6.24553 0.247034
257.517 28.7286 6.24663 0.156931
257.507 28.6795 6.25356 0.0660653
257.656 28.5907 6.23942 0.0335907
257.696 28.6871 6.24553 0.247034
257.806 28.5737 6.2523 0.00673164
257.517 28.7286 6.24663 0.156931
257.791 28.6971 6.24836 0.0524919
257.656 28.5907 6.23942 0.0335907
257.696 28.6871 6.24553 0.247034
257.696 28.6871 6.24553 0.247034
257.791 28.6971 6.24836 0.0524919
257.696 28.6871 6.24553 0.247034
257.282 28.7447 6.25585 0.0011515
257.687 28.5702 6.25467 0.0179004
257.696 28.6871 6.24553 0.247034
257.718 28.5502 6.24066 0.0308091
257.517 28.7286 6.24663 0.156931
257.803 28.7463 6.24128 0.109421
257.656 28.5907 6.23942 0.0335907
257.517 28.7286 6.24663 0.156931
257.722 28.9185 6.24675 0.0173494
257.696 28.6871 6.24553 0.247034
257.517 28.7286 6.24663 0.156931
257.713 28.5396 6.25185 0.0323487
257.696 28.6871 6.24553 0.247034
257.507 28.6795 6.25356 0.0660653
257.77 28.6587 6.24003 0.08503
257.882 28.5366 6.2421 0.00636191
257.334 28.5809 6.24463 0.00168139
257.718 28.5502 6.24066 0.0308091
257.517 28.7286 6.24663 0.156931
257.803 28.7463 6.24128 0.109421
257.656 28.5907 6.23942 0.0335907
257.696 28.6871 6.24553 0.247034
257.517 28.7286 6.24663 0.156931
257.517 28.7286 6.24663 0.156931
257.517 28.7286 6.24663 0.156931
257.77 28.6587 6.24003 0.08503
257.483 28.7878 6.25002 0.056987
257.696 28.6871 6.24553 0.247034
257.517 28.7286 6.24663 0.156931
257.77 28.6587 6.24003 0.08503
257.805 28.6723 6.25032 0.0204153
257.803 28.7463 6.24128 0.109421
257.483 28.7878 6.25002 0.056987
257.696 28.6871 6.24553 0.247034
257.507 28.6795 6.25356 0.0660653
257.713 28.5396 6.25185 0.0323487
257.722 28.9185 6.24675 0.0173494
257.483 28.7878 6.25002 0.056987
257.696 28.6871 6.24553 0.247034
257.77 28.6587 6.24003 0.08503
257.803 28.7463 6.24128 0.109421
257.696 28.6871 6.24553 0.247034
257.517 28.7286 6.24663 0.156931
257.507 28.6795 6.25356 0.0660653
257.483 28.7878 6.25002 0.056987
257.696 28.6871 6.24553 0.247034
257.517 28.7286 6.24663 0.156931
257.687 28.5702 6.25467 0.0179004
257.483 28.7878 6.25002 0.056987
257.696 28.6871 6.24553 0.247034
257.806 28.5737 6.2523 0.00673164
257.517 28.7286 6.24663 0.156931
