32.8209 -78.6002 3.90896 0.0212853
33.0852 -78.5334 3.90629 0.155035
32.9609 -78.6308 3.90247 0.0101689
33.1263 -78.47 3.90692 0.127584
33.0852 -78.5334 3.90629 0.155035
33.0852 -78.5334 3.90629 0.155035
33.0736 -78.6968 3.91398 0.135782
33.1965 -78.3745 3.91318 0.0641326
33.0993 -78.6327 3.91474 0.217515
33.0852 -78.5334 3.90629 0.155035
33.1482 -78.3019 3.91257 0.0148752
33.097 -78.3601 3.91132 0.0754737
33.0993 -78.6327 3.91474 0.217515
33.0736 -78.6968 3.91398 0.135782
32.8242 -78.3665 3.90662 0.0121125
33.0993 -78.6327 3.91474 0.217515
33.0736 -78.6968 3.91398 0.135782
33.1482 -78.3019 3.91257 0.0148752
33.097 -78.3601 3.91132 0.0754737
33.1263 -78.47 3.90692 0.127584
33.0993 -78.6327 3.91474 0.217515
33.0852 -78.5334 3.90629 0.155035
33.0736 -78.6968 3.91398 0.135782
32.8242 -78.3665 3.90662 0.0121125
33.0852 -78.5334 3.90629 0.155035
33.0852 -78.5334 3.90629 0.155035
33.0736 -78.6968 3.91398 0.135782
33.1202 -78.3161 3.91147 0.027999
33.083 -78.3321 3.91008 0.0486458
33.1263 -78.47 3.90692 0.127584
33.0993 -78.6327 3.91474 0.217515
33.0736 -78.6968 3.91398 0.135782
32.9609 -78.6308 3.90247 0.0101689
33.0993 -78.6327 3.91474 0.217515
33.0993 -78.6327 3.91474 0.217515
33.0852 -78.5334 3.90629 0.155035
33.0736 -78.6968 3.91398 0.135782
33.2707 -78.3612 3.91013 0.0172405
33.0993 -78.6327 3.91474 0.217515
33.0993 -78.6327 3.91474 0.217515
33.0993 -78.6327 3.91474 0.217515
33.0852 -78.5334 3.90629 0.155035
33.0736 -78.6968 3.91398 0.135782
33.097 -78.3601 3.91132 0.0754737
33.1965 -78.3745 3.91318 0.0641326
33.0993 -78.6327 3.91474 0.217515
33.0736 -78.6968 3.91398 0.135782
33.083 -78.3321 3.91008 0.0486458
33.0852 -78.5334 3.90629 0.155035
33.097 -78.3601 3.91132 0.0754737
33.1263 -78.47 3.90692 0.127584
33.0852 -78.5334 3.90629 0.155035
32.8852 -78.2867 3.90628 0.00650761
33.1263 -78.47 3.90692 0.127584
33.0993 -78.6327 3.91474 0.217515
33.0993 -78.6327 3.91474 0.217515
32.8829 -78.2818 3.91 0.00177846
33.097 -78.3601 3.91132 0.0754737
33.1263 -78.47 3.90692 0.127584
33.0993 -78.6327 3.91474 0.217515
33.0993 -78.6327 3.91474 0.217515
33.0736 -78.6968 3.91398 0.135782
33.1965 -78.3745 3.91318 0.0641326
33.1965 -78.3745 3.91318 0.0641326
33.1263 -78.47 3.90692 0.127584
33.0852 -78.5334 3.90629 0.155035
33.1965 -78.3745 3.91318 0.0641326
33.083 -78.3321 3.91008 0.0486458
33.0993 -78.6327 3.91474 0.217515
33.0852 -78.5334 3.90629 0.155035
33.097 -78.3601 3.91132 0.0754737
33.2707 -78.3612 3.91013 0.0172405
33.1263 -78.47 3.90692 0.127584
33.0993 -78.6327 3.91474 0.217515
33.0852 -78.5334 3.90629 0.155035
33.1202 -78.3161 3.91147 0.027999
33.0993 -78.6327 3.91474 0.217515
33.0993 -78.6327 3.91474 0.217515
33.0993 -78.6327 3.91474 0.217515
33.0852 -78.5334 3.90629 0.155035
33.0736 -78.6968 3.91398 0.135782
33.2707 -78.3612 3.91013 0.0172405
33.083 -78.3321 3.91008 0.0486458
33.0993 -78.6327 3.91474 0.217515
33.0852 -78.5334 3.90629 0.155035
33.0736 -78.6968 3.91398 0.135782
33.097 -78.3601 3.91132 0.0754737
33.1263 -78.47 3.90692 0.127584
33.0993 -78.6327 3.91474 0.217515
33.0852 -78.5334 3.90629 0.155035
33.1965 -78.3745 3.91318 0.0641326
33.1263 -78.47 3.90692 0.127584
33.0852 -78.5334 3.90629 0.155035
33.0736 -78.6968 3.91398 0.135782
33.083 -78.3321 3.91008 0.0486458
33.083 -78.3321 3.91008 0.0486458
33.1263 -78.47 3.90692 0.127584
33.0993 -78.6327 3.91474 0.217515
33.0736 -78.6968 3.91398 0.135782
33.097 -78.3601 3.91132 0.0754737
