-37.6553 -72.7281 1.99962 0.00784373
-37.6871 -72.8372 1.99914 0.034427
-37.729 -73.162 1.99459 0.0219765
-38.0286 -72.7972 1.9993 0.0244451
-37.8117 -73.1139 1.99923 0.116634
-37.6757 -72.9424 2.00036 0.0595378
-37.6757 -72.9424 2.00036 0.0595378
-37.7281 -73.0926 2.00376 0.0882815
-37.7281 -73.0926 2.00376 0.0882815
-37.7702 -73.0894 2.00199 0.117023
-37.7702 -73.0894 2.00199 0.117023
-37.7209 -73.1349 2.0075 0.0443083
-38.0723 -73.1728 2.007 0.00942489
-37.9694 -72.9799 2.00018 0.100025
-37.8117 -73.1139 1.99923 0.116634
-37.6757 -72.9424 2.00036 0.0595378
-37.7702 -73.0894 2.00199 0.117023
-37.7209 -73.1349 2.0075 0.0443083
-37.8776 -72.9341 1.99596 0.112261
-37.8967 -72.6379 1.99386 0.00878774
-37.9694 -72.9799 2.00018 0.100025
-37.9694 -72.9799 2.00018 0.100025
-37.8117 -73.1139 1.99923 0.116634
-37.876 -72.9684 2.00539 0.049436
-37.6553 -72.7281 1.99962 0.00784373
-37.8776 -72.9341 1.99596 0.112261
-38.0401 -72.9359 2.00272 0.0314136
-37.6752 -72.9843 1.99503 0.0352123
-37.8117 -73.1139 1.99923 0.116634
-37.8117 -73.1139 1.99923 0.116634
-37.7281 -73.0926 2.00376 0.0882815
-37.7281 -73.0926 2.00376 0.0882815
-37.7702 -73.0894 2.00199 0.117023
-37.7702 -73.0894 2.00199 0.117023
-37.6871 -72.8372 1.99914 0.034427
-37.6871 -72.8372 1.99914 0.034427
-38.0234 -72.8304 1.98916 0.0189738
-38.0401 -72.9359 2.00272 0.0314136
-38.0286 -72.7972 1.9993 0.0244451
-37.8117 -73.1139 1.99923 0.116634
-37.6757 -72.9424 2.00036 0.0595378
-37.876 -72.9684 2.00539 0.049436
-37.7209 -73.1349 2.0075 0.0443083
-37.8776 -72.9341 1.99596 0.112261
-38.0401 -72.9359 2.00272 0.0314136
-37.9694 -72.9799 2.00018 0.100025
-37.8117 -73.1139 1.99923 0.116634
-37.8117 -73.1139 1.99923 0.116634
-37.6757 -72.9424 2.00036 0.0595378
-37.7281 -73.0926 2.00376 0.0882815
-37.7702 -73.0894 2.00199 0.117023
-37.8776 -72.9341 1.99596 0.112261
-38.009 -72.7446 1.99784 0.0199328
-37.6145 -72.8101 2.00427 0.00722557
-38.0286 -72.7972 1.9993 0.0244451
-37.6752 -72.9843 1.99503 0.0352123
-37.6752 -72.9843 1.99503 0.0352123
-37.8117 -73.1139 1.99923 0.116634
-37.7281 -73.0926 2.00376 0.0882815
-37.7702 -73.0894 2.00199 0.117023
-37.8776 -72.9341 1.99596 0.112261
-37.6871 -72.8372 1.99914 0.034427
-37.9694 -72.9799 2.00018 0.100025
-37.7303 -72.9079 2.01052 0.00419608
-37.8117 -73.1139 1.99923 0.116634
-37.8117 -73.1139 1.99923 0.116634
-37.6757 -72.9424 2.00036 0.0595378
-37.876 -72.9684 2.00539 0.049436
-37.8776 -72.9341 1.99596 0.112261
-37.8776 -72.9341 1.99596 0.112261
-37.6145 -72.8101 2.00427 0.00722557
-37.8117 -73.1139 1.99923 0.116634
-37.6757 -72.9424 2.00036 0.0595378
-37.6757 -72.9424 2.00036 0.0595378
-37.7281 -73.0926 2.00376 0.0882815
-37.7702 -73.0894 2.00199 0.117023
-37.7702 -73.0894 2.00199 0.117023
-37.7702 -73.0894 2.00199 0.117023
-37.8776 -72.9341 1.99596 0.112261
-37.6145 -72.8101 2.00427 0.00722557
-38.0401 -72.9359 2.00272 0.0314136
-37.6752 -72.9843 1.99503 0.0352123
-37.8117 -73.1139 1.99923 0.116634
-37.8117 -73.1139 1.99923 0.116634
-38.2591 -72.9126 1.99723 0.00449299
-37.7702 -73.0894 2.00199 0.117023
-37.7209 -73.1349 2.0075 0.0443083
-37.8776 -72.9341 1.99596 0.112261
-38.009 -72.7446 1.99784 0.0199328
-37.729 -73.162 1.99459 0.0219765
-37.9694 -72.9799 2.00018 0.100025
-37.8117 -73.1139 1.99923 0.116634
-37.8117 -73.1139 1.99923 0.116634
-37.7281 -73.0926 2.00376 0.0882815
-37.7702 -73.0894 2.00199 0.117023
-37.8776 -72.9341 1.99596 0.112261
-37.6183 -72.8035 1.99392 0.00808522
-38.0234 -72.8304 1.98916 0.0189738
-37.9694 -72.9799 2.00018 0.100025
-37.6752 -72.9843 1.99503 0.0352123
