-36.8253 -29.3082 1.24408 0.0528831
-36.6283 -29.3896 1.24319 0.024402
-37.0218 -29.5313 1.24554 0.0479974
-36.9304 -29.6276 1.24541 0.0723005
-36.8611 -29.5112 1.24509 0.165479
-36.8973 -29.3701 1.23976 0.146724
-36.8973 -29.3701 1.23976 0.146724
-36.7543 -29.501 1.23704 0.0371424
-36.8262 -29.4744 1.24612 0.120785
-37.0218 -29.5313 1.24554 0.0479974
-37.0218 -29.5313 1.24554 0.0479974
-36.8973 -29.3701 1.23976 0.146724
-36.7543 -29.501 1.23704 0.0371424
-36.8262 -29.4744 1.24612 0.120785
-36.9419 -29.3508 1.23661 0.0557068
-36.9419 -29.3508 1.23661 0.0557068
-36.8973 -29.3701 1.23976 0.146724
-36.8973 -29.3701 1.23976 0.146724
-36.9069 -29.3745 1.24858 0.0140262
-36.8406 -29.5394 1.23983 0.100093
-36.6283 -29.3896 1.24319 0.024402
-36.8611 -29.5112 1.24509 0.165479
-36.7278 -29.4124 1.24925 0.0093089
-36.8406 -29.5394 1.23983 0.100093
-36.9304 -29.6276 1.24541 0.0723005
-36.8611 -29.5112 1.24509 0.165479
-36.8336 -29.5209 1.23724 0.0436034
-36.8336 -29.5209 1.23724 0.0436034
-36.8262 -29.4744 1.24612 0.120785
-36.9304 -29.6276 1.24541 0.0723005
-36.8611 -29.5112 1.24509 0.165479
-36.8973 -29.3701 1.23976 0.146724
-36.9406 -29.2272 1.2437 0.0113109
-36.8253 -29.3082 1.24408 0.0528831
-36.8406 -29.5394 1.23983 0.100093
-36.9419 -29.3508 1.23661 0.0557068
-36.8973 -29.3701 1.23976 0.146724
-36.8973 -29.3701 1.23976 0.146724
-36.8336 -29.5209 1.23724 0.0436034
-36.9406 -29.2272 1.2437 0.0113109
-37.0177 -29.1867 1.23997 0.00688482
-36.8406 -29.5394 1.23983 0.100093
-36.6283 -29.3896 1.24319 0.024402
-36.9419 -29.3508 1.23661 0.0557068
-36.8973 -29.3701 1.23976 0.146724
-37.0359 -29.4447 1.24628 0.0265765
-36.8262 -29.4744 1.24612 0.120785
-36.8406 -29.5394 1.23983 0.100093
-36.8406 -29.5394 1.23983 0.100093
-36.9304 -29.6276 1.24541 0.0723005
-36.8611 -29.5112 1.24509 0.165479
-36.8611 -29.5112 1.24509 0.165479
-36.8484 -29.3283 1.22946 0.00130923
-36.8253 -29.3082 1.24408 0.0528831
-36.8406 -29.5394 1.23983 0.100093
-36.9304 -29.6276 1.24541 0.0723005
-36.8611 -29.5112 1.24509 0.165479
-36.8973 -29.3701 1.23976 0.146724
-36.7543 -29.501 1.23704 0.0371424
-36.8262 -29.4744 1.24612 0.120785
-36.8262 -29.4744 1.24612 0.120785
-37.0218 -29.5313 1.24554 0.0479974
-36.8611 -29.5112 1.24509 0.165479
-36.8973 -29.3701 1.23976 0.146724
-36.7543 -29.501 1.23704 0.0371424
-36.8262 -29.4744 1.24612 0.120785
-36.8406 -29.5394 1.23983 0.100093
-37.0218 -29.5313 1.24554 0.0479974
-36.9304 -29.6276 1.24541 0.0723005
-36.8611 -29.5112 1.24509 0.165479
-37.0359 -29.4447 1.24628 0.0265765
-36.9069 -29.3745 1.24858 0.0140262
-36.8262 -29.4744 1.24612 0.120785
-37.0248 -29.1598 1.23814 0.00464241
-37.0248 -29.1598 1.23814 0.00464241
-36.8406 -29.5394 1.23983 0.100093
-37.0218 -29.5313 1.24554 0.0479974
-36.9419 -29.3508 1.23661 0.0557068
-36.8611 -29.5112 1.24509 0.165479
-36.8336 -29.5209 1.23724 0.0436034
-36.8262 -29.4744 1.24612 0.120785
-36.8262 -29.4744 1.24612 0.120785
-36.9304 -29.6276 1.24541 0.0723005
-36.8611 -29.5112 1.24509 0.165479
-36.8973 -29.3701 1.23976 0.146724
-36.8253 -29.3082 1.24408 0.0528831
-36.8262 -29.4744 1.24612 0.120785
-36.9304 -29.6276 1.24541 0.0723005
-36.9419 -29.3508 1.23661 0.0557068
-36.8973 -29.3701 1.23976 0.146724
-36.8484 -29.3283 1.22946 0.00130923
-36.9069 -29.3745 1.24858 0.0140262
-36.8406 -29.5394 1.23983 0.100093
-36.8611 -29.5112 1.24509 0.165479
-36.8336 -29.5209 1.23724 0.0436034
-36.7543 -29.501 1.23704 0.0371424
-36.8406 -29.5394 1.23983 0.100093
-36.8406 -29.5394 1.23983 0.100093
-36.8611 -29.5112 1.24509 0.165479
-36.8336 -29.5209 1.23724 0.0436034
