210.644 -10.0578 3.03303 0.158973
210.395 -9.99434 3.03456 0.294671
210.536 -10.026 3.03261 0.334341
210.536 -10.026 3.03261 0.334341
210.644 -10.0578 3.03303 0.158973
210.536 -10.026 3.03261 0.334341
210.536 -10.026 3.03261 0.334341
210.644 -10.0578 3.03303 0.158973
210.395 -9.99434 3.03456 0.294671
210.536 -10.026 3.03261 0.334341
210.644 -10.0578 3.03303 0.158973
210.395 -9.99434 3.03456 0.294671
210.536 -10.026 3.03261 0.334341
210.472 -9.76774 3.0373 0.0125589
210.536 -10.026 3.03261 0.334341
210.395 -9.99434 3.03456 0.294671
210.107 -9.91536 3.03196 0.00406707
210.644 -10.0578 3.03303 0.158973
210.536 -10.026 3.03261 0.334341
210.266 -10.2048 3.03246 0.074525
210.536 -10.026 3.03261 0.334341
210.395 -9.99434 3.03456 0.294671
210.536 -10.026 3.03261 0.334341
210.536 -10.026 3.03261 0.334341
210.315 -9.90481 3.02671 0.026016
210.644 -10.0578 3.03303 0.158973
210.536 -10.026 3.03261 0.334341
210.395 -9.99434 3.03456 0.294671
210.395 -9.99434 3.03456 0.294671
210.754 -9.73259 3.03174 0.000319735
210.644 -10.0578 3.03303 0.158973
210.561 -9.78627 3.03858 0.0158527
210.644 -10.0578 3.03303 0.158973
210.644 -10.0578 3.03303 0.158973
210.395 -9.99434 3.03456 0.294671
210.536 -10.026 3.03261 0.334341
210.395 -9.99434 3.03456 0.294671
210.266 -10.2048 3.03246 0.074525
210.644 -10.0578 3.03303 0.158973
210.644 -10.0578 3.03303 0.158973
210.536 -10.026 3.03261 0.334341
210.536 -10.026 3.03261 0.334341
210.395 -9.99434 3.03456 0.294671
210.536 -10.026 3.03261 0.334341
210.266 -10.2048 3.03246 0.074525
210.395 -9.99434 3.03456 0.294671
210.304 -10.0283 3.03935 0.0148723
210.315 -9.90481 3.02671 0.026016
210.644 -10.0578 3.03303 0.158973
210.395 -9.99434 3.03456 0.294671
210.395 -9.99434 3.03456 0.294671
210.536 -10.026 3.03261 0.334341
210.683 -9.66727 3.03477 0.000618516
210.644 -10.0578 3.03303 0.158973
210.536 -10.026 3.03261 0.334341
210.536 -10.026 3.03261 0.334341
210.644 -10.0578 3.03303 0.158973
210.395 -9.99434 3.03456 0.294671
210.536 -10.026 3.03261 0.334341
210.536 -10.026 3.03261 0.334341
210.395 -9.99434 3.03456 0.294671
210.536 -10.026 3.03261 0.334341
210.644 -10.0578 3.03303 0.158973
210.561 -9.78627 3.03858 0.0158527
210.536 -10.026 3.03261 0.334341
210.644 -10.0578 3.03303 0.158973
210.304 -10.0283 3.03935 0.0148723
210.536 -10.026 3.03261 0.334341
210.644 -10.0578 3.03303 0.158973
210.204 -10.0524 3.03498 0.0255063
210.395 -9.99434 3.03456 0.294671
210.395 -9.99434 3.03456 0.294671
210.561 -9.78627 3.03858 0.0158527
210.266 -10.2048 3.03246 0.074525
210.266 -10.2048 3.03246 0.074525
210.536 -10.026 3.03261 0.334341
210.644 -10.0578 3.03303 0.158973
210.204 -10.0524 3.03498 0.0255063
210.266 -10.2048 3.03246 0.074525
210.395 -9.99434 3.03456 0.294671
210.536 -10.026 3.03261 0.334341
210.395 -9.99434 3.03456 0.294671
210.536 -10.026 3.03261 0.334341
210.644 -10.0578 3.03303 0.158973
210.395 -9.99434 3.03456 0.294671
210.266 -10.2048 3.03246 0.074525
210.395 -9.99434 3.03456 0.294671
210.472 -9.76774 3.0373 0.0125589
210.315 -9.90481 3.02671 0.026016
210.644 -10.0578 3.03303 0.158973
210.395 -9.99434 3.03456 0.294671
210.536 -10.026 3.03261 0.334341
210.536 -10.026 3.03261 0.334341
210.644 -10.0578 3.03303 0.158973
210.644 -10.0578 3.03303 0.158973
210.536 -10.026 3.03261 0.334341
210.536 -10.026 3.03261 0.334341
210.644 -10.0578 3.03303 0.158973
210.395 -9.99434 3.03456 0.294671
210.536 -10.026 3.03261 0.334341
