258.629 28.6746 6.21054 0.11754
258.329 28.8823 6.20798 0.0254209
258.329 28.8823 6.20798 0.0254209
258.536 28.5071 6.21742 0.0331896
258.646 28.8067 6.19914 0.0361533
258.418 28.7763 6.20362 0.103372
258.561 28.4524 6.21585 0.0214725
258.493 28.7905 6.20348 0.155679
258.311 28.5661 6.21162 0.159534
258.311 28.5661 6.21162 0.159534
258.343 28.495 6.21576 0.118067
258.418 28.7763 6.20362 0.103372
258.416 28.9334 6.2024 0.0112547
258.311 28.5661 6.21162 0.159534
258.343 28.495 6.21576 0.118067
258.418 28.7763 6.20362 0.103372
258.331 28.6692 6.20284 0.0211407
258.629 28.6746 6.21054 0.11754
258.536 28.5071 6.21742 0.0331896
258.311 28.5661 6.21162 0.159534
258.646 28.8067 6.19914 0.0361533
258.379 28.6954 6.20155 0.0265693
258.744 28.8403 6.20401 0.0152052
258.418 28.7763 6.20362 0.103372
258.629 28.6746 6.21054 0.11754
258.329 28.8823 6.20798 0.0254209
258.493 28.7905 6.20348 0.155679
258.311 28.5661 6.21162 0.159534
258.311 28.5661 6.21162 0.159534
258.282 28.8094 6.20484 0.0150024
258.282 28.8094 6.20484 0.0150024
258.561 28.4524 6.21585 0.0214725
258.329 28.8823 6.20798 0.0254209
258.311 28.5661 6.21162 0.159534
258.343 28.495 6.21576 0.118067
258.282 28.8094 6.20484 0.0150024
258.581 28.4324 6.21366 0.0192369
258.217 28.4883 6.21209 0.0177485
258.629 28.6746 6.21054 0.11754
258.493 28.7905 6.20348 0.155679
258.311 28.5661 6.21162 0.159534
258.343 28.495 6.21576 0.118067
258.418 28.7763 6.20362 0.103372
258.629 28.6746 6.21054 0.11754
258.536 28.5071 6.21742 0.0331896
258.311 28.5661 6.21162 0.159534
258.343 28.495 6.21576 0.118067
258.418 28.7763 6.20362 0.103372
258.331 28.6692 6.20284 0.0211407
258.493 28.7905 6.20348 0.155679
258.646 28.8067 6.19914 0.0361533
258.343 28.495 6.21576 0.118067
258.418 28.7763 6.20362 0.103372
258.538 28.4652 6.20361 0.0125834
258.629 28.6746 6.21054 0.11754
258.629 28.6746 6.21054 0.11754
258.629 28.6746 6.21054 0.11754
258.311 28.5661 6.21162 0.159534
258.343 28.495 6.21576 0.118067
258.616 28.9037 6.21568 0.000627457
258.418 28.7763 6.20362 0.103372
258.329 28.8823 6.20798 0.0254209
258.493 28.7905 6.20348 0.155679
258.493 28.7905 6.20348 0.155679
258.343 28.495 6.21576 0.118067
258.217 28.4883 6.21209 0.0177485
258.418 28.7763 6.20362 0.103372
258.416 28.9334 6.2024 0.0112547
258.493 28.7905 6.20348 0.155679
258.311 28.5661 6.21162 0.159534
258.379 28.6954 6.20155 0.0265693
258.418 28.7763 6.20362 0.103372
258.416 28.9334 6.2024 0.0112547
258.311 28.5661 6.21162 0.159534
258.311 28.5661 6.21162 0.159534
258.343 28.495 6.21576 0.118067
258.343 28.495 6.21576 0.118067
258.417 28.901 6.20685 0.041844
258.747 28.7053 6.20265 0.0269244
258.418 28.7763 6.20362 0.103372
258.629 28.6746 6.21054 0.11754
258.629 28.6746 6.21054 0.11754
258.493 28.7905 6.20348 0.155679
258.343 28.495 6.21576 0.118067
258.581 28.4324 6.21366 0.0192369
258.629 28.6746 6.21054 0.11754
258.329 28.8823 6.20798 0.0254209
258.493 28.7905 6.20348 0.155679
258.343 28.495 6.21576 0.118067
258.217 28.4883 6.21209 0.0177485
258.418 28.7763 6.20362 0.103372
258.629 28.6746 6.21054 0.11754
258.493 28.7905 6.20348 0.155679
258.311 28.5661 6.21162 0.159534
258.343 28.495 6.21576 0.118067
258.343 28.495 6.21576 0.118067
258.343 28.495 6.21576 0.118067
258.418 28.7763 6.20362 0.103372
258.538 28.4652 6.20361 0.0125834
258.493 28.7905 6.20348 0.155679
