-28.7949 -14.7917 0.937381 0.296857
-28.7949 -14.7917 0.937381 0.296857
-28.8321 -14.9317 0.943745 0.158305
-28.8718 -14.6286 0.933797 0.0202858
-28.9363 -14.8773 0.937599 0.0224694
-28.7949 -14.7917 0.937381 0.296857
-28.8321 -14.9317 0.943745 0.158305
-28.8385 -14.698 0.942116 0.128293
-28.8718 -14.6286 0.933797 0.0202858
-28.8385 -14.698 0.942116 0.128293
-28.6158 -14.7319 0.940334 0.100259
-28.6928 -14.654 0.935453 0.159823
-28.8321 -14.9317 0.943745 0.158305
-28.6158 -14.7319 0.940334 0.100259
-28.7949 -14.7917 0.937381 0.296857
-28.8321 -14.9317 0.943745 0.158305
-28.6158 -14.7319 0.940334 0.100259
-28.7949 -14.7917 0.937381 0.296857
-28.8321 -14.9317 0.943745 0.158305
-28.9363 -14.8773 0.937599 0.0224694
-28.6928 -14.654 0.935453 0.159823
-28.7949 -14.7917 0.937381 0.296857
-28.8385 -14.698 0.942116 0.128293
-28.6158 -14.7319 0.940334 0.100259
-28.7949 -14.7917 0.937381 0.296857
-28.7949 -14.7917 0.937381 0.296857
-28.8385 -14.698 0.942116 0.128293
-28.7949 -14.7917 0.937381 0.296857
-28.7949 -14.7917 0.937381 0.296857
-28.8321 -14.9317 0.943745 0.158305
-28.6158 -14.7319 0.940334 0.100259
-28.8718 -14.6286 0.933797 0.0202858
-28.8385 -14.698 0.942116 0.128293
-28.7949 -14.7917 0.937381 0.296857
-28.8385 -14.698 0.942116 0.128293
-28.6158 -14.7319 0.940334 0.100259
-28.6158 -14.7319 0.940334 0.100259
-28.6928 -14.654 0.935453 0.159823
-28.7949 -14.7917 0.937381 0.296857
-28.8321 -14.9317 0.943745 0.158305
-28.8321 -14.9317 0.943745 0.158305
-28.6158 -14.7319 0.940334 0.100259
-28.7949 -14.7917 0.937381 0.296857
-28.6928 -14.654 0.935453 0.159823
-28.7949 -14.7917 0.937381 0.296857
-28.8385 -14.698 0.942116 0.128293
-28.6928 -14.654 0.935453 0.159823
-28.8321 -14.9317 0.943745 0.158305
-28.8718 -14.6286 0.933797 0.0202858
-28.6184 -15.0422 0.937358 0.000833789
-28.7949 -14.7917 0.937381 0.296857
-28.8385 -14.698 0.942116 0.128293
-28.7949 -14.7917 0.937381 0.296857
-28.9363 -14.8773 0.937599 0.0224694
-28.6158 -14.7319 0.940334 0.100259
-28.7949 -14.7917 0.937381 0.296857
-28.8385 -14.698 0.942116 0.128293
-28.7949 -14.7917 0.937381 0.296857
-28.8321 -14.9317 0.943745 0.158305
-28.6928 -14.654 0.935453 0.159823
-28.7772 -14.7462 0.933724 0.0441242
-28.8321 -14.9317 0.943745 0.158305
-28.6928 -14.654 0.935453 0.159823
-28.8321 -14.9317 0.943745 0.158305
-28.8321 -14.9317 0.943745 0.158305
-28.8385 -14.698 0.942116 0.128293
-28.6158 -14.7319 0.940334 0.100259
-28.7949 -14.7917 0.937381 0.296857
-28.6158 -14.7319 0.940334 0.100259
-28.6928 -14.654 0.935453 0.159823
-28.7949 -14.7917 0.937381 0.296857
-28.8321 -14.9317 0.943745 0.158305
-28.7949 -14.7917 0.937381 0.296857
-28.8321 -14.9317 0.943745 0.158305
-28.8385 -14.698 0.942116 0.128293
-28.8385 -14.698 0.942116 0.128293
-28.7949 -14.7917 0.937381 0.296857
-28.8321 -14.9317 0.943745 0.158305
-28.8385 -14.698 0.942116 0.128293
-28.7949 -14.7917 0.937381 0.296857
-28.8321 -14.9317 0.943745 0.158305
-28.8321 -14.9317 0.943745 0.158305
-28.8385 -14.698 0.942116 0.128293
-28.6928 -14.654 0.935453 0.159823
-28.8321 -14.9317 0.943745 0.158305
-28.6928 -14.654 0.935453 0.159823
-28.6928 -14.654 0.935453 0.159823
-28.7949 -14.7917 0.937381 0.296857
-28.8385 -14.698 0.942116 0.128293
-28.7949 -14.7917 0.937381 0.296857
-28.9363 -14.8773 0.937599 0.0224694
-28.6928 -14.654 0.935453 0.159823
-28.6928 -14.654 0.935453 0.159823
-28.8321 -14.9317 0.943745 0.158305
-28.8385 -14.698 0.942116 0.128293
-28.6171 -14.4046 0.933131 0.000936689
-28.7949 -14.7917 0.937381 0.296857
-28.8385 -14.698 0.942116 0.128293
-28.6928 -14.654 0.935453 0.159823
-28.7772 -14.7462 0.933724 0.0441242
