141.432 -15.5412 3.36746 0.0399203
141.239 -15.4346 3.37513 0.28001
141.176 -15.5146 3.36465 0.101601
141.049 -15.3941 3.36671 0.153729
141.239 -15.4346 3.37513 0.28001
140.892 -15.4091 3.36456 0.021163
141.176 -15.5146 3.36465 0.101601
141.049 -15.3941 3.36671 0.153729
141.239 -15.4346 3.37513 0.28001
141.16 -15.3459 3.37681 0.101857
141.049 -15.3941 3.36671 0.153729
141.239 -15.4346 3.37513 0.28001
141.176 -15.5146 3.36465 0.101601
140.942 -15.6122 3.35997 0.00394326
141.159 -15.2429 3.36735 0.177351
141.049 -15.3941 3.36671 0.153729
141.176 -15.5146 3.36465 0.101601
141.159 -15.2429 3.36735 0.177351
141.049 -15.3941 3.36671 0.153729
141.174 -15.4795 3.35666 0.00133645
141.176 -15.5146 3.36465 0.101601
141.049 -15.3941 3.36671 0.153729
141.176 -15.5146 3.36465 0.101601
141.049 -15.3941 3.36671 0.153729
141.176 -15.5146 3.36465 0.101601
141.049 -15.3941 3.36671 0.153729
141.16 -15.3459 3.37681 0.101857
141.016 -15.3352 3.36196 0.0371885
141.239 -15.4346 3.37513 0.28001
141.16 -15.3459 3.37681 0.101857
141.049 -15.3941 3.36671 0.153729
141.049 -15.3697 3.35511 0.000779585
141.239 -15.4346 3.37513 0.28001
141.239 -15.4346 3.37513 0.28001
141.159 -15.2429 3.36735 0.177351
141.239 -15.4346 3.37513 0.28001
141.239 -15.4346 3.37513 0.28001
141.159 -15.2429 3.36735 0.177351
141.016 -15.3352 3.36196 0.0371885
141.049 -15.3941 3.36671 0.153729
141.16 -15.3459 3.37681 0.101857
141.176 -15.5146 3.36465 0.101601
141.239 -15.4346 3.37513 0.28001
141.239 -15.4346 3.37513 0.28001
141.176 -15.5146 3.36465 0.101601
141.432 -15.5412 3.36746 0.0399203
141.239 -15.4346 3.37513 0.28001
141.159 -15.2429 3.36735 0.177351
141.049 -15.3941 3.36671 0.153729
141.17 -15.5303 3.36238 0.0385337
141.159 -15.2429 3.36735 0.177351
141.016 -15.3352 3.36196 0.0371885
141.239 -15.4346 3.37513 0.28001
141.239 -15.4346 3.37513 0.28001
141.16 -15.3459 3.37681 0.101857
141.159 -15.2429 3.36735 0.177351
141.159 -15.2429 3.36735 0.177351
141.432 -15.5412 3.36746 0.0399203
141.049 -15.3941 3.36671 0.153729
141.239 -15.4346 3.37513 0.28001
141.176 -15.5146 3.36465 0.101601
141.239 -15.4346 3.37513 0.28001
141.17 -15.5303 3.36238 0.0385337
141.432 -15.5412 3.36746 0.0399203
141.049 -15.3941 3.36671 0.153729
141.239 -15.4346 3.37513 0.28001
141.176 -15.5146 3.36465 0.101601
141.239 -15.4346 3.37513 0.28001
141.176 -15.5146 3.36465 0.101601
141.049 -15.3941 3.36671 0.153729
141.239 -15.4346 3.37513 0.28001
141.16 -15.3459 3.37681 0.101857
141.159 -15.2429 3.36735 0.177351
141.159 -15.2429 3.36735 0.177351
141.049 -15.3941 3.36671 0.153729
141.239 -15.4346 3.37513 0.28001
141.239 -15.4346 3.37513 0.28001
141.159 -15.2429 3.36735 0.177351
141.159 -15.2429 3.36735 0.177351
141.049 -15.3941 3.36671 0.153729
141.176 -15.5146 3.36465 0.101601
141.159 -15.2429 3.36735 0.177351
141.239 -15.4346 3.37513 0.28001
141.176 -15.5146 3.36465 0.101601
141.239 -15.4346 3.37513 0.28001
141.239 -15.4346 3.37513 0.28001
141.176 -15.5146 3.36465 0.101601
141.049 -15.3941 3.36671 0.153729
141.049 -15.3941 3.36671 0.153729
141.239 -15.4346 3.37513 0.28001
140.892 -15.4091 3.36456 0.021163
141.159 -15.2429 3.36735 0.177351
141.239 -15.4346 3.37513 0.28001
141.239 -15.4346 3.37513 0.28001
141.176 -15.5146 3.36465 0.101601
141.176 -15.5146 3.36465 0.101601
141.049 -15.3941 3.36671 0.153729
141.049 -15.3941 3.36671 0.153729
141.16 -15.3459 3.37681 0.101857
141.049 -15.3941 3.36671 0.153729
