20.1998 6.30091 0.272377 0.0248164
20.4738 6.01073 0.265555 0.399357
20.6421 6.02457 0.26042 0.0487791
20.5045 5.91148 0.26821 0.0372589
20.4738 6.01073 0.265555 0.399357
20.3725 5.96024 0.268492 0.175377
20.4738 6.01073 0.265555 0.399357
20.3725 5.96024 0.268492 0.175377
20.6421 6.02457 0.26042 0.0487791
20.3725 5.96024 0.268492 0.175377
20.4738 6.01073 0.265555 0.399357
20.4738 6.01073 0.265555 0.399357
20.4738 6.01073 0.265555 0.399357
20.4384 5.95303 0.267298 0.170977
20.3725 5.96024 0.268492 0.175377
20.3725 5.96024 0.268492 0.175377
20.4738 6.01073 0.265555 0.399357
20.6421 6.02457 0.26042 0.0487791
20.3725 5.96024 0.268492 0.175377
20.4738 6.01073 0.265555 0.399357
20.4738 6.01073 0.265555 0.399357
20.4384 5.95303 0.267298 0.170977
20.1821 6.01638 0.267902 0.0267155
20.6421 6.02457 0.26042 0.0487791
20.3063 6.1245 0.276812 0.0129062
20.4738 6.01073 0.265555 0.399357
20.3725 5.96024 0.268492 0.175377
20.4738 6.01073 0.265555 0.399357
20.4738 6.01073 0.265555 0.399357
20.4384 5.95303 0.267298 0.170977
20.3725 5.96024 0.268492 0.175377
20.2278 6.05077 0.264828 0.0238362
20.3725 5.96024 0.268492 0.175377
20.6421 6.02457 0.26042 0.0487791
20.4738 6.01073 0.265555 0.399357
20.4738 6.01073 0.265555 0.399357
20.4691 6.35147 0.272772 0.0047492
20.4738 6.01073 0.265555 0.399357
20.3725 5.96024 0.268492 0.175377
20.6421 6.02457 0.26042 0.0487791
20.3725 5.96024 0.268492 0.175377
20.4738 6.01073 0.265555 0.399357
20.5045 5.91148 0.26821 0.0372589
20.4738 6.01073 0.265555 0.399357
20.6421 6.02457 0.26042 0.0487791
20.5846 6.22952 0.25728 0.00746132
20.4738 6.01073 0.265555 0.399357
20.4738 6.01073 0.265555 0.399357
20.4384 5.95303 0.267298 0.170977
20.4738 6.01073 0.265555 0.399357
20.4738 6.01073 0.265555 0.399357
20.3725 5.96024 0.268492 0.175377
20.4738 6.01073 0.265555 0.399357
20.4738 6.01073 0.265555 0.399357
20.3725 5.96024 0.268492 0.175377
20.4738 6.01073 0.265555 0.399357
20.4738 6.01073 0.265555 0.399357
20.4384 5.95303 0.267298 0.170977
20.1998 6.30091 0.272377 0.0248164
20.4738 6.01073 0.265555 0.399357
20.3725 5.96024 0.268492 0.175377
20.4738 6.01073 0.265555 0.399357
20.2278 6.05077 0.264828 0.0238362
20.2278 6.05077 0.264828 0.0238362
20.3725 5.96024 0.268492 0.175377
20.4384 5.95303 0.267298 0.170977
20.56 5.92346 0.266894 0.0353799
20.4738 6.01073 0.265555 0.399357
20.4738 6.01073 0.265555 0.399357
20.1821 6.01638 0.267902 0.0267155
20.4738 6.01073 0.265555 0.399357
20.3725 5.96024 0.268492 0.175377
20.4738 6.01073 0.265555 0.399357
20.3725 5.96024 0.268492 0.175377
20.4738 6.01073 0.265555 0.399357
20.1998 6.30091 0.272377 0.0248164
20.4738 6.01073 0.265555 0.399357
20.4738 6.01073 0.265555 0.399357
20.6061 6.1759 0.272909 0.0018947
20.4384 5.95303 0.267298 0.170977
20.4384 5.95303 0.267298 0.170977
20.3725 5.96024 0.268492 0.175377
20.4738 6.01073 0.265555 0.399357
20.4738 6.01073 0.265555 0.399357
20.4384 5.95303 0.267298 0.170977
20.3725 5.96024 0.268492 0.175377
20.4384 5.95303 0.267298 0.170977
20.4384 5.95303 0.267298 0.170977
20.4738 6.01073 0.265555 0.399357
20.3725 5.96024 0.268492 0.175377
20.3725 5.96024 0.268492 0.175377
20.5045 5.91148 0.26821 0.0372589
20.4738 6.01073 0.265555 0.399357
20.4738 6.01073 0.265555 0.399357
20.4738 6.01073 0.265555 0.399357
20.6421 6.02457 0.26042 0.0487791
20.4738 6.01073 0.265555 0.399357
20.3725 5.96024 0.268492 0.175377
20.3725 5.96024 0.268492 0.175377
20.4738 6.01073 0.265555 0.399357
