66.1772 15.2191 0.0986629 0.199023
66.1772 15.2191 0.0986629 0.199023
66.1772 15.2191 0.0986629 0.199023
66.3023 15.1575 0.10231 0.284707
66.3929 15.4016 0.0948806 0.0754663
66.2809 15.0371 0.112452 0.0314471
66.3708 15.4947 0.102361 0.0269403
66.3023 15.1575 0.10231 0.284707
66.4955 15.2002 0.102188 0.109021
66.4363 15.0852 0.102041 0.145639
66.3023 15.1575 0.10231 0.284707
66.4955 15.2002 0.102188 0.109021
66.4363 15.0852 0.102041 0.145639
66.4363 15.0852 0.102041 0.145639
66.4675 15.3005 0.107356 0.0388543
66.3929 15.4016 0.0948806 0.0754663
66.4955 15.2002 0.102188 0.109021
66.1772 15.2191 0.0986629 0.199023
66.1772 15.2191 0.0986629 0.199023
66.4067 14.9507 0.107639 0.0370107
66.4955 15.2002 0.102188 0.109021
66.2752 14.9338 0.109921 0.0321253
66.3929 15.4016 0.0948806 0.0754663
66.3708 15.4947 0.102361 0.0269403
66.3035 15.3583 0.114561 0.00460267
66.3023 15.1575 0.10231 0.284707
66.3023 15.1575 0.10231 0.284707
66.3929 15.4016 0.0948806 0.0754663
66.1772 15.2191 0.0986629 0.199023
66.1772 15.2191 0.0986629 0.199023
66.3023 15.1575 0.10231 0.284707
66.3023 15.1575 0.10231 0.284707
66.4955 15.2002 0.102188 0.109021
66.2752 14.9338 0.109921 0.0321253
66.3023 15.1575 0.10231 0.284707
66.4363 15.0852 0.102041 0.145639
66.1772 15.2191 0.0986629 0.199023
66.3023 15.1575 0.10231 0.284707
66.4363 15.0852 0.102041 0.145639
66.1772 15.2191 0.0986629 0.199023
66.3023 15.1575 0.10231 0.284707
66.8059 15.344 0.100557 0.000513083
66.3708 15.4947 0.102361 0.0269403
66.3023 15.1575 0.10231 0.284707
66.4955 15.2002 0.102188 0.109021
66.1772 15.2191 0.0986629 0.199023
66.4067 14.9507 0.107639 0.0370107
66.3023 15.1575 0.10231 0.284707
66.4363 15.0852 0.102041 0.145639
66.4363 15.0852 0.102041 0.145639
66.3023 15.1575 0.10231 0.284707
66.4363 15.0852 0.102041 0.145639
66.1772 15.2191 0.0986629 0.199023
66.3023 15.1575 0.10231 0.284707
66.3023 15.1575 0.10231 0.284707
66.3708 15.4947 0.102361 0.0269403
66.534 15.1495 0.0860467 0.00528741
66.4363 15.0852 0.102041 0.145639
66.1772 15.2191 0.0986629 0.199023
66.1772 15.2191 0.0986629 0.199023
66.4955 15.2002 0.102188 0.109021
66.4363 15.0852 0.102041 0.145639
66.4363 15.0852 0.102041 0.145639
66.1772 15.2191 0.0986629 0.199023
66.3023 15.1575 0.10231 0.284707
66.4363 15.0852 0.102041 0.145639
66.1772 15.2191 0.0986629 0.199023
66.3023 15.1575 0.10231 0.284707
66.2809 15.0371 0.112452 0.0314471
66.2752 14.9338 0.109921 0.0321253
66.3023 15.1575 0.10231 0.284707
66.3023 15.1575 0.10231 0.284707
66.3929 15.4016 0.0948806 0.0754663
66.4363 15.0852 0.102041 0.145639
66.4675 15.3005 0.107356 0.0388543
66.3023 15.1575 0.10231 0.284707
66.3023 15.1575 0.10231 0.284707
66.3023 15.1575 0.10231 0.284707
66.3023 15.1575 0.10231 0.284707
66.3929 15.4016 0.0948806 0.0754663
66.4363 15.0852 0.102041 0.145639
66.1772 15.2191 0.0986629 0.199023
66.2752 14.9338 0.109921 0.0321253
66.3023 15.1575 0.10231 0.284707
66.4342 14.6699 0.091194 5.89906e-05
66.4363 15.0852 0.102041 0.145639
66.1772 15.2191 0.0986629 0.199023
66.3023 15.1575 0.10231 0.284707
66.4363 15.0852 0.102041 0.145639
66.2752 14.9338 0.109921 0.0321253
66.3023 15.1575 0.10231 0.284707
66.4363 15.0852 0.102041 0.145639
66.1772 15.2191 0.0986629 0.199023
66.4675 15.3005 0.107356 0.0388543
66.4675 15.3005 0.107356 0.0388543
66.3023 15.1575 0.10231 0.284707
66.2809 15.0371 0.112452 0.0314471
66.3023 15.1575 0.10231 0.284707
66.4363 15.0852 0.102041 0.145639
66.4067 14.9507 0.107639 0.0370107
