-22.0814 -89.8277 2.67098 0.0286184
-21.6673 -90.0504 2.68415 0.105185
-21.9269 -89.7521 2.67365 0.0901372
-21.843 -89.8282 2.67859 0.257947
-21.843 -89.8282 2.67859 0.257947
-21.843 -89.8282 2.67859 0.257947
-21.9667 -90.0515 2.67239 0.0293868
-22.175 -89.9459 2.68082 0.0108537
-21.843 -89.8282 2.67859 0.257947
-21.9256 -89.9413 2.67072 0.0346558
-22.0443 -90.0487 2.68574 0.0145079
-21.9788 -89.8636 2.68229 0.105448
-21.843 -89.8282 2.67859 0.257947
-22.1587 -90.0479 2.67886 0.0135019
-21.843 -89.8282 2.67859 0.257947
-21.9269 -89.7521 2.67365 0.0901372
-21.8823 -90.1206 2.67792 0.0813527
-21.843 -89.8282 2.67859 0.257947
-22.0814 -89.8277 2.67098 0.0286184
-21.8823 -90.1206 2.67792 0.0813527
-21.9788 -89.8636 2.68229 0.105448
-22.0814 -89.8277 2.67098 0.0286184
-21.6673 -90.0504 2.68415 0.105185
-21.9621 -89.7558 2.67442 0.0989525
-21.9667 -90.0515 2.67239 0.0293868
-22.1584 -90.0208 2.67475 0.0148591
-22.1587 -90.0479 2.67886 0.0135019
-21.843 -89.8282 2.67859 0.257947
-21.843 -89.8282 2.67859 0.257947
-22.1576 -89.9045 2.67124 0.0131838
-21.9621 -89.7558 2.67442 0.0989525
-21.843 -89.8282 2.67859 0.257947
-21.9269 -89.7521 2.67365 0.0901372
-21.9788 -89.8636 2.68229 0.105448
-22.0814 -89.8277 2.67098 0.0286184
-21.6673 -90.0504 2.68415 0.105185
-21.9269 -89.7521 2.67365 0.0901372
-21.7976 -89.5471 2.6774 0.00769379
-21.9667 -90.0515 2.67239 0.0293868
-21.9788 -89.8636 2.68229 0.105448
-21.843 -89.8282 2.67859 0.257947
-22.0681 -90.0182 2.66914 0.00574158
-21.843 -89.8282 2.67859 0.257947
-21.9667 -90.0515 2.67239 0.0293868
-22.1587 -90.0479 2.67886 0.0135019
-21.843 -89.8282 2.67859 0.257947
-21.9667 -90.0515 2.67239 0.0293868
-21.9256 -89.9413 2.67072 0.0346558
-21.9788 -89.8636 2.68229 0.105448
-21.843 -89.8282 2.67859 0.257947
-21.843 -89.8282 2.67859 0.257947
-21.8823 -90.1206 2.67792 0.0813527
-22.0681 -90.0182 2.66914 0.00574158
-21.9788 -89.8636 2.68229 0.105448
-21.843 -89.8282 2.67859 0.257947
-21.9269 -89.7521 2.67365 0.0901372
-21.7279 -89.6987 2.66999 0.00497047
-21.843 -89.8282 2.67859 0.257947
-21.9269 -89.7521 2.67365 0.0901372
-21.843 -89.8282 2.67859 0.257947
-21.6673 -90.0504 2.68415 0.105185
-21.8823 -90.1206 2.67792 0.0813527
-21.9621 -89.7558 2.67442 0.0989525
-21.843 -89.8282 2.67859 0.257947
-21.6673 -90.0504 2.68415 0.105185
-21.6643 -89.6275 2.67476 0.00704243
-21.9621 -89.7558 2.67442 0.0989525
-21.843 -89.8282 2.67859 0.257947
-21.8823 -90.1206 2.67792 0.0813527
-21.9621 -89.7558 2.67442 0.0989525
-21.9621 -89.7558 2.67442 0.0989525
-21.843 -89.8282 2.67859 0.257947
-21.843 -89.8282 2.67859 0.257947
-22.1587 -90.0479 2.67886 0.0135019
-21.8823 -90.1206 2.67792 0.0813527
-21.8823 -90.1206 2.67792 0.0813527
-21.9621 -89.7558 2.67442 0.0989525
-21.843 -89.8282 2.67859 0.257947
-21.9788 -89.8636 2.68229 0.105448
-21.9621 -89.7558 2.67442 0.0989525
-21.6999 -89.5128 2.67006 0.00032722
-21.843 -89.8282 2.67859 0.257947
-21.6673 -90.0504 2.68415 0.105185
-21.6673 -90.0504 2.68415 0.105185
-22.1587 -90.0479 2.67886 0.0135019
-21.9621 -89.7558 2.67442 0.0989525
-21.6673 -90.0504 2.68415 0.105185
-21.6673 -90.0504 2.68415 0.105185
-21.9788 -89.8636 2.68229 0.105448
-21.843 -89.8282 2.67859 0.257947
-22.1584 -90.0208 2.67475 0.0148591
-21.8823 -90.1206 2.67792 0.0813527
-21.843 -89.8282 2.67859 0.257947
-21.843 -89.8282 2.67859 0.257947
-21.843 -89.8282 2.67859 0.257947
-21.6673 -90.0504 2.68415 0.105185
-21.8823 -90.1206 2.67792 0.0813527
-21.6643 -89.6275 2.67476 0.00704243
-21.9788 -89.8636 2.68229 0.105448
-22.0814 -89.8277 2.67098 0.0286184
