2.91343 3.66917 0.290284 0.131098
2.84731 3.76359 0.292292 0.317344
2.84731 3.76359 0.292292 0.317344
3.05597 3.90317 0.289534 0.0572403
2.92469 3.93128 0.289376 0.234567
3.05597 3.90317 0.289534 0.0572403
2.92469 3.93128 0.289376 0.234567
2.92469 3.93128 0.289376 0.234567
3.05597 3.90317 0.289534 0.0572403
3.03376 3.91689 0.291729 0.0296432
2.92469 3.93128 0.289376 0.234567
2.92469 3.93128 0.289376 0.234567
2.91343 3.66917 0.290284 0.131098
3.07978 3.81645 0.286618 0.0880846
2.84731 3.76359 0.292292 0.317344
2.91343 3.66917 0.290284 0.131098
2.84731 3.76359 0.292292 0.317344
3.04423 3.99887 0.287374 0.0265916
2.84731 3.76359 0.292292 0.317344
3.14679 3.95365 0.286973 0.00749305
2.92469 3.93128 0.289376 0.234567
3.05597 3.90317 0.289534 0.0572403
2.92469 3.93128 0.289376 0.234567
2.92469 3.93128 0.289376 0.234567
2.84731 3.76359 0.292292 0.317344
3.03376 3.91689 0.291729 0.0296432
3.07978 3.81645 0.286618 0.0880846
2.6501 3.87232 0.294315 0.0468543
3.03376 3.91689 0.291729 0.0296432
2.92469 3.93128 0.289376 0.234567
3.07978 3.81645 0.286618 0.0880846
2.84731 3.76359 0.292292 0.317344
3.07978 3.81645 0.286618 0.0880846
2.92469 3.93128 0.289376 0.234567
2.92469 3.93128 0.289376 0.234567
2.92469 3.93128 0.289376 0.234567
3.07978 3.81645 0.286618 0.0880846
2.84731 3.76359 0.292292 0.317344
2.91343 3.66917 0.290284 0.131098
3.05597 3.90317 0.289534 0.0572403
3.05597 3.90317 0.289534 0.0572403
2.84731 3.76359 0.292292 0.317344
2.91343 3.66917 0.290284 0.131098
2.81898 4.09656 0.294113 0.00243559
2.92469 3.93128 0.289376 0.234567
3.07978 3.81645 0.286618 0.0880846
2.6501 3.87232 0.294315 0.0468543
2.84731 3.76359 0.292292 0.317344
2.84731 3.76359 0.292292 0.317344
3.04423 3.99887 0.287374 0.0265916
2.6501 3.87232 0.294315 0.0468543
2.84731 3.76359 0.292292 0.317344
2.91343 3.66917 0.290284 0.131098
2.6501 3.87232 0.294315 0.0468543
2.84731 3.76359 0.292292 0.317344
2.92469 3.93128 0.289376 0.234567
2.84731 3.76359 0.292292 0.317344
2.92469 3.93128 0.289376 0.234567
3.07978 3.81645 0.286618 0.0880846
3.13288 3.8459 0.278443 0.00115871
2.84731 3.76359 0.292292 0.317344
2.92469 3.93128 0.289376 0.234567
2.91343 3.66917 0.290284 0.131098
2.84731 3.76359 0.292292 0.317344
2.92469 3.93128 0.289376 0.234567
2.84731 3.76359 0.292292 0.317344
2.84731 3.76359 0.292292 0.317344
2.91343 3.66917 0.290284 0.131098
3.10935 3.74202 0.289471 0.0181275
3.07978 3.81645 0.286618 0.0880846
2.92469 3.93128 0.289376 0.234567
2.92469 3.93128 0.289376 0.234567
3.04423 3.99887 0.287374 0.0265916
2.6501 3.87232 0.294315 0.0468543
2.84731 3.76359 0.292292 0.317344
3.14679 3.95365 0.286973 0.00749305
2.6501 3.87232 0.294315 0.0468543
3.12346 4.04111 0.285293 0.00259509
3.14679 3.95365 0.286973 0.00749305
3.05597 3.90317 0.289534 0.0572403
3.05597 3.90317 0.289534 0.0572403
2.88478 3.57486 0.293187 0.00873776
3.10935 3.74202 0.289471 0.0181275
2.6501 3.87232 0.294315 0.0468543
2.84731 3.76359 0.292292 0.317344
2.91343 3.66917 0.290284 0.131098
2.84731 3.76359 0.292292 0.317344
2.92469 3.93128 0.289376 0.234567
2.84731 3.76359 0.292292 0.317344
2.91343 3.66917 0.290284 0.131098
2.84731 3.76359 0.292292 0.317344
2.91343 3.66917 0.290284 0.131098
2.84731 3.76359 0.292292 0.317344
2.91343 3.66917 0.290284 0.131098
2.6501 3.87232 0.294315 0.0468543
2.92469 3.93128 0.289376 0.234567
3.04423 3.99887 0.287374 0.0265916
2.91343 3.66917 0.290284 0.131098
3.05597 3.90317 0.289534 0.0572403
2.84731 3.76359 0.292292 0.317344
