-40.438 -54.9651 1.63172 0.20314
-40.4454 -55.0634 1.62711 0.0459445
-40.5054 -54.9211 1.63155 0.141438
-40.4619 -55.1601 1.6322 0.0926899
-40.438 -54.9651 1.63172 0.20314
-40.6279 -55.1486 1.62947 0.0167655
-40.3179 -54.8723 1.6356 0.0483178
-40.5054 -54.9211 1.63155 0.141438
-40.4046 -55.2119 1.63442 0.0669912
-40.5257 -54.7392 1.62686 0.0146131
-40.438 -54.9651 1.63172 0.20314
-40.2311 -54.7509 1.63673 0.00220216
-40.4619 -55.1601 1.6322 0.0926899
-40.3915 -54.9277 1.63292 0.167629
-40.3915 -54.9277 1.63292 0.167629
-40.438 -54.9651 1.63172 0.20314
-40.3776 -54.8792 1.63672 0.0435222
-40.5054 -54.9211 1.63155 0.141438
-40.3915 -54.9277 1.63292 0.167629
-40.3776 -54.8792 1.63672 0.0435222
-40.3595 -55.1455 1.62539 0.00459523
-40.3595 -55.1455 1.62539 0.00459523
-40.4046 -55.2119 1.63442 0.0669912
-40.3915 -54.9277 1.63292 0.167629
-40.3915 -54.9277 1.63292 0.167629
-40.3915 -54.9277 1.63292 0.167629
-40.438 -54.9651 1.63172 0.20314
-40.5054 -54.9211 1.63155 0.141438
-40.5054 -54.9211 1.63155 0.141438
-40.5257 -54.7392 1.62686 0.0146131
-40.438 -54.9651 1.63172 0.20314
-40.4454 -55.0634 1.62711 0.0459445
-40.3152 -55.3375 1.64169 0.00256696
-40.3915 -54.9277 1.63292 0.167629
-40.438 -54.9651 1.63172 0.20314
-40.5054 -54.9211 1.63155 0.141438
-40.3915 -54.9277 1.63292 0.167629
-40.438 -54.9651 1.63172 0.20314
-40.438 -54.9651 1.63172 0.20314
-40.5054 -54.9211 1.63155 0.141438
-40.5054 -54.9211 1.63155 0.141438
-40.4619 -55.1601 1.6322 0.0926899
-40.3915 -54.9277 1.63292 0.167629
-40.438 -54.9651 1.63172 0.20314
-40.5054 -54.9211 1.63155 0.141438
-40.4619 -55.1601 1.6322 0.0926899
-40.3915 -54.9277 1.63292 0.167629
-40.6279 -55.1486 1.62947 0.0167655
-40.4046 -55.2119 1.63442 0.0669912
-40.3915 -54.9277 1.63292 0.167629
-40.3776 -54.8792 1.63672 0.0435222
-40.4619 -55.1601 1.6322 0.0926899
-40.6619 -55.0622 1.62819 0.0163084
-40.3776 -54.8792 1.63672 0.0435222
-40.3179 -54.8723 1.6356 0.0483178
-40.5257 -54.7392 1.62686 0.0146131
-40.3915 -54.9277 1.63292 0.167629
-40.438 -54.9651 1.63172 0.20314
-40.7165 -55.1879 1.63543 0.00331557
-40.4619 -55.1601 1.6322 0.0926899
-40.3915 -54.9277 1.63292 0.167629
-40.7774 -54.9475 1.63162 0.00327401
-40.3179 -54.8723 1.6356 0.0483178
-40.5054 -54.9211 1.63155 0.141438
-40.5054 -54.9211 1.63155 0.141438
-40.4046 -55.2119 1.63442 0.0669912
-40.4046 -55.2119 1.63442 0.0669912
-40.1074 -54.934 1.63009 0.00431329
-40.5257 -54.7392 1.62686 0.0146131
-40.438 -54.9651 1.63172 0.20314
-40.4454 -55.0634 1.62711 0.0459445
-40.4619 -55.1601 1.6322 0.0926899
-40.3915 -54.9277 1.63292 0.167629
-40.3915 -54.9277 1.63292 0.167629
-40.438 -54.9651 1.63172 0.20314
-40.6279 -55.1486 1.62947 0.0167655
-40.4454 -55.0634 1.62711 0.0459445
-40.4619 -55.1601 1.6322 0.0926899
-40.3915 -54.9277 1.63292 0.167629
-40.3915 -54.9277 1.63292 0.167629
-40.6279 -55.1486 1.62947 0.0167655
-40.5054 -54.9211 1.63155 0.141438
-40.5054 -54.9211 1.63155 0.141438
-40.3802 -55.107 1.63997 0.0366221
-40.3915 -54.9277 1.63292 0.167629
-40.438 -54.9651 1.63172 0.20314
-40.4454 -55.0634 1.62711 0.0459445
-40.5054 -54.9211 1.63155 0.141438
-40.4619 -55.1601 1.6322 0.0926899
-40.3915 -54.9277 1.63292 0.167629
-40.438 -54.9651 1.63172 0.20314
-40.4454 -55.0634 1.62711 0.0459445
-40.4046 -55.2119 1.63442 0.0669912
-40.5257 -54.7392 1.62686 0.0146131
-40.6542 -55.0546 1.63271 0.0336183
-40.3776 -54.8792 1.63672 0.0435222
-40.4046 -55.2119 1.63442 0.0669912
-40.6542 -55.0546 1.63271 0.0336183
-40.438 -54.9651 1.63172 0.20314
-40.5054 -54.9211 1.63155 0.141438
