-40.8836 -54.2129 1.6251 0.0239277
-40.9152 -54.297 1.62907 0.0208054
-41.1469 -54.1119 1.6302 0.0255646
-41.1455 -54.1556 1.62468 0.158949
-41.0831 -54.2235 1.62661 0.129984
-41.0648 -54.2348 1.61812 0.0175123
-41.1617 -54.0953 1.62439 0.129975
-41.0578 -54.2987 1.62626 0.0896423
-41.1455 -54.1556 1.62468 0.158949
-41.0509 -53.8865 1.62215 0.0125897
-41.1952 -54.2525 1.62657 0.0991205
-41.0786 -53.9613 1.62023 0.0359847
-41.0578 -54.2987 1.62626 0.0896423
-41.1455 -54.1556 1.62468 0.158949
-41.0831 -54.2235 1.62661 0.129984
-41.1952 -54.2525 1.62657 0.0991205
-41.1617 -54.0953 1.62439 0.129975
-41.1455 -54.1556 1.62468 0.158949
-41.0831 -54.2235 1.62661 0.129984
-41.2537 -53.921 1.61778 0.0116553
-41.0578 -54.2987 1.62626 0.0896423
-41.1455 -54.1556 1.62468 0.158949
-41.2166 -54.2941 1.62372 0.0699503
-41.0831 -54.2235 1.62661 0.129984
-41.3308 -54.2077 1.62194 0.0334735
-41.1952 -54.2525 1.62657 0.0991205
-41.2537 -53.921 1.61778 0.0116553
-41.2893 -53.9695 1.62157 0.02428
-41.2893 -53.9695 1.62157 0.02428
-41.0578 -54.2987 1.62626 0.0896423
-41.1455 -54.1556 1.62468 0.158949
-41.2166 -54.2941 1.62372 0.0699503
-41.3308 -54.2077 1.62194 0.0334735
-40.9152 -54.297 1.62907 0.0208054
-41.1617 -54.0953 1.62439 0.129975
-41.1455 -54.1556 1.62468 0.158949
-41.0831 -54.2235 1.62661 0.129984
-41.0417 -54.0591 1.61925 0.0440752
-41.0417 -54.0591 1.61925 0.0440752
-41.2893 -53.9695 1.62157 0.02428
-41.1455 -54.1556 1.62468 0.158949
-41.3093 -54.0538 1.61263 0.000970094
-41.1952 -54.2525 1.62657 0.0991205
-40.9152 -54.297 1.62907 0.0208054
-41.2893 -53.9695 1.62157 0.02428
-41.1455 -54.1556 1.62468 0.158949
-41.1416 -54.5103 1.62954 0.00478925
-41.1952 -54.2525 1.62657 0.0991205
-40.8836 -54.2129 1.6251 0.0239277
-40.8789 -54.2104 1.62363 0.0189159
-41.1617 -54.0953 1.62439 0.129975
-41.0578 -54.2987 1.62626 0.0896423
-41.2166 -54.2941 1.62372 0.0699503
-41.0831 -54.2235 1.62661 0.129984
-41.0417 -54.0591 1.61925 0.0440752
-40.9854 -54.1705 1.61805 0.0135305
-41.2893 -53.9695 1.62157 0.02428
-41.1386 -54.3165 1.61866 0.0115842
-41.1455 -54.1556 1.62468 0.158949
-41.0831 -54.2235 1.62661 0.129984
-40.8836 -54.2129 1.6251 0.0239277
-41.1617 -54.0953 1.62439 0.129975
-41.1455 -54.1556 1.62468 0.158949
-41.2166 -54.2941 1.62372 0.0699503
-41.1952 -54.2525 1.62657 0.0991205
-40.8836 -54.2129 1.6251 0.0239277
-41.0417 -54.0591 1.61925 0.0440752
-41.1617 -54.0953 1.62439 0.129975
-41.0578 -54.2987 1.62626 0.0896423
-41.1455 -54.1556 1.62468 0.158949
-41.0831 -54.2235 1.62661 0.129984
-41.0648 -54.2348 1.61812 0.0175123
-41.0417 -54.0591 1.61925 0.0440752
-41.1617 -54.0953 1.62439 0.129975
-41.1455 -54.1556 1.62468 0.158949
-41.3308 -54.2077 1.62194 0.0334735
-41.1952 -54.2525 1.62657 0.0991205
-41.0417 -54.0591 1.61925 0.0440752
-41.0786 -53.9613 1.62023 0.0359847
-41.0578 -54.2987 1.62626 0.0896423
-41.0831 -54.2235 1.62661 0.129984
-41.0831 -54.2235 1.62661 0.129984
-41.0648 -54.2348 1.61812 0.0175123
-41.2537 -53.921 1.61778 0.0116553
-41.1617 -54.0953 1.62439 0.129975
-41.0578 -54.2987 1.62626 0.0896423
-41.2166 -54.2941 1.62372 0.0699503
-41.0831 -54.2235 1.62661 0.129984
-41.0417 -54.0591 1.61925 0.0440752
-41.1617 -54.0953 1.62439 0.129975
-41.1455 -54.1556 1.62468 0.158949
-41.1455 -54.1556 1.62468 0.158949
-41.0831 -54.2235 1.62661 0.129984
-41.1952 -54.2525 1.62657 0.0991205
-40.9152 -54.297 1.62907 0.0208054
-41.0578 -54.2987 1.62626 0.0896423
-41.0578 -54.2987 1.62626 0.0896423
-41.2166 -54.2941 1.62372 0.0699503
-41.0831 -54.2235 1.62661 0.129984
-41.0648 -54.2348 1.61812 0.0175123
