275.607 -8.43198 4.15981 0.266077
275.79 -8.36914 4.15914 0.131312
275.445 -8.4267 4.15727 0.0731142
275.498 -8.47313 4.15949 0.0980651
275.79 -8.36914 4.15914 0.131312
275.79 -8.36914 4.15914 0.131312
275.607 -8.43198 4.15981 0.266077
275.607 -8.43198 4.15981 0.266077
275.79 -8.36914 4.15914 0.131312
275.449 -8.37917 4.14514 0.00489074
275.607 -8.43198 4.15981 0.266077
275.794 -8.41829 4.15875 0.147849
275.794 -8.41829 4.15875 0.147849
275.607 -8.43198 4.15981 0.266077
275.663 -8.50434 4.15225 0.0492409
275.79 -8.36914 4.15914 0.131312
275.607 -8.43198 4.15981 0.266077
275.562 -8.28499 4.16094 0.0462232
275.465 -8.5013 4.14953 0.0628803
275.607 -8.43198 4.15981 0.266077
275.498 -8.47313 4.15949 0.0980651
275.794 -8.41829 4.15875 0.147849
275.445 -8.4267 4.15727 0.0731142
275.498 -8.47313 4.15949 0.0980651
275.794 -8.41829 4.15875 0.147849
275.445 -8.4267 4.15727 0.0731142
275.607 -8.43198 4.15981 0.266077
275.794 -8.41829 4.15875 0.147849
275.445 -8.4267 4.15727 0.0731142
275.607 -8.43198 4.15981 0.266077
275.794 -8.41829 4.15875 0.147849
275.465 -8.5013 4.14953 0.0628803
275.607 -8.43198 4.15981 0.266077
275.794 -8.41829 4.15875 0.147849
275.663 -8.50434 4.15225 0.0492409
275.607 -8.43198 4.15981 0.266077
275.794 -8.41829 4.15875 0.147849
275.794 -8.41829 4.15875 0.147849
275.607 -8.43198 4.15981 0.266077
275.794 -8.41829 4.15875 0.147849
275.445 -8.4267 4.15727 0.0731142
275.607 -8.43198 4.15981 0.266077
275.663 -8.50434 4.15225 0.0492409
275.445 -8.4267 4.15727 0.0731142
275.465 -8.5013 4.14953 0.0628803
275.465 -8.5013 4.14953 0.0628803
275.607 -8.43198 4.15981 0.266077
275.607 -8.43198 4.15981 0.266077
275.607 -8.43198 4.15981 0.266077
275.498 -8.47313 4.15949 0.0980651
275.79 -8.36914 4.15914 0.131312
275.79 -8.36914 4.15914 0.131312
275.445 -8.4267 4.15727 0.0731142
275.398 -8.63193 4.14483 0.00680817
275.465 -8.5013 4.14953 0.0628803
275.465 -8.5013 4.14953 0.0628803
275.382 -8.23114 4.14452 0.000473561
275.663 -8.50434 4.15225 0.0492409
275.607 -8.43198 4.15981 0.266077
275.663 -8.50434 4.15225 0.0492409
275.79 -8.36914 4.15914 0.131312
275.445 -8.4267 4.15727 0.0731142
275.607 -8.43198 4.15981 0.266077
275.607 -8.43198 4.15981 0.266077
275.755 -8.65745 4.16939 0.0117979
275.562 -8.28499 4.16094 0.0462232
275.607 -8.43198 4.15981 0.266077
275.498 -8.47313 4.15949 0.0980651
275.445 -8.4267 4.15727 0.0731142
275.607 -8.43198 4.15981 0.266077
275.498 -8.47313 4.15949 0.0980651
275.562 -8.28499 4.16094 0.0462232
275.79 -8.36914 4.15914 0.131312
275.607 -8.43198 4.15981 0.266077
275.794 -8.41829 4.15875 0.147849
275.945 -8.1943 4.17334 0.0130764
275.465 -8.5013 4.14953 0.0628803
275.794 -8.41829 4.15875 0.147849
275.794 -8.41829 4.15875 0.147849
275.607 -8.43198 4.15981 0.266077
275.794 -8.41829 4.15875 0.147849
275.794 -8.41829 4.15875 0.147849
275.79 -8.36914 4.15914 0.131312
275.445 -8.4267 4.15727 0.0731142
275.607 -8.43198 4.15981 0.266077
275.607 -8.43198 4.15981 0.266077
275.607 -8.43198 4.15981 0.266077
275.498 -8.47313 4.15949 0.0980651
275.751 -8.69653 4.15134 0.00134608
275.465 -8.5013 4.14953 0.0628803
275.36 -8.43104 4.1585 0.0105089
275.79 -8.36914 4.15914 0.131312
275.465 -8.5013 4.14953 0.0628803
275.607 -8.43198 4.15981 0.266077
275.663 -8.50434 4.15225 0.0492409
275.462 -8.58745 4.14589 0.010695
275.465 -8.5013 4.14953 0.0628803
275.607 -8.43198 4.15981 0.266077
275.794 -8.41829 4.15875 0.147849
275.794 -8.41829 4.15875 0.147849
