240.484 27.9524 0.0786401 0.66323
240.484 27.9524 0.0786401 0.66323
240.484 27.9524 0.0786401 0.66323
240.484 27.9524 0.0786401 0.66323
240.484 27.9524 0.0786401 0.66323
240.484 27.9524 0.0786401 0.66323
240.797 27.9503 0.0813851 0.000830662
240.484 27.9524 0.0786401 0.66323
240.484 27.9524 0.0786401 0.66323
240.484 27.9524 0.0786401 0.66323
240.308 28.2294 0.0814872 0.159696
240.484 27.9524 0.0786401 0.66323
240.441 27.843 0.080346 0.0512193
240.484 27.9524 0.0786401 0.66323
240.513 28.3739 0.0756895 0.0931586
240.484 27.9524 0.0786401 0.66323
240.484 27.9524 0.0786401 0.66323
240.484 27.9524 0.0786401 0.66323
240.441 27.843 0.080346 0.0512193
240.484 27.9524 0.0786401 0.66323
240.484 27.9524 0.0786401 0.66323
240.484 27.9524 0.0786401 0.66323
240.484 27.9524 0.0786401 0.66323
240.484 27.9524 0.0786401 0.66323
240.484 27.9524 0.0786401 0.66323
240.308 28.2294 0.0814872 0.159696
240.797 27.9503 0.0813851 0.000830662
240.484 27.9524 0.0786401 0.66323
240.441 27.843 0.080346 0.0512193
240.484 27.9524 0.0786401 0.66323
240.484 27.9524 0.0786401 0.66323
240.484 27.9524 0.0786401 0.66323
240.484 27.9524 0.0786401 0.66323
240.484 27.9524 0.0786401 0.66323
240.354 28.1898 0.0868205 0.00737384
240.484 27.9524 0.0786401 0.66323
240.441 27.843 0.080346 0.0512193
240.308 28.2294 0.0814872 0.159696
240.513 28.3739 0.0756895 0.0931586
240.308 28.2294 0.0814872 0.159696
240.484 27.9524 0.0786401 0.66323
240.484 27.9524 0.0786401 0.66323
240.513 28.3739 0.0756895 0.0931586
240.484 27.9524 0.0786401 0.66323
240.484 27.9524 0.0786401 0.66323
240.484 27.9524 0.0786401 0.66323
240.484 27.9524 0.0786401 0.66323
240.484 27.9524 0.0786401 0.66323
240.308 28.2294 0.0814872 0.159696
240.484 27.9524 0.0786401 0.66323
240.308 28.2294 0.0814872 0.159696
240.484 27.9524 0.0786401 0.66323
240.308 28.2294 0.0814872 0.159696
240.308 28.2294 0.0814872 0.159696
240.513 28.3739 0.0756895 0.0931586
240.484 27.9524 0.0786401 0.66323
240.354 28.1898 0.0868205 0.00737384
240.484 27.9524 0.0786401 0.66323
240.141 28.1364 0.0820939 0.00490993
240.308 28.2294 0.0814872 0.159696
240.484 27.9524 0.0786401 0.66323
240.484 27.9524 0.0786401 0.66323
240.484 27.9524 0.0786401 0.66323
240.484 27.9524 0.0786401 0.66323
240.484 27.9524 0.0786401 0.66323
240.484 27.9524 0.0786401 0.66323
240.484 27.9524 0.0786401 0.66323
240.308 28.2294 0.0814872 0.159696
240.308 28.2294 0.0814872 0.159696
240.484 27.9524 0.0786401 0.66323
240.484 27.9524 0.0786401 0.66323
240.484 27.9524 0.0786401 0.66323
240.484 27.9524 0.0786401 0.66323
240.484 27.9524 0.0786401 0.66323
240.484 27.9524 0.0786401 0.66323
240.484 27.9524 0.0786401 0.66323
240.484 27.9524 0.0786401 0.66323
240.484 27.9524 0.0786401 0.66323
240.484 27.9524 0.0786401 0.66323
240.513 28.3739 0.0756895 0.0931586
240.484 27.9524 0.0786401 0.66323
240.513 28.3739 0.0756895 0.0931586
240.484 27.9524 0.0786401 0.66323
240.484 27.9524 0.0786401 0.66323
240.308 28.2294 0.0814872 0.159696
240.484 27.9524 0.0786401 0.66323
240.513 28.3739 0.0756895 0.0931586
240.513 28.3739 0.0756895 0.0931586
240.484 27.9524 0.0786401 0.66323
240.513 28.3739 0.0756895 0.0931586
240.308 28.2294 0.0814872 0.159696
240.354 28.1898 0.0868205 0.00737384
240.484 27.9524 0.0786401 0.66323
240.441 27.843 0.080346 0.0512193
240.484 27.9524 0.0786401 0.66323
240.484 27.9524 0.0786401 0.66323
240.484 27.9524 0.0786401 0.66323
240.484 27.9524 0.0786401 0.66323
240.484 27.9524 0.0786401 0.66323
240.484 27.9524 0.0786401 0.66323
