50.9138 -62.5034 3.94273 0.272886
50.9635 -62.7665 3.94175 0.270953
50.7631 -62.5589 3.94267 0.100903
50.9138 -62.5034 3.94273 0.272886
50.9635 -62.7665 3.94175 0.270953
50.7631 -62.5589 3.94267 0.100903
50.7523 -62.5616 3.93796 0.103849
50.9138 -62.5034 3.94273 0.272886
50.9635 -62.7665 3.94175 0.270953
50.7523 -62.5616 3.93796 0.103849
50.9138 -62.5034 3.94273 0.272886
50.9635 -62.7665 3.94175 0.270953
50.9635 -62.7665 3.94175 0.270953
50.7523 -62.5616 3.93796 0.103849
50.9138 -62.5034 3.94273 0.272886
50.836 -62.4712 3.94424 0.0627573
50.9138 -62.5034 3.94273 0.272886
50.9138 -62.5034 3.94273 0.272886
50.7689 -62.5513 3.9326 0.0191732
50.7631 -62.5589 3.94267 0.100903
50.7523 -62.5616 3.93796 0.103849
50.7523 -62.5616 3.93796 0.103849
50.9111 -62.6799 3.93266 0.0159269
50.9138 -62.5034 3.94273 0.272886
50.9635 -62.7665 3.94175 0.270953
50.7397 -62.6071 3.94115 0.122278
50.9138 -62.5034 3.94273 0.272886
50.836 -62.4712 3.94424 0.0627573
50.7523 -62.5616 3.93796 0.103849
50.9138 -62.5034 3.94273 0.272886
50.9635 -62.7665 3.94175 0.270953
50.9635 -62.7665 3.94175 0.270953
50.9635 -62.7665 3.94175 0.270953
50.7631 -62.5589 3.94267 0.100903
50.9138 -62.5034 3.94273 0.272886
50.9635 -62.7665 3.94175 0.270953
50.9138 -62.5034 3.94273 0.272886
50.9635 -62.7665 3.94175 0.270953
50.7631 -62.5589 3.94267 0.100903
50.9138 -62.5034 3.94273 0.272886
50.9635 -62.7665 3.94175 0.270953
50.836 -62.4712 3.94424 0.0627573
50.9138 -62.5034 3.94273 0.272886
50.9635 -62.7665 3.94175 0.270953
50.7631 -62.5589 3.94267 0.100903
50.7397 -62.6071 3.94115 0.122278
50.9138 -62.5034 3.94273 0.272886
50.9635 -62.7665 3.94175 0.270953
50.7631 -62.5589 3.94267 0.100903
50.7397 -62.6071 3.94115 0.122278
50.9635 -62.7665 3.94175 0.270953
50.836 -62.4712 3.94424 0.0627573
51.1702 -62.5947 3.9374 0.00395886
50.9635 -62.7665 3.94175 0.270953
50.836 -62.4712 3.94424 0.0627573
50.7631 -62.5589 3.94267 0.100903
50.7631 -62.5589 3.94267 0.100903
50.7397 -62.6071 3.94115 0.122278
50.7523 -62.5616 3.93796 0.103849
50.9138 -62.5034 3.94273 0.272886
50.9138 -62.5034 3.94273 0.272886
50.9635 -62.7665 3.94175 0.270953
50.7631 -62.5589 3.94267 0.100903
50.9138 -62.5034 3.94273 0.272886
50.9635 -62.7665 3.94175 0.270953
50.7631 -62.5589 3.94267 0.100903
51.1702 -62.5947 3.9374 0.00395886
50.7689 -62.5513 3.9326 0.0191732
50.9635 -62.7665 3.94175 0.270953
50.9635 -62.7665 3.94175 0.270953
50.836 -62.4712 3.94424 0.0627573
50.9138 -62.5034 3.94273 0.272886
50.9635 -62.7665 3.94175 0.270953
50.836 -62.4712 3.94424 0.0627573
50.9138 -62.5034 3.94273 0.272886
50.9635 -62.7665 3.94175 0.270953
50.9635 -62.7665 3.94175 0.270953
50.9635 -62.7665 3.94175 0.270953
50.9635 -62.7665 3.94175 0.270953
50.7397 -62.6071 3.94115 0.122278
50.7523 -62.5616 3.93796 0.103849
50.7523 -62.5616 3.93796 0.103849
50.9635 -62.7665 3.94175 0.270953
50.7397 -62.6071 3.94115 0.122278
50.7523 -62.5616 3.93796 0.103849
50.9138 -62.5034 3.94273 0.272886
50.9138 -62.5034 3.94273 0.272886
50.7631 -62.5589 3.94267 0.100903
50.9138 -62.5034 3.94273 0.272886
50.9635 -62.7665 3.94175 0.270953
50.7397 -62.6071 3.94115 0.122278
50.7689 -62.5513 3.9326 0.0191732
50.7631 -62.5589 3.94267 0.100903
50.9138 -62.5034 3.94273 0.272886
50.9635 -62.7665 3.94175 0.270953
50.7631 -62.5589 3.94267 0.100903
50.9138 -62.5034 3.94273 0.272886
50.7631 -62.5589 3.94267 0.100903
50.9138 -62.5034 3.94273 0.272886
50.7689 -62.5513 3.9326 0.0191732
