230.128 27.8553 0.0783776 0.334561
229.928 27.9122 0.0827618 0.132832
229.87 27.9078 0.0802747 0.14113
230.128 27.8553 0.0783776 0.334561
230.128 27.8553 0.0783776 0.334561
229.984 27.8537 0.0740043 0.0924376
230.081 28.0978 0.0766691 0.0874314
230.128 27.8553 0.0783776 0.334561
229.87 27.9078 0.0802747 0.14113
230.128 27.8553 0.0783776 0.334561
230.192 27.8159 0.0730366 0.035269
230.128 27.8553 0.0783776 0.334561
230.128 27.8553 0.0783776 0.334561
229.984 27.8537 0.0740043 0.0924376
229.87 27.9078 0.0802747 0.14113
230.128 27.8553 0.0783776 0.334561
230.128 27.8553 0.0783776 0.334561
230.128 27.8553 0.0783776 0.334561
229.87 27.9078 0.0802747 0.14113
230.128 27.8553 0.0783776 0.334561
230.128 27.8553 0.0783776 0.334561
229.984 27.8537 0.0740043 0.0924376
230.128 27.8553 0.0783776 0.334561
229.984 27.8537 0.0740043 0.0924376
230.128 27.8553 0.0783776 0.334561
229.928 27.9122 0.0827618 0.132832
230.192 27.8159 0.0730366 0.035269
229.984 27.8537 0.0740043 0.0924376
230.081 28.0978 0.0766691 0.0874314
230.081 28.0978 0.0766691 0.0874314
230.296 27.8506 0.0772151 0.0284673
230.128 27.8553 0.0783776 0.334561
229.928 27.9122 0.0827618 0.132832
230.192 27.8159 0.0730366 0.035269
229.87 27.9078 0.0802747 0.14113
229.827 27.8041 0.0823368 0.0530687
229.87 27.9078 0.0802747 0.14113
230.182 27.7487 0.0824594 0.0341576
230.128 27.8553 0.0783776 0.334561
230.296 27.8506 0.0772151 0.0284673
229.813 27.8282 0.0752545 0.0109649
229.87 27.9078 0.0802747 0.14113
230.128 27.8553 0.0783776 0.334561
230.128 27.8553 0.0783776 0.334561
230.044 27.674 0.0853343 0.0151224
230.128 27.8553 0.0783776 0.334561
229.984 27.8537 0.0740043 0.0924376
230.081 28.0978 0.0766691 0.0874314
230.081 28.0978 0.0766691 0.0874314
230.128 27.8553 0.0783776 0.334561
229.827 27.8041 0.0823368 0.0530687
229.87 27.9078 0.0802747 0.14113
230.182 27.7487 0.0824594 0.0341576
230.128 27.8553 0.0783776 0.334561
230.192 27.8159 0.0730366 0.035269
229.87 27.9078 0.0802747 0.14113
230.296 27.8506 0.0772151 0.0284673
230.192 27.8159 0.0730366 0.035269
230.128 27.8553 0.0783776 0.334561
230.081 28.0978 0.0766691 0.0874314
229.827 27.8041 0.0823368 0.0530687
230.081 28.0978 0.0766691 0.0874314
230.296 27.8506 0.0772151 0.0284673
230.128 27.8553 0.0783776 0.334561
229.928 27.9122 0.0827618 0.132832
230.128 27.8553 0.0783776 0.334561
229.984 27.8537 0.0740043 0.0924376
230.128 27.8553 0.0783776 0.334561
229.984 27.8537 0.0740043 0.0924376
230.182 27.7487 0.0824594 0.0341576
229.928 27.9122 0.0827618 0.132832
230.081 28.0978 0.0766691 0.0874314
229.827 27.8041 0.0823368 0.0530687
229.827 27.8041 0.0823368 0.0530687
229.928 27.9122 0.0827618 0.132832
230.296 27.8506 0.0772151 0.0284673
230.128 27.8553 0.0783776 0.334561
229.827 27.8041 0.0823368 0.0530687
230.192 27.8159 0.0730366 0.035269
230.192 27.8159 0.0730366 0.035269
229.87 27.9078 0.0802747 0.14113
230.128 27.8553 0.0783776 0.334561
229.984 27.8537 0.0740043 0.0924376
230.128 27.8553 0.0783776 0.334561
229.928 27.9122 0.0827618 0.132832
230.128 27.8553 0.0783776 0.334561
229.984 27.8537 0.0740043 0.0924376
230.081 28.0978 0.0766691 0.0874314
230.128 27.8553 0.0783776 0.334561
230.128 27.8553 0.0783776 0.334561
230.128 27.8553 0.0783776 0.334561
229.895 27.6197 0.0849026 0.00697052
230.192 27.8159 0.0730366 0.035269
229.984 27.8537 0.0740043 0.0924376
230.134 27.5802 0.0873445 0.000298053
229.813 27.8282 0.0752545 0.0109649
230.044 27.674 0.0853343 0.0151224
229.928 27.9122 0.0827618 0.132832
230.182 27.7487 0.0824594 0.0341576
230.128 27.8553 0.0783776 0.334561
