243.982 28.14 0.0695823 0.309337
244.111 28.0313 0.0677775 0.0891805
244.111 28.0313 0.0677775 0.0891805
244.083 28.132 0.0675407 0.201526
244.091 28.2776 0.0592968 0.0184239
243.982 28.14 0.0695823 0.309337
243.846 27.9322 0.0689778 0.115888
243.982 28.14 0.0695823 0.309337
244.111 28.0313 0.0677775 0.0891805
244.083 28.132 0.0675407 0.201526
243.861 28.2222 0.0647267 0.191507
243.861 28.2222 0.0647267 0.191507
243.72 28.2209 0.0647555 0.0118767
243.861 28.2222 0.0647267 0.191507
243.861 28.2222 0.0647267 0.191507
244.083 28.132 0.0675407 0.201526
243.861 28.2222 0.0647267 0.191507
243.982 28.14 0.0695823 0.309337
244.083 28.3745 0.0634445 0.0139637
244.083 28.132 0.0675407 0.201526
243.861 28.2222 0.0647267 0.191507
243.982 28.14 0.0695823 0.309337
244.111 28.0313 0.0677775 0.0891805
244.083 28.132 0.0675407 0.201526
244.083 28.132 0.0675407 0.201526
243.861 28.2222 0.0647267 0.191507
243.982 28.14 0.0695823 0.309337
243.982 28.14 0.0695823 0.309337
244.084 28.1724 0.0573082 0.00388573
244.083 28.132 0.0675407 0.201526
243.846 27.9322 0.0689778 0.115888
243.982 28.14 0.0695823 0.309337
244.083 28.132 0.0675407 0.201526
243.846 27.9322 0.0689778 0.115888
243.982 28.14 0.0695823 0.309337
244.083 28.132 0.0675407 0.201526
243.846 27.9322 0.0689778 0.115888
243.982 28.14 0.0695823 0.309337
244.111 28.0313 0.0677775 0.0891805
244.083 28.132 0.0675407 0.201526
244.083 28.132 0.0675407 0.201526
243.846 27.9322 0.0689778 0.115888
243.861 28.2222 0.0647267 0.191507
243.861 28.2222 0.0647267 0.191507
243.982 28.14 0.0695823 0.309337
243.982 28.14 0.0695823 0.309337
244.083 28.132 0.0675407 0.201526
243.846 27.9322 0.0689778 0.115888
243.982 28.14 0.0695823 0.309337
244.083 28.132 0.0675407 0.201526
244.083 28.132 0.0675407 0.201526
243.846 27.9322 0.0689778 0.115888
243.982 28.14 0.0695823 0.309337
244.111 28.0313 0.0677775 0.0891805
244.083 28.132 0.0675407 0.201526
244.083 28.132 0.0675407 0.201526
243.982 28.14 0.0695823 0.309337
243.846 27.9322 0.0689778 0.115888
243.982 28.14 0.0695823 0.309337
243.846 27.9322 0.0689778 0.115888
243.861 28.2222 0.0647267 0.191507
244.111 28.0313 0.0677775 0.0891805
243.846 27.9322 0.0689778 0.115888
243.982 28.14 0.0695823 0.309337
243.874 28.1286 0.0754077 0.00712549
243.861 28.2222 0.0647267 0.191507
244.111 28.0313 0.0677775 0.0891805
243.861 28.2222 0.0647267 0.191507
243.982 28.14 0.0695823 0.309337
243.749 28.0543 0.0648123 0.0264507
243.982 28.14 0.0695823 0.309337
244.091 28.2776 0.0592968 0.0184239
243.982 28.14 0.0695823 0.309337
244.083 28.132 0.0675407 0.201526
243.846 27.9322 0.0689778 0.115888
243.861 28.2222 0.0647267 0.191507
243.861 28.2222 0.0647267 0.191507
243.861 28.2222 0.0647267 0.191507
243.982 28.14 0.0695823 0.309337
244.083 28.132 0.0675407 0.201526
243.982 28.14 0.0695823 0.309337
243.846 27.9322 0.0689778 0.115888
243.982 28.14 0.0695823 0.309337
244.083 28.132 0.0675407 0.201526
243.846 27.9322 0.0689778 0.115888
243.982 28.14 0.0695823 0.309337
243.846 27.9322 0.0689778 0.115888
243.861 28.2222 0.0647267 0.191507
244.083 28.132 0.0675407 0.201526
243.982 28.14 0.0695823 0.309337
243.982 28.14 0.0695823 0.309337
243.982 28.14 0.0695823 0.309337
244.083 28.3745 0.0634445 0.0139637
243.861 28.2222 0.0647267 0.191507
243.982 28.14 0.0695823 0.309337
244.083 28.132 0.0675407 0.201526
243.861 28.2222 0.0647267 0.191507
243.861 28.2222 0.0647267 0.191507
244.111 28.0313 0.0677775 0.0891805
243.749 28.0543 0.0648123 0.0264507
