275.779 -4.14936 4.28893 0.145259
275.779 -4.14936 4.28893 0.145259
275.907 -4.02165 4.28501 0.0976931
275.742 -4.07969 4.28401 0.186764
275.742 -4.07969 4.28401 0.186764
275.898 -3.84302 4.28803 0.0458347
275.779 -4.14936 4.28893 0.145259
275.907 -4.02165 4.28501 0.0976931
275.742 -4.07969 4.28401 0.186764
275.621 -4.10334 4.2775 0.051801
275.621 -4.10334 4.2775 0.051801
275.693 -4.01525 4.28018 0.0882173
275.779 -4.14936 4.28893 0.145259
275.907 -4.02165 4.28501 0.0976931
275.742 -4.07969 4.28401 0.186764
275.621 -4.10334 4.2775 0.051801
275.693 -4.01525 4.28018 0.0882173
275.779 -4.14936 4.28893 0.145259
275.734 -4.07401 4.28171 0.13058
275.757 -3.86589 4.28176 0.0263609
275.757 -3.86589 4.28176 0.0263609
275.621 -4.10334 4.2775 0.051801
275.693 -4.01525 4.28018 0.0882173
275.729 -3.89111 4.28113 0.0346779
275.907 -4.02165 4.28501 0.0976931
275.647 -4.21301 4.27992 0.0426062
275.592 -3.85802 4.28113 0.0146041
275.779 -4.14936 4.28893 0.145259
275.734 -4.07401 4.28171 0.13058
275.742 -4.07969 4.28401 0.186764
275.742 -4.07969 4.28401 0.186764
275.742 -4.07969 4.28401 0.186764
275.729 -3.89567 4.29377 0.023759
275.729 -3.89567 4.29377 0.023759
275.729 -3.89111 4.28113 0.0346779
275.734 -4.07401 4.28171 0.13058
275.907 -4.02165 4.28501 0.0976931
275.621 -4.10334 4.2775 0.051801
275.693 -4.01525 4.28018 0.0882173
275.734 -4.07401 4.28171 0.13058
275.734 -4.07401 4.28171 0.13058
275.757 -3.86589 4.28176 0.0263609
275.822 -4.2129 4.28108 0.0280536
275.693 -4.01525 4.28018 0.0882173
275.729 -3.89111 4.28113 0.0346779
275.779 -4.14936 4.28893 0.145259
275.734 -4.07401 4.28171 0.13058
275.742 -4.07969 4.28401 0.186764
275.742 -4.07969 4.28401 0.186764
275.742 -4.07969 4.28401 0.186764
276.25 -3.85133 4.29807 0.00617434
275.898 -3.84302 4.28803 0.0458347
275.779 -4.14936 4.28893 0.145259
275.734 -4.07401 4.28171 0.13058
275.742 -4.07969 4.28401 0.186764
275.647 -4.21301 4.27992 0.0426062
275.898 -3.84302 4.28803 0.0458347
275.592 -3.85802 4.28113 0.0146041
276.104 -3.79253 4.28952 0.00234991
275.734 -4.07401 4.28171 0.13058
275.742 -4.07969 4.28401 0.186764
275.647 -4.21301 4.27992 0.0426062
275.898 -3.84302 4.28803 0.0458347
275.779 -4.14936 4.28893 0.145259
275.907 -4.02165 4.28501 0.0976931
275.742 -4.07969 4.28401 0.186764
275.898 -3.84302 4.28803 0.0458347
275.592 -3.85802 4.28113 0.0146041
275.779 -4.14936 4.28893 0.145259
275.757 -3.86589 4.28176 0.0263609
275.742 -4.07969 4.28401 0.186764
275.742 -4.07969 4.28401 0.186764
275.647 -4.21301 4.27992 0.0426062
275.693 -4.01525 4.28018 0.0882173
275.779 -4.14936 4.28893 0.145259
275.757 -3.86589 4.28176 0.0263609
275.647 -4.21301 4.27992 0.0426062
275.918 -4.01336 4.2775 0.00163883
275.779 -4.14936 4.28893 0.145259
275.779 -4.14936 4.28893 0.145259
275.907 -4.02165 4.28501 0.0976931
275.907 -4.02165 4.28501 0.0976931
275.757 -3.86589 4.28176 0.0263609
275.742 -4.07969 4.28401 0.186764
276.023 -4.09615 4.28355 0.00778044
275.779 -4.14936 4.28893 0.145259
275.734 -4.07401 4.28171 0.13058
275.742 -4.07969 4.28401 0.186764
275.693 -4.01525 4.28018 0.0882173
275.779 -4.14936 4.28893 0.145259
275.734 -4.07401 4.28171 0.13058
275.907 -4.02165 4.28501 0.0976931
275.647 -4.21301 4.27992 0.0426062
275.693 -4.01525 4.28018 0.0882173
275.779 -4.14936 4.28893 0.145259
275.779 -4.14936 4.28893 0.145259
275.779 -4.14936 4.28893 0.145259
275.742 -4.07969 4.28401 0.186764
275.742 -4.07969 4.28401 0.186764
275.742 -4.07969 4.28401 0.186764
