7.21395 -94.8541 3.3986 0.166683
6.98298 -94.917 3.4009 0.0395054
7.19477 -94.7121 3.39959 0.210518
7.19477 -94.7121 3.39959 0.210518
7.53789 -94.8362 3.39716 0.00720724
6.98298 -94.917 3.4009 0.0395054
7.06006 -94.8008 3.39858 0.133675
6.91737 -94.8825 3.40481 0.00857568
7.37264 -94.5494 3.40316 0.102249
7.21395 -94.8541 3.3986 0.166683
7.04282 -94.9263 3.39649 0.0682481
7.19477 -94.7121 3.39959 0.210518
7.37264 -94.5494 3.40316 0.102249
7.21395 -94.8541 3.3986 0.166683
7.25446 -94.8487 3.39438 0.0561135
7.19477 -94.7121 3.39959 0.210518
7.02482 -94.8768 3.39282 0.0379241
7.21395 -94.8541 3.3986 0.166683
7.04282 -94.9263 3.39649 0.0682481
7.19477 -94.7121 3.39959 0.210518
7.21395 -94.8541 3.3986 0.166683
7.24316 -95.0513 3.39566 0.0257563
6.98298 -94.917 3.4009 0.0395054
7.08266 -95.0676 3.39853 0.0228472
7.19477 -94.7121 3.39959 0.210518
7.26967 -94.3575 3.40965 0.025742
7.21395 -94.8541 3.3986 0.166683
6.98298 -94.917 3.4009 0.0395054
7.06006 -94.8008 3.39858 0.133675
7.38579 -94.9398 3.38862 0.000863189
7.19477 -94.7121 3.39959 0.210518
6.71609 -94.7628 3.39239 0.000990252
7.37264 -94.5494 3.40316 0.102249
7.06006 -94.8008 3.39858 0.133675
7.06006 -94.8008 3.39858 0.133675
7.19477 -94.7121 3.39959 0.210518
6.75372 -94.8433 3.39947 0.0023884
7.37264 -94.5494 3.40316 0.102249
7.04282 -94.9263 3.39649 0.0682481
7.19477 -94.7121 3.39959 0.210518
7.19477 -94.7121 3.39959 0.210518
7.19477 -94.7121 3.39959 0.210518
7.26967 -94.3575 3.40965 0.025742
7.37264 -94.5494 3.40316 0.102249
7.21395 -94.8541 3.3986 0.166683
7.04282 -94.9263 3.39649 0.0682481
7.19477 -94.7121 3.39959 0.210518
7.19477 -94.7121 3.39959 0.210518
7.37264 -94.5494 3.40316 0.102249
6.98298 -94.917 3.4009 0.0395054
7.06006 -94.8008 3.39858 0.133675
7.08266 -95.0676 3.39853 0.0228472
7.25369 -94.7659 3.39222 0.0198796
7.37264 -94.5494 3.40316 0.102249
7.21395 -94.8541 3.3986 0.166683
7.00804 -94.9107 3.40881 0.0042734
7.06006 -94.8008 3.39858 0.133675
7.25446 -94.8487 3.39438 0.0561135
6.87442 -94.9747 3.39435 0.010415
7.39859 -94.6391 3.39408 0.00629839
7.21395 -94.8541 3.3986 0.166683
7.06006 -94.8008 3.39858 0.133675
7.02482 -94.8768 3.39282 0.0379241
6.98298 -94.917 3.4009 0.0395054
7.25446 -94.8487 3.39438 0.0561135
6.73502 -94.5965 3.39498 0.000703512
7.37264 -94.5494 3.40316 0.102249
7.37264 -94.5494 3.40316 0.102249
7.04282 -94.9263 3.39649 0.0682481
7.04282 -94.9263 3.39649 0.0682481
7.19477 -94.7121 3.39959 0.210518
7.21395 -94.8541 3.3986 0.166683
7.21395 -94.8541 3.3986 0.166683
7.06006 -94.8008 3.39858 0.133675
7.06006 -94.8008 3.39858 0.133675
7.19477 -94.7121 3.39959 0.210518
7.26967 -94.3575 3.40965 0.025742
6.98298 -94.917 3.4009 0.0395054
7.06006 -94.8008 3.39858 0.133675
7.19477 -94.7121 3.39959 0.210518
7.19477 -94.7121 3.39959 0.210518
7.21395 -94.8541 3.3986 0.166683
7.25446 -94.8487 3.39438 0.0561135
7.07983 -94.9689 3.40551 0.0183632
7.46226 -94.4751 3.39672 0.0018629
7.04282 -94.9263 3.39649 0.0682481
7.19477 -94.7121 3.39959 0.210518
7.19477 -94.7121 3.39959 0.210518
7.19477 -94.7121 3.39959 0.210518
7.37264 -94.5494 3.40316 0.102249
7.04282 -94.9263 3.39649 0.0682481
7.19477 -94.7121 3.39959 0.210518
7.19477 -94.7121 3.39959 0.210518
7.19477 -94.7121 3.39959 0.210518
7.26967 -94.3575 3.40965 0.025742
7.21395 -94.8541 3.3986 0.166683
7.21395 -94.8541 3.3986 0.166683
7.04282 -94.9263 3.39649 0.0682481
7.06006 -94.8008 3.39858 0.133675
7.19477 -94.7121 3.39959 0.210518
