278.799 3.00357 4.62808 0.00838423
278.353 3.12755 4.61583 0.153804
278.555 2.99889 4.61754 0.452288
278.562 2.81754 4.61955 0.180446
278.353 3.12755 4.61583 0.153804
278.669 2.88958 4.61166 0.0549775
278.681 3.09234 4.63037 0.0136642
278.555 2.99889 4.61754 0.452288
278.555 2.99889 4.61754 0.452288
278.353 3.12755 4.61583 0.153804
278.562 2.81754 4.61955 0.180446
278.562 2.81754 4.61955 0.180446
278.555 2.99889 4.61754 0.452288
278.555 2.99889 4.61754 0.452288
278.779 3.11262 4.6212 0.00920415
278.353 3.12755 4.61583 0.153804
278.562 2.81754 4.61955 0.180446
278.555 2.99889 4.61754 0.452288
278.555 2.99889 4.61754 0.452288
278.555 2.99889 4.61754 0.452288
278.555 2.99889 4.61754 0.452288
278.353 3.12755 4.61583 0.153804
278.562 2.81754 4.61955 0.180446
278.555 2.99889 4.61754 0.452288
278.555 2.99889 4.61754 0.452288
278.555 2.99889 4.61754 0.452288
278.353 3.12755 4.61583 0.153804
278.555 2.99889 4.61754 0.452288
278.555 2.99889 4.61754 0.452288
278.353 3.12755 4.61583 0.153804
278.555 2.99889 4.61754 0.452288
278.356 3.16254 4.61767 0.0731154
278.555 2.99889 4.61754 0.452288
278.353 3.12755 4.61583 0.153804
278.499 2.63548 4.6263 0.000371403
278.555 2.99889 4.61754 0.452288
278.555 2.99889 4.61754 0.452288
278.555 2.99889 4.61754 0.452288
278.555 2.99889 4.61754 0.452288
278.353 3.12755 4.61583 0.153804
278.555 2.99889 4.61754 0.452288
278.356 3.16254 4.61767 0.0731154
278.555 2.99889 4.61754 0.452288
278.555 2.99889 4.61754 0.452288
278.562 2.81754 4.61955 0.180446
278.356 3.16254 4.61767 0.0731154
278.555 2.99889 4.61754 0.452288
278.555 2.99889 4.61754 0.452288
278.555 2.99889 4.61754 0.452288
278.356 3.16254 4.61767 0.0731154
278.353 3.12755 4.61583 0.153804
278.555 2.99889 4.61754 0.452288
278.779 3.11262 4.6212 0.00920415
278.555 2.99889 4.61754 0.452288
278.799 3.00357 4.62808 0.00838423
278.555 2.99889 4.61754 0.452288
278.562 2.81754 4.61955 0.180446
278.555 2.99889 4.61754 0.452288
278.356 3.16254 4.61767 0.0731154
278.555 2.99889 4.61754 0.452288
278.555 2.99889 4.61754 0.452288
278.356 3.16254 4.61767 0.0731154
278.555 2.99889 4.61754 0.452288
278.555 2.99889 4.61754 0.452288
278.555 2.99889 4.61754 0.452288
278.555 2.99889 4.61754 0.452288
278.562 2.81754 4.61955 0.180446
278.555 2.99889 4.61754 0.452288
278.669 2.88958 4.61166 0.0549775
278.555 2.99889 4.61754 0.452288
278.555 2.99889 4.61754 0.452288
278.669 2.88958 4.61166 0.0549775
278.555 2.99889 4.61754 0.452288
278.555 2.99889 4.61754 0.452288
278.555 2.99889 4.61754 0.452288
278.353 3.12755 4.61583 0.153804
278.562 2.81754 4.61955 0.180446
278.562 2.81754 4.61955 0.180446
278.555 2.99889 4.61754 0.452288
278.669 2.88958 4.61166 0.0549775
278.555 2.99889 4.61754 0.452288
278.555 2.99889 4.61754 0.452288
278.356 3.16254 4.61767 0.0731154
278.562 2.81754 4.61955 0.180446
278.555 2.99889 4.61754 0.452288
278.353 3.12755 4.61583 0.153804
278.555 2.99889 4.61754 0.452288
278.356 3.16254 4.61767 0.0731154
278.555 2.99889 4.61754 0.452288
278.353 3.12755 4.61583 0.153804
278.555 2.99889 4.61754 0.452288
278.555 2.99889 4.61754 0.452288
278.562 2.81754 4.61955 0.180446
278.353 3.12755 4.61583 0.153804
278.353 3.12755 4.61583 0.153804
278.555 2.99889 4.61754 0.452288
278.669 2.88958 4.61166 0.0549775
278.555 2.99889 4.61754 0.452288
278.555 2.99889 4.61754 0.452288
278.555 2.99889 4.61754 0.452288
