-2.12359 2.60436 0.340322 0.133422
-2.1129 2.40669 0.342747 0.249882
-2.12359 2.60436 0.340322 0.133422
-2.12359 2.60436 0.340322 0.133422
-2.22329 2.29748 0.343587 0.367981
-2.1129 2.40669 0.342747 0.249882
-2.22329 2.29748 0.343587 0.367981
-2.22329 2.29748 0.343587 0.367981
-2.22329 2.29748 0.343587 0.367981
-2.2105 2.21705 0.347939 0.0240913
-2.33882 2.38184 0.338231 0.110259
-2.22329 2.29748 0.343587 0.367981
-2.22329 2.29748 0.343587 0.367981
-2.22329 2.29748 0.343587 0.367981
-2.24553 2.45243 0.351873 0.0206872
-2.12359 2.60436 0.340322 0.133422
-2.1129 2.40669 0.342747 0.249882
-2.33882 2.38184 0.338231 0.110259
-2.22329 2.29748 0.343587 0.367981
-2.2105 2.21705 0.347939 0.0240913
-2.00979 2.40405 0.342091 0.019001
-2.22329 2.29748 0.343587 0.367981
-2.1129 2.40669 0.342747 0.249882
-2.16676 2.24211 0.349219 0.0076027
-2.2105 2.21705 0.347939 0.0240913
-2.1129 2.40669 0.342747 0.249882
-2.33882 2.38184 0.338231 0.110259
-2.33882 2.38184 0.338231 0.110259
-2.12359 2.60436 0.340322 0.133422
-2.16676 2.24211 0.349219 0.0076027
-2.1129 2.40669 0.342747 0.249882
-2.22329 2.29748 0.343587 0.367981
-2.33882 2.38184 0.338231 0.110259
-2.15509 2.43339 0.350504 0.00964093
-2.1129 2.40669 0.342747 0.249882
-2.1129 2.40669 0.342747 0.249882
-2.33882 2.38184 0.338231 0.110259
-2.22329 2.29748 0.343587 0.367981
-2.22329 2.29748 0.343587 0.367981
-2.22329 2.29748 0.343587 0.367981
-2.1129 2.40669 0.342747 0.249882
-2.22329 2.29748 0.343587 0.367981
-2.1129 2.40669 0.342747 0.249882
-2.22329 2.29748 0.343587 0.367981
-2.1129 2.40669 0.342747 0.249882
-2.22329 2.29748 0.343587 0.367981
-2.22329 2.29748 0.343587 0.367981
-2.33882 2.38184 0.338231 0.110259
-2.22329 2.29748 0.343587 0.367981
-2.2105 2.21705 0.347939 0.0240913
-2.06993 2.33914 0.335455 0.00537766
-2.12359 2.60436 0.340322 0.133422
-2.22329 2.29748 0.343587 0.367981
-2.22329 2.29748 0.343587 0.367981
-2.1129 2.40669 0.342747 0.249882
-2.22329 2.29748 0.343587 0.367981
-2.1129 2.40669 0.342747 0.249882
-2.24553 2.45243 0.351873 0.0206872
-2.22329 2.29748 0.343587 0.367981
-2.12359 2.60436 0.340322 0.133422
-2.2105 2.21705 0.347939 0.0240913
-2.24553 2.45243 0.351873 0.0206872
-2.1129 2.40669 0.342747 0.249882
-2.16676 2.24211 0.349219 0.0076027
-2.12359 2.60436 0.340322 0.133422
-2.12359 2.60436 0.340322 0.133422
-2.22329 2.29748 0.343587 0.367981
-2.12359 2.60436 0.340322 0.133422
-2.22329 2.29748 0.343587 0.367981
-2.1129 2.40669 0.342747 0.249882
-2.22329 2.29748 0.343587 0.367981
-2.12359 2.60436 0.340322 0.133422
-2.22329 2.29748 0.343587 0.367981
-2.1129 2.40669 0.342747 0.249882
-2.15509 2.43339 0.350504 0.00964093
-2.12359 2.60436 0.340322 0.133422
-2.00979 2.40405 0.342091 0.019001
-2.12359 2.60436 0.340322 0.133422
-2.33882 2.38184 0.338231 0.110259
-2.00979 2.40405 0.342091 0.019001
-2.12359 2.60436 0.340322 0.133422
-2.22329 2.29748 0.343587 0.367981
-2.33882 2.38184 0.338231 0.110259
-2.22329 2.29748 0.343587 0.367981
-2.1129 2.40669 0.342747 0.249882
-2.1129 2.40669 0.342747 0.249882
-2.22329 2.29748 0.343587 0.367981
-2.12359 2.60436 0.340322 0.133422
-2.33882 2.38184 0.338231 0.110259
-2.22329 2.29748 0.343587 0.367981
-2.12359 2.60436 0.340322 0.133422
-2.00979 2.40405 0.342091 0.019001
-2.22329 2.29748 0.343587 0.367981
-2.22329 2.29748 0.343587 0.367981
-2.1129 2.40669 0.342747 0.249882
-2.33882 2.38184 0.338231 0.110259
-2.12359 2.60436 0.340322 0.133422
-2.1129 2.40669 0.342747 0.249882
-2.22329 2.29748 0.343587 0.367981
-2.24553 2.45243 0.351873 0.0206872
