137.49 -16.1738 3.36952 0.275959
137.642 -16.423 3.36805 0.0255515
137.431 -16.0459 3.36378 0.0101656
137.49 -16.1738 3.36952 0.275959
137.561 -16.0642 3.37064 0.117797
137.395 -16.303 3.36663 0.154737
137.641 -16.2178 3.37211 0.154356
137.49 -16.1738 3.36952 0.275959
137.395 -16.303 3.36663 0.154737
137.547 -16.4018 3.36378 0.0163127
137.49 -16.1738 3.36952 0.275959
137.49 -16.1738 3.36952 0.275959
137.604 -16.4519 3.37635 0.00658717
137.615 -16.4098 3.36945 0.0515199
137.615 -16.4098 3.36945 0.0515199
137.641 -16.2178 3.37211 0.154356
137.49 -16.1738 3.36952 0.275959
137.561 -16.0642 3.37064 0.117797
137.561 -16.0642 3.37064 0.117797
137.395 -16.303 3.36663 0.154737
137.49 -16.1738 3.36952 0.275959
137.561 -16.0642 3.37064 0.117797
137.395 -16.303 3.36663 0.154737
137.49 -16.1738 3.36952 0.275959
137.49 -16.1738 3.36952 0.275959
137.395 -16.303 3.36663 0.154737
137.641 -16.2178 3.37211 0.154356
137.49 -16.1738 3.36952 0.275959
137.637 -16.469 3.37147 0.0179491
137.49 -16.1738 3.36952 0.275959
137.49 -16.1738 3.36952 0.275959
137.579 -16.1078 3.36578 0.0300849
137.395 -16.303 3.36663 0.154737
137.49 -16.1738 3.36952 0.275959
137.395 -16.303 3.36663 0.154737
137.641 -16.2178 3.37211 0.154356
137.49 -16.1738 3.36952 0.275959
137.49 -16.1738 3.36952 0.275959
137.395 -16.303 3.36663 0.154737
137.49 -16.1738 3.36952 0.275959
137.49 -16.1738 3.36952 0.275959
137.561 -16.0642 3.37064 0.117797
137.641 -16.2178 3.37211 0.154356
137.561 -16.0642 3.37064 0.117797
137.579 -16.1078 3.36578 0.0300849
137.395 -16.303 3.36663 0.154737
137.49 -16.1738 3.36952 0.275959
137.395 -16.303 3.36663 0.154737
137.395 -16.303 3.36663 0.154737
137.35 -16.3192 3.37618 0.0131176
137.561 -16.0642 3.37064 0.117797
137.252 -16.4665 3.36522 0.0104632
137.49 -16.1738 3.36952 0.275959
137.395 -16.303 3.36663 0.154737
137.641 -16.2178 3.37211 0.154356
137.49 -16.1738 3.36952 0.275959
137.66 -16.1087 3.38018 0.00840468
137.615 -16.4098 3.36945 0.0515199
137.395 -16.303 3.36663 0.154737
137.395 -16.303 3.36663 0.154737
137.547 -16.4018 3.36378 0.0163127
137.641 -16.2178 3.37211 0.154356
137.561 -16.0642 3.37064 0.117797
137.561 -16.0642 3.37064 0.117797
137.641 -16.2178 3.37211 0.154356
137.49 -16.1738 3.36952 0.275959
137.561 -16.0642 3.37064 0.117797
137.561 -16.0642 3.37064 0.117797
137.641 -16.2178 3.37211 0.154356
137.561 -16.0642 3.37064 0.117797
137.561 -16.0642 3.37064 0.117797
137.641 -16.2178 3.37211 0.154356
137.66 -16.1087 3.38018 0.00840468
137.395 -16.303 3.36663 0.154737
137.641 -16.2178 3.37211 0.154356
137.49 -16.1738 3.36952 0.275959
137.49 -16.1738 3.36952 0.275959
137.589 -16.2604 3.36349 0.0147781
137.547 -15.992 3.36917 0.0360039
137.49 -16.1738 3.36952 0.275959
137.324 -16.0019 3.36747 0.0191827
137.395 -16.303 3.36663 0.154737
137.641 -16.2178 3.37211 0.154356
137.49 -16.1738 3.36952 0.275959
137.561 -16.0642 3.37064 0.117797
137.444 -16.2417 3.37952 0.00586036
137.108 -16.1512 3.37241 0.00129239
137.49 -16.1738 3.36952 0.275959
137.49 -16.1738 3.36952 0.275959
137.395 -16.303 3.36663 0.154737
137.49 -16.1738 3.36952 0.275959
137.561 -16.0642 3.37064 0.117797
137.547 -16.4018 3.36378 0.0163127
137.49 -16.1738 3.36952 0.275959
137.615 -16.4098 3.36945 0.0515199
137.395 -16.303 3.36663 0.154737
137.49 -16.1738 3.36952 0.275959
137.561 -16.0642 3.37064 0.117797
137.395 -16.303 3.36663 0.154737
137.49 -16.1738 3.36952 0.275959
