151.769 -13.366 3.32491 0.0424024
151.76 -13.1825 3.32454 0.348528
151.583 -13.3329 3.31799 0.00397085
151.769 -13.366 3.32491 0.0424024
151.76 -13.1825 3.32454 0.348528
152.164 -13.1499 3.33162 0.00906934
151.769 -13.366 3.32491 0.0424024
151.797 -13.1311 3.32883 0.244245
151.852 -13.4586 3.33052 0.00762591
151.797 -13.1311 3.32883 0.244245
151.76 -13.1825 3.32454 0.348528
151.948 -13.078 3.3253 0.102426
151.948 -13.078 3.3253 0.102426
151.641 -12.9218 3.32414 0.0619537
151.641 -12.9218 3.32414 0.0619537
151.76 -13.1825 3.32454 0.348528
151.797 -13.1311 3.32883 0.244245
151.948 -13.078 3.3253 0.102426
151.76 -13.1825 3.32454 0.348528
151.797 -13.1311 3.32883 0.244245
151.948 -13.078 3.3253 0.102426
151.641 -12.9218 3.32414 0.0619537
151.76 -13.1825 3.32454 0.348528
151.948 -13.078 3.3253 0.102426
151.76 -13.1825 3.32454 0.348528
151.72 -12.8546 3.32282 0.0296073
151.797 -13.1311 3.32883 0.244245
151.76 -13.1825 3.32454 0.348528
151.72 -12.8546 3.32282 0.0296073
151.913 -13.3359 3.32658 0.0514413
151.72 -12.8546 3.32282 0.0296073
151.76 -13.1825 3.32454 0.348528
151.797 -13.1311 3.32883 0.244245
151.76 -13.1825 3.32454 0.348528
151.797 -13.1311 3.32883 0.244245
151.76 -13.1825 3.32454 0.348528
151.797 -13.1311 3.32883 0.244245
151.913 -13.3359 3.32658 0.0514413
151.76 -13.1825 3.32454 0.348528
151.948 -13.078 3.3253 0.102426
151.913 -13.3359 3.32658 0.0514413
151.76 -13.1825 3.32454 0.348528
151.76 -13.1825 3.32454 0.348528
152.164 -13.1499 3.33162 0.00906934
151.641 -12.9218 3.32414 0.0619537
151.797 -13.1311 3.32883 0.244245
151.797 -13.1311 3.32883 0.244245
151.948 -13.078 3.3253 0.102426
151.878 -13.5421 3.33262 0.000637719
151.913 -13.3359 3.32658 0.0514413
151.797 -13.1311 3.32883 0.244245
151.948 -13.078 3.3253 0.102426
151.76 -13.1825 3.32454 0.348528
151.72 -12.8546 3.32282 0.0296073
151.797 -13.1311 3.32883 0.244245
151.797 -13.1311 3.32883 0.244245
152.083 -13.1159 3.33121 0.0313545
151.76 -13.1825 3.32454 0.348528
151.76 -13.1825 3.32454 0.348528
151.797 -13.1311 3.32883 0.244245
151.797 -13.1311 3.32883 0.244245
151.913 -13.3359 3.32658 0.0514413
151.647 -13.1878 3.33076 0.015694
151.797 -13.1311 3.32883 0.244245
151.913 -13.3359 3.32658 0.0514413
152.164 -13.1499 3.33162 0.00906934
151.797 -13.1311 3.32883 0.244245
151.76 -13.1825 3.32454 0.348528
151.913 -13.3359 3.32658 0.0514413
151.76 -13.1825 3.32454 0.348528
151.797 -13.1311 3.32883 0.244245
151.797 -13.1311 3.32883 0.244245
151.948 -13.078 3.3253 0.102426
151.948 -13.078 3.3253 0.102426
151.76 -13.1825 3.32454 0.348528
151.797 -13.1311 3.32883 0.244245
151.76 -13.1825 3.32454 0.348528
151.76 -13.1825 3.32454 0.348528
151.797 -13.1311 3.32883 0.244245
151.797 -13.1311 3.32883 0.244245
151.666 -13.4543 3.32651 0.00452126
151.76 -13.1825 3.32454 0.348528
151.72 -12.8546 3.32282 0.0296073
151.76 -13.1825 3.32454 0.348528
151.948 -13.078 3.3253 0.102426
151.641 -12.9218 3.32414 0.0619537
151.913 -13.3359 3.32658 0.0514413
151.878 -13.3561 3.32323 0.0122146
151.797 -13.1311 3.32883 0.244245
151.948 -13.078 3.3253 0.102426
151.76 -13.1825 3.32454 0.348528
151.76 -13.1825 3.32454 0.348528
151.641 -12.9218 3.32414 0.0619537
151.647 -13.1878 3.33076 0.015694
151.948 -13.078 3.3253 0.102426
151.76 -13.1825 3.32454 0.348528
151.948 -13.078 3.3253 0.102426
151.76 -13.1825 3.32454 0.348528
151.797 -13.1311 3.32883 0.244245
151.601 -13.1749 3.3301 0.0105095
