-2.11149 -95.5223 3.10226 0.100848
-2.17815 -95.6265 3.10926 0.0392985
-2.09592 -95.6591 3.10082 0.111874
-2.03221 -95.3409 3.10235 0.0185875
-2.11425 -95.6011 3.10378 0.124545
-2.01637 -95.5809 3.09735 0.038596
-2.01637 -95.5809 3.09735 0.038596
-2.06445 -95.7422 3.10554 0.0770912
-2.09592 -95.6591 3.10082 0.111874
-2.09592 -95.6591 3.10082 0.111874
-2.09592 -95.6591 3.10082 0.111874
-2.23313 -95.5805 3.09639 0.0546961
-2.05891 -95.9042 3.10527 0.0170878
-2.11425 -95.6011 3.10378 0.124545
-2.01637 -95.5809 3.09735 0.038596
-2.11149 -95.5223 3.10226 0.100848
-1.96715 -95.8292 3.1077 0.0239293
-2.09592 -95.6591 3.10082 0.111874
-2.23313 -95.5805 3.09639 0.0546961
-2.11425 -95.6011 3.10378 0.124545
-2.11425 -95.6011 3.10378 0.124545
-2.11149 -95.5223 3.10226 0.100848
-2.18459 -95.4559 3.09773 0.0378824
-2.01975 -95.8172 3.10288 0.0451217
-2.23313 -95.5805 3.09639 0.0546961
-2.23313 -95.5805 3.09639 0.0546961
-2.37251 -95.8486 3.10356 0.00750076
-2.11149 -95.5223 3.10226 0.100848
-2.11149 -95.5223 3.10226 0.100848
-2.11149 -95.5223 3.10226 0.100848
-2.06445 -95.7422 3.10554 0.0770912
-1.96715 -95.8292 3.1077 0.0239293
-2.0942 -95.9614 3.10493 0.00794201
-2.09592 -95.6591 3.10082 0.111874
-2.09592 -95.6591 3.10082 0.111874
-2.05891 -95.9042 3.10527 0.0170878
-2.11425 -95.6011 3.10378 0.124545
-2.01637 -95.5809 3.09735 0.038596
-2.16108 -95.6432 3.11127 0.0217687
-2.06445 -95.7422 3.10554 0.0770912
-2.27108 -95.5772 3.10742 0.0310344
-2.09592 -95.6591 3.10082 0.111874
-2.09592 -95.6591 3.10082 0.111874
-2.23313 -95.5805 3.09639 0.0546961
-2.11425 -95.6011 3.10378 0.124545
-2.01637 -95.5809 3.09735 0.038596
-2.32433 -95.5485 3.09731 0.0389402
-2.32433 -95.5485 3.09731 0.0389402
-2.32433 -95.5485 3.09731 0.0389402
-2.11149 -95.5223 3.10226 0.100848
-2.11149 -95.5223 3.10226 0.100848
-2.11149 -95.5223 3.10226 0.100848
-2.17815 -95.6265 3.10926 0.0392985
-2.09592 -95.6591 3.10082 0.111874
-2.09592 -95.6591 3.10082 0.111874
-2.33087 -95.5915 3.0987 0.0479765
-2.20849 -95.4767 3.11007 0.0184111
-2.01637 -95.5809 3.09735 0.038596
-2.16108 -95.6432 3.11127 0.0217687
-2.11149 -95.5223 3.10226 0.100848
-2.11149 -95.5223 3.10226 0.100848
-2.49922 -95.5719 3.10982 0.000362532
-1.82673 -95.6512 3.11089 0.0199038
-2.23313 -95.5805 3.09639 0.0546961
-2.11425 -95.6011 3.10378 0.124545
-1.83861 -95.7273 3.1065 0.0242925
-2.06445 -95.7422 3.10554 0.0770912
-2.18459 -95.4559 3.09773 0.0378824
-2.09592 -95.6591 3.10082 0.111874
-2.413 -95.5846 3.10331 0.0147983
-2.11425 -95.6011 3.10378 0.124545
-2.11425 -95.6011 3.10378 0.124545
-2.20849 -95.4767 3.11007 0.0184111
-2.32433 -95.5485 3.09731 0.0389402
-2.11149 -95.5223 3.10226 0.100848
-2.06445 -95.7422 3.10554 0.0770912
-1.96715 -95.8292 3.1077 0.0239293
-2.18459 -95.4559 3.09773 0.0378824
-1.97142 -95.8697 3.09749 0.00952256
-1.96374 -95.6274 3.11568 0.00809529
-2.32433 -95.5485 3.09731 0.0389402
-1.83861 -95.7273 3.1065 0.0242925
-1.98541 -95.9545 3.10264 0.00756516
-2.06445 -95.7422 3.10554 0.0770912
-2.17815 -95.6265 3.10926 0.0392985
-2.01975 -95.8172 3.10288 0.0451217
-2.23313 -95.5805 3.09639 0.0546961
-2.11425 -95.6011 3.10378 0.124545
-2.11425 -95.6011 3.10378 0.124545
-2.11425 -95.6011 3.10378 0.124545
-2.16108 -95.6432 3.11127 0.0217687
-2.11149 -95.5223 3.10226 0.100848
-2.18459 -95.4559 3.09773 0.0378824
-2.01975 -95.8172 3.10288 0.0451217
-2.41624 -95.4002 3.10149 0.00616196
-2.41624 -95.4002 3.10149 0.00616196
-2.32433 -95.5485 3.09731 0.0389402
-1.83861 -95.7273 3.1065 0.0242925
-2.06445 -95.7422 3.10554 0.0770912
-2.17815 -95.6265 3.10926 0.0392985
