125.695 19.3966 0.0696377 0.140419
125.635 19.371 0.0767686 0.0659993
125.687 19.2949 0.0677066 0.0797294
125.799 19.3844 0.0706873 0.153851
125.82 19.2993 0.0743658 0.0934642
125.695 19.3966 0.0696377 0.140419
125.635 19.371 0.0767686 0.0659993
125.687 19.2949 0.0677066 0.0797294
125.804 19.3149 0.0729644 0.137693
125.799 19.3844 0.0706873 0.153851
125.695 19.3966 0.0696377 0.140419
125.687 19.2949 0.0677066 0.0797294
125.74 19.5266 0.0718157 0.0648162
125.538 19.23 0.0668841 0.00870316
125.799 19.3844 0.0706873 0.153851
125.763 19.3809 0.0762646 0.0742304
125.82 19.2993 0.0743658 0.0934642
125.635 19.371 0.0767686 0.0659993
125.635 19.371 0.0767686 0.0659993
125.572 19.3511 0.0819871 0.00349242
125.799 19.3844 0.0706873 0.153851
125.763 19.3809 0.0762646 0.0742304
125.695 19.3966 0.0696377 0.140419
125.547 19.3231 0.0738197 0.0629121
125.804 19.3149 0.0729644 0.137693
125.799 19.3844 0.0706873 0.153851
125.82 19.2993 0.0743658 0.0934642
125.82 19.2993 0.0743658 0.0934642
125.547 19.3231 0.0738197 0.0629121
125.687 19.2949 0.0677066 0.0797294
125.821 19.4091 0.0778054 0.0232262
125.799 19.3844 0.0706873 0.153851
125.763 19.3809 0.0762646 0.0742304
125.763 19.3809 0.0762646 0.0742304
125.695 19.3966 0.0696377 0.140419
125.547 19.3231 0.0738197 0.0629121
125.804 19.3149 0.0729644 0.137693
125.804 19.3149 0.0729644 0.137693
125.804 19.3149 0.0729644 0.137693
125.763 19.3809 0.0762646 0.0742304
125.695 19.3966 0.0696377 0.140419
125.687 19.2949 0.0677066 0.0797294
125.74 19.5266 0.0718157 0.0648162
125.804 19.3149 0.0729644 0.137693
125.799 19.3844 0.0706873 0.153851
125.82 19.2993 0.0743658 0.0934642
125.635 19.371 0.0767686 0.0659993
125.687 19.2949 0.0677066 0.0797294
125.799 19.3844 0.0706873 0.153851
125.799 19.3844 0.0706873 0.153851
125.82 19.2993 0.0743658 0.0934642
125.547 19.3231 0.0738197 0.0629121
125.547 19.3231 0.0738197 0.0629121
125.687 19.2949 0.0677066 0.0797294
125.804 19.3149 0.0729644 0.137693
125.804 19.3149 0.0729644 0.137693
125.804 19.3149 0.0729644 0.137693
125.888 19.3812 0.0760739 0.02743
125.695 19.3966 0.0696377 0.140419
125.695 19.3966 0.0696377 0.140419
125.547 19.3231 0.0738197 0.0629121
125.572 19.3511 0.0819871 0.00349242
125.804 19.3149 0.0729644 0.137693
125.799 19.3844 0.0706873 0.153851
125.82 19.2993 0.0743658 0.0934642
125.82 19.2993 0.0743658 0.0934642
125.695 19.3966 0.0696377 0.140419
125.547 19.3231 0.0738197 0.0629121
125.68 19.642 0.0685126 0.00715676
125.799 19.3844 0.0706873 0.153851
125.763 19.3809 0.0762646 0.0742304
125.695 19.3966 0.0696377 0.140419
125.695 19.3966 0.0696377 0.140419
125.635 19.371 0.0767686 0.0659993
125.74 19.5266 0.0718157 0.0648162
125.68 19.642 0.0685126 0.00715676
125.799 19.3844 0.0706873 0.153851
125.763 19.3809 0.0762646 0.0742304
125.695 19.3966 0.0696377 0.140419
125.74 19.5266 0.0718157 0.0648162
125.538 19.23 0.0668841 0.00870316
125.799 19.3844 0.0706873 0.153851
125.888 19.3812 0.0760739 0.02743
125.695 19.3966 0.0696377 0.140419
125.635 19.371 0.0767686 0.0659993
125.74 19.5266 0.0718157 0.0648162
125.804 19.3149 0.0729644 0.137693
125.799 19.3844 0.0706873 0.153851
125.75 19.058 0.067759 0.00548712
125.82 19.2993 0.0743658 0.0934642
125.493 19.177 0.0697423 0.00742254
125.74 19.5266 0.0718157 0.0648162
125.799 19.3844 0.0706873 0.153851
125.763 19.3809 0.0762646 0.0742304
125.82 19.2993 0.0743658 0.0934642
125.695 19.3966 0.0696377 0.140419
125.695 19.3966 0.0696377 0.140419
125.687 19.2949 0.0677066 0.0797294
125.687 19.2949 0.0677066 0.0797294
125.804 19.3149 0.0729644 0.137693
