48.3081 12.8964 0.134425 0.051155
48.3666 13.0585 0.133708 0.0592636
48.3634 13.074 0.138529 0.234352
48.3587 13.0694 0.138856 0.243792
48.3587 13.0694 0.138856 0.243792
48.2497 13.1089 0.14478 0.0893264
48.3666 13.0585 0.133708 0.0592636
48.3634 13.074 0.138529 0.234352
48.3587 13.0694 0.138856 0.243792
48.3999 13.1887 0.140271 0.0629864
48.2221 12.9187 0.141389 0.107323
48.3634 13.074 0.138529 0.234352
48.3634 13.074 0.138529 0.234352
48.3999 13.1887 0.140271 0.0629864
48.2221 12.9187 0.141389 0.107323
48.3081 12.8964 0.134425 0.051155
48.3666 13.0585 0.133708 0.0592636
48.3634 13.074 0.138529 0.234352
48.3634 13.074 0.138529 0.234352
48.3587 13.0694 0.138856 0.243792
48.2497 13.1089 0.14478 0.0893264
48.3999 13.1887 0.140271 0.0629864
48.2221 12.9187 0.141389 0.107323
48.3634 13.074 0.138529 0.234352
48.3634 13.074 0.138529 0.234352
48.3587 13.0694 0.138856 0.243792
48.2497 13.1089 0.14478 0.0893264
48.2221 12.9187 0.141389 0.107323
48.3634 13.074 0.138529 0.234352
48.3587 13.0694 0.138856 0.243792
48.3999 13.1887 0.140271 0.0629864
48.3634 13.074 0.138529 0.234352
48.3634 13.074 0.138529 0.234352
48.3587 13.0694 0.138856 0.243792
48.2221 12.9187 0.141389 0.107323
48.3634 13.074 0.138529 0.234352
48.5605 13.0281 0.134708 0.0208377
48.2221 12.9187 0.141389 0.107323
48.3634 13.074 0.138529 0.234352
48.2497 13.1089 0.14478 0.0893264
48.5034 12.9408 0.135171 0.0433539
48.3634 13.074 0.138529 0.234352
48.3999 13.1887 0.140271 0.0629864
48.3969 12.8762 0.141107 0.0230164
48.3587 13.0694 0.138856 0.243792
48.5034 12.9408 0.135171 0.0433539
48.3587 13.0694 0.138856 0.243792
48.3587 13.0694 0.138856 0.243792
48.5605 13.0281 0.134708 0.0208377
48.5034 12.9408 0.135171 0.0433539
48.3587 13.0694 0.138856 0.243792
48.2497 13.1089 0.14478 0.0893264
48.5034 12.9408 0.135171 0.0433539
48.3587 13.0694 0.138856 0.243792
48.3587 13.0694 0.138856 0.243792
48.3999 13.1887 0.140271 0.0629864
48.3999 13.1887 0.140271 0.0629864
48.3666 13.0585 0.133708 0.0592636
48.3634 13.074 0.138529 0.234352
48.3634 13.074 0.138529 0.234352
48.3587 13.0694 0.138856 0.243792
48.2497 13.1089 0.14478 0.0893264
48.3999 13.1887 0.140271 0.0629864
48.3634 13.074 0.138529 0.234352
48.3634 13.074 0.138529 0.234352
48.4429 12.7087 0.136842 0.00149583
48.3999 13.1887 0.140271 0.0629864
48.3666 13.0585 0.133708 0.0592636
48.3634 13.074 0.138529 0.234352
48.3587 13.0694 0.138856 0.243792
48.0213 12.8475 0.143246 0.00353241
48.5034 12.9408 0.135171 0.0433539
48.3634 13.074 0.138529 0.234352
48.3634 13.074 0.138529 0.234352
48.3587 13.0694 0.138856 0.243792
48.5605 13.0281 0.134708 0.0208377
48.3666 13.0585 0.133708 0.0592636
48.3587 13.0694 0.138856 0.243792
48.3587 13.0694 0.138856 0.243792
48.2221 12.9187 0.141389 0.107323
48.3634 13.074 0.138529 0.234352
48.3634 13.074 0.138529 0.234352
47.9016 13.1213 0.146408 0.00345853
48.2221 12.9187 0.141389 0.107323
48.2221 12.9187 0.141389 0.107323
48.5034 12.9408 0.135171 0.0433539
48.3587 13.0694 0.138856 0.243792
48.2221 12.9187 0.141389 0.107323
48.3634 13.074 0.138529 0.234352
48.3587 13.0694 0.138856 0.243792
48.3587 13.0694 0.138856 0.243792
48.2221 12.9187 0.141389 0.107323
48.3666 13.0585 0.133708 0.0592636
48.3634 13.074 0.138529 0.234352
48.3587 13.0694 0.138856 0.243792
48.2221 12.9187 0.141389 0.107323
48.2221 12.9187 0.141389 0.107323
48.3081 12.8964 0.134425 0.051155
48.3587 13.0694 0.138856 0.243792
48.3587 13.0694 0.138856 0.243792
