56.3438 -56.586 3.91691 0.0401403
56.3438 -56.586 3.91691 0.0401403
56.4952 -56.7511 3.91299 0.122336
56.5887 -56.6045 3.91753 0.169828
56.4852 -56.6916 3.91636 0.183371
56.4852 -56.6916 3.91636 0.183371
56.4852 -56.6916 3.91636 0.183371
56.4329 -56.6378 3.92 0.0547553
56.3965 -56.6137 3.9135 0.115392
56.4819 -56.5425 3.91933 0.0922212
56.5887 -56.6045 3.91753 0.169828
56.4852 -56.6916 3.91636 0.183371
56.4852 -56.6916 3.91636 0.183371
56.5228 -56.648 3.91938 0.123635
56.4329 -56.6378 3.92 0.0547553
56.3965 -56.6137 3.9135 0.115392
56.5887 -56.6045 3.91753 0.169828
56.4852 -56.6916 3.91636 0.183371
56.3965 -56.6137 3.9135 0.115392
56.5887 -56.6045 3.91753 0.169828
56.5887 -56.6045 3.91753 0.169828
56.5228 -56.648 3.91938 0.123635
56.3438 -56.586 3.91691 0.0401403
56.3965 -56.6137 3.9135 0.115392
56.3965 -56.6137 3.9135 0.115392
56.5887 -56.6045 3.91753 0.169828
56.4687 -56.4636 3.91932 0.0367055
56.5228 -56.648 3.91938 0.123635
56.4819 -56.5425 3.91933 0.0922212
56.7442 -56.5227 3.9203 0.0113004
56.4952 -56.7511 3.91299 0.122336
56.5887 -56.6045 3.91753 0.169828
56.4852 -56.6916 3.91636 0.183371
56.5228 -56.648 3.91938 0.123635
56.4819 -56.5425 3.91933 0.0922212
56.5887 -56.6045 3.91753 0.169828
56.4852 -56.6916 3.91636 0.183371
56.4687 -56.4636 3.91932 0.0367055
56.3965 -56.6137 3.9135 0.115392
56.5887 -56.6045 3.91753 0.169828
56.4852 -56.6916 3.91636 0.183371
56.5228 -56.648 3.91938 0.123635
56.3965 -56.6137 3.9135 0.115392
56.4952 -56.7511 3.91299 0.122336
56.3703 -56.5134 3.92321 0.0027043
56.4852 -56.6916 3.91636 0.183371
56.5228 -56.648 3.91938 0.123635
56.3965 -56.6137 3.9135 0.115392
56.4952 -56.7511 3.91299 0.122336
56.4952 -56.7511 3.91299 0.122336
56.4852 -56.6916 3.91636 0.183371
56.5228 -56.648 3.91938 0.123635
56.4819 -56.5425 3.91933 0.0922212
56.5887 -56.6045 3.91753 0.169828
56.4852 -56.6916 3.91636 0.183371
56.3438 -56.586 3.91691 0.0401403
56.4952 -56.7511 3.91299 0.122336
56.5887 -56.6045 3.91753 0.169828
56.5887 -56.6045 3.91753 0.169828
56.4852 -56.6916 3.91636 0.183371
56.5228 -56.648 3.91938 0.123635
56.4819 -56.5425 3.91933 0.0922212
56.4952 -56.7511 3.91299 0.122336
56.4952 -56.7511 3.91299 0.122336
56.3703 -56.5134 3.92321 0.0027043
56.4852 -56.6916 3.91636 0.183371
56.3965 -56.6137 3.9135 0.115392
56.3965 -56.6137 3.9135 0.115392
56.4819 -56.5425 3.91933 0.0922212
56.4819 -56.5425 3.91933 0.0922212
56.5887 -56.6045 3.91753 0.169828
56.3703 -56.5134 3.92321 0.0027043
56.4687 -56.4636 3.91932 0.0367055
56.5228 -56.648 3.91938 0.123635
56.4819 -56.5425 3.91933 0.0922212
56.4852 -56.6916 3.91636 0.183371
56.5228 -56.648 3.91938 0.123635
56.4329 -56.6378 3.92 0.0547553
56.4329 -56.6378 3.92 0.0547553
56.4952 -56.7511 3.91299 0.122336
56.4952 -56.7511 3.91299 0.122336
56.4952 -56.7511 3.91299 0.122336
56.5887 -56.6045 3.91753 0.169828
56.4687 -56.4636 3.91932 0.0367055
56.4329 -56.6378 3.92 0.0547553
56.4952 -56.7511 3.91299 0.122336
56.4952 -56.7511 3.91299 0.122336
56.5887 -56.6045 3.91753 0.169828
56.4852 -56.6916 3.91636 0.183371
56.3965 -56.6137 3.9135 0.115392
56.4952 -56.7511 3.91299 0.122336
56.4852 -56.6916 3.91636 0.183371
56.5228 -56.648 3.91938 0.123635
56.4819 -56.5425 3.91933 0.0922212
56.4952 -56.7511 3.91299 0.122336
56.5887 -56.6045 3.91753 0.169828
56.7977 -56.7114 3.92259 0.00116261
56.4852 -56.6916 3.91636 0.183371
56.3965 -56.6137 3.9135 0.115392
56.4819 -56.5425 3.91933 0.0922212
