5.86712 -93.9641 3.36886 0.0752769
5.72254 -93.5804 3.37282 0.289486
5.85254 -93.8905 3.37421 0.265266
5.85254 -93.8905 3.37421 0.265266
5.76319 -94.0037 3.37279 0.0956615
5.72254 -93.5804 3.37282 0.289486
5.85254 -93.8905 3.37421 0.265266
5.76319 -94.0037 3.37279 0.0956615
5.72254 -93.5804 3.37282 0.289486
5.72254 -93.5804 3.37282 0.289486
5.76319 -94.0037 3.37279 0.0956615
5.96408 -93.5522 3.369 0.0259235
5.72254 -93.5804 3.37282 0.289486
5.47677 -94.0659 3.3693 0.00877322
5.72254 -93.5804 3.37282 0.289486
5.85254 -93.8905 3.37421 0.265266
5.76319 -94.0037 3.37279 0.0956615
5.72254 -93.5804 3.37282 0.289486
5.67318 -93.9425 3.365 0.0529887
5.86712 -93.9641 3.36886 0.0752769
5.85254 -93.8905 3.37421 0.265266
5.85254 -93.8905 3.37421 0.265266
5.85254 -93.8905 3.37421 0.265266
5.76319 -94.0037 3.37279 0.0956615
5.72254 -93.5804 3.37282 0.289486
5.72254 -93.5804 3.37282 0.289486
5.85254 -93.8905 3.37421 0.265266
5.85254 -93.8905 3.37421 0.265266
5.76319 -94.0037 3.37279 0.0956615
5.72254 -93.5804 3.37282 0.289486
5.53002 -93.9693 3.36878 0.0429331
5.85254 -93.8905 3.37421 0.265266
5.85254 -93.8905 3.37421 0.265266
5.86712 -93.9641 3.36886 0.0752769
5.72254 -93.5804 3.37282 0.289486
5.85254 -93.8905 3.37421 0.265266
5.67318 -93.9425 3.365 0.0529887
5.72254 -93.5804 3.37282 0.289486
5.53002 -93.9693 3.36878 0.0429331
5.86712 -93.9641 3.36886 0.0752769
5.72254 -93.5804 3.37282 0.289486
5.85254 -93.8905 3.37421 0.265266
5.72254 -93.5804 3.37282 0.289486
5.85254 -93.8905 3.37421 0.265266
5.72254 -93.5804 3.37282 0.289486
5.72254 -93.5804 3.37282 0.289486
5.85254 -93.8905 3.37421 0.265266
5.85254 -93.8905 3.37421 0.265266
5.72254 -93.5804 3.37282 0.289486
5.85254 -93.8905 3.37421 0.265266
5.85254 -93.8905 3.37421 0.265266
5.86712 -93.9641 3.36886 0.0752769
5.85254 -93.8905 3.37421 0.265266
5.85254 -93.8905 3.37421 0.265266
5.85254 -93.8905 3.37421 0.265266
5.72254 -93.5804 3.37282 0.289486
5.85254 -93.8905 3.37421 0.265266
5.85254 -93.8905 3.37421 0.265266
5.72254 -93.5804 3.37282 0.289486
5.7251 -94.0754 3.36231 0.00730636
5.85254 -93.8905 3.37421 0.265266
5.86712 -93.9641 3.36886 0.0752769
5.72254 -93.5804 3.37282 0.289486
5.85254 -93.8905 3.37421 0.265266
5.75878 -93.4377 3.39019 0.0097482
5.76319 -94.0037 3.37279 0.0956615
6.03567 -93.7209 3.36646 0.00947306
5.72254 -93.5804 3.37282 0.289486
5.53002 -93.9693 3.36878 0.0429331
5.85254 -93.8905 3.37421 0.265266
5.72254 -93.5804 3.37282 0.289486
5.85254 -93.8905 3.37421 0.265266
5.76319 -94.0037 3.37279 0.0956615
5.72254 -93.5804 3.37282 0.289486
5.85254 -93.8905 3.37421 0.265266
5.67992 -93.9704 3.377 0.062079
5.85254 -93.8905 3.37421 0.265266
5.96408 -93.5522 3.369 0.0259235
5.85254 -93.8905 3.37421 0.265266
5.86712 -93.9641 3.36886 0.0752769
5.85254 -93.8905 3.37421 0.265266
5.67992 -93.9704 3.377 0.062079
5.72254 -93.5804 3.37282 0.289486
5.85254 -93.8905 3.37421 0.265266
5.39232 -93.8298 3.37449 0.0120137
5.53002 -93.9693 3.36878 0.0429331
5.85254 -93.8905 3.37421 0.265266
5.67992 -93.9704 3.377 0.062079
5.53002 -93.9693 3.36878 0.0429331
5.85254 -93.8905 3.37421 0.265266
5.76319 -94.0037 3.37279 0.0956615
5.72254 -93.5804 3.37282 0.289486
5.67318 -93.9425 3.365 0.0529887
5.76319 -94.0037 3.37279 0.0956615
5.53002 -93.9693 3.36878 0.0429331
5.34908 -93.7926 3.36522 0.00563078
5.72254 -93.5804 3.37282 0.289486
6.02034 -94.153 3.3679 0.00137345
5.96408 -93.5522 3.369 0.0259235
5.53002 -93.9693 3.36878 0.0429331
