25.879 -85.5872 3.83805 0.067787
26.0089 -85.2993 3.84207 0.138586
26.0398 -85.2889 3.84432 0.0854759
25.9066 -85.2685 3.84243 0.0536365
25.7524 -85.3456 3.84306 0.00863334
26.1732 -85.3727 3.85066 0.009644
25.8302 -85.4001 3.83865 0.127117
25.9333 -85.5642 3.8444 0.0789807
25.9333 -85.5642 3.8444 0.0789807
26.0089 -85.2993 3.84207 0.138586
26.0398 -85.2889 3.84432 0.0854759
25.8261 -85.3091 3.84138 0.0477186
25.9611 -85.2875 3.8439 0.0671263
25.8302 -85.4001 3.83865 0.127117
26.0089 -85.2993 3.84207 0.138586
26.0696 -85.2436 3.84632 0.0221912
26.0398 -85.2889 3.84432 0.0854759
26.1664 -85.6004 3.84689 0.0498881
26.1099 -85.1744 3.83948 0.00753169
25.8261 -85.3091 3.84138 0.0477186
25.8302 -85.4001 3.83865 0.127117
25.8302 -85.4001 3.83865 0.127117
25.879 -85.5872 3.83805 0.067787
26.0089 -85.2993 3.84207 0.138586
26.0089 -85.2993 3.84207 0.138586
26.0398 -85.2889 3.84432 0.0854759
26.0398 -85.2889 3.84432 0.0854759
26.1099 -85.1744 3.83948 0.00753169
25.7524 -85.3456 3.84306 0.00863334
25.9611 -85.2875 3.8439 0.0671263
25.8302 -85.4001 3.83865 0.127117
25.8302 -85.4001 3.83865 0.127117
26.1487 -85.2537 3.83876 0.0129194
26.0398 -85.2889 3.84432 0.0854759
25.9066 -85.2685 3.84243 0.0536365
25.9066 -85.2685 3.84243 0.0536365
25.7524 -85.3456 3.84306 0.00863334
25.9491 -85.6223 3.83488 0.00834329
25.9611 -85.2875 3.8439 0.0671263
25.9611 -85.2875 3.8439 0.0671263
25.8302 -85.4001 3.83865 0.127117
25.8302 -85.4001 3.83865 0.127117
25.879 -85.5872 3.83805 0.067787
26.2482 -85.3121 3.84723 0.0226693
26.1664 -85.6004 3.84689 0.0498881
25.8261 -85.3091 3.84138 0.0477186
25.8595 -85.2663 3.83698 0.0422913
25.9611 -85.2875 3.8439 0.0671263
25.9611 -85.2875 3.8439 0.0671263
26.1907 -85.5675 3.83715 0.00344293
25.9333 -85.5642 3.8444 0.0789807
26.0089 -85.2993 3.84207 0.138586
26.0089 -85.2993 3.84207 0.138586
26.0398 -85.2889 3.84432 0.0854759
26.0398 -85.2889 3.84432 0.0854759
25.7064 -85.6837 3.83666 0.00208629
25.9611 -85.2875 3.8439 0.0671263
25.9333 -85.5642 3.8444 0.0789807
26.1487 -85.2537 3.83876 0.0129194
25.6079 -85.4196 3.83388 0.00317931
26.1664 -85.6004 3.84689 0.0498881
25.8261 -85.3091 3.84138 0.0477186
25.8595 -85.2663 3.83698 0.0422913
25.9611 -85.2875 3.8439 0.0671263
25.9333 -85.5642 3.8444 0.0789807
25.9333 -85.5642 3.8444 0.0789807
25.9333 -85.5642 3.8444 0.0789807
26.0089 -85.2993 3.84207 0.138586
26.0696 -85.2436 3.84632 0.0221912
26.0398 -85.2889 3.84432 0.0854759
26.1664 -85.6004 3.84689 0.0498881
25.9611 -85.2875 3.8439 0.0671263
25.9611 -85.2875 3.8439 0.0671263
25.9333 -85.5642 3.8444 0.0789807
26.0696 -85.2436 3.84632 0.0221912
26.1664 -85.6004 3.84689 0.0498881
25.8595 -85.2663 3.83698 0.0422913
25.9333 -85.5642 3.8444 0.0789807
26.0089 -85.2993 3.84207 0.138586
26.0398 -85.2889 3.84432 0.0854759
25.8261 -85.3091 3.84138 0.0477186
25.8302 -85.4001 3.83865 0.127117
25.8565 -85.1776 3.83894 0.0123938
26.0089 -85.2993 3.84207 0.138586
26.1664 -85.6004 3.84689 0.0498881
25.9611 -85.2875 3.8439 0.0671263
25.9611 -85.2875 3.8439 0.0671263
25.879 -85.5872 3.83805 0.067787
26.0089 -85.2993 3.84207 0.138586
26.0089 -85.2993 3.84207 0.138586
26.0398 -85.2889 3.84432 0.0854759
26.1664 -85.6004 3.84689 0.0498881
25.8595 -85.2663 3.83698 0.0422913
25.8302 -85.4001 3.83865 0.127117
26.0873 -85.6092 3.83503 0.00228853
25.8565 -85.1776 3.83894 0.0123938
26.2482 -85.3121 3.84723 0.0226693
26.0607 -85.4413 3.83509 0.0138339
25.9066 -85.2685 3.84243 0.0536365
25.8261 -85.3091 3.84138 0.0477186
