-34.7044 -75.089 2.08788 0.100819
-34.9307 -74.867 2.0835 0.00715552
-34.742 -74.9411 2.0812 0.161594
-34.7987 -74.932 2.07772 0.0649527
-34.6625 -74.8583 2.08324 0.156109
-34.6625 -74.8583 2.08324 0.156109
-34.7044 -75.089 2.08788 0.100819
-34.7298 -75.0083 2.08965 0.033759
-34.6414 -75.0037 2.08702 0.174042
-34.742 -74.9411 2.0812 0.161594
-34.6843 -74.9903 2.08837 0.0815914
-34.6843 -74.9903 2.08837 0.0815914
-34.6625 -74.8583 2.08324 0.156109
-34.6625 -74.8583 2.08324 0.156109
-34.7298 -75.0083 2.08965 0.033759
-34.6414 -75.0037 2.08702 0.174042
-34.742 -74.9411 2.0812 0.161594
-34.7591 -75.2471 2.08985 0.016726
-34.7742 -74.9574 2.07256 0.00760391
-34.8983 -74.8204 2.08236 0.0117689
-34.8983 -74.8204 2.08236 0.0117689
-34.6414 -75.0037 2.08702 0.174042
-34.6414 -75.0037 2.08702 0.174042
-34.7987 -74.932 2.07772 0.0649527
-34.6625 -74.8583 2.08324 0.156109
-34.7297 -74.7703 2.06959 0.00277046
-34.7044 -75.089 2.08788 0.100819
-34.8212 -74.7816 2.07538 0.024562
-34.742 -74.9411 2.0812 0.161594
-34.6843 -74.9903 2.08837 0.0815914
-34.7044 -75.089 2.08788 0.100819
-34.7044 -75.089 2.08788 0.100819
-34.7044 -75.089 2.08788 0.100819
-34.8212 -74.7816 2.07538 0.024562
-34.742 -74.9411 2.0812 0.161594
-34.7591 -75.2471 2.08985 0.016726
-34.6625 -74.8583 2.08324 0.156109
-34.7742 -74.9574 2.07256 0.00760391
-34.7044 -75.089 2.08788 0.100819
-34.6414 -75.0037 2.08702 0.174042
-34.8212 -74.7816 2.07538 0.024562
-34.8212 -74.7816 2.07538 0.024562
-34.8212 -74.7816 2.07538 0.024562
-34.5188 -74.7125 2.07262 0.00597475
-34.6843 -74.9903 2.08837 0.0815914
-34.6625 -74.8583 2.08324 0.156109
-34.9132 -74.6441 2.08035 0.00158386
-34.6414 -75.0037 2.08702 0.174042
-34.742 -74.9411 2.0812 0.161594
-34.742 -74.9411 2.0812 0.161594
-34.6843 -74.9903 2.08837 0.0815914
-34.6625 -74.8583 2.08324 0.156109
-34.7298 -75.0083 2.08965 0.033759
-34.6414 -75.0037 2.08702 0.174042
-34.742 -74.9411 2.0812 0.161594
-34.742 -74.9411 2.0812 0.161594
-34.7591 -75.2471 2.08985 0.016726
-34.6843 -74.9903 2.08837 0.0815914
-34.6625 -74.8583 2.08324 0.156109
-34.3213 -75.0678 2.09102 0.0245665
-34.7044 -75.089 2.08788 0.100819
-34.7298 -75.0083 2.08965 0.033759
-34.742 -74.9411 2.0812 0.161594
-34.7987 -74.932 2.07772 0.0649527
-34.6625 -74.8583 2.08324 0.156109
-34.8983 -74.8204 2.08236 0.0117689
-34.6414 -75.0037 2.08702 0.174042
-34.7987 -74.932 2.07772 0.0649527
-34.7591 -75.2471 2.08985 0.016726
-34.6843 -74.9903 2.08837 0.0815914
-34.6625 -74.8583 2.08324 0.156109
-34.6625 -74.8583 2.08324 0.156109
-34.6625 -74.8583 2.08324 0.156109
-34.8079 -75.128 2.07794 0.016431
-34.8212 -74.7816 2.07538 0.024562
-34.7987 -74.932 2.07772 0.0649527
-34.6843 -74.9903 2.08837 0.0815914
-34.7044 -75.089 2.08788 0.100819
-34.6414 -75.0037 2.08702 0.174042
-34.6414 -75.0037 2.08702 0.174042
-34.7591 -75.2471 2.08985 0.016726
-34.3213 -75.0678 2.09102 0.0245665
-34.7044 -75.089 2.08788 0.100819
-34.6414 -75.0037 2.08702 0.174042
-34.6414 -75.0037 2.08702 0.174042
-34.742 -74.9411 2.0812 0.161594
-34.7791 -75.2051 2.08142 0.0245297
-34.7591 -75.2471 2.08985 0.016726
-34.6625 -74.8583 2.08324 0.156109
-34.3213 -75.0678 2.09102 0.0245665
-34.7044 -75.089 2.08788 0.100819
-34.6414 -75.0037 2.08702 0.174042
-34.742 -74.9411 2.0812 0.161594
-34.7987 -74.932 2.07772 0.0649527
-34.7987 -74.932 2.07772 0.0649527
-34.6625 -74.8583 2.08324 0.156109
-34.7255 -74.6453 2.08124 0.011138
-34.6414 -75.0037 2.08702 0.174042
-34.742 -74.9411 2.0812 0.161594
-34.6625 -74.8583 2.08324 0.156109
