278.073 4.10925 4.64534 0.0544452
278.231 4.3489 4.64639 0.390989
278.165 4.41657 4.64735 0.183922
278.057 4.05358 4.64379 0.0219672
278.165 4.41657 4.64735 0.183922
278.238 4.06047 4.64834 0.0853388
278.231 4.3489 4.64639 0.390989
278.238 4.06047 4.64834 0.0853388
278.231 4.3489 4.64639 0.390989
278.165 4.41657 4.64735 0.183922
278.376 4.16395 4.6427 0.0711981
278.177 4.13907 4.63751 0.0495585
278.238 4.06047 4.64834 0.0853388
278.177 4.13907 4.63751 0.0495585
278.231 4.3489 4.64639 0.390989
278.238 4.06047 4.64834 0.0853388
278.165 4.41657 4.64735 0.183922
278.231 4.3489 4.64639 0.390989
278.231 4.20781 4.63205 0.00397639
278.231 4.3489 4.64639 0.390989
278.165 4.41657 4.64735 0.183922
278.238 4.06047 4.64834 0.0853388
278.231 4.3489 4.64639 0.390989
278.231 4.3489 4.64639 0.390989
278.238 4.06047 4.64834 0.0853388
278.231 4.3489 4.64639 0.390989
278.231 4.3489 4.64639 0.390989
278.231 4.3489 4.64639 0.390989
278.231 4.3489 4.64639 0.390989
278.231 4.3489 4.64639 0.390989
278.165 4.41657 4.64735 0.183922
278.238 4.06047 4.64834 0.0853388
278.231 4.3489 4.64639 0.390989
278.165 4.41657 4.64735 0.183922
278.073 4.10925 4.64534 0.0544452
278.376 4.16395 4.6427 0.0711981
278.201 4.51487 4.64137 0.0107545
278.238 4.06047 4.64834 0.0853388
277.954 4.21499 4.63651 0.0107176
278.231 4.3489 4.64639 0.390989
277.819 4.39582 4.63615 0.000175515
278.231 4.3489 4.64639 0.390989
278.376 4.16395 4.6427 0.0711981
278.165 4.41657 4.64735 0.183922
278.376 4.16395 4.6427 0.0711981
278.231 4.3489 4.64639 0.390989
277.93 4.23018 4.63675 0.00747557
278.231 4.3489 4.64639 0.390989
277.954 4.21499 4.63651 0.0107176
278.231 4.3489 4.64639 0.390989
278.231 4.3489 4.64639 0.390989
278.231 4.3489 4.64639 0.390989
278.231 4.3489 4.64639 0.390989
278.165 4.41657 4.64735 0.183922
278.231 4.3489 4.64639 0.390989
278.238 4.06047 4.64834 0.0853388
278.231 4.3489 4.64639 0.390989
278.165 4.41657 4.64735 0.183922
278.231 4.3489 4.64639 0.390989
278.073 4.10925 4.64534 0.0544452
278.177 4.13907 4.63751 0.0495585
278.231 4.3489 4.64639 0.390989
278.231 4.3489 4.64639 0.390989
278.231 4.3489 4.64639 0.390989
278.057 4.10643 4.64151 0.0432509
278.231 4.3489 4.64639 0.390989
278.376 4.16395 4.6427 0.0711981
278.231 4.3489 4.64639 0.390989
278.165 4.41657 4.64735 0.183922
278.238 4.06047 4.64834 0.0853388
278.16 3.96703 4.64389 0.0106254
278.231 4.3489 4.64639 0.390989
278.201 4.51487 4.64137 0.0107545
278.231 4.3489 4.64639 0.390989
278.231 4.3489 4.64639 0.390989
278.231 4.3489 4.64639 0.390989
278.231 4.3489 4.64639 0.390989
278.177 4.13907 4.63751 0.0495585
278.057 4.10643 4.64151 0.0432509
278.231 4.3489 4.64639 0.390989
278.165 4.41657 4.64735 0.183922
278.177 4.13907 4.63751 0.0495585
278.231 4.3489 4.64639 0.390989
278.165 4.41657 4.64735 0.183922
278.231 4.3489 4.64639 0.390989
278.231 4.3489 4.64639 0.390989
278.057 4.10643 4.64151 0.0432509
278.231 4.3489 4.64639 0.390989
277.954 4.21499 4.63651 0.0107176
278.165 4.41657 4.64735 0.183922
278.057 4.10643 4.64151 0.0432509
278.231 4.3489 4.64639 0.390989
278.231 4.3489 4.64639 0.390989
278.073 4.10925 4.64534 0.0544452
278.376 4.16395 4.6427 0.0711981
278.284 4.11668 4.62876 0.000227451
278.238 4.06047 4.64834 0.0853388
278.165 4.41657 4.64735 0.183922
278.165 4.41657 4.64735 0.183922
278.073 4.10925 4.64534 0.0544452
