139.186 -16.6379 3.35858 0.0463543
139.083 -16.3889 3.35338 0.118345
139.199 -16.5745 3.34545 0.079192
139.083 -16.3889 3.35338 0.118345
139.297 -16.8033 3.3506 0.0206572
139.169 -16.5361 3.36118 0.0173692
139.287 -16.5325 3.34427 0.0215329
139.151 -16.5011 3.34971 0.286466
139.199 -16.5745 3.34545 0.079192
139.199 -16.5745 3.34545 0.079192
139.039 -16.5206 3.35647 0.0386887
139.083 -16.3889 3.35338 0.118345
139.199 -16.5745 3.34545 0.079192
139.222 -16.7767 3.35162 0.0451305
139.083 -16.3889 3.35338 0.118345
139.151 -16.5011 3.34971 0.286466
139.169 -16.5361 3.36118 0.0173692
139.028 -16.468 3.3545 0.0698971
139.151 -16.5011 3.34971 0.286466
139.151 -16.5011 3.34971 0.286466
138.929 -16.5099 3.34439 0.047883
139.222 -16.7767 3.35162 0.0451305
139.287 -16.5325 3.34427 0.0215329
139.151 -16.5011 3.34971 0.286466
139.151 -16.5011 3.34971 0.286466
139.057 -16.4485 3.34372 0.0569598
139.151 -16.5011 3.34971 0.286466
139.151 -16.5011 3.34971 0.286466
139.151 -16.5011 3.34971 0.286466
139.222 -16.7767 3.35162 0.0451305
139.287 -16.5325 3.34427 0.0215329
139.186 -16.6379 3.35858 0.0463543
139.083 -16.3889 3.35338 0.118345
139.151 -16.5011 3.34971 0.286466
139.151 -16.5011 3.34971 0.286466
139.151 -16.5011 3.34971 0.286466
139.179 -16.6987 3.35638 0.056074
139.151 -16.5011 3.34971 0.286466
139.057 -16.4485 3.34372 0.0569598
139.151 -16.5011 3.34971 0.286466
139.199 -16.5745 3.34545 0.079192
138.929 -16.5099 3.34439 0.047883
139.179 -16.6987 3.35638 0.056074
139.083 -16.3889 3.35338 0.118345
139.151 -16.5011 3.34971 0.286466
138.929 -16.5099 3.34439 0.047883
138.929 -16.5099 3.34439 0.047883
139.222 -16.7767 3.35162 0.0451305
139.151 -16.5011 3.34971 0.286466
139.222 -16.7767 3.35162 0.0451305
139.057 -16.4485 3.34372 0.0569598
139.028 -16.468 3.3545 0.0698971
139.151 -16.5011 3.34971 0.286466
139.564 -16.7826 3.35269 0.00161679
139.179 -16.6987 3.35638 0.056074
139.151 -16.5011 3.34971 0.286466
139.222 -16.7767 3.35162 0.0451305
139.151 -16.5011 3.34971 0.286466
138.929 -16.5099 3.34439 0.047883
139.028 -16.468 3.3545 0.0698971
139.186 -16.6379 3.35858 0.0463543
139.151 -16.5011 3.34971 0.286466
138.929 -16.5099 3.34439 0.047883
139.222 -16.7767 3.35162 0.0451305
139.151 -16.5011 3.34971 0.286466
139.186 -16.6379 3.35858 0.0463543
139.083 -16.3889 3.35338 0.118345
139.199 -16.5745 3.34545 0.079192
138.929 -16.5099 3.34439 0.047883
139.151 -16.5011 3.34971 0.286466
139.151 -16.5011 3.34971 0.286466
139.222 -16.7767 3.35162 0.0451305
139.083 -16.3889 3.35338 0.118345
139.199 -16.5745 3.34545 0.079192
139.169 -16.5361 3.36118 0.0173692
139.083 -16.3889 3.35338 0.118345
139.151 -16.5011 3.34971 0.286466
139.179 -16.6987 3.35638 0.056074
139.028 -16.468 3.3545 0.0698971
139.151 -16.5011 3.34971 0.286466
139.169 -16.5361 3.36118 0.0173692
139.222 -16.7767 3.35162 0.0451305
139.083 -16.3889 3.35338 0.118345
139.028 -16.468 3.3545 0.0698971
139.199 -16.5745 3.34545 0.079192
139.222 -16.7767 3.35162 0.0451305
139.057 -16.4485 3.34372 0.0569598
139.057 -16.4485 3.34372 0.0569598
139.151 -16.5011 3.34971 0.286466
139.199 -16.5745 3.34545 0.079192
139.186 -16.6379 3.35858 0.0463543
139.083 -16.3889 3.35338 0.118345
139.151 -16.5011 3.34971 0.286466
139.039 -16.5206 3.35647 0.0386887
139.257 -16.429 3.34277 0.00970621
139.151 -16.5011 3.34971 0.286466
139.039 -16.5206 3.35647 0.0386887
139.057 -16.4485 3.34372 0.0569598
139.151 -16.5011 3.34971 0.286466
139.151 -16.5011 3.34971 0.286466
