248.833 29.2885 0.0593282 0.453257
248.833 29.2885 0.0593282 0.453257
249.061 29.3064 0.0541414 0.01267
248.679 29.1021 0.0570525 0.103491
249.001 29.1373 0.0536179 0.0147219
248.833 29.2885 0.0593282 0.453257
248.833 29.2885 0.0593282 0.453257
248.833 29.2885 0.0593282 0.453257
249.001 29.1373 0.0536179 0.0147219
248.679 29.1021 0.0570525 0.103491
248.833 29.2885 0.0593282 0.453257
248.666 29.2197 0.056931 0.200246
248.666 29.2197 0.056931 0.200246
248.833 29.2885 0.0593282 0.453257
248.666 29.2197 0.056931 0.200246
248.833 29.2885 0.0593282 0.453257
248.679 29.1021 0.0570525 0.103491
248.666 29.2197 0.056931 0.200246
248.746 28.9516 0.0638474 0.0509043
248.666 29.2197 0.056931 0.200246
248.746 28.9516 0.0638474 0.0509043
248.833 29.2885 0.0593282 0.453257
248.666 29.2197 0.056931 0.200246
248.714 28.9557 0.0604592 0.0367866
248.666 29.2197 0.056931 0.200246
248.833 29.2885 0.0593282 0.453257
248.833 29.2885 0.0593282 0.453257
248.666 29.2197 0.056931 0.200246
248.679 29.1021 0.0570525 0.103491
248.714 28.9557 0.0604592 0.0367866
248.833 29.2885 0.0593282 0.453257
248.833 29.2885 0.0593282 0.453257
248.833 29.2885 0.0593282 0.453257
248.679 29.1021 0.0570525 0.103491
248.833 29.2885 0.0593282 0.453257
248.666 29.2197 0.056931 0.200246
248.666 29.2197 0.056931 0.200246
248.833 29.2885 0.0593282 0.453257
248.666 29.2197 0.056931 0.200246
248.833 29.2885 0.0593282 0.453257
248.679 29.1021 0.0570525 0.103491
248.666 29.2197 0.056931 0.200246
248.833 29.2885 0.0593282 0.453257
248.679 29.1021 0.0570525 0.103491
248.833 29.2885 0.0593282 0.453257
248.666 29.2197 0.056931 0.200246
248.679 29.1021 0.0570525 0.103491
249.001 29.1373 0.0536179 0.0147219
248.833 29.2885 0.0593282 0.453257
248.666 29.2197 0.056931 0.200246
248.833 29.2885 0.0593282 0.453257
248.833 29.2885 0.0593282 0.453257
248.833 29.2885 0.0593282 0.453257
248.666 29.2197 0.056931 0.200246
248.833 29.2885 0.0593282 0.453257
248.833 29.2885 0.0593282 0.453257
248.666 29.2197 0.056931 0.200246
249.061 29.3064 0.0541414 0.01267
248.666 29.2197 0.056931 0.200246
248.746 28.9516 0.0638474 0.0509043
248.666 29.2197 0.056931 0.200246
248.714 28.9557 0.0604592 0.0367866
248.833 29.2885 0.0593282 0.453257
248.833 29.2885 0.0593282 0.453257
248.857 29.2168 0.0515305 0.0300719
248.746 28.9516 0.0638474 0.0509043
248.857 29.2168 0.0515305 0.0300719
248.666 29.2197 0.056931 0.200246
248.833 29.2885 0.0593282 0.453257
248.833 29.2885 0.0593282 0.453257
248.833 29.2885 0.0593282 0.453257
248.833 29.2885 0.0593282 0.453257
248.833 29.2885 0.0593282 0.453257
248.833 29.2885 0.0593282 0.453257
248.833 29.2885 0.0593282 0.453257
248.911 29.1241 0.0664198 0.0160646
248.833 29.2885 0.0593282 0.453257
248.666 29.2197 0.056931 0.200246
248.679 29.1021 0.0570525 0.103491
248.833 29.2885 0.0593282 0.453257
248.666 29.2197 0.056931 0.200246
248.833 29.2885 0.0593282 0.453257
248.833 29.2885 0.0593282 0.453257
248.833 29.2885 0.0593282 0.453257
248.666 29.2197 0.056931 0.200246
248.857 29.2168 0.0515305 0.0300719
248.833 29.2885 0.0593282 0.453257
248.833 29.2885 0.0593282 0.453257
248.714 28.9557 0.0604592 0.0367866
248.679 29.1021 0.0570525 0.103491
248.833 29.2885 0.0593282 0.453257
248.833 29.2885 0.0593282 0.453257
248.857 29.2168 0.0515305 0.0300719
248.833 29.2885 0.0593282 0.453257
248.55 29.0337 0.0721588 0.00144521
248.833 29.2885 0.0593282 0.453257
248.833 29.2885 0.0593282 0.453257
248.833 29.2885 0.0593282 0.453257
248.666 29.2197 0.056931 0.200246
248.746 28.9516 0.0638474 0.0509043
