-25.2582 -9.95122 0.806942 0.329934
-24.9563 -10.0961 0.809036 0.235823
-25.2582 -9.95122 0.806942 0.329934
-24.9563 -10.0961 0.809036 0.235823
-25.1907 -10.2783 0.819436 0.0208759
-24.988 -10.4808 0.816263 0.0140459
-25.2582 -9.95122 0.806942 0.329934
-25.1043 -10.5062 0.822111 0.00290047
-25.1907 -10.2783 0.819436 0.0208759
-25.2582 -9.95122 0.806942 0.329934
-25.2871 -10.0044 0.815169 0.00438992
-25.223 -10.3019 0.818953 0.0367813
-24.9286 -10.2044 0.802023 0.0481925
-25.2992 -10.4547 0.812273 0.0739034
-25.2582 -9.95122 0.806942 0.329934
-24.9563 -10.0961 0.809036 0.235823
-24.9563 -10.0961 0.809036 0.235823
-25.1645 -10.4139 0.824359 0.000522322
-25.2582 -9.95122 0.806942 0.329934
-25.1099 -9.72801 0.807282 0.00109164
-25.2582 -9.95122 0.806942 0.329934
-25.2582 -9.95122 0.806942 0.329934
-25.068 -9.93292 0.809877 0.0582647
-25.2992 -10.4547 0.812273 0.0739034
-24.9563 -10.0961 0.809036 0.235823
-24.9563 -10.0961 0.809036 0.235823
-25.068 -9.93292 0.809877 0.0582647
-25.2582 -9.95122 0.806942 0.329934
-25.2582 -9.95122 0.806942 0.329934
-24.9286 -10.2044 0.802023 0.0481925
-25.2582 -9.95122 0.806942 0.329934
-25.068 -9.93292 0.809877 0.0582647
-25.223 -10.3019 0.818953 0.0367813
-25.2582 -9.95122 0.806942 0.329934
-24.9563 -10.0961 0.809036 0.235823
-25.44 -10.1846 0.807243 0.0585051
-25.2871 -10.0044 0.815169 0.00438992
-25.2582 -9.95122 0.806942 0.329934
-25.2582 -9.95122 0.806942 0.329934
-25.2582 -9.95122 0.806942 0.329934
-24.9563 -10.0961 0.809036 0.235823
-24.9563 -10.0961 0.809036 0.235823
-25.2992 -10.4547 0.812273 0.0739034
-25.2582 -9.95122 0.806942 0.329934
-25.223 -10.3019 0.818953 0.0367813
-25.1907 -10.2783 0.819436 0.0208759
-24.9563 -10.0961 0.809036 0.235823
-25.0362 -10.3381 0.819162 0.0129868
-25.2582 -9.95122 0.806942 0.329934
-25.068 -9.93292 0.809877 0.0582647
-25.1907 -10.2783 0.819436 0.0208759
-25.3801 -10.084 0.799031 0.0150187
-25.2992 -10.4547 0.812273 0.0739034
-24.9563 -10.0961 0.809036 0.235823
-25.2992 -10.4547 0.812273 0.0739034
-25.2582 -9.95122 0.806942 0.329934
-25.2582 -9.95122 0.806942 0.329934
-24.9563 -10.0961 0.809036 0.235823
-25.2582 -9.95122 0.806942 0.329934
-25.068 -9.93292 0.809877 0.0582647
-25.2582 -9.95122 0.806942 0.329934
-25.2582 -9.95122 0.806942 0.329934
-24.9563 -10.0961 0.809036 0.235823
-24.9563 -10.0961 0.809036 0.235823
-25.2992 -10.4547 0.812273 0.0739034
-25.0163 -10.2728 0.817606 0.0220379
-25.2582 -9.95122 0.806942 0.329934
-24.9563 -10.0961 0.809036 0.235823
-25.2992 -10.4547 0.812273 0.0739034
-24.9563 -10.0961 0.809036 0.235823
-24.9286 -10.2044 0.802023 0.0481925
-25.2992 -10.4547 0.812273 0.0739034
-25.2582 -9.95122 0.806942 0.329934
-25.068 -9.93292 0.809877 0.0582647
-24.988 -10.4808 0.816263 0.0140459
-24.9563 -10.0961 0.809036 0.235823
-25.2582 -9.95122 0.806942 0.329934
-25.2582 -9.95122 0.806942 0.329934
-25.068 -9.93292 0.809877 0.0582647
-24.9286 -10.2044 0.802023 0.0481925
-25.1354 -10.0131 0.815483 0.00594395
-25.2582 -9.95122 0.806942 0.329934
-25.068 -9.93292 0.809877 0.0582647
-25.1907 -10.2783 0.819436 0.0208759
-25.2582 -9.95122 0.806942 0.329934
-25.0362 -10.3381 0.819162 0.0129868
-25.2582 -9.95122 0.806942 0.329934
-25.2582 -9.95122 0.806942 0.329934
-25.2992 -10.4547 0.812273 0.0739034
-25.0163 -10.2728 0.817606 0.0220379
-24.9563 -10.0961 0.809036 0.235823
-25.2992 -10.4547 0.812273 0.0739034
-24.9563 -10.0961 0.809036 0.235823
-25.068 -9.93292 0.809877 0.0582647
-25.2582 -9.95122 0.806942 0.329934
-25.2919 -10.418 0.806305 0.0190384
-25.2582 -9.95122 0.806942 0.329934
-25.2582 -9.95122 0.806942 0.329934
-25.44 -10.1846 0.807243 0.0585051
-25.3801 -10.084 0.799031 0.0150187
