246.331 -17.7354 2.96923 0.0319515
246.02 -17.5873 2.96035 0.146091
245.916 -18.0369 2.97018 0.0118071
245.693 -17.8968 2.95423 0.00619762
246.025 -17.4994 2.96806 0.0715631
246.025 -17.4994 2.96806 0.0715631
245.881 -17.5933 2.96721 0.146679
245.765 -17.5271 2.95038 0.00847551
245.987 -17.9956 2.96705 0.048946
246.02 -17.5873 2.96035 0.146091
246.166 -17.7961 2.97475 0.0491314
245.786 -18.082 2.96525 0.0036696
246.025 -17.4994 2.96806 0.0715631
245.881 -17.5933 2.96721 0.146679
245.881 -17.5933 2.96721 0.146679
246.069 -17.5901 2.96039 0.0886103
246.02 -17.5873 2.96035 0.146091
245.97 -17.924 2.96639 0.124233
245.959 -17.9606 2.96784 0.0718975
245.881 -17.5933 2.96721 0.146679
246.062 -17.5272 2.95878 0.0371389
245.987 -17.9956 2.96705 0.048946
246.02 -17.5873 2.96035 0.146091
245.97 -17.924 2.96639 0.124233
246.025 -17.4994 2.96806 0.0715631
245.881 -17.5933 2.96721 0.146679
245.881 -17.5933 2.96721 0.146679
246.331 -17.7354 2.96923 0.0319515
246.02 -17.5873 2.96035 0.146091
246.164 -17.9132 2.97547 0.025965
245.959 -17.9606 2.96784 0.0718975
245.951 -17.9483 2.97406 0.00949732
245.881 -17.5933 2.96721 0.146679
245.987 -17.9956 2.96705 0.048946
246.02 -17.5873 2.96035 0.146091
246.164 -17.9132 2.97547 0.025965
245.97 -17.924 2.96639 0.124233
245.693 -17.8968 2.95423 0.00619762
246.025 -17.4994 2.96806 0.0715631
245.881 -17.5933 2.96721 0.146679
246.069 -17.5901 2.96039 0.0886103
245.987 -17.9956 2.96705 0.048946
245.97 -17.924 2.96639 0.124233
245.959 -17.9606 2.96784 0.0718975
246.025 -17.4994 2.96806 0.0715631
245.881 -17.5933 2.96721 0.146679
246.331 -17.7354 2.96923 0.0319515
246.069 -17.5901 2.96039 0.0886103
246.164 -17.9132 2.97547 0.025965
245.97 -17.924 2.96639 0.124233
246.025 -17.4994 2.96806 0.0715631
246.156 -17.9108 2.96463 0.0405691
246.069 -17.5901 2.96039 0.0886103
246.069 -17.5901 2.96039 0.0886103
246.164 -17.9132 2.97547 0.025965
245.614 -17.8502 2.95613 0.0178333
245.881 -17.5933 2.96721 0.146679
245.881 -17.5933 2.96721 0.146679
245.881 -17.5933 2.96721 0.146679
246.156 -17.9108 2.96463 0.0405691
245.987 -17.9956 2.96705 0.048946
245.97 -17.924 2.96639 0.124233
246.166 -17.7961 2.97475 0.0491314
246.025 -17.4994 2.96806 0.0715631
245.881 -17.5933 2.96721 0.146679
246.062 -17.5272 2.95878 0.0371389
246.02 -17.5873 2.96035 0.146091
246.02 -17.5873 2.96035 0.146091
245.97 -17.924 2.96639 0.124233
246.166 -17.7961 2.97475 0.0491314
246.142 -18.2187 2.96857 0.000384496
245.959 -17.9606 2.96784 0.0718975
246.025 -17.4994 2.96806 0.0715631
245.881 -17.5933 2.96721 0.146679
246.331 -17.7354 2.96923 0.0319515
246.069 -17.5901 2.96039 0.0886103
245.779 -18.0231 2.95691 0.00210119
245.97 -17.924 2.96639 0.124233
246.025 -17.4994 2.96806 0.0715631
246.062 -17.5272 2.95878 0.0371389
246.069 -17.5901 2.96039 0.0886103
246.164 -17.9132 2.97547 0.025965
245.97 -17.924 2.96639 0.124233
245.97 -17.924 2.96639 0.124233
246.025 -17.4994 2.96806 0.0715631
246.062 -17.5272 2.95878 0.0371389
245.987 -17.9956 2.96705 0.048946
246.35 -17.9439 2.96478 0.00111697
246.356 -17.8022 2.96723 0.0111971
245.614 -17.8502 2.95613 0.0178333
245.916 -18.0369 2.97018 0.0118071
245.693 -17.8968 2.95423 0.00619762
246.025 -17.4994 2.96806 0.0715631
245.881 -17.5933 2.96721 0.146679
245.987 -17.9956 2.96705 0.048946
245.97 -17.924 2.96639 0.124233
245.916 -18.0369 2.97018 0.0118071
246.025 -17.4994 2.96806 0.0715631
245.881 -17.5933 2.96721 0.146679
246.062 -17.5272 2.95878 0.0371389
