-14.4069 -2.1009 0.542116 0.178908
-14.5121 -2.15025 0.550739 0.0325121
-14.2782 -2.3874 0.546918 0.0344845
-14.4073 -2.03914 0.536024 0.0267119
-14.4073 -2.03914 0.536024 0.0267119
-14.5261 -2.11321 0.53948 0.0350695
-14.2666 -1.974 0.535018 0.0158631
-14.1801 -2.18135 0.536547 0.0387935
-14.4069 -2.1009 0.542116 0.178908
-14.3262 -2.385 0.540435 0.0341327
-14.3582 -2.29824 0.545694 0.192494
-14.2158 -1.95872 0.541957 0.00887973
-14.4069 -2.1009 0.542116 0.178908
-14.5121 -2.15025 0.550739 0.0325121
-14.2494 -2.16414 0.545377 0.0780121
-14.2494 -2.16414 0.545377 0.0780121
-14.3582 -2.29824 0.545694 0.192494
-14.5309 -2.14959 0.543581 0.0984533
-14.4069 -2.1009 0.542116 0.178908
-14.2206 -2.19946 0.544729 0.0700683
-14.5261 -2.11321 0.53948 0.0350695
-14.3582 -2.29824 0.545694 0.192494
-14.5309 -2.14959 0.543581 0.0984533
-14.2206 -2.19946 0.544729 0.0700683
-14.0521 -2.23392 0.542527 0.00287401
-14.0832 -2.39102 0.54304 0.00130659
-14.4367 -2.0435 0.533878 0.0063762
-14.4073 -2.03914 0.536024 0.0267119
-14.4226 -1.86968 0.544917 0.00109011
-14.5309 -2.14959 0.543581 0.0984533
-14.2158 -1.95872 0.541957 0.00887973
-14.4069 -2.1009 0.542116 0.178908
-14.4069 -2.1009 0.542116 0.178908
-14.2494 -2.16414 0.545377 0.0780121
-14.5261 -2.11321 0.53948 0.0350695
-14.5568 -1.99342 0.54231 0.00970034
-14.5309 -2.14959 0.543581 0.0984533
-14.1801 -2.18135 0.536547 0.0387935
-14.4069 -2.1009 0.542116 0.178908
-14.5121 -2.15025 0.550739 0.0325121
-14.4073 -2.03914 0.536024 0.0267119
-14.3582 -2.29824 0.545694 0.192494
-14.3582 -2.29824 0.545694 0.192494
-14.4069 -2.1009 0.542116 0.178908
-14.4069 -2.1009 0.542116 0.178908
-14.2206 -2.19946 0.544729 0.0700683
-14.2077 -1.98747 0.541748 0.0146939
-14.3582 -2.29824 0.545694 0.192494
-14.2666 -1.974 0.535018 0.0158631
-14.4069 -2.1009 0.542116 0.178908
-14.4069 -2.1009 0.542116 0.178908
-14.2857 -1.97478 0.543369 0.0178329
-14.3582 -2.29824 0.545694 0.192494
-14.4069 -2.1009 0.542116 0.178908
-14.4069 -2.1009 0.542116 0.178908
-14.2782 -2.3874 0.546918 0.0344845
-14.4226 -1.86968 0.544917 0.00109011
-14.5309 -2.14959 0.543581 0.0984533
-14.1801 -2.18135 0.536547 0.0387935
-14.3262 -2.385 0.540435 0.0341327
-14.2494 -2.16414 0.545377 0.0780121
-14.3582 -2.29824 0.545694 0.192494
-14.3582 -2.29824 0.545694 0.192494
-14.4069 -2.1009 0.542116 0.178908
-14.4069 -2.1009 0.542116 0.178908
-14.2206 -2.19946 0.544729 0.0700683
-14.2494 -2.16414 0.545377 0.0780121
-14.3582 -2.29824 0.545694 0.192494
-14.5309 -2.14959 0.543581 0.0984533
-14.2206 -2.19946 0.544729 0.0700683
-14.0521 -2.23392 0.542527 0.00287401
-14.2494 -2.16414 0.545377 0.0780121
-14.295 -2.02619 0.545312 0.0270937
-14.4069 -2.1009 0.542116 0.178908
-14.2494 -2.16414 0.545377 0.0780121
-14.2494 -2.16414 0.545377 0.0780121
-14.5568 -1.99342 0.54231 0.00970034
-14.5568 -1.99342 0.54231 0.00970034
-14.2666 -1.974 0.535018 0.0158631
-14.4069 -2.1009 0.542116 0.178908
-14.2206 -2.19946 0.544729 0.0700683
-14.3953 -1.96436 0.531208 0.00100356
-14.3582 -2.29824 0.545694 0.192494
-14.3582 -2.29824 0.545694 0.192494
-14.5309 -2.14959 0.543581 0.0984533
-14.5309 -2.14959 0.543581 0.0984533
-14.2158 -1.95872 0.541957 0.00887973
-14.4069 -2.1009 0.542116 0.178908
-14.2857 -1.97478 0.543369 0.0178329
-14.2494 -2.16414 0.545377 0.0780121
-14.3582 -2.29824 0.545694 0.192494
-14.4069 -2.1009 0.542116 0.178908
-14.2782 -2.3874 0.546918 0.0344845
-14.2494 -2.16414 0.545377 0.0780121
-14.2928 -2.22493 0.533937 0.0152851
-14.2559 -1.95496 0.537887 0.018819
-14.5309 -2.14959 0.543581 0.0984533
-14.4069 -2.1009 0.542116 0.178908
-14.2206 -2.19946 0.544729 0.0700683
-14.4073 -2.03914 0.536024 0.0267119
