-35.3037 -73.3967 2.04141 0.211448
-35.2928 -73.4623 2.03395 0.0170471
-35.3335 -73.5618 2.04115 0.0789562
-35.2892 -73.3589 2.03985 0.207239
-35.2351 -73.614 2.04816 0.0541057
-35.3037 -73.3967 2.04141 0.211448
-35.1891 -73.2792 2.04405 0.090891
-35.1891 -73.2792 2.04405 0.090891
-35.3335 -73.5618 2.04115 0.0789562
-35.3037 -73.3967 2.04141 0.211448
-35.3037 -73.3967 2.04141 0.211448
-35.3037 -73.3967 2.04141 0.211448
-35.5454 -73.3735 2.04247 0.0201451
-35.3335 -73.5618 2.04115 0.0789562
-35.2892 -73.3589 2.03985 0.207239
-35.5101 -73.2923 2.03565 0.0300695
-35.5454 -73.3735 2.04247 0.0201451
-35.4111 -73.5272 2.04186 0.0713888
-35.5289 -73.2066 2.03466 0.0175454
-35.4665 -73.6969 2.04945 0.00318955
-35.443 -73.3378 2.03768 0.0808986
-35.4996 -73.5842 2.04542 0.0135597
-35.2351 -73.614 2.04816 0.0541057
-35.3037 -73.3967 2.04141 0.211448
-35.3037 -73.3967 2.04141 0.211448
-35.1891 -73.2792 2.04405 0.090891
-35.2892 -73.3589 2.03985 0.207239
-35.2351 -73.614 2.04816 0.0541057
-35.3037 -73.3967 2.04141 0.211448
-35.4111 -73.5272 2.04186 0.0713888
-35.4111 -73.5272 2.04186 0.0713888
-35.2351 -73.614 2.04816 0.0541057
-35.5101 -73.2923 2.03565 0.0300695
-35.443 -73.3378 2.03768 0.0808986
-35.3335 -73.5618 2.04115 0.0789562
-35.3037 -73.3967 2.04141 0.211448
-35.443 -73.3378 2.03768 0.0808986
-35.4111 -73.5272 2.04186 0.0713888
-35.2892 -73.3589 2.03985 0.207239
-35.3037 -73.3967 2.04141 0.211448
-35.1891 -73.2792 2.04405 0.090891
-35.1891 -73.2792 2.04405 0.090891
-35.4111 -73.5272 2.04186 0.0713888
-35.2351 -73.614 2.04816 0.0541057
-35.2946 -73.0985 2.04142 0.0215602
-35.5454 -73.3735 2.04247 0.0201451
-35.1891 -73.2792 2.04405 0.090891
-35.4111 -73.5272 2.04186 0.0713888
-35.2892 -73.3589 2.03985 0.207239
-35.2351 -73.614 2.04816 0.0541057
-35.3037 -73.3967 2.04141 0.211448
-35.2946 -73.0985 2.04142 0.0215602
-35.443 -73.3378 2.03768 0.0808986
-35.3335 -73.5618 2.04115 0.0789562
-35.3037 -73.3967 2.04141 0.211448
-35.1891 -73.2792 2.04405 0.090891
-35.2928 -73.4623 2.03395 0.0170471
-35.6049 -73.3537 2.04641 0.00152887
-35.443 -73.3378 2.03768 0.0808986
-35.2892 -73.3589 2.03985 0.207239
-35.3037 -73.3967 2.04141 0.211448
-35.3037 -73.3967 2.04141 0.211448
-35.1891 -73.2792 2.04405 0.090891
-35.4111 -73.5272 2.04186 0.0713888
-35.2892 -73.3589 2.03985 0.207239
-35.2351 -73.614 2.04816 0.0541057
-35.5101 -73.2923 2.03565 0.0300695
-35.443 -73.3378 2.03768 0.0808986
-35.4111 -73.5272 2.04186 0.0713888
-35.2892 -73.3589 2.03985 0.207239
-35.3037 -73.3967 2.04141 0.211448
-35.443 -73.3378 2.03768 0.0808986
-35.2892 -73.3589 2.03985 0.207239
-35.3037 -73.3967 2.04141 0.211448
-35.3037 -73.3967 2.04141 0.211448
-35.4111 -73.5272 2.04186 0.0713888
-35.2892 -73.3589 2.03985 0.207239
-35.5454 -73.3735 2.04247 0.0201451
-35.1891 -73.2792 2.04405 0.090891
-35.1891 -73.2792 2.04405 0.090891
-35.4996 -73.5842 2.04542 0.0135597
-35.2892 -73.3589 2.03985 0.207239
-35.3037 -73.3967 2.04141 0.211448
-35.4111 -73.5272 2.04186 0.0713888
-35.2892 -73.3589 2.03985 0.207239
-35.3037 -73.3967 2.04141 0.211448
-35.3037 -73.3967 2.04141 0.211448
-35.2946 -73.0985 2.04142 0.0215602
-35.6139 -73.1992 2.03886 0.00492002
-35.2892 -73.3589 2.03985 0.207239
-35.2351 -73.614 2.04816 0.0541057
-35.3037 -73.3967 2.04141 0.211448
-35.3037 -73.3967 2.04141 0.211448
-35.1891 -73.2792 2.04405 0.090891
-35.2892 -73.3589 2.03985 0.207239
-35.3037 -73.3967 2.04141 0.211448
-35.1891 -73.2792 2.04405 0.090891
-35.3335 -73.5618 2.04115 0.0789562
-35.3335 -73.5618 2.04115 0.0789562
-35.3037 -73.3967 2.04141 0.211448
