-37.8885 -71.415 1.95987 0.00834295
-38.1907 -71.5173 1.95705 0.103597
-38.2598 -71.5329 1.95231 0.17225
-38.3683 -71.424 1.95207 0.0804423
-38.1209 -71.3547 1.94826 0.0585937
-38.3135 -71.5897 1.9548 0.0813365
-38.1088 -71.4042 1.9519 0.123622
-38.2598 -71.5329 1.95231 0.17225
-38.1855 -71.4195 1.94567 0.0441592
-38.3683 -71.424 1.95207 0.0804423
-38.0989 -71.3939 1.95049 0.0957715
-38.1209 -71.3547 1.94826 0.0585937
-38.1088 -71.4042 1.9519 0.123622
-38.2598 -71.5329 1.95231 0.17225
-38.4308 -71.1171 1.95144 0.00116959
-38.3683 -71.424 1.95207 0.0804423
-38.4313 -71.4017 1.94805 0.0531134
-38.1088 -71.4042 1.9519 0.123622
-38.1907 -71.5173 1.95705 0.103597
-38.2598 -71.5329 1.95231 0.17225
-38.0989 -71.3939 1.95049 0.0957715
-38.1209 -71.3547 1.94826 0.0585937
-38.4313 -71.4017 1.94805 0.0531134
-38.1088 -71.4042 1.9519 0.123622
-38.2598 -71.5329 1.95231 0.17225
-38.3554 -71.4496 1.95358 0.0733805
-38.1855 -71.4195 1.94567 0.0441592
-38.3683 -71.424 1.95207 0.0804423
-38.1209 -71.3547 1.94826 0.0585937
-38.1088 -71.4042 1.9519 0.123622
-38.1907 -71.5173 1.95705 0.103597
-38.2598 -71.5329 1.95231 0.17225
-38.2598 -71.5329 1.95231 0.17225
-38.2598 -71.5329 1.95231 0.17225
-38.3554 -71.4496 1.95358 0.0733805
-38.3683 -71.424 1.95207 0.0804423
-38.3425 -71.3852 1.95823 0.00780623
-38.1088 -71.4042 1.9519 0.123622
-38.2598 -71.5329 1.95231 0.17225
-38.2598 -71.5329 1.95231 0.17225
-38.2598 -71.5329 1.95231 0.17225
-38.3683 -71.424 1.95207 0.0804423
-38.3135 -71.5897 1.9548 0.0813365
-38.3135 -71.5897 1.9548 0.0813365
-38.2598 -71.5329 1.95231 0.17225
-38.2598 -71.5329 1.95231 0.17225
-38.3554 -71.4496 1.95358 0.0733805
-38.0989 -71.3939 1.95049 0.0957715
-38.3135 -71.5897 1.9548 0.0813365
-38.1088 -71.4042 1.9519 0.123622
-38.1088 -71.4042 1.9519 0.123622
-38.2598 -71.5329 1.95231 0.17225
-38.2598 -71.5329 1.95231 0.17225
-38.3157 -71.4881 1.94264 0.0130755
-38.3135 -71.5897 1.9548 0.0813365
-38.1907 -71.5173 1.95705 0.103597
-38.2598 -71.5329 1.95231 0.17225
-38.2598 -71.5329 1.95231 0.17225
-38.3683 -71.424 1.95207 0.0804423
-38.3135 -71.5897 1.9548 0.0813365
-38.1088 -71.4042 1.9519 0.123622
-38.1088 -71.4042 1.9519 0.123622
-38.1907 -71.5173 1.95705 0.103597
-38.3554 -71.4496 1.95358 0.0733805
-38.3554 -71.4496 1.95358 0.0733805
-38.1209 -71.3547 1.94826 0.0585937
-38.4313 -71.4017 1.94805 0.0531134
-38.1907 -71.5173 1.95705 0.103597
-38.1907 -71.5173 1.95705 0.103597
-38.3554 -71.4496 1.95358 0.0733805
-38.0989 -71.3939 1.95049 0.0957715
-38.0989 -71.3939 1.95049 0.0957715
-38.1088 -71.4042 1.9519 0.123622
-38.2598 -71.5329 1.95231 0.17225
-38.3683 -71.424 1.95207 0.0804423
-38.0989 -71.3939 1.95049 0.0957715
-38.1088 -71.4042 1.9519 0.123622
-38.2598 -71.5329 1.95231 0.17225
-38.3554 -71.4496 1.95358 0.0733805
-38.0989 -71.3939 1.95049 0.0957715
-38.1209 -71.3547 1.94826 0.0585937
-38.1907 -71.5173 1.95705 0.103597
-38.2598 -71.5329 1.95231 0.17225
-38.6082 -71.4602 1.94738 0.00461655
-38.0989 -71.3939 1.95049 0.0957715
-38.0989 -71.3939 1.95049 0.0957715
-38.1209 -71.3547 1.94826 0.0585937
-38.1907 -71.5173 1.95705 0.103597
-38.2178 -71.8146 1.95303 0.0133406
-38.3554 -71.4496 1.95358 0.0733805
-38.1209 -71.3547 1.94826 0.0585937
-38.1907 -71.5173 1.95705 0.103597
-38.1855 -71.4195 1.94567 0.0441592
-38.1855 -71.4195 1.94567 0.0441592
-38.3683 -71.424 1.95207 0.0804423
-38.0989 -71.3939 1.95049 0.0957715
-38.1088 -71.4042 1.9519 0.123622
-38.2598 -71.5329 1.95231 0.17225
-38.1855 -71.4195 1.94567 0.0441592
-38.5358 -71.2889 1.9433 0.00629772
