255.985 -19.419 3.21955 0.00394544
255.614 -19.8233 3.22235 0.0360619
255.614 -19.8233 3.22235 0.0360619
255.792 -19.7391 3.21945 0.162071
255.733 -19.5551 3.22528 0.07614
255.614 -19.8233 3.22235 0.0360619
256.064 -19.5521 3.22725 0.0264452
255.894 -19.6811 3.22211 0.198205
255.792 -19.7391 3.21945 0.162071
256.067 -19.542 3.23077 0.00685465
255.996 -19.6456 3.22429 0.0946931
255.733 -19.5551 3.22528 0.07614
255.782 -19.7353 3.21844 0.125326
255.894 -19.6811 3.22211 0.198205
255.894 -19.6811 3.22211 0.198205
255.792 -19.7391 3.21945 0.162071
255.876 -19.9124 3.22914 0.00463214
255.869 -19.5454 3.22904 0.0156518
255.894 -19.6811 3.22211 0.198205
255.792 -19.7391 3.21945 0.162071
255.996 -19.6456 3.22429 0.0946931
255.733 -19.5551 3.22528 0.07614
256.064 -19.5521 3.22725 0.0264452
255.792 -19.7391 3.21945 0.162071
255.996 -19.6456 3.22429 0.0946931
255.733 -19.5551 3.22528 0.07614
255.894 -19.6811 3.22211 0.198205
255.894 -19.6811 3.22211 0.198205
255.894 -19.6811 3.22211 0.198205
255.438 -19.7143 3.21217 0.0318585
255.87 -19.8375 3.23006 0.00697411
255.733 -19.5551 3.22528 0.07614
255.894 -19.6811 3.22211 0.198205
255.894 -19.6811 3.22211 0.198205
255.777 -19.6234 3.21469 0.0287384
255.792 -19.7391 3.21945 0.162071
255.897 -19.8573 3.22083 0.0178289
255.733 -19.5551 3.22528 0.07614
255.733 -19.5551 3.22528 0.07614
255.73 -19.8791 3.21833 0.0179369
255.614 -19.8233 3.22235 0.0360619
255.438 -19.7143 3.21217 0.0318585
255.996 -19.6456 3.22429 0.0946931
255.869 -19.5454 3.22904 0.0156518
255.782 -19.7353 3.21844 0.125326
255.777 -19.6234 3.21469 0.0287384
255.438 -19.7143 3.21217 0.0318585
255.438 -19.7143 3.21217 0.0318585
255.996 -19.6456 3.22429 0.0946931
255.894 -19.6811 3.22211 0.198205
255.792 -19.7391 3.21945 0.162071
255.792 -19.7391 3.21945 0.162071
255.996 -19.6456 3.22429 0.0946931
255.782 -19.7353 3.21844 0.125326
255.777 -19.6234 3.21469 0.0287384
255.996 -19.6456 3.22429 0.0946931
255.996 -19.6456 3.22429 0.0946931
255.894 -19.6811 3.22211 0.198205
255.894 -19.6811 3.22211 0.198205
255.792 -19.7391 3.21945 0.162071
255.869 -19.5454 3.22904 0.0156518
255.733 -19.5551 3.22528 0.07614
255.894 -19.6811 3.22211 0.198205
255.792 -19.7391 3.21945 0.162071
256.067 -19.542 3.23077 0.00685465
255.97 -19.4775 3.2264 0.0294408
255.614 -19.8233 3.22235 0.0360619
255.894 -19.6811 3.22211 0.198205
255.867 -19.4122 3.22625 0.012877
255.792 -19.7391 3.21945 0.162071
255.792 -19.7391 3.21945 0.162071
255.733 -19.5551 3.22528 0.07614
255.782 -19.7353 3.21844 0.125326
255.894 -19.6811 3.22211 0.198205
255.792 -19.7391 3.21945 0.162071
255.733 -19.5551 3.22528 0.07614
255.782 -19.7353 3.21844 0.125326
255.777 -19.6234 3.21469 0.0287384
255.792 -19.7391 3.21945 0.162071
256.081 -19.7964 3.22226 0.00347682
255.733 -19.5551 3.22528 0.07614
255.782 -19.7353 3.21844 0.125326
255.782 -19.7353 3.21844 0.125326
255.614 -19.8233 3.22235 0.0360619
255.777 -19.6234 3.21469 0.0287384
255.996 -19.6456 3.22429 0.0946931
255.996 -19.6456 3.22429 0.0946931
255.733 -19.5551 3.22528 0.07614
255.614 -19.8233 3.22235 0.0360619
255.894 -19.6811 3.22211 0.198205
255.438 -19.7143 3.21217 0.0318585
255.996 -19.6456 3.22429 0.0946931
255.782 -19.7353 3.21844 0.125326
255.894 -19.6811 3.22211 0.198205
255.853 -19.8746 3.21973 0.0127208
255.97 -19.4775 3.2264 0.0294408
255.894 -19.6811 3.22211 0.198205
255.894 -19.6811 3.22211 0.198205
256.067 -19.542 3.23077 0.00685465
255.782 -19.7353 3.21844 0.125326
