123.061 20.315 0.0637324 0.0107125
123.427 20.3463 0.0525936 0.137525
123.427 20.3463 0.0525936 0.137525
123.262 20.2067 0.0541949 0.114563
123.521 20.1963 0.0555627 0.0529842
123.335 20.4498 0.0545753 0.146295
123.554 20.3155 0.0559144 0.055393
123.427 20.3463 0.0525936 0.137525
123.262 20.2067 0.0541949 0.114563
123.342 20.2302 0.0605179 0.135605
123.521 20.1963 0.0555627 0.0529842
123.335 20.4498 0.0545753 0.146295
123.554 20.3155 0.0559144 0.055393
123.061 20.315 0.0637324 0.0107125
123.099 20.298 0.0608615 0.0433148
123.506 20.4686 0.0559867 0.0480819
123.427 20.3463 0.0525936 0.137525
123.342 20.2302 0.0605179 0.135605
123.211 20.42 0.0610203 0.0686886
123.464 20.3431 0.0634746 0.0140949
123.18 20.3529 0.0513873 0.0328404
123.427 20.3463 0.0525936 0.137525
123.262 20.2067 0.0541949 0.114563
123.262 20.2067 0.0541949 0.114563
123.342 20.2302 0.0605179 0.135605
123.342 20.2302 0.0605179 0.135605
123.335 20.4498 0.0545753 0.146295
123.18 20.3529 0.0513873 0.0328404
123.427 20.3463 0.0525936 0.137525
123.3 20.5493 0.060588 0.0193443
123.342 20.2302 0.0605179 0.135605
123.464 20.3431 0.0634746 0.0140949
123.554 20.3155 0.0559144 0.055393
123.541 20.239 0.0585343 0.0375831
123.427 20.3463 0.0525936 0.137525
123.342 20.2302 0.0605179 0.135605
123.211 20.42 0.0610203 0.0686886
123.464 20.3431 0.0634746 0.0140949
123.061 20.315 0.0637324 0.0107125
123.506 20.4686 0.0559867 0.0480819
123.262 20.2067 0.0541949 0.114563
123.474 20.2554 0.0471878 0.00712563
123.342 20.2302 0.0605179 0.135605
123.211 20.42 0.0610203 0.0686886
123.54 20.503 0.0508079 0.0143498
123.427 20.3463 0.0525936 0.137525
123.427 20.3463 0.0525936 0.137525
123.262 20.2067 0.0541949 0.114563
123.262 20.2067 0.0541949 0.114563
123.342 20.2302 0.0605179 0.135605
123.335 20.2334 0.0479855 0.0109144
123.335 20.4498 0.0545753 0.146295
123.554 20.3155 0.0559144 0.055393
123.18 20.3529 0.0513873 0.0328404
123.541 20.239 0.0585343 0.0375831
123.506 20.4686 0.0559867 0.0480819
123.262 20.2067 0.0541949 0.114563
123.342 20.2302 0.0605179 0.135605
123.335 20.4498 0.0545753 0.146295
123.554 20.3155 0.0559144 0.055393
123.427 20.3463 0.0525936 0.137525
123.427 20.3463 0.0525936 0.137525
123.262 20.2067 0.0541949 0.114563
123.211 20.42 0.0610203 0.0686886
123.554 20.3155 0.0559144 0.055393
123.18 20.3529 0.0513873 0.0328404
123.099 20.298 0.0608615 0.0433148
123.541 20.239 0.0585343 0.0375831
123.262 20.2067 0.0541949 0.114563
123.342 20.2302 0.0605179 0.135605
123.335 20.4498 0.0545753 0.146295
123.18 20.3529 0.0513873 0.0328404
123.099 20.298 0.0608615 0.0433148
123.427 20.3463 0.0525936 0.137525
123.427 20.3463 0.0525936 0.137525
123.342 20.2302 0.0605179 0.135605
123.211 20.42 0.0610203 0.0686886
123.335 20.4498 0.0545753 0.146295
123.335 20.4498 0.0545753 0.146295
123.18 20.3529 0.0513873 0.0328404
123.427 20.3463 0.0525936 0.137525
123.342 20.2302 0.0605179 0.135605
123.211 20.42 0.0610203 0.0686886
123.211 20.42 0.0610203 0.0686886
123.335 20.4498 0.0545753 0.146295
123.224 19.9631 0.058505 0.00393171
123.541 20.239 0.0585343 0.0375831
123.506 20.4686 0.0559867 0.0480819
123.506 20.4686 0.0559867 0.0480819
123.427 20.3463 0.0525936 0.137525
123.427 20.3463 0.0525936 0.137525
123.262 20.2067 0.0541949 0.114563
123.13 20.1928 0.0524593 0.0136911
123.554 20.3155 0.0559144 0.055393
123.427 20.3463 0.0525936 0.137525
123.262 20.2067 0.0541949 0.114563
123.262 20.2067 0.0541949 0.114563
123.342 20.2302 0.0605179 0.135605
123.211 20.42 0.0610203 0.0686886
123.335 20.4498 0.0545753 0.146295
