7.22072 5.2326 0.265018 0.460357
7.22072 5.2326 0.265018 0.460357
7.22072 5.2326 0.265018 0.460357
7.27327 5.26353 0.259518 0.231763
7.22072 5.2326 0.265018 0.460357
7.39292 5.22535 0.262922 0.214923
7.22072 5.2326 0.265018 0.460357
7.39292 5.22535 0.262922 0.214923
7.22072 5.2326 0.265018 0.460357
7.22072 5.2326 0.265018 0.460357
7.39292 5.22535 0.262922 0.214923
7.22072 5.2326 0.265018 0.460357
7.39292 5.22535 0.262922 0.214923
7.27327 5.26353 0.259518 0.231763
7.27327 5.26353 0.259518 0.231763
7.22072 5.2326 0.265018 0.460357
7.27327 5.26353 0.259518 0.231763
7.27327 5.26353 0.259518 0.231763
7.42953 5.10009 0.259404 0.0339747
7.22072 5.2326 0.265018 0.460357
7.27327 5.26353 0.259518 0.231763
7.22072 5.2326 0.265018 0.460357
7.22072 5.2326 0.265018 0.460357
7.22072 5.2326 0.265018 0.460357
7.42953 5.10009 0.259404 0.0339747
7.18778 4.93637 0.267336 0.001192
7.39292 5.22535 0.262922 0.214923
7.54285 5.1434 0.262075 0.00586335
7.22072 5.2326 0.265018 0.460357
7.27327 5.26353 0.259518 0.231763
7.3862 5.08336 0.257782 0.0174862
7.22072 5.2326 0.265018 0.460357
7.27327 5.26353 0.259518 0.231763
7.39292 5.22535 0.262922 0.214923
7.22072 5.2326 0.265018 0.460357
7.22072 5.2326 0.265018 0.460357
7.22072 5.2326 0.265018 0.460357
7.22072 5.2326 0.265018 0.460357
7.22072 5.2326 0.265018 0.460357
7.42953 5.10009 0.259404 0.0339747
7.22072 5.2326 0.265018 0.460357
7.39292 5.22535 0.262922 0.214923
7.27327 5.26353 0.259518 0.231763
7.27327 5.26353 0.259518 0.231763
7.39292 5.22535 0.262922 0.214923
7.22072 5.2326 0.265018 0.460357
7.22072 5.2326 0.265018 0.460357
7.27327 5.26353 0.259518 0.231763
7.27327 5.26353 0.259518 0.231763
7.22072 5.2326 0.265018 0.460357
7.22072 5.2326 0.265018 0.460357
7.27327 5.26353 0.259518 0.231763
7.22072 5.2326 0.265018 0.460357
7.42953 5.10009 0.259404 0.0339747
7.27327 5.26353 0.259518 0.231763
7.39292 5.22535 0.262922 0.214923
7.22072 5.2326 0.265018 0.460357
7.22072 5.2326 0.265018 0.460357
7.39292 5.22535 0.262922 0.214923
7.22072 5.2326 0.265018 0.460357
7.39292 5.22535 0.262922 0.214923
7.27327 5.26353 0.259518 0.231763
7.27327 5.26353 0.259518 0.231763
7.22072 5.2326 0.265018 0.460357
7.39939 5.3524 0.266808 0.0169993
7.22072 5.2326 0.265018 0.460357
7.22072 5.2326 0.265018 0.460357
7.27327 5.26353 0.259518 0.231763
7.22072 5.2326 0.265018 0.460357
7.39292 5.22535 0.262922 0.214923
7.22072 5.2326 0.265018 0.460357
7.22072 5.2326 0.265018 0.460357
7.42953 5.10009 0.259404 0.0339747
7.27327 5.26353 0.259518 0.231763
7.39292 5.22535 0.262922 0.214923
7.27327 5.26353 0.259518 0.231763
7.22072 5.2326 0.265018 0.460357
7.22072 5.2326 0.265018 0.460357
7.27327 5.26353 0.259518 0.231763
7.22072 5.2326 0.265018 0.460357
7.39292 5.22535 0.262922 0.214923
7.39292 5.22535 0.262922 0.214923
7.22072 5.2326 0.265018 0.460357
7.39292 5.22535 0.262922 0.214923
7.22072 5.2326 0.265018 0.460357
7.22072 5.2326 0.265018 0.460357
7.39292 5.22535 0.262922 0.214923
7.27327 5.26353 0.259518 0.231763
7.3862 5.08336 0.257782 0.0174862
7.27327 5.26353 0.259518 0.231763
7.22072 5.2326 0.265018 0.460357
7.22072 5.2326 0.265018 0.460357
7.22072 5.2326 0.265018 0.460357
7.22072 5.2326 0.265018 0.460357
7.27327 5.26353 0.259518 0.231763
7.27327 5.26353 0.259518 0.231763
7.42953 5.10009 0.259404 0.0339747
7.39292 5.22535 0.262922 0.214923
7.27327 5.26353 0.259518 0.231763
7.22072 5.2326 0.265018 0.460357
