214.442 -11.0963 2.99542 0.130935
214.29 -10.9126 2.99161 0.0717474
214.487 -11.1841 2.99267 0.0790557
214.487 -11.1841 2.99267 0.0790557
214.449 -11.0825 2.99428 0.161858
214.449 -11.0825 2.99428 0.161858
214.449 -11.0825 2.99428 0.161858
214.222 -10.8993 2.98988 0.0386926
214.286 -11.1876 2.99067 0.0737541
214.442 -11.0963 2.99542 0.130935
214.479 -11.0828 2.99042 0.0901717
214.453 -11.0826 2.9879 0.0397075
214.286 -11.1876 2.99067 0.0737541
214.241 -10.9782 2.99022 0.0835956
214.442 -11.0963 2.99542 0.130935
214.487 -11.1841 2.99267 0.0790557
214.453 -11.0826 2.9879 0.0397075
214.286 -11.1876 2.99067 0.0737541
214.442 -11.0963 2.99542 0.130935
214.479 -11.0828 2.99042 0.0901717
214.589 -10.8342 2.9925 0.0114819
214.449 -11.0825 2.99428 0.161858
214.449 -11.0825 2.99428 0.161858
214.219 -11.1028 2.9929 0.0522647
214.219 -11.1028 2.9929 0.0522647
214.442 -11.0963 2.99542 0.130935
214.442 -11.0963 2.99542 0.130935
214.302 -10.8455 2.98804 0.0198874
214.29 -10.9126 2.99161 0.0717474
214.449 -11.0825 2.99428 0.161858
214.222 -10.8993 2.98988 0.0386926
214.219 -11.1028 2.9929 0.0522647
214.241 -10.9782 2.99022 0.0835956
214.284 -11.3222 2.99285 0.00954447
214.479 -11.0828 2.99042 0.0901717
214.29 -10.9126 2.99161 0.0717474
214.453 -11.0826 2.9879 0.0397075
214.449 -11.0825 2.99428 0.161858
214.241 -10.9782 2.99022 0.0835956
214.442 -11.0963 2.99542 0.130935
214.29 -10.9126 2.99161 0.0717474
214.449 -11.0825 2.99428 0.161858
214.222 -10.8993 2.98988 0.0386926
214.286 -11.1876 2.99067 0.0737541
214.189 -11.1155 2.98929 0.0565692
214.241 -10.9782 2.99022 0.0835956
214.442 -11.0963 2.99542 0.130935
214.479 -11.0828 2.99042 0.0901717
214.479 -11.0828 2.99042 0.0901717
214.487 -11.1841 2.99267 0.0790557
214.449 -11.0825 2.99428 0.161858
214.222 -10.8993 2.98988 0.0386926
214.219 -11.1028 2.9929 0.0522647
214.286 -11.1876 2.99067 0.0737541
214.684 -11.0266 2.99357 0.0171163
214.241 -10.9782 2.99022 0.0835956
214.241 -10.9782 2.99022 0.0835956
214.712 -10.9795 2.99536 0.0142506
214.487 -11.1841 2.99267 0.0790557
214.219 -11.1028 2.9929 0.0522647
214.286 -11.1876 2.99067 0.0737541
214.241 -10.9782 2.99022 0.0835956
214.29 -10.9126 2.99161 0.0717474
214.453 -11.0826 2.9879 0.0397075
214.222 -10.8993 2.98988 0.0386926
214.189 -11.1155 2.98929 0.0565692
214.442 -11.0963 2.99542 0.130935
214.479 -11.0828 2.99042 0.0901717
214.479 -11.0828 2.99042 0.0901717
214.29 -10.9126 2.99161 0.0717474
214.449 -11.0825 2.99428 0.161858
214.286 -11.1876 2.99067 0.0737541
214.241 -10.9782 2.99022 0.0835956
214.442 -11.0963 2.99542 0.130935
214.442 -11.0963 2.99542 0.130935
214.479 -11.0828 2.99042 0.0901717
214.453 -11.0826 2.9879 0.0397075
214.453 -11.0826 2.9879 0.0397075
214.449 -11.0825 2.99428 0.161858
214.222 -10.8993 2.98988 0.0386926
214.286 -11.1876 2.99067 0.0737541
214.442 -11.0963 2.99542 0.130935
214.302 -10.8455 2.98804 0.0198874
214.479 -11.0828 2.99042 0.0901717
214.487 -11.1841 2.99267 0.0790557
214.449 -11.0825 2.99428 0.161858
214.189 -11.1155 2.98929 0.0565692
214.302 -10.8455 2.98804 0.0198874
214.487 -11.1841 2.99267 0.0790557
214.487 -11.1841 2.99267 0.0790557
214.449 -11.0825 2.99428 0.161858
214.286 -11.1876 2.99067 0.0737541
214.442 -11.0963 2.99542 0.130935
214.479 -11.0828 2.99042 0.0901717
214.73 -10.8731 2.99837 0.00559116
214.449 -11.0825 2.99428 0.161858
214.222 -10.8993 2.98988 0.0386926
214.189 -11.1155 2.98929 0.0565692
214.284 -11.3222 2.99285 0.00954447
214.712 -10.9795 2.99536 0.0142506
