148.544 21.0817 0.0832586 0.202209
148.468 20.8353 0.0832756 0.354027
148.256 20.9172 0.0796882 0.0216898
148.268 21.0684 0.08297 0.0414813
148.468 20.8353 0.0832756 0.354027
148.468 20.8353 0.0832756 0.354027
148.544 21.0817 0.0832586 0.202209
148.468 20.8353 0.0832756 0.354027
148.327 21.0396 0.0868404 0.0622472
148.263 20.9361 0.0843524 0.079277
148.656 20.9727 0.0847566 0.0728839
148.468 20.8353 0.0832756 0.354027
148.242 21.0286 0.0848555 0.0349992
148.427 21.135 0.075867 0.016535
148.221 20.8865 0.0789434 0.00504059
148.468 20.8353 0.0832756 0.354027
148.263 20.9361 0.0843524 0.079277
148.544 21.0817 0.0832586 0.202209
148.427 21.135 0.075867 0.016535
148.269 21.0736 0.0826921 0.038515
148.468 20.8353 0.0832756 0.354027
148.544 21.0817 0.0832586 0.202209
148.544 21.0817 0.0832586 0.202209
148.468 20.8353 0.0832756 0.354027
148.468 20.8353 0.0832756 0.354027
148.68 21.0776 0.0830747 0.0445258
148.468 20.8353 0.0832756 0.354027
148.269 21.0736 0.0826921 0.038515
148.263 20.9361 0.0843524 0.079277
148.468 20.8353 0.0832756 0.354027
148.468 20.8353 0.0832756 0.354027
148.468 20.8353 0.0832756 0.354027
148.468 20.8353 0.0832756 0.354027
148.263 20.9361 0.0843524 0.079277
148.544 21.0817 0.0832586 0.202209
148.468 20.8353 0.0832756 0.354027
148.468 20.8353 0.0832756 0.354027
148.427 21.135 0.075867 0.016535
148.327 21.0396 0.0868404 0.0622472
148.544 21.0817 0.0832586 0.202209
148.544 21.0817 0.0832586 0.202209
148.656 20.9727 0.0847566 0.0728839
148.327 21.0396 0.0868404 0.0622472
148.468 20.8353 0.0832756 0.354027
148.468 20.8353 0.0832756 0.354027
148.427 21.135 0.075867 0.016535
148.656 20.9727 0.0847566 0.0728839
148.468 20.8353 0.0832756 0.354027
148.656 20.9727 0.0847566 0.0728839
148.544 21.0817 0.0832586 0.202209
148.656 20.9727 0.0847566 0.0728839
148.468 20.8353 0.0832756 0.354027
148.268 21.0684 0.08297 0.0414813
148.221 20.8865 0.0789434 0.00504059
148.268 21.0684 0.08297 0.0414813
148.656 20.9727 0.0847566 0.0728839
148.468 20.8353 0.0832756 0.354027
148.544 21.0817 0.0832586 0.202209
148.468 20.8353 0.0832756 0.354027
148.544 21.0817 0.0832586 0.202209
148.468 20.8353 0.0832756 0.354027
148.268 21.0684 0.08297 0.0414813
148.656 20.9727 0.0847566 0.0728839
148.263 20.9361 0.0843524 0.079277
148.544 21.0817 0.0832586 0.202209
148.544 21.0817 0.0832586 0.202209
148.468 20.8353 0.0832756 0.354027
148.269 21.0736 0.0826921 0.038515
148.468 20.8353 0.0832756 0.354027
148.544 21.0817 0.0832586 0.202209
148.269 21.0736 0.0826921 0.038515
148.468 20.8353 0.0832756 0.354027
148.242 21.0286 0.0848555 0.0349992
148.468 20.8353 0.0832756 0.354027
148.256 20.9172 0.0796882 0.0216898
148.096 20.9705 0.0795845 0.000167103
148.468 20.8353 0.0832756 0.354027
148.544 21.0817 0.0832586 0.202209
148.544 21.0817 0.0832586 0.202209
148.544 21.0817 0.0832586 0.202209
148.468 20.8353 0.0832756 0.354027
148.544 21.0817 0.0832586 0.202209
148.468 20.8353 0.0832756 0.354027
148.468 20.8353 0.0832756 0.354027
148.468 20.8353 0.0832756 0.354027
148.269 21.0736 0.0826921 0.038515
148.468 20.8353 0.0832756 0.354027
148.263 20.9361 0.0843524 0.079277
148.544 21.0817 0.0832586 0.202209
148.468 20.8353 0.0832756 0.354027
148.468 20.8353 0.0832756 0.354027
148.544 21.0817 0.0832586 0.202209
148.468 20.8353 0.0832756 0.354027
148.18 20.9971 0.0856288 0.0104227
148.544 21.0817 0.0832586 0.202209
148.544 21.0817 0.0832586 0.202209
148.468 20.8353 0.0832756 0.354027
148.468 20.8353 0.0832756 0.354027
148.18 20.9971 0.0856288 0.0104227
148.468 20.8353 0.0832756 0.354027
