235.42 -15.8415 2.90441 0.0950278
235.159 -15.8177 2.89772 0.331378
235.445 -15.7181 2.90415 0.0493755
235.041 -15.7974 2.9034 0.11592
235.159 -15.8177 2.89772 0.331378
235.527 -15.974 2.90633 0.010611
234.893 -15.7526 2.89578 0.133099
234.893 -15.7526 2.89578 0.133099
235.159 -15.8177 2.89772 0.331378
235.261 -15.9084 2.90813 0.0399739
234.91 -15.588 2.8926 0.0210634
235.159 -15.8177 2.89772 0.331378
235.261 -15.9084 2.90813 0.0399739
235.041 -15.7974 2.9034 0.11592
235.159 -15.8177 2.89772 0.331378
235.082 -15.7462 2.89366 0.0866492
235.445 -15.7181 2.90415 0.0493755
235.082 -15.7462 2.89366 0.0866492
235.159 -15.8177 2.89772 0.331378
235.42 -15.8415 2.90441 0.0950278
235.159 -15.8177 2.89772 0.331378
235.083 -15.9113 2.90578 0.0367196
235.082 -15.7462 2.89366 0.0866492
234.893 -15.7526 2.89578 0.133099
235.159 -15.8177 2.89772 0.331378
235.42 -15.8415 2.90441 0.0950278
234.91 -15.588 2.8926 0.0210634
235.159 -15.8177 2.89772 0.331378
235.159 -15.8177 2.89772 0.331378
235.159 -15.8177 2.89772 0.331378
235.041 -15.7974 2.9034 0.11592
235.041 -15.7974 2.9034 0.11592
235.082 -15.7462 2.89366 0.0866492
234.893 -15.7526 2.89578 0.133099
234.893 -15.7526 2.89578 0.133099
235.041 -15.7974 2.9034 0.11592
235.159 -15.8177 2.89772 0.331378
235.083 -15.9113 2.90578 0.0367196
235.42 -15.8415 2.90441 0.0950278
234.893 -15.7526 2.89578 0.133099
235.041 -15.7974 2.9034 0.11592
235.159 -15.8177 2.89772 0.331378
235.083 -15.9113 2.90578 0.0367196
234.893 -15.7526 2.89578 0.133099
235.041 -15.7974 2.9034 0.11592
235.42 -15.8415 2.90441 0.0950278
234.893 -15.7526 2.89578 0.133099
234.893 -15.7526 2.89578 0.133099
235.159 -15.8177 2.89772 0.331378
235.159 -15.8177 2.89772 0.331378
234.893 -15.7526 2.89578 0.133099
235.415 -16.0451 2.90176 0.0117027
234.893 -15.7526 2.89578 0.133099
234.893 -15.7526 2.89578 0.133099
235.083 -15.9113 2.90578 0.0367196
235.415 -16.0451 2.90176 0.0117027
235.082 -15.7462 2.89366 0.0866492
234.893 -15.7526 2.89578 0.133099
235.159 -15.8177 2.89772 0.331378
235.159 -15.8177 2.89772 0.331378
234.893 -15.7526 2.89578 0.133099
235.159 -15.8177 2.89772 0.331378
235.041 -15.7974 2.9034 0.11592
235.041 -15.7974 2.9034 0.11592
235.42 -15.8415 2.90441 0.0950278
235.159 -15.8177 2.89772 0.331378
235.159 -15.8177 2.89772 0.331378
235.082 -15.7462 2.89366 0.0866492
235.159 -15.8177 2.89772 0.331378
235.527 -15.974 2.90633 0.010611
235.082 -15.7462 2.89366 0.0866492
235.159 -15.8177 2.89772 0.331378
235.082 -15.7462 2.89366 0.0866492
234.893 -15.7526 2.89578 0.133099
235.041 -15.7974 2.9034 0.11592
235.159 -15.8177 2.89772 0.331378
235.159 -15.8177 2.89772 0.331378
235.445 -15.7181 2.90415 0.0493755
235.159 -15.8177 2.89772 0.331378
235.041 -15.7974 2.9034 0.11592
235.082 -15.7462 2.89366 0.0866492
234.893 -15.7526 2.89578 0.133099
235.083 -15.9113 2.90578 0.0367196
235.42 -15.8415 2.90441 0.0950278
235.445 -15.7181 2.90415 0.0493755
235.42 -15.8415 2.90441 0.0950278
235.159 -15.8177 2.89772 0.331378
235.159 -15.8177 2.89772 0.331378
235.42 -15.8415 2.90441 0.0950278
235.159 -15.8177 2.89772 0.331378
235.041 -15.7974 2.9034 0.11592
235.082 -15.7462 2.89366 0.0866492
235.082 -15.7462 2.89366 0.0866492
234.893 -15.7526 2.89578 0.133099
235.527 -15.974 2.90633 0.010611
235.159 -15.8177 2.89772 0.331378
235.159 -15.8177 2.89772 0.331378
235.518 -15.7382 2.91152 0.00345954
235.42 -15.8415 2.90441 0.0950278
235.083 -15.9113 2.90578 0.0367196
