103.205 18.8062 0.064621 0.169005
103.279 18.6395 0.0598609 0.0168566
103.433 18.9694 0.0583128 0.0936242
103.139 19.1431 0.0655817 0.0669077
103.089 18.7189 0.0631245 0.141614
102.921 19.167 0.0655495 0.0269076
103.28 18.9435 0.0640119 0.184741
103.205 18.8062 0.064621 0.169005
103.211 19.2615 0.0597222 0.0740678
103.211 19.2615 0.0597222 0.0740678
103.089 18.7189 0.0631245 0.141614
103.205 18.8062 0.064621 0.169005
103.433 18.9694 0.0583128 0.0936242
103.433 18.9694 0.0583128 0.0936242
103.148 19.2625 0.0627689 0.035216
103.089 18.7189 0.0631245 0.141614
103.089 18.7189 0.0631245 0.141614
102.921 19.167 0.0655495 0.0269076
103.205 18.8062 0.064621 0.169005
103.433 18.9694 0.0583128 0.0936242
103.211 19.2615 0.0597222 0.0740678
103.089 18.7189 0.0631245 0.141614
103.205 18.8062 0.064621 0.169005
103.211 19.2615 0.0597222 0.0740678
103.139 19.1431 0.0655817 0.0669077
103.089 18.7189 0.0631245 0.141614
103.089 18.7189 0.0631245 0.141614
103.205 18.8062 0.064621 0.169005
103.433 18.9694 0.0583128 0.0936242
103.058 18.9156 0.0523428 0.0668976
103.089 18.7189 0.0631245 0.141614
103.205 18.8062 0.064621 0.169005
103.211 19.2615 0.0597222 0.0740678
103.139 19.1431 0.0655817 0.0669077
103.28 18.9435 0.0640119 0.184741
102.95 18.9649 0.0689747 0.0342448
103.433 18.9694 0.0583128 0.0936242
103.376 18.9914 0.0646811 0.0243491
103.089 18.7189 0.0631245 0.141614
103.28 18.9435 0.0640119 0.184741
103.205 18.8062 0.064621 0.169005
103.205 18.8062 0.064621 0.169005
103.433 18.9694 0.0583128 0.0936242
103.211 19.2615 0.0597222 0.0740678
103.058 18.9156 0.0523428 0.0668976
103.139 19.1431 0.0655817 0.0669077
103.28 18.9435 0.0640119 0.184741
103.205 18.8062 0.064621 0.169005
103.433 18.9694 0.0583128 0.0936242
103.211 19.2615 0.0597222 0.0740678
103.376 18.9914 0.0646811 0.0243491
103.089 18.7189 0.0631245 0.141614
103.205 18.8062 0.064621 0.169005
103.433 18.9694 0.0583128 0.0936242
103.094 18.7468 0.0701713 0.00722992
103.089 18.7189 0.0631245 0.141614
103.28 18.9435 0.0640119 0.184741
103.205 18.8062 0.064621 0.169005
102.949 19.096 0.0685965 0.0155071
103.433 18.9694 0.0583128 0.0936242
103.376 18.9914 0.0646811 0.0243491
103.089 18.7189 0.0631245 0.141614
103.205 18.8062 0.064621 0.169005
103.205 18.8062 0.064621 0.169005
103.433 18.9694 0.0583128 0.0936242
103.433 18.9694 0.0583128 0.0936242
103.139 19.1431 0.0655817 0.0669077
103.089 18.7189 0.0631245 0.141614
103.205 18.8062 0.064621 0.169005
103.205 18.8062 0.064621 0.169005
102.949 19.096 0.0685965 0.0155071
103.433 18.9694 0.0583128 0.0936242
103.058 18.9156 0.0523428 0.0668976
103.089 18.7189 0.0631245 0.141614
103.28 18.9435 0.0640119 0.184741
103.205 18.8062 0.064621 0.169005
103.211 19.2615 0.0597222 0.0740678
103.058 18.9156 0.0523428 0.0668976
103.28 18.9435 0.0640119 0.184741
103.28 18.9435 0.0640119 0.184741
103.433 18.9694 0.0583128 0.0936242
103.058 18.9156 0.0523428 0.0668976
103.089 18.7189 0.0631245 0.141614
103.28 18.9435 0.0640119 0.184741
103.205 18.8062 0.064621 0.169005
103.433 18.9694 0.0583128 0.0936242
103.376 18.9914 0.0646811 0.0243491
102.921 19.167 0.0655495 0.0269076
103.28 18.9435 0.0640119 0.184741
103.433 18.9694 0.0583128 0.0936242
103.211 19.2615 0.0597222 0.0740678
103.058 18.9156 0.0523428 0.0668976
103.089 18.7189 0.0631245 0.141614
103.28 18.9435 0.0640119 0.184741
103.433 18.9694 0.0583128 0.0936242
103.211 19.2615 0.0597222 0.0740678
103.058 18.9156 0.0523428 0.0668976
103.304 18.7902 0.0481674 0.00131449
103.139 19.1431 0.0655817 0.0669077
103.089 18.7189 0.0631245 0.141614
