107.366 18.4272 0.0648783 0.076647
107.366 18.4272 0.0648783 0.076647
107.319 18.323 0.067127 0.0532
107.229 18.5181 0.066569 0.238131
107.229 18.5181 0.066569 0.238131
107.31 18.5562 0.0691152 0.205807
107.115 18.4085 0.067461 0.111821
107.303 18.6162 0.0726252 0.0708719
107.229 18.5181 0.066569 0.238131
106.979 18.5611 0.0705615 0.0500074
107.319 18.323 0.067127 0.0532
107.229 18.5181 0.066569 0.238131
107.31 18.5562 0.0691152 0.205807
107.31 18.5562 0.0691152 0.205807
107.115 18.4085 0.067461 0.111821
107.319 18.323 0.067127 0.0532
107.229 18.5181 0.066569 0.238131
107.115 18.4085 0.067461 0.111821
106.979 18.5611 0.0705615 0.0500074
107.319 18.323 0.067127 0.0532
107.439 18.2576 0.0604458 0.000755206
107.31 18.5562 0.0691152 0.205807
106.979 18.5611 0.0705615 0.0500074
107.119 18.7665 0.0698936 0.0276782
107.366 18.4272 0.0648783 0.076647
107.229 18.5181 0.066569 0.238131
107.115 18.4085 0.067461 0.111821
107.06 18.6669 0.0680373 0.0576278
107.31 18.5562 0.0691152 0.205807
107.115 18.4085 0.067461 0.111821
107.451 18.4534 0.0597953 0.00542414
107.06 18.6669 0.0680373 0.0576278
107.229 18.5181 0.066569 0.238131
107.229 18.5181 0.066569 0.238131
107.31 18.5562 0.0691152 0.205807
107.119 18.7665 0.0698936 0.0276782
107.366 18.4272 0.0648783 0.076647
107.366 18.4272 0.0648783 0.076647
107.229 18.5181 0.066569 0.238131
107.31 18.5562 0.0691152 0.205807
107.115 18.4085 0.067461 0.111821
107.152 18.4442 0.0576273 0.000584984
107.303 18.6162 0.0726252 0.0708719
107.303 18.6162 0.0726252 0.0708719
107.31 18.5562 0.0691152 0.205807
107.115 18.4085 0.067461 0.111821
107.115 18.4085 0.067461 0.111821
107.06 18.6669 0.0680373 0.0576278
107.06 18.6669 0.0680373 0.0576278
107.229 18.5181 0.066569 0.238131
107.229 18.5181 0.066569 0.238131
107.31 18.5562 0.0691152 0.205807
107.19 18.3376 0.0635363 0.0218882
107.229 18.5181 0.066569 0.238131
107.31 18.5562 0.0691152 0.205807
107.19 18.3376 0.0635363 0.0218882
107.229 18.5181 0.066569 0.238131
107.229 18.5181 0.066569 0.238131
107.31 18.5562 0.0691152 0.205807
107.319 18.323 0.067127 0.0532
107.229 18.5181 0.066569 0.238131
107.31 18.5562 0.0691152 0.205807
107.115 18.4085 0.067461 0.111821
107.319 18.323 0.067127 0.0532
107.229 18.5181 0.066569 0.238131
107.31 18.5562 0.0691152 0.205807
107.115 18.4085 0.067461 0.111821
107.366 18.4272 0.0648783 0.076647
107.229 18.5181 0.066569 0.238131
106.979 18.5611 0.0705615 0.0500074
107.119 18.7665 0.0698936 0.0276782
107.319 18.323 0.067127 0.0532
107.318 18.7649 0.0635673 0.0162092
107.31 18.5562 0.0691152 0.205807
107.366 18.4272 0.0648783 0.076647
107.229 18.5181 0.066569 0.238131
107.115 18.4085 0.067461 0.111821
107.303 18.6162 0.0726252 0.0708719
107.319 18.323 0.067127 0.0532
107.229 18.5181 0.066569 0.238131
107.31 18.5562 0.0691152 0.205807
107.119 18.7665 0.0698936 0.0276782
107.254 18.1971 0.0744033 0.00314465
107.229 18.5181 0.066569 0.238131
107.115 18.4085 0.067461 0.111821
107.06 18.6669 0.0680373 0.0576278
107.229 18.5181 0.066569 0.238131
107.229 18.5181 0.066569 0.238131
107.31 18.5562 0.0691152 0.205807
107.31 18.5562 0.0691152 0.205807
107.19 18.3376 0.0635363 0.0218882
107.319 18.323 0.067127 0.0532
107.06 18.6669 0.0680373 0.0576278
107.31 18.5562 0.0691152 0.205807
107.509 18.5734 0.059306 0.00279941
107.319 18.323 0.067127 0.0532
107.31 18.5562 0.0691152 0.205807
107.115 18.4085 0.067461 0.111821
106.979 18.5611 0.0705615 0.0500074
107.119 18.7665 0.0698936 0.0276782
