-33.4392 -21.4349 1.08808 0.15169
-33.3111 -21.6391 1.09487 0.057564
-33.3111 -21.6391 1.09487 0.057564
-33.4329 -21.6342 1.07977 0.00319423
-33.1511 -21.536 1.08769 0.167977
-33.1511 -21.536 1.08769 0.167977
-33.3983 -21.3971 1.09158 0.0570725
-33.2532 -21.6847 1.08378 0.0547385
-33.2472 -21.3425 1.08125 0.115322
-33.2472 -21.3425 1.08125 0.115322
-33.413 -21.3781 1.08009 0.0289533
-33.1511 -21.536 1.08769 0.167977
-33.4115 -21.5935 1.0799 0.00894977
-33.4392 -21.4349 1.08808 0.15169
-33.2472 -21.3425 1.08125 0.115322
-33.3762 -21.4519 1.08277 0.152162
-33.6067 -21.5755 1.08655 0.00828553
-33.1511 -21.536 1.08769 0.167977
-33.3983 -21.3971 1.09158 0.0570725
-33.2472 -21.3425 1.08125 0.115322
-33.3762 -21.4519 1.08277 0.152162
-33.4819 -21.3382 1.08913 0.0255909
-33.1511 -21.536 1.08769 0.167977
-33.3983 -21.3971 1.09158 0.0570725
-33.4392 -21.4349 1.08808 0.15169
-33.2472 -21.3425 1.08125 0.115322
-33.2472 -21.3425 1.08125 0.115322
-33.3111 -21.6391 1.09487 0.057564
-33.3762 -21.4519 1.08277 0.152162
-33.1511 -21.536 1.08769 0.167977
-33.4392 -21.4349 1.08808 0.15169
-33.4392 -21.4349 1.08808 0.15169
-33.2472 -21.3425 1.08125 0.115322
-33.3762 -21.4519 1.08277 0.152162
-33.4819 -21.3382 1.08913 0.0255909
-33.1511 -21.536 1.08769 0.167977
-33.1511 -21.536 1.08769 0.167977
-33.4392 -21.4349 1.08808 0.15169
-33.4077 -21.5782 1.0965 0.023857
-33.3762 -21.4519 1.08277 0.152162
-33.5872 -21.7857 1.09453 0.00396996
-33.1511 -21.536 1.08769 0.167977
-33.1511 -21.536 1.08769 0.167977
-33.3983 -21.3971 1.09158 0.0570725
-33.4392 -21.4349 1.08808 0.15169
-33.4077 -21.5782 1.0965 0.023857
-33.3762 -21.4519 1.08277 0.152162
-33.217 -21.6106 1.07863 0.0102902
-33.1511 -21.536 1.08769 0.167977
-33.2532 -21.6847 1.08378 0.0547385
-33.3111 -21.6391 1.09487 0.057564
-33.3325 -21.2711 1.08215 0.0495008
-33.1511 -21.536 1.08769 0.167977
-33.1511 -21.536 1.08769 0.167977
-33.1751 -21.2303 1.08993 0.00228332
-33.4392 -21.4349 1.08808 0.15169
-33.2472 -21.3425 1.08125 0.115322
-33.3762 -21.4519 1.08277 0.152162
-33.1511 -21.536 1.08769 0.167977
-33.3983 -21.3971 1.09158 0.0570725
-33.4392 -21.4349 1.08808 0.15169
-33.4392 -21.4349 1.08808 0.15169
-33.2472 -21.3425 1.08125 0.115322
-33.3111 -21.6391 1.09487 0.057564
-33.413 -21.3781 1.08009 0.0289533
-33.1511 -21.536 1.08769 0.167977
-33.4392 -21.4349 1.08808 0.15169
-33.4392 -21.4349 1.08808 0.15169
-33.2472 -21.3425 1.08125 0.115322
-33.4819 -21.3382 1.08913 0.0255909
-33.413 -21.3781 1.08009 0.0289533
-33.3983 -21.3971 1.09158 0.0570725
-33.2532 -21.6847 1.08378 0.0547385
-33.2472 -21.3425 1.08125 0.115322
-33.3762 -21.4519 1.08277 0.152162
-33.3762 -21.4519 1.08277 0.152162
-33.1511 -21.536 1.08769 0.167977
-33.4392 -21.4349 1.08808 0.15169
-33.2472 -21.3425 1.08125 0.115322
-33.3111 -21.6391 1.09487 0.057564
-33.6067 -21.5755 1.08655 0.00828553
-33.4329 -21.6342 1.07977 0.00319423
-33.5267 -21.2877 1.08735 0.00744068
-33.2424 -21.6699 1.0801 0.00992869
-33.3111 -21.6391 1.09487 0.057564
-33.4819 -21.3382 1.08913 0.0255909
-33.217 -21.6106 1.07863 0.0102902
-33.5267 -21.2877 1.08735 0.00744068
-33.2472 -21.3425 1.08125 0.115322
-33.3111 -21.6391 1.09487 0.057564
-33.3762 -21.4519 1.08277 0.152162
-33.4819 -21.3382 1.08913 0.0255909
-33.1511 -21.536 1.08769 0.167977
-33.1511 -21.536 1.08769 0.167977
-33.5046 -21.7091 1.08697 0.0192416
-33.4392 -21.4349 1.08808 0.15169
-33.5145 -21.9141 1.09208 0.00093485
-33.3762 -21.4519 1.08277 0.152162
-33.1511 -21.536 1.08769 0.167977
-33.4392 -21.4349 1.08808 0.15169
