199.032 24.877 0.0782698 0.129318
199.032 24.877 0.0782698 0.129318
199.203 24.7587 0.0786022 0.0084502
198.831 24.6056 0.0716012 0.00228514
198.625 24.8306 0.078694 0.00273401
199.018 24.9599 0.0752967 0.0990637
199.033 24.9444 0.078967 0.0899635
199.139 24.8038 0.0737785 0.0549835
199.139 24.8038 0.0737785 0.0549835
199.043 25.0224 0.0759995 0.0482616
199.018 24.9681 0.0778377 0.0957985
199.257 24.9673 0.0778066 0.00328512
199.018 24.9599 0.0752967 0.0990637
199.033 24.9444 0.078967 0.0899635
199.157 24.8911 0.0786739 0.0283902
199.043 25.0224 0.0759995 0.0482616
199.018 24.9681 0.0778377 0.0957985
199.208 24.8278 0.0782636 0.0123314
198.898 24.8862 0.081342 0.0939341
198.751 25.0022 0.0800574 0.0180891
199.032 24.877 0.0782698 0.129318
199.157 24.8911 0.0786739 0.0283902
199.018 24.9681 0.0778377 0.0957985
199.111 24.9888 0.0767353 0.0401451
198.96 24.5938 0.0766238 0.0120472
199.033 24.9444 0.078967 0.0899635
199.032 24.877 0.0782698 0.129318
199.178 24.7866 0.075805 0.0292435
198.888 25.0395 0.0803151 0.0376777
199.047 25.1264 0.0738586 0.00576514
198.898 24.8862 0.081342 0.0939341
199.018 24.9599 0.0752967 0.0990637
199.018 24.9599 0.0752967 0.0990637
199.018 24.9599 0.0752967 0.0990637
199.032 24.877 0.0782698 0.129318
199.157 24.8911 0.0786739 0.0283902
199.111 24.9888 0.0767353 0.0401451
198.96 24.5938 0.0766238 0.0120472
198.959 24.6864 0.0720483 0.0299427
199.032 24.877 0.0782698 0.129318
198.75 25.0003 0.0777353 0.0156744
198.749 24.8287 0.0807033 0.0310225
199.043 25.0224 0.0759995 0.0482616
199.018 24.9681 0.0778377 0.0957985
198.898 24.8862 0.081342 0.0939341
198.898 24.8862 0.081342 0.0939341
198.959 24.6864 0.0720483 0.0299427
199.033 24.9444 0.078967 0.0899635
198.843 24.9208 0.0705669 0.0099995
199.032 24.877 0.0782698 0.129318
199.026 24.6163 0.0829247 0.00221005
199.043 25.0224 0.0759995 0.0482616
198.888 25.0395 0.0803151 0.0376777
198.898 24.8862 0.081342 0.0939341
198.959 24.6864 0.0720483 0.0299427
199.033 24.9444 0.078967 0.0899635
199.033 24.9444 0.078967 0.0899635
199.032 24.877 0.0782698 0.129318
199.139 24.8038 0.0737785 0.0549835
199.139 24.8038 0.0737785 0.0549835
198.749 24.8287 0.0807033 0.0310225
198.831 24.6056 0.0716012 0.00228514
198.898 24.8862 0.081342 0.0939341
199.018 24.9599 0.0752967 0.0990637
199.108 25.0569 0.079114 0.0128104
199.178 24.7866 0.075805 0.0292435
199.018 24.9681 0.0778377 0.0957985
199.111 24.9888 0.0767353 0.0401451
198.898 24.8862 0.081342 0.0939341
199.018 24.9599 0.0752967 0.0990637
199.018 24.9599 0.0752967 0.0990637
199.033 24.9444 0.078967 0.0899635
199.032 24.877 0.0782698 0.129318
199.032 24.877 0.0782698 0.129318
198.75 25.0003 0.0777353 0.0156744
199.178 24.7866 0.075805 0.0292435
198.749 24.8287 0.0807033 0.0310225
199.175 24.827 0.0805186 0.0104295
198.898 24.8862 0.081342 0.0939341
199.018 24.9599 0.0752967 0.0990637
198.843 24.9208 0.0705669 0.0099995
198.75 25.0003 0.0777353 0.0156744
199.018 24.9681 0.0778377 0.0957985
198.88 24.7972 0.0701615 0.0164193
198.88 24.7972 0.0701615 0.0164193
199.018 24.9599 0.0752967 0.0990637
199.033 24.9444 0.078967 0.0899635
199.032 24.877 0.0782698 0.129318
199.203 24.7587 0.0786022 0.0084502
198.749 24.8287 0.0807033 0.0310225
199.043 25.0224 0.0759995 0.0482616
198.888 25.0395 0.0803151 0.0376777
199.018 24.9599 0.0752967 0.0990637
199.018 24.9599 0.0752967 0.0990637
198.751 25.0022 0.0800574 0.0180891
199.033 24.9444 0.078967 0.0899635
199.139 24.8038 0.0737785 0.0549835
199.157 24.8911 0.0786739 0.0283902
199.178 24.7866 0.075805 0.0292435
199.208 24.8278 0.0782636 0.0123314
