64.4359 13.9441 0.122381 0.0496183
64.4359 13.9441 0.122381 0.0496183
64.8014 13.943 0.120385 0.0613297
64.8635 14.3472 0.116531 0.00522762
64.3914 14.143 0.120873 0.0259687
64.741 14.0034 0.114268 0.102568
64.741 14.0034 0.114268 0.102568
64.455 14.4516 0.110884 0.00126277
64.4771 13.8242 0.125155 0.0268483
64.4771 13.8242 0.125155 0.0268483
64.9328 14.1502 0.110105 0.0112915
64.6535 13.9219 0.114305 0.0939203
64.6535 13.9219 0.114305 0.0939203
64.3914 14.143 0.120873 0.0259687
64.4738 14.2257 0.126073 0.00848973
64.741 14.0034 0.114268 0.102568
64.741 14.0034 0.114268 0.102568
64.8305 14.1873 0.116315 0.0384095
64.4359 13.9441 0.122381 0.0496183
64.8014 13.943 0.120385 0.0613297
64.6243 14.224 0.110294 0.0421221
64.6535 13.9219 0.114305 0.0939203
64.7612 13.9414 0.120202 0.0821781
64.741 14.0034 0.114268 0.102568
64.7188 14.0717 0.116075 0.124654
64.4359 13.9441 0.122381 0.0496183
64.6243 14.224 0.110294 0.0421221
64.6535 13.9219 0.114305 0.0939203
64.7612 13.9414 0.120202 0.0821781
64.741 14.0034 0.114268 0.102568
64.741 14.0034 0.114268 0.102568
64.7807 14.2034 0.119729 0.0366826
64.8305 14.1873 0.116315 0.0384095
64.8014 13.943 0.120385 0.0613297
64.3457 14.2448 0.120504 0.00686508
64.4381 14.0199 0.111436 0.0309295
64.6535 13.9219 0.114305 0.0939203
64.741 14.0034 0.114268 0.102568
64.7188 14.0717 0.116075 0.124654
64.4771 13.8242 0.125155 0.0268483
64.8014 13.943 0.120385 0.0613297
64.5786 14.1957 0.10948 0.0381577
64.6535 13.9219 0.114305 0.0939203
64.741 14.0034 0.114268 0.102568
64.7188 14.0717 0.116075 0.124654
64.7807 14.2034 0.119729 0.0366826
64.4771 13.8242 0.125155 0.0268483
64.4359 13.9441 0.122381 0.0496183
64.677 14.191 0.129616 0.00420171
64.3082 14.3543 0.122082 0.000774617
64.6535 13.9219 0.114305 0.0939203
64.4997 13.5125 0.133912 6.74111e-05
64.7188 14.0717 0.116075 0.124654
64.7188 14.0717 0.116075 0.124654
64.4359 13.9441 0.122381 0.0496183
64.4873 13.596 0.121318 0.00219137
64.3457 14.2448 0.120504 0.00686508
64.5786 14.1957 0.10948 0.0381577
64.7612 13.9414 0.120202 0.0821781
64.3489 13.9817 0.123063 0.0203603
64.8305 14.1873 0.116315 0.0384095
64.8305 14.1873 0.116315 0.0384095
64.7602 14.2795 0.110614 0.0227186
64.5786 14.1957 0.10948 0.0381577
64.4381 14.0199 0.111436 0.0309295
64.7612 13.9414 0.120202 0.0821781
64.7188 14.0717 0.116075 0.124654
64.7807 14.2034 0.119729 0.0366826
64.8014 13.943 0.120385 0.0613297
64.7602 14.2795 0.110614 0.0227186
64.4381 14.0199 0.111436 0.0309295
64.4381 14.0199 0.111436 0.0309295
64.6535 13.9219 0.114305 0.0939203
64.6535 13.9219 0.114305 0.0939203
64.7612 13.9414 0.120202 0.0821781
64.7188 14.0717 0.116075 0.124654
64.7188 14.0717 0.116075 0.124654
64.8341 14.2811 0.118544 0.0128551
64.8014 13.943 0.120385 0.0613297
64.8001 14.2476 0.11256 0.0289574
64.3775 14.247 0.111828 0.00842946
64.4544 13.9655 0.132103 0.00466709
64.3489 13.9817 0.123063 0.0203603
64.4771 13.8242 0.125155 0.0268483
64.4359 13.9441 0.122381 0.0496183
64.6243 14.224 0.110294 0.0421221
64.4381 14.0199 0.111436 0.0309295
64.7612 13.9414 0.120202 0.0821781
64.7612 13.9414 0.120202 0.0821781
64.7188 14.0717 0.116075 0.124654
64.8341 14.2811 0.118544 0.0128551
64.8305 14.1873 0.116315 0.0384095
64.6131 14.4846 0.115627 0.00168057
64.8014 13.943 0.120385 0.0613297
64.5786 14.1957 0.10948 0.0381577
64.4381 14.0199 0.111436 0.0309295
64.7612 13.9414 0.120202 0.0821781
64.7188 14.0717 0.116075 0.124654
64.7807 14.2034 0.119729 0.0366826
64.8305 14.1873 0.116315 0.0384095
