-2.59829 2.69074 0.330124 0.149698
-2.30036 3.0173 0.323634 0.00258568
-2.55739 3.00209 0.326611 0.0798716
-2.47413 2.77571 0.32232 0.155276
-2.62314 2.83589 0.332199 0.141399
-2.62314 2.83589 0.332199 0.141399
-2.59829 2.69074 0.330124 0.149698
-2.62402 2.8928 0.33074 0.178552
-2.62402 2.8928 0.33074 0.178552
-2.55739 3.00209 0.326611 0.0798716
-2.47413 2.77571 0.32232 0.155276
-2.59829 2.69074 0.330124 0.149698
-2.62402 2.8928 0.33074 0.178552
-2.72762 2.87733 0.328639 0.160254
-2.47413 2.77571 0.32232 0.155276
-2.7428 2.82781 0.335426 0.0241767
-2.62402 2.8928 0.33074 0.178552
-2.55739 3.00209 0.326611 0.0798716
-2.78446 2.76263 0.332574 0.0572437
-2.62314 2.83589 0.332199 0.141399
-2.77795 2.76077 0.335823 0.0156193
-2.59829 2.69074 0.330124 0.149698
-2.59829 2.69074 0.330124 0.149698
-2.62402 2.8928 0.33074 0.178552
-2.55739 3.00209 0.326611 0.0798716
-2.47413 2.77571 0.32232 0.155276
-2.59829 2.69074 0.330124 0.149698
-2.62402 2.8928 0.33074 0.178552
-2.62402 2.8928 0.33074 0.178552
-2.72762 2.87733 0.328639 0.160254
-2.72762 2.87733 0.328639 0.160254
-2.72762 2.87733 0.328639 0.160254
-2.62314 2.83589 0.332199 0.141399
-2.62402 2.8928 0.33074 0.178552
-2.72762 2.87733 0.328639 0.160254
-2.77354 2.64232 0.33038 0.0268673
-2.62314 2.83589 0.332199 0.141399
-2.62402 2.8928 0.33074 0.178552
-2.55739 3.00209 0.326611 0.0798716
-2.55739 3.00209 0.326611 0.0798716
-2.47413 2.77571 0.32232 0.155276
-2.62314 2.83589 0.332199 0.141399
-2.62402 2.8928 0.33074 0.178552
-2.55739 3.00209 0.326611 0.0798716
-2.78446 2.76263 0.332574 0.0572437
-2.62314 2.83589 0.332199 0.141399
-2.62402 2.8928 0.33074 0.178552
-2.72762 2.87733 0.328639 0.160254
-2.78446 2.76263 0.332574 0.0572437
-2.77354 2.64232 0.33038 0.0268673
-2.47413 2.77571 0.32232 0.155276
-2.62314 2.83589 0.332199 0.141399
-2.77795 2.76077 0.335823 0.0156193
-2.62402 2.8928 0.33074 0.178552
-2.72762 2.87733 0.328639 0.160254
-2.47413 2.77571 0.32232 0.155276
-2.47413 2.77571 0.32232 0.155276
-2.19244 2.84601 0.32221 0.000825251
-2.59829 2.69074 0.330124 0.149698
-2.59829 2.69074 0.330124 0.149698
-2.62402 2.8928 0.33074 0.178552
-2.72762 2.87733 0.328639 0.160254
-2.72762 2.87733 0.328639 0.160254
-2.62314 2.83589 0.332199 0.141399
-2.59829 2.69074 0.330124 0.149698
-2.55739 3.00209 0.326611 0.0798716
-2.47413 2.77571 0.32232 0.155276
-2.59829 2.69074 0.330124 0.149698
-2.55739 3.00209 0.326611 0.0798716
-2.72762 2.87733 0.328639 0.160254
-2.72762 2.87733 0.328639 0.160254
-2.47413 2.77571 0.32232 0.155276
-2.77795 2.76077 0.335823 0.0156193
-2.59829 2.69074 0.330124 0.149698
-2.62402 2.8928 0.33074 0.178552
-2.62402 2.8928 0.33074 0.178552
-2.78446 2.76263 0.332574 0.0572437
-2.47413 2.77571 0.32232 0.155276
-2.59829 2.69074 0.330124 0.149698
-2.72762 2.87733 0.328639 0.160254
-2.47413 2.77571 0.32232 0.155276
-2.7428 2.82781 0.335426 0.0241767
-2.62402 2.8928 0.33074 0.178552
-2.72762 2.87733 0.328639 0.160254
-2.72762 2.87733 0.328639 0.160254
-2.62314 2.83589 0.332199 0.141399
-2.30014 3.03976 0.323802 0.00159206
-2.62402 2.8928 0.33074 0.178552
-2.55739 3.00209 0.326611 0.0798716
-2.47413 2.77571 0.32232 0.155276
-2.47413 2.77571 0.32232 0.155276
-2.62314 2.83589 0.332199 0.141399
-2.62402 2.8928 0.33074 0.178552
-2.72762 2.87733 0.328639 0.160254
-2.62314 2.83589 0.332199 0.141399
-2.7428 2.82781 0.335426 0.0241767
-2.62402 2.8928 0.33074 0.178552
-2.62402 2.8928 0.33074 0.178552
-2.77354 2.64232 0.33038 0.0268673
-2.47413 2.77571 0.32232 0.155276
