-41.1999 -47.6717 1.55058 0.093211
-41.3615 -47.958 1.56149 0.0321671
-41.3364 -47.8607 1.55224 0.143533
-41.3364 -47.8607 1.55224 0.143533
-41.5001 -47.866 1.55434 0.0878443
-41.0852 -47.7702 1.55578 0.0301471
-41.3579 -47.9037 1.55208 0.0987114
-41.1407 -47.9223 1.55699 0.0350248
-41.345 -47.6592 1.5538 0.192397
-41.345 -47.6592 1.5538 0.192397
-41.3666 -47.8097 1.56033 0.0611023
-41.1768 -47.643 1.55054 0.0674491
-41.1878 -47.6015 1.55166 0.0662765
-41.3579 -47.9037 1.55208 0.0987114
-41.3364 -47.8607 1.55224 0.143533
-41.345 -47.6592 1.5538 0.192397
-41.3284 -47.3493 1.55794 0.00040618
-41.1999 -47.6717 1.55058 0.093211
-41.3579 -47.9037 1.55208 0.0987114
-41.345 -47.6592 1.5538 0.192397
-41.345 -47.6592 1.5538 0.192397
-41.3199 -47.5233 1.56055 0.00382527
-41.3579 -47.9037 1.55208 0.0987114
-41.3579 -47.9037 1.55208 0.0987114
-41.3364 -47.8607 1.55224 0.143533
-41.345 -47.6592 1.5538 0.192397
-41.3666 -47.8097 1.56033 0.0611023
-41.1999 -47.6717 1.55058 0.093211
-41.3364 -47.8607 1.55224 0.143533
-41.3364 -47.8607 1.55224 0.143533
-41.345 -47.6592 1.5538 0.192397
-41.345 -47.6592 1.5538 0.192397
-41.3666 -47.8097 1.56033 0.0611023
-41.3666 -47.8097 1.56033 0.0611023
-41.3666 -47.8097 1.56033 0.0611023
-41.3366 -47.5092 1.55844 0.00896084
-41.0852 -47.7702 1.55578 0.0301471
-41.1768 -47.643 1.55054 0.0674491
-41.3579 -47.9037 1.55208 0.0987114
-41.3579 -47.9037 1.55208 0.0987114
-41.3364 -47.8607 1.55224 0.143533
-41.345 -47.6592 1.5538 0.192397
-41.345 -47.6592 1.5538 0.192397
-41.1768 -47.643 1.55054 0.0674491
-41.1999 -47.6717 1.55058 0.093211
-41.3364 -47.8607 1.55224 0.143533
-41.3666 -47.8097 1.56033 0.0611023
-41.5001 -47.866 1.55434 0.0878443
-41.1999 -47.6717 1.55058 0.093211
-41.1407 -47.9223 1.55699 0.0350248
-41.345 -47.6592 1.5538 0.192397
-41.5001 -47.866 1.55434 0.0878443
-41.5228 -47.6172 1.55986 0.00598995
-41.1878 -47.6015 1.55166 0.0662765
-41.3615 -47.958 1.56149 0.0321671
-41.345 -47.6592 1.5538 0.192397
-41.0852 -47.7702 1.55578 0.0301471
-41.021 -47.5458 1.55521 0.00279483
-41.1999 -47.6717 1.55058 0.093211
-41.1999 -47.6717 1.55058 0.093211
-41.1407 -47.9223 1.55699 0.0350248
-41.3364 -47.8607 1.55224 0.143533
-41.345 -47.6592 1.5538 0.192397
-41.5001 -47.866 1.55434 0.0878443
-41.5001 -47.866 1.55434 0.0878443
-41.1768 -47.643 1.55054 0.0674491
-41.1999 -47.6717 1.55058 0.093211
-41.3579 -47.9037 1.55208 0.0987114
-41.3364 -47.8607 1.55224 0.143533
-41.3364 -47.8607 1.55224 0.143533
-41.5001 -47.866 1.55434 0.0878443
-41.1878 -47.6015 1.55166 0.0662765
-41.3615 -47.958 1.56149 0.0321671
-41.345 -47.6592 1.5538 0.192397
-41.345 -47.6592 1.5538 0.192397
-41.0852 -47.7702 1.55578 0.0301471
-41.021 -47.5458 1.55521 0.00279483
-41.3364 -47.8607 1.55224 0.143533
-41.3364 -47.8607 1.55224 0.143533
-41.345 -47.6592 1.5538 0.192397
-41.345 -47.6592 1.5538 0.192397
-41.1878 -47.6015 1.55166 0.0662765
-41.3615 -47.958 1.56149 0.0321671
-41.345 -47.6592 1.5538 0.192397
-41.1768 -47.643 1.55054 0.0674491
-41.1878 -47.6015 1.55166 0.0662765
-41.3615 -47.958 1.56149 0.0321671
-41.3615 -47.958 1.56149 0.0321671
-41.3579 -47.9037 1.55208 0.0987114
-41.3579 -47.9037 1.55208 0.0987114
-41.345 -47.6592 1.5538 0.192397
-41.5001 -47.866 1.55434 0.0878443
-41.0852 -47.7702 1.55578 0.0301471
-41.1878 -47.6015 1.55166 0.0662765
-41.3579 -47.9037 1.55208 0.0987114
-41.345 -47.6592 1.5538 0.192397
-41.3666 -47.8097 1.56033 0.0611023
-41.5228 -47.6172 1.55986 0.00598995
-41.3364 -47.8607 1.55224 0.143533
-41.3364 -47.8607 1.55224 0.143533
