-3.21756 -95.4313 3.07953 0.0956451
-3.3152 -95.5965 3.08664 0.240647
-3.3152 -95.5965 3.08664 0.240647
-3.65625 -95.5629 3.08287 0.0151022
-3.13669 -95.6944 3.0769 0.0516159
-3.13669 -95.6944 3.0769 0.0516159
-3.21756 -95.4313 3.07953 0.0956451
-3.20939 -95.3373 3.08589 0.0624149
-3.34269 -95.205 3.08221 0.00822391
-3.302 -95.6826 3.08988 0.102421
-3.302 -95.6826 3.08988 0.102421
-3.21756 -95.4313 3.07953 0.0956451
-3.21756 -95.4313 3.07953 0.0956451
-3.3152 -95.5965 3.08664 0.240647
-3.3152 -95.5965 3.08664 0.240647
-3.40076 -95.7941 3.07709 0.0927847
-3.302 -95.6826 3.08988 0.102421
-3.21756 -95.4313 3.07953 0.0956451
-3.3152 -95.5965 3.08664 0.240647
-3.3152 -95.5965 3.08664 0.240647
-3.34768 -95.3949 3.09016 0.0387735
-3.13669 -95.6944 3.0769 0.0516159
-3.3152 -95.5965 3.08664 0.240647
-3.40076 -95.7941 3.07709 0.0927847
-3.302 -95.6826 3.08988 0.102421
-3.3152 -95.5965 3.08664 0.240647
-3.3152 -95.5965 3.08664 0.240647
-3.10986 -95.3185 3.08214 0.0233352
-3.302 -95.6826 3.08988 0.102421
-3.3152 -95.5965 3.08664 0.240647
-3.3152 -95.5965 3.08664 0.240647
-3.65625 -95.5629 3.08287 0.0151022
-3.57636 -95.6446 3.08246 0.0527989
-3.3152 -95.5965 3.08664 0.240647
-3.3152 -95.5965 3.08664 0.240647
-3.34768 -95.3949 3.09016 0.0387735
-3.10986 -95.3185 3.08214 0.0233352
-3.302 -95.6826 3.08988 0.102421
-3.20939 -95.3373 3.08589 0.0624149
-3.45998 -95.4046 3.08025 0.0699274
-3.45998 -95.4046 3.08025 0.0699274
-3.57636 -95.6446 3.08246 0.0527989
-3.21756 -95.4313 3.07953 0.0956451
-3.72433 -95.6041 3.08256 0.00498463
-3.40076 -95.7941 3.07709 0.0927847
-3.56202 -95.7365 3.07735 0.0562606
-3.21756 -95.4313 3.07953 0.0956451
-3.40076 -95.7941 3.07709 0.0927847
-3.57636 -95.6446 3.08246 0.0527989
-3.13669 -95.6944 3.0769 0.0516159
-3.3152 -95.5965 3.08664 0.240647
-3.3152 -95.5965 3.08664 0.240647
-3.40076 -95.7941 3.07709 0.0927847
-3.302 -95.6826 3.08988 0.102421
-3.21756 -95.4313 3.07953 0.0956451
-3.3152 -95.5965 3.08664 0.240647
-3.40076 -95.7941 3.07709 0.0927847
-3.40076 -95.7941 3.07709 0.0927847
-3.302 -95.6826 3.08988 0.102421
-3.3152 -95.5965 3.08664 0.240647
-3.34768 -95.3949 3.09016 0.0387735
-3.302 -95.6826 3.08988 0.102421
-3.72433 -95.6041 3.08256 0.00498463
-3.3262 -95.8288 3.08951 0.034192
-3.21756 -95.4313 3.07953 0.0956451
-3.20939 -95.3373 3.08589 0.0624149
-3.10986 -95.3185 3.08214 0.0233352
-3.3152 -95.5965 3.08664 0.240647
-3.3152 -95.5965 3.08664 0.240647
-3.45998 -95.4046 3.08025 0.0699274
-3.45998 -95.4046 3.08025 0.0699274
-3.21756 -95.4313 3.07953 0.0956451
-3.3152 -95.5965 3.08664 0.240647
-3.20939 -95.3373 3.08589 0.0624149
-3.45998 -95.4046 3.08025 0.0699274
-3.302 -95.6826 3.08988 0.102421
-3.3152 -95.5965 3.08664 0.240647
-3.3152 -95.5965 3.08664 0.240647
-3.45998 -95.4046 3.08025 0.0699274
-3.21756 -95.4313 3.07953 0.0956451
-3.3152 -95.5965 3.08664 0.240647
-3.56202 -95.7365 3.07735 0.0562606
-3.45998 -95.4046 3.08025 0.0699274
-3.13669 -95.6944 3.0769 0.0516159
-3.3152 -95.5965 3.08664 0.240647
-3.56202 -95.7365 3.07735 0.0562606
-3.57636 -95.6446 3.08246 0.0527989
-3.57636 -95.6446 3.08246 0.0527989
-3.3152 -95.5965 3.08664 0.240647
-3.40076 -95.7941 3.07709 0.0927847
-3.34768 -95.3949 3.09016 0.0387735
-3.45998 -95.4046 3.08025 0.0699274
-3.3152 -95.5965 3.08664 0.240647
-3.40076 -95.7941 3.07709 0.0927847
-3.302 -95.6826 3.08988 0.102421
-3.21756 -95.4313 3.07953 0.0956451
-3.3152 -95.5965 3.08664 0.240647
-3.40076 -95.7941 3.07709 0.0927847
-3.57636 -95.6446 3.08246 0.0527989
-3.3152 -95.5965 3.08664 0.240647
