39.1254 11.6278 0.15959 0.27111
39.1254 11.6278 0.15959 0.27111
39.0613 11.5068 0.1631 0.0775969
39.2669 11.4392 0.156096 0.0536142
39.1254 11.6278 0.15959 0.27111
39.0732 11.4162 0.159398 0.0542314
39.1254 11.6278 0.15959 0.27111
39.1234 11.4151 0.160516 0.0486298
39.1955 11.4909 0.153675 0.0561194
39.0732 11.4162 0.159398 0.0542314
39.1613 11.4796 0.156969 0.143726
39.1613 11.4796 0.156969 0.143726
39.1613 11.4796 0.156969 0.143726
39.0414 11.7266 0.155341 0.0159214
39.266 11.5298 0.158583 0.107753
39.1254 11.6278 0.15959 0.27111
39.1234 11.4151 0.160516 0.0486298
39.1975 11.4295 0.15966 0.0538332
39.2669 11.4392 0.156096 0.0536142
39.1254 11.6278 0.15959 0.27111
39.0613 11.5068 0.1631 0.0775969
38.9657 11.453 0.162624 0.0308231
39.1613 11.4796 0.156969 0.143726
39.1613 11.4796 0.156969 0.143726
39.1234 11.4151 0.160516 0.0486298
39.266 11.5298 0.158583 0.107753
39.0732 11.4162 0.159398 0.0542314
39.1613 11.4796 0.156969 0.143726
39.2669 11.4392 0.156096 0.0536142
39.1955 11.4909 0.153675 0.0561194
39.0732 11.4162 0.159398 0.0542314
38.7918 11.565 0.162808 0.00383719
39.0613 11.5068 0.1631 0.0775969
39.2669 11.4392 0.156096 0.0536142
39.1254 11.6278 0.15959 0.27111
39.1975 11.4295 0.15966 0.0538332
39.1254 11.6278 0.15959 0.27111
39.1254 11.6278 0.15959 0.27111
39.1234 11.4151 0.160516 0.0486298
39.0613 11.5068 0.1631 0.0775969
39.1613 11.4796 0.156969 0.143726
39.1234 11.4151 0.160516 0.0486298
39.1975 11.4295 0.15966 0.0538332
39.1254 11.6278 0.15959 0.27111
39.0414 11.7266 0.155341 0.0159214
39.1955 11.4909 0.153675 0.0561194
38.9657 11.453 0.162624 0.0308231
39.2669 11.4392 0.156096 0.0536142
39.1254 11.6278 0.15959 0.27111
39.266 11.5298 0.158583 0.107753
39.2115 11.795 0.162178 0.0100903
39.1254 11.6278 0.15959 0.27111
39.1254 11.6278 0.15959 0.27111
39.1975 11.4295 0.15966 0.0538332
39.2976 11.6914 0.154284 0.0410384
39.1234 11.4151 0.160516 0.0486298
39.0732 11.4162 0.159398 0.0542314
39.1254 11.6278 0.15959 0.27111
39.0613 11.5068 0.1631 0.0775969
39.266 11.5298 0.158583 0.107753
39.266 11.5298 0.158583 0.107753
39.1613 11.4796 0.156969 0.143726
39.1254 11.6278 0.15959 0.27111
39.0613 11.5068 0.1631 0.0775969
39.266 11.5298 0.158583 0.107753
39.266 11.5298 0.158583 0.107753
39.2669 11.4392 0.156096 0.0536142
39.1254 11.6278 0.15959 0.27111
39.1975 11.4295 0.15966 0.0538332
39.266 11.5298 0.158583 0.107753
39.1254 11.6278 0.15959 0.27111
39.266 11.5298 0.158583 0.107753
39.1254 11.6278 0.15959 0.27111
39.1254 11.6278 0.15959 0.27111
39.1955 11.4909 0.153675 0.0561194
39.0733 11.5771 0.166579 0.011341
39.1254 11.6278 0.15959 0.27111
39.1234 11.4151 0.160516 0.0486298
39.266 11.5298 0.158583 0.107753
39.2976 11.6914 0.154284 0.0410384
39.0613 11.5068 0.1631 0.0775969
39.2669 11.4392 0.156096 0.0536142
39.0613 11.5068 0.1631 0.0775969
39.266 11.5298 0.158583 0.107753
39.2115 11.795 0.162178 0.0100903
39.1254 11.6278 0.15959 0.27111
38.9657 11.453 0.162624 0.0308231
39.1254 11.6278 0.15959 0.27111
39.266 11.5298 0.158583 0.107753
39.2115 11.795 0.162178 0.0100903
39.1234 11.4151 0.160516 0.0486298
39.1613 11.4796 0.156969 0.143726
39.1254 11.6278 0.15959 0.27111
39.0613 11.5068 0.1631 0.0775969
39.1613 11.4796 0.156969 0.143726
39.5199 11.6842 0.150953 0.000440915
39.1254 11.6278 0.15959 0.27111
39.1254 11.6278 0.15959 0.27111
39.0613 11.5068 0.1631 0.0775969
39.266 11.5298 0.158583 0.107753
