26.5163 -83.4009 3.83936 0.291669
26.7203 -83.3957 3.84885 0.0313579
26.6061 -83.3054 3.84429 0.157205
26.5163 -83.4009 3.83936 0.291669
26.5163 -83.4009 3.83936 0.291669
26.3024 -83.3763 3.83743 0.0836104
26.4399 -83.3824 3.83388 0.0378117
26.4239 -83.3365 3.84332 0.117098
26.3024 -83.3763 3.83743 0.0836104
26.4858 -83.2016 3.84048 0.0767439
26.4399 -83.3824 3.83388 0.0378117
26.7203 -83.3957 3.84885 0.0313579
26.4239 -83.3365 3.84332 0.117098
26.6061 -83.3054 3.84429 0.157205
26.4239 -83.3365 3.84332 0.117098
26.3024 -83.3763 3.83743 0.0836104
26.6694 -83.3795 3.84513 0.149202
26.6061 -83.3054 3.84429 0.157205
26.5163 -83.4009 3.83936 0.291669
26.4239 -83.3365 3.84332 0.117098
26.4858 -83.2016 3.84048 0.0767439
26.5163 -83.4009 3.83936 0.291669
26.4239 -83.3365 3.84332 0.117098
26.5326 -83.1404 3.83842 0.0193692
26.5163 -83.4009 3.83936 0.291669
26.5848 -83.0464 3.837 0.000890168
26.5163 -83.4009 3.83936 0.291669
26.6694 -83.3795 3.84513 0.149202
26.4399 -83.3824 3.83388 0.0378117
26.3024 -83.3763 3.83743 0.0836104
26.4858 -83.2016 3.84048 0.0767439
26.5232 -83.6763 3.8392 0.012016
26.4399 -83.3824 3.83388 0.0378117
26.5163 -83.4009 3.83936 0.291669
26.5163 -83.4009 3.83936 0.291669
26.8082 -83.0889 3.84051 0.000266153
26.6061 -83.3054 3.84429 0.157205
26.6061 -83.3054 3.84429 0.157205
26.4399 -83.3824 3.83388 0.0378117
26.4239 -83.3365 3.84332 0.117098
26.6061 -83.3054 3.84429 0.157205
26.5163 -83.4009 3.83936 0.291669
26.5163 -83.4009 3.83936 0.291669
26.3024 -83.3763 3.83743 0.0836104
26.5163 -83.4009 3.83936 0.291669
26.6694 -83.3795 3.84513 0.149202
26.4858 -83.2016 3.84048 0.0767439
26.5256 -83.1477 3.84774 0.00238023
26.6061 -83.3054 3.84429 0.157205
26.5163 -83.4009 3.83936 0.291669
26.6694 -83.3795 3.84513 0.149202
26.6061 -83.3054 3.84429 0.157205
26.4239 -83.3365 3.84332 0.117098
26.4858 -83.2016 3.84048 0.0767439
26.5163 -83.4009 3.83936 0.291669
26.5163 -83.4009 3.83936 0.291669
26.3024 -83.3763 3.83743 0.0836104
26.5163 -83.4009 3.83936 0.291669
26.3024 -83.3763 3.83743 0.0836104
26.3024 -83.3763 3.83743 0.0836104
26.3024 -83.3763 3.83743 0.0836104
26.5232 -83.6763 3.8392 0.012016
26.5163 -83.4009 3.83936 0.291669
26.5232 -83.6763 3.8392 0.012016
26.4239 -83.3365 3.84332 0.117098
26.4239 -83.3365 3.84332 0.117098
26.5232 -83.6763 3.8392 0.012016
26.5163 -83.4009 3.83936 0.291669
26.5163 -83.4009 3.83936 0.291669
26.6694 -83.3795 3.84513 0.149202
26.6694 -83.3795 3.84513 0.149202
26.5232 -83.6763 3.8392 0.012016
26.6061 -83.3054 3.84429 0.157205
26.3024 -83.3763 3.83743 0.0836104
26.6061 -83.3054 3.84429 0.157205
26.7203 -83.3957 3.84885 0.0313579
26.4239 -83.3365 3.84332 0.117098
26.6061 -83.3054 3.84429 0.157205
26.5163 -83.4009 3.83936 0.291669
26.6694 -83.3795 3.84513 0.149202
26.4858 -83.2016 3.84048 0.0767439
26.5163 -83.4009 3.83936 0.291669
26.6061 -83.3054 3.84429 0.157205
26.6061 -83.3054 3.84429 0.157205
26.5163 -83.4009 3.83936 0.291669
26.7203 -83.3957 3.84885 0.0313579
26.6694 -83.3795 3.84513 0.149202
26.6061 -83.3054 3.84429 0.157205
26.4239 -83.3365 3.84332 0.117098
26.6694 -83.3795 3.84513 0.149202
26.5163 -83.4009 3.83936 0.291669
26.5163 -83.4009 3.83936 0.291669
26.5163 -83.4009 3.83936 0.291669
26.6061 -83.3054 3.84429 0.157205
26.4399 -83.3824 3.83388 0.0378117
26.5163 -83.4009 3.83936 0.291669
26.3024 -83.3763 3.83743 0.0836104
26.6061 -83.3054 3.84429 0.157205
26.7535 -83.7014 3.8477 0.00172739
26.5163 -83.4009 3.83936 0.291669
