158.29 -11.9694 3.3005 0.393795
157.979 -12.0176 3.29395 0.0544343
157.979 -12.0176 3.29395 0.0544343
158.275 -12.233 3.29738 0.148514
158.29 -11.9694 3.3005 0.393795
158.275 -12.233 3.29738 0.148514
158.149 -11.869 3.29719 0.130247
157.952 -12.0613 3.28856 0.0205381
158.049 -12.1805 3.2898 0.0261245
158.29 -11.9694 3.3005 0.393795
158.149 -11.869 3.29719 0.130247
158.29 -11.9694 3.3005 0.393795
158.29 -11.9694 3.3005 0.393795
158.149 -11.869 3.29719 0.130247
158.29 -11.9694 3.3005 0.393795
158.275 -12.233 3.29738 0.148514
158.001 -12.0309 3.29385 0.0808029
158.29 -11.9694 3.3005 0.393795
158.29 -11.9694 3.3005 0.393795
158.275 -12.233 3.29738 0.148514
158.29 -11.9694 3.3005 0.393795
158.275 -12.233 3.29738 0.148514
158.149 -11.869 3.29719 0.130247
157.979 -12.0176 3.29395 0.0544343
158.29 -11.9694 3.3005 0.393795
158.149 -11.869 3.29719 0.130247
158.29 -11.9694 3.3005 0.393795
158.275 -12.233 3.29738 0.148514
158.29 -11.9694 3.3005 0.393795
158.455 -12.0633 3.30792 0.0206797
158.001 -12.0309 3.29385 0.0808029
158.001 -12.0309 3.29385 0.0808029
158.29 -11.9694 3.3005 0.393795
158.275 -12.233 3.29738 0.148514
158.149 -11.869 3.29719 0.130247
157.979 -12.0176 3.29395 0.0544343
157.979 -12.0176 3.29395 0.0544343
158.149 -11.869 3.29719 0.130247
158.29 -11.9694 3.3005 0.393795
158.29 -11.9694 3.3005 0.393795
158.275 -12.233 3.29738 0.148514
158.029 -12.0985 3.30359 0.000434158
158.001 -12.0309 3.29385 0.0808029
158.29 -11.9694 3.3005 0.393795
158.275 -12.233 3.29738 0.148514
158.005 -12.263 3.29371 0.00860719
158.29 -11.9694 3.3005 0.393795
157.895 -11.7982 3.28773 0.00176451
158.455 -12.0633 3.30792 0.0206797
158.29 -11.9694 3.3005 0.393795
158.149 -11.869 3.29719 0.130247
158.29 -11.9694 3.3005 0.393795
157.979 -12.0176 3.29395 0.0544343
158.149 -11.869 3.29719 0.130247
158.032 -12.1207 3.29684 0.0475304
158.29 -11.9694 3.3005 0.393795
158.049 -12.1805 3.2898 0.0261245
158.275 -12.233 3.29738 0.148514
158.275 -12.233 3.29738 0.148514
158.149 -11.869 3.29719 0.130247
158.29 -11.9694 3.3005 0.393795
158.29 -11.9694 3.3005 0.393795
158.29 -11.9694 3.3005 0.393795
157.952 -12.0613 3.28856 0.0205381
158.001 -12.0309 3.29385 0.0808029
158.379 -12.2046 3.29207 0.0138628
158.455 -12.0633 3.30792 0.0206797
158.29 -11.9694 3.3005 0.393795
158.29 -11.9694 3.3005 0.393795
158.275 -12.233 3.29738 0.148514
158.014 -11.9399 3.30076 0.00296272
158.014 -11.9399 3.30076 0.00296272
158.29 -11.9694 3.3005 0.393795
158.29 -11.9694 3.3005 0.393795
158.29 -11.9694 3.3005 0.393795
158.149 -11.869 3.29719 0.130247
158.149 -11.869 3.29719 0.130247
157.979 -12.0176 3.29395 0.0544343
158.001 -12.0309 3.29385 0.0808029
158.275 -12.233 3.29738 0.148514
158.29 -11.9694 3.3005 0.393795
158.29 -11.9694 3.3005 0.393795
158.29 -11.9694 3.3005 0.393795
158.29 -11.9694 3.3005 0.393795
158.032 -12.1207 3.29684 0.0475304
158.275 -12.233 3.29738 0.148514
158.29 -11.9694 3.3005 0.393795
158.149 -11.869 3.29719 0.130247
158.275 -12.233 3.29738 0.148514
158.149 -11.869 3.29719 0.130247
158.001 -12.0309 3.29385 0.0808029
158.001 -12.0309 3.29385 0.0808029
158.049 -12.1805 3.2898 0.0261245
158.455 -12.0633 3.30792 0.0206797
158.29 -11.9694 3.3005 0.393795
158.29 -11.9694 3.3005 0.393795
158.054 -12.2452 3.29081 0.0141013
158.29 -11.9694 3.3005 0.393795
158.29 -11.9694 3.3005 0.393795
158.29 -11.9694 3.3005 0.393795
