111.546 19.1411 0.0568617 0.0315338
111.61 19.0176 0.0600892 0.020916
111.472 19.1381 0.0552321 0.0518134
111.374 18.6569 0.0640941 0.0139417
111.426 18.8992 0.0587506 0.125599
111.358 19.1047 0.0657716 0.0321958
111.42 19.1122 0.0633814 0.0452456
111.213 18.8727 0.0602751 0.100064
111.43 19.1028 0.0596799 0.0894066
111.115 18.9981 0.0634532 0.0536388
111.115 18.9981 0.0634532 0.0536388
111.327 18.993 0.0647128 0.10662
111.667 19.0614 0.0571279 0.00995316
111.55 18.9369 0.0697209 0.00179027
111.475 18.9204 0.0680954 0.0133061
111.213 18.8727 0.0602751 0.100064
111.43 19.1028 0.0596799 0.0894066
111.43 19.1028 0.0596799 0.0894066
111.327 18.993 0.0647128 0.10662
111.426 18.8992 0.0587506 0.125599
111.581 19.0269 0.0646766 0.00889718
111.244 18.7831 0.0591252 0.0501557
111.213 18.8727 0.0602751 0.100064
111.236 19.1875 0.0588619 0.0369145
111.43 19.1028 0.0596799 0.0894066
111.575 19.0088 0.05253 0.0225722
111.327 18.993 0.0647128 0.10662
111.426 18.8992 0.0587506 0.125599
111.426 18.8992 0.0587506 0.125599
111.601 18.9256 0.0657273 0.00558625
111.475 18.9204 0.0680954 0.0133061
111.61 19.0176 0.0600892 0.020916
111.575 19.0088 0.05253 0.0225722
111.327 18.993 0.0647128 0.10662
111.581 19.0269 0.0646766 0.00889718
111.502 19.0432 0.0637793 0.0332238
111.213 18.8727 0.0602751 0.100064
111.61 19.0176 0.0600892 0.020916
111.472 19.1381 0.0552321 0.0518134
111.374 18.6569 0.0640941 0.0139417
111.327 18.993 0.0647128 0.10662
111.327 18.993 0.0647128 0.10662
111.426 18.8992 0.0587506 0.125599
111.244 18.7831 0.0591252 0.0501557
111.42 19.1122 0.0633814 0.0452456
111.213 18.8727 0.0602751 0.100064
111.43 19.1028 0.0596799 0.0894066
111.43 19.1028 0.0596799 0.0894066
111.499 18.7034 0.0630443 0.0114979
111.115 18.9981 0.0634532 0.0536388
111.115 18.9981 0.0634532 0.0536388
111.426 18.8992 0.0587506 0.125599
111.502 19.0432 0.0637793 0.0332238
111.42 19.1122 0.0633814 0.0452456
111.2 19.1287 0.06515 0.0296539
111.213 18.8727 0.0602751 0.100064
111.236 19.1875 0.0588619 0.0369145
111.575 19.0088 0.05253 0.0225722
111.327 18.993 0.0647128 0.10662
111.426 18.8992 0.0587506 0.125599
111.426 18.8992 0.0587506 0.125599
111.502 19.0432 0.0637793 0.0332238
111.546 19.1411 0.0568617 0.0315338
111.213 18.8727 0.0602751 0.100064
111.213 18.8727 0.0602751 0.100064
111.61 19.0176 0.0600892 0.020916
111.494 19.0365 0.0715622 0.000734802
111.426 18.8992 0.0587506 0.125599
111.426 18.8992 0.0587506 0.125599
111.244 18.7831 0.0591252 0.0501557
111.42 19.1122 0.0633814 0.0452456
111.546 19.1411 0.0568617 0.0315338
111.213 18.8727 0.0602751 0.100064
111.61 19.0176 0.0600892 0.020916
111.43 19.1028 0.0596799 0.0894066
111.575 19.0088 0.05253 0.0225722
111.327 18.993 0.0647128 0.10662
111.327 18.993 0.0647128 0.10662
111.581 19.0269 0.0646766 0.00889718
111.358 19.1047 0.0657716 0.0321958
111.213 18.8727 0.0602751 0.100064
111.236 19.1875 0.0588619 0.0369145
111.429 19.2596 0.0642023 0.0041706
111.115 18.9981 0.0634532 0.0536388
111.327 18.993 0.0647128 0.10662
111.426 18.8992 0.0587506 0.125599
111.358 19.1047 0.0657716 0.0321958
111.42 19.1122 0.0633814 0.0452456
111.213 18.8727 0.0602751 0.100064
111.43 19.1028 0.0596799 0.0894066
111.115 18.9981 0.0634532 0.0536388
111.22 18.6941 0.0677424 0.0165353
111.327 18.993 0.0647128 0.10662
111.581 19.0269 0.0646766 0.00889718
111.502 19.0432 0.0637793 0.0332238
111.42 19.1122 0.0633814 0.0452456
111.213 18.8727 0.0602751 0.100064
111.472 19.1381 0.0552321 0.0518134
111.327 18.993 0.0647128 0.10662
111.327 18.993 0.0647128 0.10662
