275.621 17.6914 5.28868 0.255516
275.33 17.4544 5.29594 0.00639057
275.663 17.7201 5.28928 0.166607
275.426 17.6102 5.28925 0.335723
275.426 17.6102 5.28925 0.335723
275.663 17.7201 5.28928 0.166607
275.426 17.6102 5.28925 0.335723
275.426 17.6102 5.28925 0.335723
275.426 17.6102 5.28925 0.335723
275.587 17.7403 5.2834 0.0391953
275.426 17.6102 5.28925 0.335723
275.426 17.6102 5.28925 0.335723
275.486 17.9893 5.28835 0.0081793
275.33 17.4544 5.29594 0.00639057
275.822 17.792 5.28974 0.00391988
275.692 17.8295 5.29286 0.1066
275.663 17.7201 5.28928 0.166607
275.692 17.8295 5.29286 0.1066
275.426 17.6102 5.28925 0.335723
275.426 17.6102 5.28925 0.335723
275.621 17.6914 5.28868 0.255516
275.57 17.8131 5.285 0.0450333
275.692 17.8295 5.29286 0.1066
275.587 17.7403 5.2834 0.0391953
275.621 17.6914 5.28868 0.255516
275.426 17.6102 5.28925 0.335723
275.57 17.8131 5.285 0.0450333
275.692 17.8295 5.29286 0.1066
275.57 17.8131 5.285 0.0450333
275.663 17.7201 5.28928 0.166607
275.692 17.8295 5.29286 0.1066
275.426 17.6102 5.28925 0.335723
275.426 17.6102 5.28925 0.335723
275.621 17.6914 5.28868 0.255516
275.426 17.6102 5.28925 0.335723
275.621 17.6914 5.28868 0.255516
275.621 17.6914 5.28868 0.255516
275.692 17.8295 5.29286 0.1066
275.426 17.6102 5.28925 0.335723
275.663 17.7201 5.28928 0.166607
275.692 17.8295 5.29286 0.1066
275.426 17.6102 5.28925 0.335723
275.663 17.7201 5.28928 0.166607
275.621 17.6914 5.28868 0.255516
275.621 17.6914 5.28868 0.255516
275.663 17.7201 5.28928 0.166607
275.621 17.6914 5.28868 0.255516
275.692 17.8295 5.29286 0.1066
275.663 17.7201 5.28928 0.166607
275.621 17.6914 5.28868 0.255516
275.426 17.6102 5.28925 0.335723
275.57 17.8131 5.285 0.0450333
275.621 17.6914 5.28868 0.255516
275.621 17.6914 5.28868 0.255516
275.621 17.6914 5.28868 0.255516
275.426 17.6102 5.28925 0.335723
275.621 17.6914 5.28868 0.255516
275.426 17.6102 5.28925 0.335723
275.621 17.6914 5.28868 0.255516
275.621 17.6914 5.28868 0.255516
275.426 17.6102 5.28925 0.335723
275.486 17.9893 5.28835 0.0081793
275.692 17.8295 5.29286 0.1066
275.426 17.6102 5.28925 0.335723
275.771 17.9295 5.29867 0.00769803
275.57 17.8131 5.285 0.0450333
275.621 17.6914 5.28868 0.255516
275.771 17.9295 5.29867 0.00769803
275.692 17.8295 5.29286 0.1066
275.663 17.7201 5.28928 0.166607
275.426 17.6102 5.28925 0.335723
275.486 17.9893 5.28835 0.0081793
275.663 17.7201 5.28928 0.166607
275.621 17.6914 5.28868 0.255516
275.426 17.6102 5.28925 0.335723
275.426 17.6102 5.28925 0.335723
275.621 17.6914 5.28868 0.255516
275.426 17.6102 5.28925 0.335723
275.587 17.7403 5.2834 0.0391953
275.426 17.6102 5.28925 0.335723
275.621 17.6914 5.28868 0.255516
275.621 17.6914 5.28868 0.255516
275.426 17.6102 5.28925 0.335723
275.621 17.6914 5.28868 0.255516
275.426 17.6102 5.28925 0.335723
275.692 17.8295 5.29286 0.1066
275.692 17.8295 5.29286 0.1066
275.663 17.7201 5.28928 0.166607
275.621 17.6914 5.28868 0.255516
275.426 17.6102 5.28925 0.335723
275.663 17.7201 5.28928 0.166607
275.621 17.6914 5.28868 0.255516
275.57 17.8131 5.285 0.0450333
275.621 17.6914 5.28868 0.255516
275.426 17.6102 5.28925 0.335723
275.33 17.4544 5.29594 0.00639057
275.621 17.6914 5.28868 0.255516
275.692 17.8295 5.29286 0.1066
275.426 17.6102 5.28925 0.335723
275.587 17.7403 5.2834 0.0391953
