59.5154 -53.9318 3.90671 0.132264
59.5154 -53.9318 3.90671 0.132264
59.5119 -53.8476 3.90324 0.18957
59.5119 -53.8476 3.90324 0.18957
59.5096 -53.8752 3.9 0.082599
59.5327 -53.954 3.89959 0.0829526
59.5154 -53.9318 3.90671 0.132264
59.5154 -53.9318 3.90671 0.132264
59.4856 -53.7997 3.90872 0.0830835
59.5389 -53.8168 3.90703 0.231975
59.5096 -53.8752 3.9 0.082599
59.5119 -53.8476 3.90324 0.18957
59.5389 -53.8168 3.90703 0.231975
59.4811 -54.0478 3.90299 0.0344165
59.4408 -54.0255 3.90925 0.00361862
59.4856 -53.7997 3.90872 0.0830835
59.4394 -53.7346 3.9003 0.00923075
59.4811 -54.0478 3.90299 0.0344165
59.6856 -54.017 3.90558 0.0808829
59.5154 -53.9318 3.90671 0.132264
59.5389 -53.8168 3.90703 0.231975
59.5389 -53.8168 3.90703 0.231975
59.5389 -53.8168 3.90703 0.231975
59.6856 -54.017 3.90558 0.0808829
59.5154 -53.9318 3.90671 0.132264
59.5154 -53.9318 3.90671 0.132264
59.5389 -53.8168 3.90703 0.231975
59.4811 -54.0478 3.90299 0.0344165
59.5327 -53.954 3.89959 0.0829526
59.5389 -53.8168 3.90703 0.231975
59.6856 -54.017 3.90558 0.0808829
59.5119 -53.8476 3.90324 0.18957
59.5389 -53.8168 3.90703 0.231975
59.5922 -54.1267 3.89942 0.0111948
59.5327 -53.954 3.89959 0.0829526
59.5154 -53.9318 3.90671 0.132264
59.5154 -53.9318 3.90671 0.132264
59.5389 -53.8168 3.90703 0.231975
59.6856 -54.017 3.90558 0.0808829
59.5119 -53.8476 3.90324 0.18957
59.5389 -53.8168 3.90703 0.231975
59.4811 -54.0478 3.90299 0.0344165
59.5119 -53.8476 3.90324 0.18957
59.5119 -53.8476 3.90324 0.18957
59.5389 -53.8168 3.90703 0.231975
59.5327 -53.954 3.89959 0.0829526
59.5119 -53.8476 3.90324 0.18957
59.4856 -53.7997 3.90872 0.0830835
59.4811 -54.0478 3.90299 0.0344165
59.5327 -53.954 3.89959 0.0829526
59.5119 -53.8476 3.90324 0.18957
59.5389 -53.8168 3.90703 0.231975
59.6856 -54.017 3.90558 0.0808829
59.6856 -54.017 3.90558 0.0808829
59.6856 -54.017 3.90558 0.0808829
59.5119 -53.8476 3.90324 0.18957
59.5389 -53.8168 3.90703 0.231975
59.5096 -53.8752 3.9 0.082599
59.5154 -53.9318 3.90671 0.132264
59.4856 -53.7997 3.90872 0.0830835
59.5389 -53.8168 3.90703 0.231975
59.6856 -54.017 3.90558 0.0808829
59.5327 -53.954 3.89959 0.0829526
59.5154 -53.9318 3.90671 0.132264
59.5389 -53.8168 3.90703 0.231975
59.4394 -53.7346 3.9003 0.00923075
59.6856 -54.017 3.90558 0.0808829
59.5327 -53.954 3.89959 0.0829526
59.5154 -53.9318 3.90671 0.132264
59.4856 -53.7997 3.90872 0.0830835
59.5096 -53.8752 3.9 0.082599
59.5096 -53.8752 3.9 0.082599
59.5792 -54.1329 3.9112 0.000296701
59.5119 -53.8476 3.90324 0.18957
59.5389 -53.8168 3.90703 0.231975
59.6856 -54.017 3.90558 0.0808829
59.5327 -53.954 3.89959 0.0829526
59.4856 -53.7997 3.90872 0.0830835
59.4856 -53.7997 3.90872 0.0830835
59.5096 -53.8752 3.9 0.082599
59.6856 -54.017 3.90558 0.0808829
59.7059 -53.8951 3.89531 0.00251716
59.5119 -53.8476 3.90324 0.18957
59.5389 -53.8168 3.90703 0.231975
59.5096 -53.8752 3.9 0.082599
59.5154 -53.9318 3.90671 0.132264
59.5389 -53.8168 3.90703 0.231975
59.6856 -54.017 3.90558 0.0808829
59.5119 -53.8476 3.90324 0.18957
59.5389 -53.8168 3.90703 0.231975
59.5389 -53.8168 3.90703 0.231975
59.4811 -54.0478 3.90299 0.0344165
59.6856 -54.017 3.90558 0.0808829
59.5119 -53.8476 3.90324 0.18957
59.5119 -53.8476 3.90324 0.18957
59.4856 -53.7997 3.90872 0.0830835
59.5389 -53.8168 3.90703 0.231975
59.6092 -54.0988 3.90563 0.0187016
59.5154 -53.9318 3.90671 0.132264
59.4856 -53.7997 3.90872 0.0830835
