118.103 18.7747 0.0782059 0.192727
117.998 18.8991 0.0708159 0.0648131
118.099 18.8266 0.0802531 0.147442
118.082 19.0194 0.0759138 0.0655181
118.206 18.8751 0.0697614 0.0553355
118.21 18.9174 0.0826906 0.0193633
118.189 18.97 0.0725778 0.0584053
118.099 18.8266 0.0802531 0.147442
117.999 18.7676 0.0742781 0.170523
118.103 18.7747 0.0782059 0.192727
118.103 18.7747 0.0782059 0.192727
118.452 18.7825 0.0705582 0.003304
118.108 18.8732 0.0689744 0.0553625
118.082 19.0194 0.0759138 0.0655181
118.206 18.8751 0.0697614 0.0553355
118.206 18.8751 0.0697614 0.0553355
118.103 18.7747 0.0782059 0.192727
118.103 18.7747 0.0782059 0.192727
117.998 18.8991 0.0708159 0.0648131
118.099 18.8266 0.0802531 0.147442
118.099 18.8266 0.0802531 0.147442
117.999 18.7676 0.0742781 0.170523
118.255 18.733 0.0710487 0.047203
118.103 18.7747 0.0782059 0.192727
118.103 18.7747 0.0782059 0.192727
118.099 18.8266 0.0802531 0.147442
117.999 18.7676 0.0742781 0.170523
118.206 18.8751 0.0697614 0.0553355
118.103 18.7747 0.0782059 0.192727
118.103 18.7747 0.0782059 0.192727
118.099 18.8266 0.0802531 0.147442
118.397 18.928 0.0763072 0.00530329
117.999 18.7676 0.0742781 0.170523
118.103 18.7747 0.0782059 0.192727
118.103 18.7747 0.0782059 0.192727
118.099 18.8266 0.0802531 0.147442
117.999 18.7676 0.0742781 0.170523
118.255 18.733 0.0710487 0.047203
118.103 18.7747 0.0782059 0.192727
118.099 18.8266 0.0802531 0.147442
117.926 18.9406 0.0877504 0.0102362
118.108 18.8732 0.0689744 0.0553625
118.255 18.733 0.0710487 0.047203
118.103 18.7747 0.0782059 0.192727
118.099 18.8266 0.0802531 0.147442
117.999 18.7676 0.0742781 0.170523
118.103 18.7747 0.0782059 0.192727
118.099 18.8266 0.0802531 0.147442
117.967 19.1048 0.0775395 0.0173158
117.999 18.7676 0.0742781 0.170523
118.206 18.8751 0.0697614 0.0553355
117.998 18.8991 0.0708159 0.0648131
118.099 18.8266 0.0802531 0.147442
117.999 18.7676 0.0742781 0.170523
118.103 18.7747 0.0782059 0.192727
118.103 18.7747 0.0782059 0.192727
118.103 18.7747 0.0782059 0.192727
118.099 18.8266 0.0802531 0.147442
118.108 18.8732 0.0689744 0.0553625
118.206 18.8751 0.0697614 0.0553355
117.998 18.8991 0.0708159 0.0648131
118.21 18.9174 0.0826906 0.0193633
118.099 18.8266 0.0802531 0.147442
117.999 18.7676 0.0742781 0.170523
118.103 18.7747 0.0782059 0.192727
118.103 18.7747 0.0782059 0.192727
118.189 18.97 0.0725778 0.0584053
118.099 18.8266 0.0802531 0.147442
117.999 18.7676 0.0742781 0.170523
118.103 18.7747 0.0782059 0.192727
117.998 18.8991 0.0708159 0.0648131
118.262 18.9678 0.0643948 0.00344001
118.082 19.0194 0.0759138 0.0655181
117.999 18.7676 0.0742781 0.170523
118.103 18.7747 0.0782059 0.192727
118.189 18.97 0.0725778 0.0584053
118.189 18.97 0.0725778 0.0584053
118.108 18.8732 0.0689744 0.0553625
117.999 18.7676 0.0742781 0.170523
118.206 18.8751 0.0697614 0.0553355
118.103 18.7747 0.0782059 0.192727
118.189 18.97 0.0725778 0.0584053
118.099 18.8266 0.0802531 0.147442
118.099 18.8266 0.0802531 0.147442
117.999 18.7676 0.0742781 0.170523
118.262 19.0524 0.0761899 0.0125287
117.998 18.8991 0.0708159 0.0648131
117.998 18.8991 0.0708159 0.0648131
118.108 18.8732 0.0689744 0.0553625
117.999 18.7676 0.0742781 0.170523
117.999 18.7676 0.0742781 0.170523
117.999 18.7676 0.0742781 0.170523
117.999 18.7676 0.0742781 0.170523
117.998 18.8991 0.0708159 0.0648131
117.998 18.8991 0.0708159 0.0648131
117.83 19.0118 0.0733471 0.0110701
117.999 18.7676 0.0742781 0.170523
118.322 18.7347 0.0807004 0.00948179
118.262 19.0524 0.0761899 0.0125287
118.262 19.0524 0.0761899 0.0125287
