276.109 -4.43372 4.29504 0.258091
276.04 -4.27922 4.28985 0.0569702
276.088 -4.53688 4.29309 0.177036
276.088 -4.53688 4.29309 0.177036
276.124 -4.39237 4.28941 0.10308
276.261 -4.43937 4.28831 0.0111539
276.171 -4.04508 4.30153 0.000736794
276.124 -4.39237 4.28941 0.10308
276.109 -4.43372 4.29504 0.258091
276.109 -4.43372 4.29504 0.258091
276.117 -4.61789 4.29149 0.0664609
276.386 -4.4117 4.3009 0.0871023
276.47 -4.41341 4.303 0.0367881
276.261 -4.43937 4.28831 0.0111539
276.386 -4.4117 4.3009 0.0871023
276.088 -4.53688 4.29309 0.177036
276.088 -4.53688 4.29309 0.177036
276.124 -4.39237 4.28941 0.10308
276.109 -4.43372 4.29504 0.258091
276.386 -4.4117 4.3009 0.0871023
276.47 -4.41341 4.303 0.0367881
276.109 -4.43372 4.29504 0.258091
276.109 -4.43372 4.29504 0.258091
276.244 -4.63946 4.29519 0.0324372
276.124 -4.39237 4.28941 0.10308
276.109 -4.43372 4.29504 0.258091
276.109 -4.43372 4.29504 0.258091
276.088 -4.53688 4.29309 0.177036
276.464 -4.38553 4.30572 0.0440282
276.109 -4.43372 4.29504 0.258091
276.04 -4.27922 4.28985 0.0569702
276.088 -4.53688 4.29309 0.177036
276.109 -4.43372 4.29504 0.258091
276.088 -4.53688 4.29309 0.177036
276.371 -4.60372 4.29863 0.0210739
276.261 -4.43937 4.28831 0.0111539
276.088 -4.53688 4.29309 0.177036
276.464 -4.38553 4.30572 0.0440282
276.109 -4.43372 4.29504 0.258091
276.109 -4.43372 4.29504 0.258091
276.04 -4.27922 4.28985 0.0569702
276.124 -4.39237 4.28941 0.10308
276.117 -4.61789 4.29149 0.0664609
276.386 -4.4117 4.3009 0.0871023
276.088 -4.53688 4.29309 0.177036
276.371 -4.60372 4.29863 0.0210739
276.109 -4.43372 4.29504 0.258091
276.386 -4.4117 4.3009 0.0871023
276.386 -4.4117 4.3009 0.0871023
276.403 -4.43418 4.29341 0.00722372
276.109 -4.43372 4.29504 0.258091
276.088 -4.53688 4.29309 0.177036
276.109 -4.43372 4.29504 0.258091
276.04 -4.27922 4.28985 0.0569702
276.124 -4.39237 4.28941 0.10308
276.109 -4.43372 4.29504 0.258091
276.04 -4.27922 4.28985 0.0569702
276.124 -4.39237 4.28941 0.10308
276.261 -4.43937 4.28831 0.0111539
276.088 -4.53688 4.29309 0.177036
276.088 -4.53688 4.29309 0.177036
276.109 -4.43372 4.29504 0.258091
276.386 -4.4117 4.3009 0.0871023
276.47 -4.41341 4.303 0.0367881
276.109 -4.43372 4.29504 0.258091
276.088 -4.53688 4.29309 0.177036
276.088 -4.53688 4.29309 0.177036
276.088 -4.53688 4.29309 0.177036
276.109 -4.43372 4.29504 0.258091
276.293 -4.40969 4.28921 0.00869412
276.088 -4.53688 4.29309 0.177036
276.109 -4.43372 4.29504 0.258091
276.04 -4.27922 4.28985 0.0569702
276.04 -4.27922 4.28985 0.0569702
276.47 -4.41341 4.303 0.0367881
276.109 -4.43372 4.29504 0.258091
276.244 -4.63946 4.29519 0.0324372
276.088 -4.53688 4.29309 0.177036
276.464 -4.38553 4.30572 0.0440282
276.109 -4.43372 4.29504 0.258091
276.397 -4.57556 4.30241 0.0278818
276.124 -4.39237 4.28941 0.10308
276.109 -4.43372 4.29504 0.258091
276.386 -4.4117 4.3009 0.0871023
276.109 -4.43372 4.29504 0.258091
276.261 -4.43937 4.28831 0.0111539
276.088 -4.53688 4.29309 0.177036
276.088 -4.53688 4.29309 0.177036
276.109 -4.43372 4.29504 0.258091
276.109 -4.43372 4.29504 0.258091
276.04 -4.27922 4.28985 0.0569702
276.397 -4.57556 4.30241 0.0278818
276.088 -4.53688 4.29309 0.177036
276.47 -4.41341 4.303 0.0367881
276.117 -4.61789 4.29149 0.0664609
276.088 -4.53688 4.29309 0.177036
276.124 -4.39237 4.28941 0.10308
276.117 -4.61789 4.29149 0.0664609
276.397 -4.57556 4.30241 0.0278818
276.088 -4.53688 4.29309 0.177036
