270.161 23.3462 5.62049 0.0295551
270.421 23.2368 5.62269 0.196029
270.381 23.3342 5.63059 0.1736
270.206 23.4307 5.62393 0.0636625
270.485 23.322 5.62841 0.0771309
270.421 23.2368 5.62269 0.196029
270.527 23.1624 5.62628 0.0255358
270.391 23.416 5.62176 0.0928624
270.161 23.3462 5.62049 0.0295551
270.421 23.2368 5.62269 0.196029
270.421 23.2368 5.62269 0.196029
270.421 23.2368 5.62269 0.196029
270.421 23.2368 5.62269 0.196029
270.527 23.1624 5.62628 0.0255358
270.381 23.3342 5.63059 0.1736
270.381 23.3342 5.63059 0.1736
270.391 23.416 5.62176 0.0928624
270.315 23.386 5.61969 0.0780516
270.145 23.0738 5.6214 0.0064504
270.421 23.2368 5.62269 0.196029
270.381 23.3342 5.63059 0.1736
270.391 23.416 5.62176 0.0928624
270.391 23.416 5.62176 0.0928624
270.562 23.3068 5.6318 0.00633736
270.485 23.322 5.62841 0.0771309
270.161 23.3462 5.62049 0.0295551
270.421 23.2368 5.62269 0.196029
270.549 23.4474 5.62759 0.0096363
270.381 23.3342 5.63059 0.1736
270.391 23.416 5.62176 0.0928624
270.206 23.4307 5.62393 0.0636625
270.485 23.322 5.62841 0.0771309
270.485 23.322 5.62841 0.0771309
270.421 23.2368 5.62269 0.196029
270.527 23.1624 5.62628 0.0255358
270.387 23.037 5.61873 0.0111106
270.391 23.416 5.62176 0.0928624
270.391 23.416 5.62176 0.0928624
270.391 23.416 5.62176 0.0928624
270.161 23.3462 5.62049 0.0295551
270.527 23.1624 5.62628 0.0255358
270.381 23.3342 5.63059 0.1736
270.391 23.416 5.62176 0.0928624
270.087 23.1982 5.62956 0.0284
270.336 23.5552 5.62047 0.00520001
270.277 23.4267 5.63714 0.0223216
270.421 23.2368 5.62269 0.196029
270.527 23.1624 5.62628 0.0255358
270.381 23.3342 5.63059 0.1736
270.381 23.3342 5.63059 0.1736
270.485 23.322 5.62841 0.0771309
270.277 23.4267 5.63714 0.0223216
270.421 23.2368 5.62269 0.196029
270.381 23.3342 5.63059 0.1736
270.381 23.3342 5.63059 0.1736
270.416 23.0884 5.61756 0.0189345
270.485 23.322 5.62841 0.0771309
270.527 23.1624 5.62628 0.0255358
270.314 23.2398 5.61333 0.00931057
270.391 23.416 5.62176 0.0928624
270.485 23.322 5.62841 0.0771309
270.149 23.1538 5.62786 0.0509469
270.421 23.2368 5.62269 0.196029
270.421 23.2368 5.62269 0.196029
270.421 23.2368 5.62269 0.196029
270.317 23.4578 5.63672 0.0160686
270.381 23.3342 5.63059 0.1736
270.272 23.1759 5.6158 0.0178648
270.149 23.1538 5.62786 0.0509469
270.421 23.2368 5.62269 0.196029
270.241 23.4746 5.63908 0.00584606
270.391 23.416 5.62176 0.0928624
269.94 23.283 5.62583 0.000650843
270.485 23.322 5.62841 0.0771309
270.485 23.322 5.62841 0.0771309
270.527 23.1624 5.62628 0.0255358
270.387 23.037 5.61873 0.0111106
270.391 23.416 5.62176 0.0928624
270.562 23.3068 5.6318 0.00633736
270.161 23.3462 5.62049 0.0295551
270.421 23.2368 5.62269 0.196029
270.421 23.2368 5.62269 0.196029
270.527 23.1624 5.62628 0.0255358
270.391 23.416 5.62176 0.0928624
270.485 23.322 5.62841 0.0771309
270.421 23.2368 5.62269 0.196029
270.421 23.2368 5.62269 0.196029
270.381 23.3342 5.63059 0.1736
270.381 23.3342 5.63059 0.1736
270.206 23.4307 5.62393 0.0636625
270.421 23.2368 5.62269 0.196029
270.527 23.1624 5.62628 0.0255358
270.416 23.0884 5.61756 0.0189345
270.087 23.1982 5.62956 0.0284
270.315 23.386 5.61969 0.0780516
270.315 23.386 5.61969 0.0780516
270.161 23.3462 5.62049 0.0295551
270.277 23.4267 5.63714 0.0223216
270.421 23.2368 5.62269 0.196029
270.381 23.3342 5.63059 0.1736
