213.342 26.6875 0.0737577 0.169754
213.187 26.6976 0.0700473 0.224349
213.422 26.5703 0.0675346 0.160257
213.342 26.6875 0.0737577 0.169754
213.187 26.6976 0.0700473 0.224349
213.065 26.6517 0.070752 0.0805522
213.422 26.5703 0.0675346 0.160257
213.342 26.6875 0.0737577 0.169754
213.187 26.6976 0.0700473 0.224349
213.422 26.5703 0.0675346 0.160257
213.607 26.5663 0.0640904 0.00382077
213.115 26.5024 0.0665776 0.0485416
213.131 26.8604 0.073905 0.0202203
213.339 26.5141 0.0625744 0.0366573
213.187 26.6976 0.0700473 0.224349
213.083 26.6339 0.0646144 0.0114997
213.422 26.5703 0.0675346 0.160257
213.115 26.5024 0.0665776 0.0485416
213.187 26.6976 0.0700473 0.224349
213.187 26.6976 0.0700473 0.224349
213.187 26.6976 0.0700473 0.224349
213.187 26.6976 0.0700473 0.224349
213.179 26.4846 0.0615199 0.00598423
213.043 26.5382 0.0730595 0.0504988
213.187 26.6976 0.0700473 0.224349
213.187 26.6976 0.0700473 0.224349
213.422 26.5703 0.0675346 0.160257
213.339 26.5141 0.0625744 0.0366573
213.187 26.6976 0.0700473 0.224349
213.422 26.5703 0.0675346 0.160257
213.043 26.5382 0.0730595 0.0504988
213.187 26.6976 0.0700473 0.224349
213.187 26.6976 0.0700473 0.224349
213.115 26.8602 0.0729737 0.0179351
213.115 26.5024 0.0665776 0.0485416
213.339 26.5141 0.0625744 0.0366573
213.342 26.6875 0.0737577 0.169754
213.187 26.6976 0.0700473 0.224349
213.065 26.6517 0.070752 0.0805522
213.634 26.4498 0.0688127 0.00143602
213.339 26.5141 0.0625744 0.0366573
213.342 26.6875 0.0737577 0.169754
213.187 26.6976 0.0700473 0.224349
213.115 26.5024 0.0665776 0.0485416
213.342 26.6875 0.0737577 0.169754
213.342 26.6875 0.0737577 0.169754
213.187 26.6976 0.0700473 0.224349
213.422 26.5703 0.0675346 0.160257
213.209 26.8221 0.0680443 0.032869
213.115 26.5024 0.0665776 0.0485416
213.436 26.3459 0.0600678 0.00117535
213.634 26.4498 0.0688127 0.00143602
213.422 26.5703 0.0675346 0.160257
213.422 26.5703 0.0675346 0.160257
213.422 26.5703 0.0675346 0.160257
213.342 26.6875 0.0737577 0.169754
213.342 26.6875 0.0737577 0.169754
213.217 26.4269 0.0743578 0.0509632
213.187 26.6976 0.0700473 0.224349
213.115 26.8602 0.0729737 0.0179351
213.115 26.8602 0.0729737 0.0179351
213.065 26.6517 0.070752 0.0805522
213.422 26.5703 0.0675346 0.160257
213.115 26.5024 0.0665776 0.0485416
213.342 26.6875 0.0737577 0.169754
213.187 26.6976 0.0700473 0.224349
213.422 26.5703 0.0675346 0.160257
213.422 26.5703 0.0675346 0.160257
213.342 26.6875 0.0737577 0.169754
213.187 26.6976 0.0700473 0.224349
213.422 26.5703 0.0675346 0.160257
213.342 26.6875 0.0737577 0.169754
213.187 26.6976 0.0700473 0.224349
213.422 26.5703 0.0675346 0.160257
213.342 26.6875 0.0737577 0.169754
213.342 26.6875 0.0737577 0.169754
213.187 26.6976 0.0700473 0.224349
213.115 26.5024 0.0665776 0.0485416
213.342 26.6875 0.0737577 0.169754
213.187 26.6976 0.0700473 0.224349
213.422 26.5703 0.0675346 0.160257
213.131 26.8604 0.073905 0.0202203
213.217 26.4269 0.0743578 0.0509632
213.413 26.4605 0.0750645 0.0178316
213.209 26.8221 0.0680443 0.032869
213.612 26.6778 0.0695026 0.00425276
213.342 26.6875 0.0737577 0.169754
213.342 26.6875 0.0737577 0.169754
213.187 26.6976 0.0700473 0.224349
213.187 26.6976 0.0700473 0.224349
213.422 26.5703 0.0675346 0.160257
213.342 26.6875 0.0737577 0.169754
213.342 26.6875 0.0737577 0.169754
213.115 26.8602 0.0729737 0.0179351
213.043 26.5382 0.0730595 0.0504988
213.342 26.6875 0.0737577 0.169754
213.217 26.4269 0.0743578 0.0509632
213.187 26.6976 0.0700473 0.224349
213.065 26.6517 0.070752 0.0805522
213.131 26.8604 0.073905 0.0202203
