189.792 24.5381 0.0712717 0.115444
189.838 24.4724 0.0729244 0.105311
189.838 24.4724 0.0729244 0.105311
189.838 24.4724 0.0729244 0.105311
189.967 24.6612 0.068541 0.13366
189.967 24.6612 0.068541 0.13366
189.801 24.4335 0.0682929 0.0309992
190.083 24.5198 0.0699819 0.066775
189.792 24.5381 0.0712717 0.115444
189.848 24.6235 0.0710833 0.172691
189.848 24.6235 0.0710833 0.172691
189.978 24.7454 0.0675083 0.0403227
189.868 24.3788 0.0715611 0.0387119
189.792 24.5381 0.0712717 0.115444
189.69 24.3133 0.0731505 0.00143858
189.978 24.7454 0.0675083 0.0403227
189.978 24.7454 0.0675083 0.0403227
190.007 24.4968 0.0667186 0.0837677
189.868 24.3788 0.0715611 0.0387119
190.083 24.5198 0.0699819 0.066775
189.792 24.5381 0.0712717 0.115444
189.848 24.6235 0.0710833 0.172691
189.967 24.6612 0.068541 0.13366
190.007 24.4968 0.0667186 0.0837677
189.792 24.5381 0.0712717 0.115444
189.848 24.6235 0.0710833 0.172691
189.838 24.4724 0.0729244 0.105311
190.007 24.4968 0.0667186 0.0837677
189.658 24.6245 0.0687521 0.00553226
189.848 24.6235 0.0710833 0.172691
189.967 24.6612 0.068541 0.13366
189.967 24.6612 0.068541 0.13366
189.801 24.4335 0.0682929 0.0309992
190.083 24.5198 0.0699819 0.066775
189.792 24.5381 0.0712717 0.115444
189.838 24.4724 0.0729244 0.105311
189.696 24.7927 0.0709552 0.00331731
190.083 24.5198 0.0699819 0.066775
189.792 24.5381 0.0712717 0.115444
189.792 24.5381 0.0712717 0.115444
189.848 24.6235 0.0710833 0.172691
189.967 24.6612 0.068541 0.13366
189.868 24.3788 0.0715611 0.0387119
190.083 24.5198 0.0699819 0.066775
189.848 24.6235 0.0710833 0.172691
189.848 24.6235 0.0710833 0.172691
189.848 24.6235 0.0710833 0.172691
189.967 24.6612 0.068541 0.13366
189.868 24.3788 0.0715611 0.0387119
190.083 24.5198 0.0699819 0.066775
189.848 24.6235 0.0710833 0.172691
189.967 24.6612 0.068541 0.13366
189.978 24.7454 0.0675083 0.0403227
190.007 24.4968 0.0667186 0.0837677
190.134 24.6766 0.0723568 0.0117835
189.792 24.5381 0.0712717 0.115444
189.848 24.6235 0.0710833 0.172691
189.848 24.6235 0.0710833 0.172691
189.967 24.6612 0.068541 0.13366
190.007 24.4968 0.0667186 0.0837677
189.792 24.5381 0.0712717 0.115444
189.848 24.6235 0.0710833 0.172691
189.967 24.6612 0.068541 0.13366
189.978 24.7454 0.0675083 0.0403227
190.001 24.7633 0.0779089 0.00187766
190.083 24.5198 0.0699819 0.066775
189.848 24.6235 0.0710833 0.172691
189.967 24.6612 0.068541 0.13366
189.978 24.7454 0.0675083 0.0403227
190.007 24.4968 0.0667186 0.0837677
189.792 24.5381 0.0712717 0.115444
189.792 24.5381 0.0712717 0.115444
189.792 24.5381 0.0712717 0.115444
189.784 24.6758 0.0769234 0.0248141
189.967 24.6612 0.068541 0.13366
190.007 24.4968 0.0667186 0.0837677
189.792 24.5381 0.0712717 0.115444
189.784 24.6758 0.0769234 0.0248141
189.69 24.3133 0.0731505 0.00143858
189.967 24.6612 0.068541 0.13366
190.007 24.4968 0.0667186 0.0837677
189.792 24.5381 0.0712717 0.115444
189.784 24.6758 0.0769234 0.0248141
189.801 24.4335 0.0682929 0.0309992
190.075 24.7506 0.0695853 0.0219342
189.792 24.5381 0.0712717 0.115444
189.848 24.6235 0.0710833 0.172691
189.967 24.6612 0.068541 0.13366
190.075 24.7506 0.0695853 0.0219342
190.134 24.6766 0.0723568 0.0117835
189.848 24.6235 0.0710833 0.172691
189.848 24.6235 0.0710833 0.172691
189.967 24.6612 0.068541 0.13366
190.007 24.4968 0.0667186 0.0837677
189.658 24.6245 0.0687521 0.00553226
189.848 24.6235 0.0710833 0.172691
189.967 24.6612 0.068541 0.13366
190.007 24.4968 0.0667186 0.0837677
190.083 24.5198 0.0699819 0.066775
189.792 24.5381 0.0712717 0.115444
