85.2562 16.2811 0.080627 0.0311414
85.2261 16.5228 0.0877889 0.128159
85.2261 16.5228 0.0877889 0.128159
85.2451 16.5126 0.0842473 0.073838
85.3963 16.5631 0.0892684 0.144529
85.4938 16.2701 0.0929835 0.0794987
85.4938 16.2701 0.0929835 0.0794987
85.4938 16.2701 0.0929835 0.0794987
85.2562 16.2811 0.080627 0.0311414
85.1597 16.2961 0.0827794 0.0339404
85.3889 16.1707 0.085234 0.0847831
85.3963 16.5631 0.0892684 0.144529
85.4938 16.2701 0.0929835 0.0794987
85.0536 16.2212 0.0964793 0.00352496
85.1523 16.3024 0.094778 0.0441023
85.2261 16.5228 0.0877889 0.128159
85.3709 16.3078 0.0810507 0.0609202
85.2451 16.5126 0.0842473 0.073838
85.018 16.5526 0.0908028 0.00825672
85.4938 16.2701 0.0929835 0.0794987
85.1523 16.3024 0.094778 0.0441023
85.2261 16.5228 0.0877889 0.128159
85.2261 16.5228 0.0877889 0.128159
85.2451 16.5126 0.0842473 0.073838
85.3889 16.1707 0.085234 0.0847831
85.3963 16.5631 0.0892684 0.144529
85.2263 16.1658 0.0889556 0.067345
85.2767 16.5613 0.0958984 0.0462898
85.562 16.22 0.0939802 0.0184061
85.2261 16.5228 0.0877889 0.128159
85.2261 16.5228 0.0877889 0.128159
85.2451 16.5126 0.0842473 0.073838
85.3889 16.1707 0.085234 0.0847831
85.169 16.5674 0.0832832 0.0155789
85.4938 16.2701 0.0929835 0.0794987
85.3371 16.6013 0.0948003 0.0484609
85.2261 16.5228 0.0877889 0.128159
85.2261 16.5228 0.0877889 0.128159
85.2451 16.5126 0.0842473 0.073838
85.3963 16.5631 0.0892684 0.144529
85.2263 16.1658 0.0889556 0.067345
85.2767 16.5613 0.0958984 0.0462898
85.5588 16.6312 0.0804319 0.00216048
85.2261 16.5228 0.0877889 0.128159
85.2451 16.5126 0.0842473 0.073838
85.3963 16.5631 0.0892684 0.144529
85.2263 16.1658 0.0889556 0.067345
85.0351 16.4877 0.0934804 0.0133842
85.2562 16.2811 0.080627 0.0311414
85.3371 16.6013 0.0948003 0.0484609
85.3371 16.6013 0.0948003 0.0484609
85.5453 16.3598 0.07748 0.00440403
85.3709 16.3078 0.0810507 0.0609202
85.3889 16.1707 0.085234 0.0847831
85.3963 16.5631 0.0892684 0.144529
85.2767 16.5613 0.0958984 0.0462898
85.4938 16.2701 0.0929835 0.0794987
85.4938 16.2701 0.0929835 0.0794987
85.562 16.22 0.0939802 0.0184061
85.2562 16.2811 0.080627 0.0311414
85.3371 16.6013 0.0948003 0.0484609
85.1597 16.2961 0.0827794 0.0339404
85.138 16.7685 0.0903552 0.00186402
85.3709 16.3078 0.0810507 0.0609202
85.3889 16.1707 0.085234 0.0847831
85.2263 16.1658 0.0889556 0.067345
85.2263 16.1658 0.0889556 0.067345
85.2263 16.1658 0.0889556 0.067345
85.0351 16.4877 0.0934804 0.0133842
85.2261 16.5228 0.0877889 0.128159
85.3709 16.3078 0.0810507 0.0609202
85.3889 16.1707 0.085234 0.0847831
85.2767 16.5613 0.0958984 0.0462898
85.7 16.4194 0.0932903 0.00582644
85.2562 16.2811 0.080627 0.0311414
85.3709 16.3078 0.0810507 0.0609202
85.3709 16.3078 0.0810507 0.0609202
85.3963 16.5631 0.0892684 0.144529
85.4938 16.2701 0.0929835 0.0794987
85.1523 16.3024 0.094778 0.0441023
85.3371 16.6013 0.0948003 0.0484609
85.2261 16.5228 0.0877889 0.128159
85.3889 16.1707 0.085234 0.0847831
85.7204 16.4914 0.0923142 0.0039031
85.2767 16.5613 0.0958984 0.0462898
85.1523 16.3024 0.094778 0.0441023
85.2261 16.5228 0.0877889 0.128159
85.2261 16.5228 0.0877889 0.128159
85.3889 16.1707 0.085234 0.0847831
85.3963 16.5631 0.0892684 0.144529
85.169 16.5674 0.0832832 0.0155789
85.562 16.22 0.0939802 0.0184061
85.1523 16.3024 0.094778 0.0441023
85.2261 16.5228 0.0877889 0.128159
85.3709 16.3078 0.0810507 0.0609202
85.3889 16.1707 0.085234 0.0847831
85.3963 16.5631 0.0892684 0.144529
85.3963 16.5631 0.0892684 0.144529
85.2767 16.5613 0.0958984 0.0462898
85.4938 16.2701 0.0929835 0.0794987
