223.172 26.8547 0.082844 0.0788717
223.328 26.82 0.0747152 0.0935511
223.213 26.7999 0.0792161 0.174078
223.207 26.7993 0.0787148 0.194431
223.299 26.8324 0.0791491 0.103613
223.172 26.8547 0.082844 0.0788717
223.172 26.8547 0.082844 0.0788717
223.08 26.9818 0.0739233 0.057362
223.08 26.9818 0.0739233 0.057362
223.032 26.6744 0.0754201 0.0216378
223.207 26.7993 0.0787148 0.194431
223.493 26.8301 0.0745705 0.00593723
223.299 26.8324 0.0791491 0.103613
223.328 26.82 0.0747152 0.0935511
223.213 26.7999 0.0792161 0.174078
223.07 26.7264 0.0726735 0.0248158
223.095 26.9149 0.0843133 0.0432912
223.172 26.8547 0.082844 0.0788717
223.032 26.6744 0.0754201 0.0216378
223.213 26.7999 0.0792161 0.174078
223.07 26.7264 0.0726735 0.0248158
223.172 26.8547 0.082844 0.0788717
223.328 26.82 0.0747152 0.0935511
223.207 26.7993 0.0787148 0.194431
223.299 26.8324 0.0791491 0.103613
223.299 26.8324 0.0791491 0.103613
223.213 26.7999 0.0792161 0.174078
223.213 26.7999 0.0792161 0.174078
223.213 26.7999 0.0792161 0.174078
223.207 26.7993 0.0787148 0.194431
223.207 26.7993 0.0787148 0.194431
223.07 26.7264 0.0726735 0.0248158
223.143 26.6712 0.0766123 0.0552212
223.299 26.8324 0.0791491 0.103613
223.08 26.9818 0.0739233 0.057362
223.213 26.7999 0.0792161 0.174078
223.207 26.7993 0.0787148 0.194431
223.017 27.0021 0.0781153 0.066987
223.299 26.8324 0.0791491 0.103613
223.328 26.82 0.0747152 0.0935511
223.213 26.7999 0.0792161 0.174078
223.207 26.7993 0.0787148 0.194431
223.207 26.7993 0.0787148 0.194431
223.07 26.7264 0.0726735 0.0248158
223.172 26.8547 0.082844 0.0788717
223.172 26.8547 0.082844 0.0788717
223.211 26.6426 0.0772981 0.0334739
223.207 26.7993 0.0787148 0.194431
223.207 26.7993 0.0787148 0.194431
223.095 26.9149 0.0843133 0.0432912
223.299 26.8324 0.0791491 0.103613
223.08 26.9818 0.0739233 0.057362
223.08 26.9818 0.0739233 0.057362
223.213 26.7999 0.0792161 0.174078
223.017 27.0021 0.0781153 0.066987
223.172 26.8547 0.082844 0.0788717
223.213 26.7999 0.0792161 0.174078
223.213 26.7999 0.0792161 0.174078
223.207 26.7993 0.0787148 0.194431
223.207 26.7993 0.0787148 0.194431
223.299 26.8324 0.0791491 0.103613
223.211 26.6426 0.0772981 0.0334739
223.207 26.7993 0.0787148 0.194431
223.207 26.7993 0.0787148 0.194431
223.172 26.8547 0.082844 0.0788717
223.213 26.7999 0.0792161 0.174078
223.207 26.7993 0.0787148 0.194431
223.07 26.7264 0.0726735 0.0248158
223.107 26.9274 0.0707098 0.020388
223.08 26.9818 0.0739233 0.057362
223.213 26.7999 0.0792161 0.174078
223.207 26.7993 0.0787148 0.194431
223.07 26.7264 0.0726735 0.0248158
223.493 26.8301 0.0745705 0.00593723
223.211 26.6426 0.0772981 0.0334739
223.213 26.7999 0.0792161 0.174078
223.207 26.7993 0.0787148 0.194431
223.095 26.9149 0.0843133 0.0432912
223.299 26.8324 0.0791491 0.103613
223.08 26.9818 0.0739233 0.057362
223.328 26.82 0.0747152 0.0935511
223.328 26.82 0.0747152 0.0935511
223.213 26.7999 0.0792161 0.174078
223.207 26.7993 0.0787148 0.194431
223.299 26.8324 0.0791491 0.103613
223.213 26.7999 0.0792161 0.174078
223.213 26.7999 0.0792161 0.174078
223.143 26.6712 0.0766123 0.0552212
223.017 27.0021 0.0781153 0.066987
223.172 26.8547 0.082844 0.0788717
223.213 26.7999 0.0792161 0.174078
223.207 26.7993 0.0787148 0.194431
223.207 26.7993 0.0787148 0.194431
223.017 27.0021 0.0781153 0.066987
223.299 26.8324 0.0791491 0.103613
223.172 26.8547 0.082844 0.0788717
223.08 26.9818 0.0739233 0.057362
223.213 26.7999 0.0792161 0.174078
223.143 26.6712 0.0766123 0.0552212
223.017 27.0021 0.0781153 0.066987
