-21.3054 -89.9245 2.64737 0.0223884
-21.2745 -90.2491 2.65406 0.137157
-21.302 -89.9372 2.66234 0.0112536
-21.5902 -89.9492 2.64513 0.00995605
-21.4258 -90.1084 2.64943 0.112671
-21.0985 -90.4159 2.65922 0.0107709
-21.1375 -90.1964 2.65093 0.0234103
-21.1816 -89.883 2.65045 0.0130753
-21.3935 -90.1367 2.65211 0.19665
-21.4258 -90.1084 2.64943 0.112671
-21.2745 -90.2491 2.65406 0.137157
-21.3935 -90.1367 2.65211 0.19665
-21.4911 -90.167 2.65592 0.115565
-21.3545 -90.2321 2.64918 0.054774
-21.3756 -90.2602 2.64479 0.00460564
-21.4911 -90.167 2.65592 0.115565
-21.1052 -90.2327 2.66201 0.0400324
-21.2745 -90.2491 2.65406 0.137157
-21.3935 -90.1367 2.65211 0.19665
-21.3935 -90.1367 2.65211 0.19665
-21.37 -90.2543 2.66557 0.00880398
-21.1375 -90.1964 2.65093 0.0234103
-21.2705 -89.9807 2.65267 0.106539
-21.3935 -90.1367 2.65211 0.19665
-21.4911 -90.167 2.65592 0.115565
-21.0985 -90.4159 2.65922 0.0107709
-21.3545 -90.2321 2.64918 0.054774
-21.3935 -90.1367 2.65211 0.19665
-21.4911 -90.167 2.65592 0.115565
-21.1375 -90.1964 2.65093 0.0234103
-21.2745 -90.2491 2.65406 0.137157
-21.2705 -89.9807 2.65267 0.106539
-21.3756 -90.2602 2.64479 0.00460564
-21.3935 -90.1367 2.65211 0.19665
-21.3935 -90.1367 2.65211 0.19665
-21.4911 -90.167 2.65592 0.115565
-21.2745 -90.2491 2.65406 0.137157
-21.3935 -90.1367 2.65211 0.19665
-21.4911 -90.167 2.65592 0.115565
-21.1375 -90.1964 2.65093 0.0234103
-21.2745 -90.2491 2.65406 0.137157
-21.2745 -90.2491 2.65406 0.137157
-21.2705 -89.9807 2.65267 0.106539
-21.3935 -90.1367 2.65211 0.19665
-21.3935 -90.1367 2.65211 0.19665
-21.4911 -90.167 2.65592 0.115565
-21.4258 -90.1084 2.64943 0.112671
-21.2745 -90.2491 2.65406 0.137157
-21.2745 -90.2491 2.65406 0.137157
-21.2705 -89.9807 2.65267 0.106539
-21.4911 -90.167 2.65592 0.115565
-21.4258 -90.1084 2.64943 0.112671
-21.3545 -90.2321 2.64918 0.054774
-21.3935 -90.1367 2.65211 0.19665
-21.3935 -90.1367 2.65211 0.19665
-21.4911 -90.167 2.65592 0.115565
-21.4258 -90.1084 2.64943 0.112671
-21.4258 -90.1084 2.64943 0.112671
-21.4258 -90.1084 2.64943 0.112671
-21.2745 -90.2491 2.65406 0.137157
-21.3935 -90.1367 2.65211 0.19665
-21.4258 -90.1084 2.64943 0.112671
-21.2745 -90.2491 2.65406 0.137157
-21.2745 -90.2491 2.65406 0.137157
-21.2705 -89.9807 2.65267 0.106539
-21.3935 -90.1367 2.65211 0.19665
-21.7079 -90.2161 2.65031 0.00588988
-21.2745 -90.2491 2.65406 0.137157
-21.2745 -90.2491 2.65406 0.137157
-21.302 -89.9372 2.66234 0.0112536
-21.3935 -90.1367 2.65211 0.19665
-21.4258 -90.1084 2.64943 0.112671
-21.4258 -90.1084 2.64943 0.112671
-21.4258 -90.1084 2.64943 0.112671
-21.3545 -90.2321 2.64918 0.054774
-21.2705 -89.9807 2.65267 0.106539
-21.3935 -90.1367 2.65211 0.19665
-21.4911 -90.167 2.65592 0.115565
-21.4258 -90.1084 2.64943 0.112671
-21.4258 -90.1084 2.64943 0.112671
-21.5819 -89.7157 2.64777 0.000979191
-21.2745 -90.2491 2.65406 0.137157
-21.1816 -89.883 2.65045 0.0130753
-21.3935 -90.1367 2.65211 0.19665
-21.4258 -90.1084 2.64943 0.112671
-21.1052 -90.2327 2.66201 0.0400324
-21.3545 -90.2321 2.64918 0.054774
-21.2705 -89.9807 2.65267 0.106539
-21.3935 -90.1367 2.65211 0.19665
-21.4911 -90.167 2.65592 0.115565
-21.4911 -90.167 2.65592 0.115565
-21.4911 -90.167 2.65592 0.115565
-21.1052 -90.2327 2.66201 0.0400324
-21.3545 -90.2321 2.64918 0.054774
-21.2705 -89.9807 2.65267 0.106539
-21.3935 -90.1367 2.65211 0.19665
-21.7079 -90.2161 2.65031 0.00588988
-21.3545 -90.2321 2.64918 0.054774
-21.3935 -90.1367 2.65211 0.19665
-21.4911 -90.167 2.65592 0.115565
