265.084 26.7506 5.81979 0.0945478
265.084 26.7506 5.81979 0.0945478
265.106 26.8459 5.81665 0.132195
265.106 26.8459 5.81665 0.132195
265.106 26.8459 5.81665 0.132195
265.106 26.8459 5.81665 0.132195
265.106 26.8459 5.81665 0.132195
265.049 26.6765 5.81861 0.0180824
265.23 26.8807 5.82943 0.0121186
265.331 26.7933 5.81481 0.00630262
265.245 26.911 5.81592 0.0636426
265.106 26.8459 5.81665 0.132195
265.274 26.7317 5.81315 0.00391463
265.208 26.7409 5.82758 0.0131165
265.084 26.7506 5.81979 0.0945478
265.106 26.8459 5.81665 0.132195
264.884 26.7759 5.8254 0.0843922
264.947 26.9511 5.8299 0.155988
264.946 26.9712 5.81454 0.0203415
265.084 26.7506 5.81979 0.0945478
264.936 27.0206 5.81814 0.0573727
264.884 26.7759 5.8254 0.0843922
265.057 26.8617 5.83166 0.0663331
264.947 26.9511 5.8299 0.155988
265.084 26.7506 5.81979 0.0945478
265.245 26.911 5.81592 0.0636426
265.016 26.9139 5.83093 0.119215
265.208 26.7409 5.82758 0.0131165
265.084 26.7506 5.81979 0.0945478
264.936 27.0206 5.81814 0.0573727
265.016 26.9139 5.83093 0.119215
264.884 26.7759 5.8254 0.0843922
264.947 26.9511 5.8299 0.155988
265.084 26.7506 5.81979 0.0945478
265.084 26.7506 5.81979 0.0945478
265.106 26.8459 5.81665 0.132195
264.936 27.0206 5.81814 0.0573727
264.884 26.7759 5.8254 0.0843922
264.934 26.9277 5.81805 0.0828455
265.23 26.8807 5.82943 0.0121186
264.947 26.9511 5.8299 0.155988
265.106 26.8459 5.81665 0.132195
265.106 26.8459 5.81665 0.132195
264.884 26.7759 5.8254 0.0843922
265.087 26.8361 5.83357 0.0175439
265.057 26.8617 5.83166 0.0663331
264.947 26.9511 5.8299 0.155988
265.106 26.8459 5.81665 0.132195
265.106 26.8459 5.81665 0.132195
265.016 26.9139 5.83093 0.119215
264.934 26.9277 5.81805 0.0828455
264.947 26.9511 5.8299 0.155988
265.245 26.911 5.81592 0.0636426
264.936 27.0206 5.81814 0.0573727
265.016 26.9139 5.83093 0.119215
265.016 26.9139 5.83093 0.119215
265.108 26.7599 5.83562 0.00215537
264.947 26.9511 5.8299 0.155988
265.084 26.7506 5.81979 0.0945478
265.084 26.7506 5.81979 0.0945478
265.106 26.8459 5.81665 0.132195
264.977 26.5944 5.83065 0.00270889
264.884 26.7759 5.8254 0.0843922
265.057 26.8617 5.83166 0.0663331
264.947 26.9511 5.8299 0.155988
265.084 26.7506 5.81979 0.0945478
265.106 26.8459 5.81665 0.132195
264.884 26.7759 5.8254 0.0843922
264.884 26.7759 5.8254 0.0843922
265.057 26.8617 5.83166 0.0663331
264.947 26.9511 5.8299 0.155988
264.947 26.9511 5.8299 0.155988
265.106 26.8459 5.81665 0.132195
265.016 26.9139 5.83093 0.119215
265.016 26.9139 5.83093 0.119215
264.884 26.7759 5.8254 0.0843922
264.934 26.9277 5.81805 0.0828455
265.057 26.8617 5.83166 0.0663331
264.947 26.9511 5.8299 0.155988
265.245 26.911 5.81592 0.0636426
264.936 27.0206 5.81814 0.0573727
265.005 26.851 5.83752 0.00459775
264.884 26.7759 5.8254 0.0843922
265.057 26.8617 5.83166 0.0663331
265.084 26.7506 5.81979 0.0945478
265.147 27.1599 5.81776 0.0168401
265.016 26.9139 5.83093 0.119215
264.934 26.9277 5.81805 0.0828455
264.947 26.9511 5.8299 0.155988
265.084 26.7506 5.81979 0.0945478
265.016 26.9139 5.83093 0.119215
265.016 26.9139 5.83093 0.119215
264.934 26.9277 5.81805 0.0828455
265.087 26.8361 5.83357 0.0175439
264.947 26.9511 5.8299 0.155988
265.245 26.911 5.81592 0.0636426
265.016 26.9139 5.83093 0.119215
265.016 26.9139 5.83093 0.119215
265.087 26.8361 5.83357 0.0175439
264.947 26.9511 5.8299 0.155988
