82.1351 -34.2749 3.6621 0.275776
82.1528 -34.4406 3.65433 0.0282294
82.4304 -34.2717 3.66062 0.00235532
82.0884 -34.2598 3.66266 0.261433
82.1351 -34.2749 3.6621 0.275776
82.0223 -34.0287 3.66584 0.0453923
82.0884 -34.2598 3.66266 0.261433
82.0995 -34.2887 3.66475 0.0684775
81.9669 -34.2571 3.66251 0.103747
82.1351 -34.2749 3.6621 0.275776
82.1351 -34.2749 3.6621 0.275776
82.0223 -34.0287 3.66584 0.0453923
82.009 -34.1538 3.6597 0.140388
82.0995 -34.2887 3.66475 0.0684775
81.9669 -34.2571 3.66251 0.103747
81.9134 -34.3409 3.66631 0.00117215
82.1351 -34.2749 3.6621 0.275776
81.9669 -34.2571 3.66251 0.103747
82.0884 -34.2598 3.66266 0.261433
82.009 -34.1538 3.6597 0.140388
82.1351 -34.2749 3.6621 0.275776
82.1351 -34.2749 3.6621 0.275776
82.0884 -34.2598 3.66266 0.261433
82.0884 -34.2598 3.66266 0.261433
82.1351 -34.2749 3.6621 0.275776
82.1351 -34.2749 3.6621 0.275776
81.9669 -34.2571 3.66251 0.103747
82.2653 -34.4738 3.65705 0.0142054
82.009 -34.1538 3.6597 0.140388
82.1351 -34.2749 3.6621 0.275776
82.0995 -34.2887 3.66475 0.0684775
82.3857 -34.2189 3.65797 0.00569246
82.0884 -34.2598 3.66266 0.261433
82.1351 -34.2749 3.6621 0.275776
82.1351 -34.2749 3.6621 0.275776
82.0884 -34.2598 3.66266 0.261433
82.0884 -34.2598 3.66266 0.261433
82.009 -34.1538 3.6597 0.140388
82.0995 -34.2887 3.66475 0.0684775
82.0884 -34.2598 3.66266 0.261433
82.0884 -34.2598 3.66266 0.261433
82.1351 -34.2749 3.6621 0.275776
82.1528 -34.4406 3.65433 0.0282294
82.0884 -34.2598 3.66266 0.261433
82.1351 -34.2749 3.6621 0.275776
82.0884 -34.2598 3.66266 0.261433
82.1351 -34.2749 3.6621 0.275776
82.1351 -34.2749 3.6621 0.275776
82.0995 -34.2887 3.66475 0.0684775
82.0884 -34.2598 3.66266 0.261433
82.0884 -34.2598 3.66266 0.261433
82.1351 -34.2749 3.6621 0.275776
82.0995 -34.2887 3.66475 0.0684775
82.4304 -34.2717 3.66062 0.00235532
81.9669 -34.2571 3.66251 0.103747
82.0884 -34.2598 3.66266 0.261433
82.0802 -33.8414 3.6678 0.00128881
82.1351 -34.2749 3.6621 0.275776
82.3172 -34.5016 3.65957 0.00206284
82.0884 -34.2598 3.66266 0.261433
82.1351 -34.2749 3.6621 0.275776
82.1351 -34.2749 3.6621 0.275776
82.1351 -34.2749 3.6621 0.275776
82.0884 -34.2598 3.66266 0.261433
82.1351 -34.2749 3.6621 0.275776
81.9669 -34.2571 3.66251 0.103747
81.9669 -34.2571 3.66251 0.103747
82.009 -34.1538 3.6597 0.140388
82.1351 -34.2749 3.6621 0.275776
82.2937 -34.4476 3.65472 0.0075048
82.0884 -34.2598 3.66266 0.261433
82.009 -34.1538 3.6597 0.140388
82.1351 -34.2749 3.6621 0.275776
81.9669 -34.2571 3.66251 0.103747
82.0884 -34.2598 3.66266 0.261433
82.009 -34.1538 3.6597 0.140388
82.009 -34.1538 3.6597 0.140388
82.1351 -34.2749 3.6621 0.275776
81.9669 -34.2571 3.66251 0.103747
82.0884 -34.2598 3.66266 0.261433
82.1351 -34.2749 3.6621 0.275776
82.0884 -34.2598 3.66266 0.261433
82.0884 -34.2598 3.66266 0.261433
82.1351 -34.2749 3.6621 0.275776
81.8215 -34.388 3.65636 0.00132238
82.1351 -34.2749 3.6621 0.275776
82.1351 -34.2749 3.6621 0.275776
82.0884 -34.2598 3.66266 0.261433
82.0884 -34.2598 3.66266 0.261433
82.1351 -34.2749 3.6621 0.275776
82.1351 -34.2749 3.6621 0.275776
82.1528 -34.4406 3.65433 0.0282294
82.0884 -34.2598 3.66266 0.261433
82.0884 -34.2598 3.66266 0.261433
82.0995 -34.2887 3.66475 0.0684775
82.3442 -34.3021 3.66015 0.02251
82.1351 -34.2749 3.6621 0.275776
82.1351 -34.2749 3.6621 0.275776
82.1528 -34.4406 3.65433 0.0282294
81.9669 -34.2571 3.66251 0.103747
