233.126 27.5904 0.0803696 0.314026
233.126 27.5904 0.0803696 0.314026
233.007 27.5464 0.0706444 0.0946774
232.803 27.4719 0.0799612 0.217698
233.126 27.5904 0.0803696 0.314026
232.803 27.4719 0.0799612 0.217698
232.803 27.4719 0.0799612 0.217698
233.05 27.3717 0.0728367 0.0534127
233.127 27.4707 0.0722316 0.158243
232.803 27.4719 0.0799612 0.217698
232.803 27.4719 0.0799612 0.217698
233.126 27.5904 0.0803696 0.314026
233 27.2737 0.08044 0.0751624
233.007 27.5464 0.0706444 0.0946774
232.803 27.4719 0.0799612 0.217698
232.919 27.7092 0.0703314 0.0230554
233 27.2737 0.08044 0.0751624
233.126 27.5904 0.0803696 0.314026
233.127 27.4707 0.0722316 0.158243
233.126 27.5904 0.0803696 0.314026
233.126 27.5904 0.0803696 0.314026
233.127 27.4707 0.0722316 0.158243
233 27.2737 0.08044 0.0751624
233.007 27.5464 0.0706444 0.0946774
233.127 27.4707 0.0722316 0.158243
232.803 27.4719 0.0799612 0.217698
233.126 27.5904 0.0803696 0.314026
233.007 27.5464 0.0706444 0.0946774
233.127 27.4707 0.0722316 0.158243
233 27.2737 0.08044 0.0751624
233 27.2737 0.08044 0.0751624
233.126 27.5904 0.0803696 0.314026
233.127 27.4707 0.0722316 0.158243
233 27.2737 0.08044 0.0751624
233.127 27.4707 0.0722316 0.158243
233.126 27.5904 0.0803696 0.314026
233.126 27.5904 0.0803696 0.314026
233.126 27.5904 0.0803696 0.314026
232.803 27.4719 0.0799612 0.217698
232.803 27.4719 0.0799612 0.217698
233.126 27.5904 0.0803696 0.314026
233.127 27.4707 0.0722316 0.158243
233.127 27.4707 0.0722316 0.158243
232.803 27.4719 0.0799612 0.217698
233.05 27.3717 0.0728367 0.0534127
233.126 27.5904 0.0803696 0.314026
233.314 27.6802 0.0745609 0.0171172
233.126 27.5904 0.0803696 0.314026
233.314 27.6802 0.0745609 0.0171172
233.126 27.5904 0.0803696 0.314026
232.803 27.4719 0.0799612 0.217698
233.126 27.5904 0.0803696 0.314026
233.126 27.5904 0.0803696 0.314026
233.007 27.5464 0.0706444 0.0946774
233.126 27.5904 0.0803696 0.314026
233.127 27.4707 0.0722316 0.158243
233.126 27.5904 0.0803696 0.314026
232.803 27.4719 0.0799612 0.217698
233.126 27.5904 0.0803696 0.314026
232.803 27.4719 0.0799612 0.217698
233 27.2737 0.08044 0.0751624
233.05 27.3717 0.0728367 0.0534127
233.127 27.4707 0.0722316 0.158243
232.803 27.4719 0.0799612 0.217698
233.289 27.613 0.0809357 0.00433646
233.007 27.5464 0.0706444 0.0946774
232.803 27.4719 0.0799612 0.217698
233.126 27.5904 0.0803696 0.314026
233.127 27.4707 0.0722316 0.158243
232.919 27.7092 0.0703314 0.0230554
233.126 27.5904 0.0803696 0.314026
232.803 27.4719 0.0799612 0.217698
233.126 27.5904 0.0803696 0.314026
233.127 27.4707 0.0722316 0.158243
233 27.2737 0.08044 0.0751624
233.126 27.5904 0.0803696 0.314026
233.126 27.5904 0.0803696 0.314026
233.126 27.5904 0.0803696 0.314026
233.127 27.4707 0.0722316 0.158243
232.803 27.4719 0.0799612 0.217698
232.803 27.4719 0.0799612 0.217698
232.803 27.4719 0.0799612 0.217698
233.126 27.5904 0.0803696 0.314026
233.127 27.4707 0.0722316 0.158243
233 27.2737 0.08044 0.0751624
233.127 27.4707 0.0722316 0.158243
233.127 27.4707 0.0722316 0.158243
233.126 27.5904 0.0803696 0.314026
233.314 27.6802 0.0745609 0.0171172
232.803 27.4719 0.0799612 0.217698
233.126 27.5904 0.0803696 0.314026
232.803 27.4719 0.0799612 0.217698
232.919 27.7092 0.0703314 0.0230554
233.126 27.5904 0.0803696 0.314026
233.126 27.5904 0.0803696 0.314026
233.007 27.5464 0.0706444 0.0946774
233.127 27.4707 0.0722316 0.158243
233.05 27.3717 0.0728367 0.0534127
233.007 27.5464 0.0706444 0.0946774
233.127 27.4707 0.0722316 0.158243
