-28.0982 -15.7948 0.948599 0.146491
-28.2118 -15.6664 0.953354 0.172636
-28.1707 -15.7507 0.948579 0.17529
-28.3938 -16.1183 0.957334 0.0088087
-28.0982 -15.7948 0.948599 0.146491
-28.3344 -15.9455 0.960018 0.0849619
-28.3344 -15.9455 0.960018 0.0849619
-28.1707 -15.7507 0.948579 0.17529
-28.1707 -15.7507 0.948579 0.17529
-28.1707 -15.7507 0.948579 0.17529
-28.346 -16.0131 0.956451 0.116037
-28.0982 -15.7948 0.948599 0.146491
-28.2118 -15.6664 0.953354 0.172636
-28.1707 -15.7507 0.948579 0.17529
-28.4004 -15.951 0.956236 0.0727966
-28.346 -16.0131 0.956451 0.116037
-28.0982 -15.7948 0.948599 0.146491
-28.0982 -15.7948 0.948599 0.146491
-28.2118 -15.6664 0.953354 0.172636
-28.2118 -15.6664 0.953354 0.172636
-28.1707 -15.7507 0.948579 0.17529
-28.346 -16.0131 0.956451 0.116037
-28.0982 -15.7948 0.948599 0.146491
-28.2118 -15.6664 0.953354 0.172636
-28.3828 -15.6394 0.949153 0.00531593
-28.1707 -15.7507 0.948579 0.17529
-28.346 -16.0131 0.956451 0.116037
-28.0982 -15.7948 0.948599 0.146491
-28.2118 -15.6664 0.953354 0.172636
-28.2118 -15.6664 0.953354 0.172636
-28.2118 -15.6664 0.953354 0.172636
-28.1707 -15.7507 0.948579 0.17529
-28.1707 -15.7507 0.948579 0.17529
-28.346 -16.0131 0.956451 0.116037
-28.3344 -15.9455 0.960018 0.0849619
-28.1879 -15.8019 0.959982 0.0348183
-28.1707 -15.7507 0.948579 0.17529
-28.1707 -15.7507 0.948579 0.17529
-28.3038 -15.7463 0.949035 0.0606476
-28.0982 -15.7948 0.948599 0.146491
-28.2118 -15.6664 0.953354 0.172636
-28.2118 -15.6664 0.953354 0.172636
-28.4004 -15.951 0.956236 0.0727966
-28.1833 -15.73 0.946013 0.0213053
-28.4125 -16.0361 0.957067 0.0251861
-28.3344 -15.9455 0.960018 0.0849619
-28.2118 -15.6664 0.953354 0.172636
-28.1707 -15.7507 0.948579 0.17529
-28.4004 -15.951 0.956236 0.0727966
-28.346 -16.0131 0.956451 0.116037
-28.346 -16.0131 0.956451 0.116037
-28.0982 -15.7948 0.948599 0.146491
-28.2118 -15.6664 0.953354 0.172636
-28.2023 -15.7167 0.946653 0.0346433
-28.1707 -15.7507 0.948579 0.17529
-28.1707 -15.7507 0.948579 0.17529
-28.4004 -15.951 0.956236 0.0727966
-28.346 -16.0131 0.956451 0.116037
-28.346 -16.0131 0.956451 0.116037
-28.3344 -15.9455 0.960018 0.0849619
-28.2023 -15.7167 0.946653 0.0346433
-28.1707 -15.7507 0.948579 0.17529
-28.3038 -15.7463 0.949035 0.0606476
-28.3344 -15.9455 0.960018 0.0849619
-28.2118 -15.6664 0.953354 0.172636
-27.9276 -15.7498 0.948127 0.0109766
-28.4004 -15.951 0.956236 0.0727966
-28.346 -16.0131 0.956451 0.116037
-28.0982 -15.7948 0.948599 0.146491
-28.3344 -15.9455 0.960018 0.0849619
-28.2118 -15.6664 0.953354 0.172636
-28.1707 -15.7507 0.948579 0.17529
-28.346 -16.0131 0.956451 0.116037
-28.3344 -15.9455 0.960018 0.0849619
-28.2118 -15.6664 0.953354 0.172636
-28.2118 -15.6664 0.953354 0.172636
-28.1707 -15.7507 0.948579 0.17529
-28.1707 -15.7507 0.948579 0.17529
-28.346 -16.0131 0.956451 0.116037
-28.0982 -15.7948 0.948599 0.146491
-28.0982 -15.7948 0.948599 0.146491
-28.3344 -15.9455 0.960018 0.0849619
-28.3344 -15.9455 0.960018 0.0849619
-28.2118 -15.6664 0.953354 0.172636
-28.4004 -15.951 0.956236 0.0727966
-28.3938 -16.1183 0.957334 0.0088087
-28.3038 -15.7463 0.949035 0.0606476
-28.0982 -15.7948 0.948599 0.146491
-28.2047 -16.1869 0.956223 0.0067904
-28.2023 -15.7167 0.946653 0.0346433
-28.4004 -15.951 0.956236 0.0727966
-28.4004 -15.951 0.956236 0.0727966
-28.346 -16.0131 0.956451 0.116037
-28.0982 -15.7948 0.948599 0.146491
-28.2118 -15.6664 0.953354 0.172636
-28.3828 -15.6394 0.949153 0.00531593
-28.4004 -15.951 0.956236 0.0727966
-28.0982 -15.7948 0.948599 0.146491
-28.2118 -15.6664 0.953354 0.172636
-28.1879 -15.8019 0.959982 0.0348183
