196.143 25.3692 0.0732197 0.194158
196.143 25.3692 0.0732197 0.194158
195.857 25.3901 0.0787362 0.0173216
195.857 25.3901 0.0787362 0.0173216
196.163 25.5038 0.0747206 0.0283012
195.979 25.3045 0.0685293 0.259615
195.907 24.9335 0.0683881 0.000208615
196.054 25.5283 0.0696476 0.0615646
196.143 25.3692 0.0732197 0.194158
196.183 25.4245 0.0661168 0.0803884
195.968 25.5987 0.0816484 0.000397072
195.937 25.3107 0.0770912 0.0664071
195.979 25.3045 0.0685293 0.259615
195.943 25.4992 0.0677066 0.023941
196.143 25.3692 0.0732197 0.194158
195.979 25.3045 0.0685293 0.259615
195.862 25.3609 0.0718268 0.0977775
196.054 25.5283 0.0696476 0.0615646
196.143 25.3692 0.0732197 0.194158
195.979 25.3045 0.0685293 0.259615
196.087 25.3928 0.0797937 0.00657361
196.143 25.3692 0.0732197 0.194158
195.979 25.3045 0.0685293 0.259615
195.979 25.3045 0.0685293 0.259615
195.937 25.3107 0.0770912 0.0664071
196.143 25.3692 0.0732197 0.194158
195.979 25.3045 0.0685293 0.259615
195.862 25.3609 0.0718268 0.0977775
195.849 25.4981 0.0779801 0.0110318
196.187 25.3477 0.0778609 0.00751817
195.979 25.3045 0.0685293 0.259615
195.896 25.1085 0.0700422 0.0197143
196.143 25.3692 0.0732197 0.194158
195.979 25.3045 0.0685293 0.259615
195.979 25.3045 0.0685293 0.259615
195.862 25.3609 0.0718268 0.0977775
195.943 25.4992 0.0677066 0.023941
196.143 25.3692 0.0732197 0.194158
195.979 25.3045 0.0685293 0.259615
195.979 25.3045 0.0685293 0.259615
196.059 25.0748 0.0728104 0.0193331
196.143 25.3692 0.0732197 0.194158
196.335 25.4568 0.0631942 0.00236253
196.143 25.3692 0.0732197 0.194158
196.143 25.3692 0.0732197 0.194158
195.857 25.3901 0.0787362 0.0173216
196.054 25.5283 0.0696476 0.0615646
196.143 25.3692 0.0732197 0.194158
195.979 25.3045 0.0685293 0.259615
195.856 25.4944 0.0728228 0.0305388
195.752 25.5503 0.0795004 0.000672046
196.143 25.3692 0.0732197 0.194158
195.979 25.3045 0.0685293 0.259615
195.979 25.3045 0.0685293 0.259615
195.856 25.4944 0.0728228 0.0305388
196.054 25.5283 0.0696476 0.0615646
196.054 25.5283 0.0696476 0.0615646
196.143 25.3692 0.0732197 0.194158
195.979 25.3045 0.0685293 0.259615
195.862 25.3609 0.0718268 0.0977775
196.143 25.3692 0.0732197 0.194158
195.979 25.3045 0.0685293 0.259615
195.862 25.3609 0.0718268 0.0977775
196.163 25.5038 0.0747206 0.0283012
196.143 25.3692 0.0732197 0.194158
196.183 25.4245 0.0661168 0.0803884
195.759 25.3819 0.0734111 0.012997
195.759 25.3819 0.0734111 0.012997
195.837 25.2306 0.0685633 0.0224968
196.241 25.5309 0.0718252 0.013352
195.979 25.3045 0.0685293 0.259615
195.856 25.4944 0.0728228 0.0305388
196.143 25.3692 0.0732197 0.194158
196.183 25.4245 0.0661168 0.0803884
195.979 25.3045 0.0685293 0.259615
196.054 25.5283 0.0696476 0.0615646
196.143 25.3692 0.0732197 0.194158
195.979 25.3045 0.0685293 0.259615
195.943 25.4992 0.0677066 0.023941
195.979 25.3045 0.0685293 0.259615
195.862 25.3609 0.0718268 0.0977775
196.143 25.3692 0.0732197 0.194158
195.979 25.3045 0.0685293 0.259615
195.979 25.3045 0.0685293 0.259615
195.979 25.3045 0.0685293 0.259615
195.979 25.3045 0.0685293 0.259615
195.856 25.4944 0.0728228 0.0305388
196.143 25.3692 0.0732197 0.194158
196.183 25.4245 0.0661168 0.0803884
196.183 25.4245 0.0661168 0.0803884
195.856 25.4944 0.0728228 0.0305388
195.937 25.3107 0.0770912 0.0664071
195.979 25.3045 0.0685293 0.259615
196.054 25.5283 0.0696476 0.0615646
196.143 25.3692 0.0732197 0.194158
195.979 25.3045 0.0685293 0.259615
195.862 25.3609 0.0718268 0.0977775
196.143 25.3692 0.0732197 0.194158
196.143 25.3692 0.0732197 0.194158
195.896 25.1085 0.0700422 0.0197143
