108.324 19.1332 0.0633809 0.415813
108.324 19.1332 0.0633809 0.415813
108.323 19.2922 0.0589478 0.109056
108.286 19.1765 0.0557358 0.222098
108.324 19.1332 0.0633809 0.415813
108.213 18.8936 0.0542683 0.0573003
108.324 19.1332 0.0633809 0.415813
108.286 19.1765 0.0557358 0.222098
108.324 19.1332 0.0633809 0.415813
108.324 19.1332 0.0633809 0.415813
108.324 19.1332 0.0633809 0.415813
108.108 19.3517 0.0584675 0.0349673
108.323 19.2922 0.0589478 0.109056
108.324 19.1332 0.0633809 0.415813
108.286 19.1765 0.0557358 0.222098
107.946 19.3092 0.0613455 0.0227985
108.038 19.1746 0.0556846 0.052309
108.324 19.1332 0.0633809 0.415813
108.324 19.1332 0.0633809 0.415813
108.324 19.1332 0.0633809 0.415813
108.324 19.1332 0.0633809 0.415813
108.324 19.1332 0.0633809 0.415813
108.324 19.1332 0.0633809 0.415813
108.286 19.1765 0.0557358 0.222098
108.324 19.1332 0.0633809 0.415813
108.323 19.2922 0.0589478 0.109056
108.286 19.1765 0.0557358 0.222098
108.324 19.1332 0.0633809 0.415813
108.108 19.3517 0.0584675 0.0349673
108.286 19.1765 0.0557358 0.222098
108.324 19.1332 0.0633809 0.415813
108.286 19.1765 0.0557358 0.222098
108.324 19.1332 0.0633809 0.415813
108.323 19.2922 0.0589478 0.109056
108.286 19.1765 0.0557358 0.222098
108.28 19.3972 0.0598406 0.0202949
108.324 19.1332 0.0633809 0.415813
107.975 19.3947 0.0668609 0.00421057
108.286 19.1765 0.0557358 0.222098
108.323 19.2922 0.0589478 0.109056
108.038 19.1746 0.0556846 0.052309
107.895 19.0086 0.057593 0.0164062
108.323 19.2922 0.0589478 0.109056
108.324 19.1332 0.0633809 0.415813
108.324 19.1332 0.0633809 0.415813
108.28 19.3972 0.0598406 0.0202949
108.213 18.8936 0.0542683 0.0573003
108.323 19.2922 0.0589478 0.109056
108.108 19.3517 0.0584675 0.0349673
108.324 19.1332 0.0633809 0.415813
108.108 19.3517 0.0584675 0.0349673
108.286 19.1765 0.0557358 0.222098
108.323 19.2922 0.0589478 0.109056
108.324 19.1332 0.0633809 0.415813
108.213 18.8936 0.0542683 0.0573003
108.324 19.1332 0.0633809 0.415813
108.286 19.1765 0.0557358 0.222098
108.324 19.1332 0.0633809 0.415813
108.286 19.1765 0.0557358 0.222098
108.324 19.1332 0.0633809 0.415813
108.286 19.1765 0.0557358 0.222098
108.324 19.1332 0.0633809 0.415813
108.324 19.1332 0.0633809 0.415813
108.108 19.3517 0.0584675 0.0349673
108.324 19.1332 0.0633809 0.415813
108.286 19.1765 0.0557358 0.222098
108.255 19.1578 0.0724235 0.00385838
108.324 19.1332 0.0633809 0.415813
108.286 19.1765 0.0557358 0.222098
107.895 19.0086 0.057593 0.0164062
108.286 19.1765 0.0557358 0.222098
108.324 19.1332 0.0633809 0.415813
108.324 19.1332 0.0633809 0.415813
108.213 18.8936 0.0542683 0.0573003
108.324 19.1332 0.0633809 0.415813
108.323 19.2922 0.0589478 0.109056
108.324 19.1332 0.0633809 0.415813
108.177 19.4306 0.0650409 0.00664638
108.323 19.2922 0.0589478 0.109056
108.286 19.1765 0.0557358 0.222098
108.038 19.1746 0.0556846 0.052309
108.108 19.3517 0.0584675 0.0349673
108.286 19.1765 0.0557358 0.222098
107.946 19.3092 0.0613455 0.0227985
108.324 19.1332 0.0633809 0.415813
108.213 18.8936 0.0542683 0.0573003
108.324 19.1332 0.0633809 0.415813
108.324 19.1332 0.0633809 0.415813
108.414 19.3765 0.0550065 0.00439856
108.286 19.1765 0.0557358 0.222098
108.324 19.1332 0.0633809 0.415813
108.324 19.1332 0.0633809 0.415813
108.286 19.1765 0.0557358 0.222098
108.324 19.1332 0.0633809 0.415813
108.286 19.1765 0.0557358 0.222098
108.177 19.4306 0.0650409 0.00664638
108.324 19.1332 0.0633809 0.415813
108.038 19.1746 0.0556846 0.052309
108.286 19.1765 0.0557358 0.222098
108.324 19.1332 0.0633809 0.415813
