18.2404 -90.6707 3.66363 0.13144
18.5726 -90.5797 3.66341 0.0680704
18.3594 -90.9249 3.66091 0.105881
18.2151 -90.8422 3.66573 0.0540721
18.2151 -90.8422 3.66573 0.0540721
18.1197 -90.6393 3.6552 0.043503
18.3644 -90.9733 3.65462 0.0169131
18.2404 -90.6707 3.66363 0.13144
18.5726 -90.5797 3.66341 0.0680704
18.3594 -90.9249 3.66091 0.105881
18.0508 -90.922 3.65533 0.0272542
17.9199 -90.6423 3.6496 0.00318052
18.293 -90.6546 3.65676 0.0851255
18.2404 -90.6707 3.66363 0.13144
18.5726 -90.5797 3.66341 0.0680704
18.5726 -90.5797 3.66341 0.0680704
18.3594 -90.9249 3.66091 0.105881
18.2151 -90.8422 3.66573 0.0540721
18.2151 -90.8422 3.66573 0.0540721
18.191 -90.5918 3.65501 0.0359
18.293 -90.6546 3.65676 0.0851255
18.1247 -90.679 3.65322 0.0335018
18.2404 -90.6707 3.66363 0.13144
18.7057 -90.8974 3.66689 0.0265919
18.2638 -90.5786 3.65215 0.00897944
18.2638 -90.5786 3.65215 0.00897944
18.3466 -91.1132 3.66792 0.00325775
18.3594 -90.9249 3.66091 0.105881
18.296 -91.0886 3.65541 0.00840081
18.2227 -90.9726 3.66426 0.0303456
18.0508 -90.922 3.65533 0.0272542
18.2481 -90.8416 3.65354 0.042511
18.293 -90.6546 3.65676 0.0851255
18.2404 -90.6707 3.66363 0.13144
18.5726 -90.5797 3.66341 0.0680704
18.4768 -90.8661 3.66893 0.0863079
18.4768 -90.8661 3.66893 0.0863079
18.4768 -90.8661 3.66893 0.0863079
18.2151 -90.8422 3.66573 0.0540721
18.0566 -91.0243 3.6558 0.0117301
18.293 -90.6546 3.65676 0.0851255
18.1467 -91.0829 3.66058 0.00824743
18.5726 -90.5797 3.66341 0.0680704
18.7057 -90.8974 3.66689 0.0265919
18.4768 -90.8661 3.66893 0.0863079
18.4768 -90.8661 3.66893 0.0863079
18.2151 -90.8422 3.66573 0.0540721
18.1197 -90.6393 3.6552 0.043503
18.293 -90.6546 3.65676 0.0851255
18.0172 -90.7038 3.65079 0.0121008
18.2404 -90.6707 3.66363 0.13144
18.2638 -90.5786 3.65215 0.00897944
18.3594 -90.9249 3.66091 0.105881
18.0134 -90.8019 3.66531 0.00430838
18.2151 -90.8422 3.66573 0.0540721
18.1197 -90.6393 3.6552 0.043503
18.2404 -90.6707 3.66363 0.13144
18.2404 -90.6707 3.66363 0.13144
18.1467 -91.0829 3.66058 0.00824743
18.7057 -90.8974 3.66689 0.0265919
18.3594 -90.9249 3.66091 0.105881
18.2151 -90.8422 3.66573 0.0540721
18.296 -91.0886 3.65541 0.00840081
18.2227 -90.9726 3.66426 0.0303456
18.3997 -90.5036 3.65574 0.00979625
18.1197 -90.6393 3.6552 0.043503
18.2404 -90.6707 3.66363 0.13144
18.4864 -90.691 3.65325 0.00450495
18.4768 -90.8661 3.66893 0.0863079
18.4768 -90.8661 3.66893 0.0863079
17.984 -90.9513 3.65591 0.011949
17.9679 -90.8748 3.65908 0.0112551
17.9679 -90.8748 3.65908 0.0112551
18.293 -90.6546 3.65676 0.0851255
18.1467 -91.0829 3.66058 0.00824743
18.4768 -90.8661 3.66893 0.0863079
18.3594 -90.9249 3.66091 0.105881
18.3594 -90.9249 3.66091 0.105881
18.2151 -90.8422 3.66573 0.0540721
18.191 -90.5918 3.65501 0.0359
18.2481 -90.8416 3.65354 0.042511
18.2404 -90.6707 3.66363 0.13144
18.5726 -90.5797 3.66341 0.0680704
18.3594 -90.9249 3.66091 0.105881
18.004 -90.8797 3.65404 0.0212582
18.2481 -90.8416 3.65354 0.042511
18.2404 -90.6707 3.66363 0.13144
18.2638 -90.5786 3.65215 0.00897944
18.4768 -90.8661 3.66893 0.0863079
17.984 -90.9513 3.65591 0.011949
18.004 -90.8797 3.65404 0.0212582
18.1197 -90.6393 3.6552 0.043503
18.2404 -90.6707 3.66363 0.13144
18.5726 -90.5797 3.66341 0.0680704
18.5726 -90.5797 3.66341 0.0680704
18.5726 -90.5797 3.66341 0.0680704
18.4768 -90.8661 3.66893 0.0863079
18.2151 -90.8422 3.66573 0.0540721
18.2227 -90.9726 3.66426 0.0303456
18.191 -90.5918 3.65501 0.0359
