6.18722 -93.7566 3.39141 0.0283546
6.29394 -93.9922 3.37845 0.0812334
6.26496 -93.9811 3.38128 0.129413
6.16002 -93.6496 3.39673 0.00170221
6.37881 -93.7505 3.38913 0.0293786
6.16066 -94.0128 3.38353 0.139834
6.05631 -94.0801 3.37792 0.147084
5.94632 -94.0129 3.37052 0.0406836
5.93671 -93.9531 3.37416 0.085155
6.26496 -93.9811 3.38128 0.129413
6.23585 -94.0354 3.37529 0.0682703
6.16066 -94.0128 3.38353 0.139834
6.16066 -94.0128 3.38353 0.139834
6.05631 -94.0801 3.37792 0.147084
5.92514 -93.7508 3.38195 0.0464971
6.18722 -93.7566 3.39141 0.0283546
6.18294 -93.7018 3.385 0.0782153
6.26496 -93.9811 3.38128 0.129413
6.08313 -93.5608 3.3828 0.0135736
6.05631 -94.0801 3.37792 0.147084
6.34207 -93.7611 3.39319 0.0128452
6.45567 -93.9066 3.38841 0.0163576
6.29394 -93.9922 3.37845 0.0812334
6.23585 -94.0354 3.37529 0.0682703
6.16066 -94.0128 3.38353 0.139834
5.94632 -94.0129 3.37052 0.0406836
5.93671 -93.9531 3.37416 0.085155
6.4214 -93.6913 3.38186 0.0102543
6.26496 -93.9811 3.38128 0.129413
5.90712 -93.9393 3.38541 0.0299357
6.05631 -94.0801 3.37792 0.147084
6.33888 -94.1688 3.38826 0.00461613
6.4214 -93.6913 3.38186 0.0102543
6.23585 -94.0354 3.37529 0.0682703
6.16066 -94.0128 3.38353 0.139834
5.94632 -94.0129 3.37052 0.0406836
5.92514 -93.7508 3.38195 0.0464971
6.18722 -93.7566 3.39141 0.0283546
6.29394 -93.9922 3.37845 0.0812334
6.32749 -94.1542 3.3943 0.00029671
6.51382 -93.8663 3.37892 0.00373742
6.05631 -94.0801 3.37792 0.147084
5.92514 -93.7508 3.38195 0.0464971
6.18294 -93.7018 3.385 0.0782153
6.29394 -93.9922 3.37845 0.0812334
6.26496 -93.9811 3.38128 0.129413
5.90712 -93.9393 3.38541 0.0299357
6.37881 -93.7505 3.38913 0.0293786
6.16066 -94.0128 3.38353 0.139834
5.94632 -94.0129 3.37052 0.0406836
6.18294 -93.7018 3.385 0.0782153
6.23585 -94.0354 3.37529 0.0682703
6.28318 -94.0294 3.39147 0.00876651
6.16066 -94.0128 3.38353 0.139834
6.16066 -94.0128 3.38353 0.139834
6.05631 -94.0801 3.37792 0.147084
6.05631 -94.0801 3.37792 0.147084
6.18722 -93.7566 3.39141 0.0283546
5.93671 -93.9531 3.37416 0.085155
6.26496 -93.9811 3.38128 0.129413
6.26496 -93.9811 3.38128 0.129413
6.08313 -93.5608 3.3828 0.0135736
6.16066 -94.0128 3.38353 0.139834
6.05631 -94.0801 3.37792 0.147084
6.05631 -94.0801 3.37792 0.147084
5.92514 -93.7508 3.38195 0.0464971
6.29394 -93.9922 3.37845 0.0812334
6.23585 -94.0354 3.37529 0.0682703
6.16066 -94.0128 3.38353 0.139834
6.05631 -94.0801 3.37792 0.147084
5.92514 -93.7508 3.38195 0.0464971
6.29394 -93.9922 3.37845 0.0812334
6.29394 -93.9922 3.37845 0.0812334
6.29394 -93.9922 3.37845 0.0812334
6.23585 -94.0354 3.37529 0.0682703
6.05631 -94.0801 3.37792 0.147084
6.05631 -94.0801 3.37792 0.147084
5.93671 -93.9531 3.37416 0.085155
6.18294 -93.7018 3.385 0.0782153
6.29394 -93.9922 3.37845 0.0812334
6.26496 -93.9811 3.38128 0.129413
6.26496 -93.9811 3.38128 0.129413
6.26496 -93.9811 3.38128 0.129413
6.16066 -94.0128 3.38353 0.139834
6.05631 -94.0801 3.37792 0.147084
6.18722 -93.7566 3.39141 0.0283546
6.29394 -93.9922 3.37845 0.0812334
6.23585 -94.0354 3.37529 0.0682703
6.16066 -94.0128 3.38353 0.139834
5.94632 -94.0129 3.37052 0.0406836
5.93671 -93.9531 3.37416 0.085155
6.29394 -93.9922 3.37845 0.0812334
6.29394 -93.9922 3.37845 0.0812334
6.26496 -93.9811 3.38128 0.129413
6.16066 -94.0128 3.38353 0.139834
6.05631 -94.0801 3.37792 0.147084
5.92514 -93.7508 3.38195 0.0464971
5.93671 -93.9531 3.37416 0.085155
5.93671 -93.9531 3.37416 0.085155
5.93671 -93.9531 3.37416 0.085155
