33.2728 -77.3011 3.91464 0.211007
33.3949 -77.2181 3.91225 0.361975
33.4742 -77.0904 3.91192 0.0699626
33.2685 -77.2842 3.90675 0.108913
33.2906 -77.0408 3.91498 0.0931812
33.3949 -77.2181 3.91225 0.361975
33.3949 -77.2181 3.91225 0.361975
33.3949 -77.2181 3.91225 0.361975
33.2906 -77.0408 3.91498 0.0931812
33.2728 -77.3011 3.91464 0.211007
33.2906 -77.0408 3.91498 0.0931812
33.2728 -77.3011 3.91464 0.211007
33.3949 -77.2181 3.91225 0.361975
33.3949 -77.2181 3.91225 0.361975
33.3949 -77.2181 3.91225 0.361975
33.2685 -77.2842 3.90675 0.108913
33.3949 -77.2181 3.91225 0.361975
33.3949 -77.2181 3.91225 0.361975
33.2906 -77.0408 3.91498 0.0931812
33.2906 -77.0408 3.91498 0.0931812
33.3949 -77.2181 3.91225 0.361975
33.2728 -77.3011 3.91464 0.211007
33.3949 -77.2181 3.91225 0.361975
33.3949 -77.2181 3.91225 0.361975
33.2728 -77.3011 3.91464 0.211007
33.2728 -77.3011 3.91464 0.211007
33.2906 -77.0408 3.91498 0.0931812
33.3949 -77.2181 3.91225 0.361975
33.2728 -77.3011 3.91464 0.211007
33.2685 -77.2842 3.90675 0.108913
33.2906 -77.0408 3.91498 0.0931812
33.3949 -77.2181 3.91225 0.361975
33.3949 -77.2181 3.91225 0.361975
33.1257 -77.0626 3.90122 0.024137
33.2728 -77.3011 3.91464 0.211007
33.3949 -77.2181 3.91225 0.361975
33.4742 -77.0904 3.91192 0.0699626
33.3949 -77.2181 3.91225 0.361975
33.4742 -77.0904 3.91192 0.0699626
33.2685 -77.2842 3.90675 0.108913
33.2392 -77.4833 3.90885 0.00362024
33.2728 -77.3011 3.91464 0.211007
33.2685 -77.2842 3.90675 0.108913
33.3949 -77.2181 3.91225 0.361975
33.3949 -77.2181 3.91225 0.361975
33.3949 -77.2181 3.91225 0.361975
33.3949 -77.2181 3.91225 0.361975
33.2728 -77.3011 3.91464 0.211007
33.2906 -77.0408 3.91498 0.0931812
33.4944 -77.0384 3.91411 0.0318467
33.3949 -77.2181 3.91225 0.361975
33.2906 -77.0408 3.91498 0.0931812
33.1257 -77.0626 3.90122 0.024137
33.2685 -77.2842 3.90675 0.108913
33.3949 -77.2181 3.91225 0.361975
33.2906 -77.0408 3.91498 0.0931812
33.3967 -77.359 3.90854 0.0138847
33.2728 -77.3011 3.91464 0.211007
33.2685 -77.2842 3.90675 0.108913
33.3949 -77.2181 3.91225 0.361975
33.2728 -77.3011 3.91464 0.211007
33.2728 -77.3011 3.91464 0.211007
33.3317 -77.4654 3.91169 0.0102987
33.2728 -77.3011 3.91464 0.211007
33.2728 -77.3011 3.91464 0.211007
33.2906 -77.0408 3.91498 0.0931812
33.3949 -77.2181 3.91225 0.361975
33.2685 -77.2842 3.90675 0.108913
33.2906 -77.0408 3.91498 0.0931812
33.4944 -77.0384 3.91411 0.0318467
33.2685 -77.2842 3.90675 0.108913
33.2906 -77.0408 3.91498 0.0931812
33.4944 -77.0384 3.91411 0.0318467
33.4742 -77.0904 3.91192 0.0699626
33.3949 -77.2181 3.91225 0.361975
33.2685 -77.2842 3.90675 0.108913
33.3949 -77.2181 3.91225 0.361975
33.3949 -77.2181 3.91225 0.361975
33.2728 -77.3011 3.91464 0.211007
33.5781 -77.3787 3.91886 0.00488316
33.3949 -77.2181 3.91225 0.361975
33.2728 -77.3011 3.91464 0.211007
33.2685 -77.2842 3.90675 0.108913
33.3949 -77.2181 3.91225 0.361975
33.2728 -77.3011 3.91464 0.211007
33.3949 -77.2181 3.91225 0.361975
33.2685 -77.2842 3.90675 0.108913
33.3949 -77.2181 3.91225 0.361975
33.3949 -77.2181 3.91225 0.361975
33.3202 -76.9909 3.9054 0.0227011
33.3949 -77.2181 3.91225 0.361975
33.2728 -77.3011 3.91464 0.211007
33.3949 -77.2181 3.91225 0.361975
33.3949 -77.2181 3.91225 0.361975
33.4742 -77.0904 3.91192 0.0699626
33.5781 -77.3787 3.91886 0.00488316
33.2728 -77.3011 3.91464 0.211007
33.2906 -77.0408 3.91498 0.0931812
33.3949 -77.2181 3.91225 0.361975
33.4742 -77.0904 3.91192 0.0699626
