279.85 7.80085 4.84276 0.0334812
279.943 8.00749 4.83826 0.105839
280.079 8.01311 4.84624 0.0624428
279.996 7.98293 4.84664 0.0816139
279.996 7.98293 4.84664 0.0816139
279.885 7.94993 4.83666 0.121305
280.184 7.74682 4.83892 0.00563443
279.887 8.1623 4.83976 0.0136161
279.943 8.00749 4.83826 0.105839
280.079 8.01311 4.84624 0.0624428
279.996 7.98293 4.84664 0.0816139
279.996 7.98293 4.84664 0.0816139
279.885 7.94993 4.83666 0.121305
279.802 7.87732 4.84444 0.0243978
279.802 7.87732 4.84444 0.0243978
279.803 7.70146 4.83779 0.0150332
280.153 7.88305 4.84146 0.0319733
279.877 8.07837 4.84978 0.0152525
279.943 8.00749 4.83826 0.105839
279.943 8.00749 4.83826 0.105839
279.943 8.00749 4.83826 0.105839
280.079 8.01311 4.84624 0.0624428
279.807 8.18472 4.83531 0.00257479
279.806 8.14673 4.84549 0.00722635
279.996 7.98293 4.84664 0.0816139
279.885 7.94993 4.83666 0.121305
279.914 7.82708 4.84173 0.0816036
279.803 7.70146 4.83779 0.0150332
280.09 8.01234 4.82901 0.00269818
279.943 8.00749 4.83826 0.105839
279.987 7.85123 4.82756 0.0204487
279.885 7.94993 4.83666 0.121305
279.914 7.82708 4.84173 0.0816036
279.914 7.82708 4.84173 0.0816036
279.895 8.09788 4.83366 0.0160522
279.943 8.00749 4.83826 0.105839
279.807 8.18472 4.83531 0.00257479
279.987 7.85123 4.82756 0.0204487
279.885 7.94993 4.83666 0.121305
279.982 8.23487 4.84454 0.00558824
280.092 7.77649 4.83577 0.02768
280.092 7.77649 4.83577 0.02768
279.993 7.87706 4.84466 0.0840776
280.079 8.01311 4.84624 0.0624428
279.987 7.85123 4.82756 0.0204487
280.094 8.03324 4.84636 0.051466
279.996 7.98293 4.84664 0.0816139
279.996 7.98293 4.84664 0.0816139
279.885 7.94993 4.83666 0.121305
280.184 7.74682 4.83892 0.00563443
279.85 7.80085 4.84276 0.0334812
280.092 7.77649 4.83577 0.02768
279.993 7.87706 4.84466 0.0840776
279.723 7.85092 4.83946 0.0177665
279.996 7.98293 4.84664 0.0816139
279.885 7.94993 4.83666 0.121305
279.862 8.08309 4.84725 0.02222
279.802 7.87732 4.84444 0.0243978
279.856 7.85732 4.8485 0.0115549
279.877 8.07837 4.84978 0.0152525
280.079 8.01311 4.84624 0.0624428
280.079 8.01311 4.84624 0.0624428
279.741 7.98029 4.84486 0.00996725
280.22 7.72848 4.83849 0.00294302
279.996 7.98293 4.84664 0.0816139
279.862 8.08309 4.84725 0.02222
279.85 7.80085 4.84276 0.0334812
279.943 8.00749 4.83826 0.105839
280.079 8.01311 4.84624 0.0624428
279.987 7.85123 4.82756 0.0204487
280.094 8.03324 4.84636 0.051466
279.885 7.94993 4.83666 0.121305
279.885 7.94993 4.83666 0.121305
279.982 8.23487 4.84454 0.00558824
279.802 7.87732 4.84444 0.0243978
279.639 7.89358 4.83761 0.00487652
279.943 8.00749 4.83826 0.105839
279.943 8.00749 4.83826 0.105839
279.993 7.87706 4.84466 0.0840776
279.993 7.87706 4.84466 0.0840776
280.094 8.03324 4.84636 0.051466
280.094 8.03324 4.84636 0.051466
279.996 7.98293 4.84664 0.0816139
279.862 8.08309 4.84725 0.02222
280.184 7.74682 4.83892 0.00563443
280.028 7.70693 4.83938 0.0214559
279.887 8.1623 4.83976 0.0136161
279.887 8.1623 4.83976 0.0136161
279.943 8.00749 4.83826 0.105839
280.079 8.01311 4.84624 0.0624428
279.987 7.85123 4.82756 0.0204487
279.996 7.98293 4.84664 0.0816139
279.885 7.94993 4.83666 0.121305
279.802 7.95452 4.82793 0.0189117
279.85 7.80085 4.84276 0.0334812
279.943 8.00749 4.83826 0.105839
279.806 8.14673 4.84549 0.00722635
279.885 7.94993 4.83666 0.121305
279.914 7.82708 4.84173 0.0816036
279.914 7.82708 4.84173 0.0816036
