263.512 -16.6971 3.58221 0.0958148
263.528 -16.7275 3.58132 0.143952
263.532 -16.6426 3.57536 0.00413367
263.596 -16.9031 3.58121 0.140744
263.596 -16.9031 3.58121 0.140744
263.254 -16.7402 3.5763 0.140631
263.512 -16.6971 3.58221 0.0958148
263.512 -16.6971 3.58221 0.0958148
263.125 -16.8607 3.57664 0.0379598
263.528 -16.7275 3.58132 0.143952
263.528 -16.7275 3.58132 0.143952
263.485 -16.6935 3.58239 0.0866311
263.596 -16.9031 3.58121 0.140744
263.254 -16.7402 3.5763 0.140631
263.254 -16.7402 3.5763 0.140631
263.512 -16.6971 3.58221 0.0958148
263.528 -16.7275 3.58132 0.143952
263.528 -16.7275 3.58132 0.143952
263.485 -16.6935 3.58239 0.0866311
263.254 -16.7402 3.5763 0.140631
263.155 -16.8726 3.57423 0.0921622
263.512 -16.6971 3.58221 0.0958148
263.567 -16.7169 3.58484 0.0594251
263.528 -16.7275 3.58132 0.143952
263.596 -16.9031 3.58121 0.140744
263.254 -16.7402 3.5763 0.140631
263.512 -16.6971 3.58221 0.0958148
263.528 -16.7275 3.58132 0.143952
263.054 -16.7107 3.57628 0.0046105
263.485 -16.6935 3.58239 0.0866311
263.254 -16.7402 3.5763 0.140631
263.155 -16.8726 3.57423 0.0921622
263.512 -16.6971 3.58221 0.0958148
263.567 -16.7169 3.58484 0.0594251
263.567 -16.7169 3.58484 0.0594251
263.359 -17.0322 3.57999 0.0582257
263.528 -16.7275 3.58132 0.143952
263.596 -16.9031 3.58121 0.140744
263.596 -16.9031 3.58121 0.140744
263.097 -16.8216 3.57067 0.0343168
263.155 -16.8726 3.57423 0.0921622
263.512 -16.6971 3.58221 0.0958148
263.359 -17.0322 3.57999 0.0582257
263.485 -16.6935 3.58239 0.0866311
263.596 -16.9031 3.58121 0.140744
263.155 -16.8726 3.57423 0.0921622
263.512 -16.6971 3.58221 0.0958148
263.567 -16.7169 3.58484 0.0594251
263.561 -16.8378 3.58821 0.0172196
263.485 -16.6935 3.58239 0.0866311
263.596 -16.9031 3.58121 0.140744
263.254 -16.7402 3.5763 0.140631
263.155 -16.8726 3.57423 0.0921622
263.125 -16.8607 3.57664 0.0379598
263.359 -17.0322 3.57999 0.0582257
263.359 -17.0322 3.57999 0.0582257
263.528 -16.7275 3.58132 0.143952
263.485 -16.6935 3.58239 0.0866311
263.485 -16.6935 3.58239 0.0866311
263.254 -16.7402 3.5763 0.140631
263.254 -16.7402 3.5763 0.140631
263.155 -16.8726 3.57423 0.0921622
263.512 -16.6971 3.58221 0.0958148
263.528 -16.7275 3.58132 0.143952
263.102 -16.7417 3.57548 0.0248862
263.485 -16.6935 3.58239 0.0866311
263.596 -16.9031 3.58121 0.140744
263.254 -16.7402 3.5763 0.140631
263.155 -16.8726 3.57423 0.0921622
263.512 -16.6971 3.58221 0.0958148
263.125 -16.8607 3.57664 0.0379598
263.567 -16.7169 3.58484 0.0594251
263.095 -16.575 3.57315 0.00245145
263.596 -16.9031 3.58121 0.140744
263.254 -16.7402 3.5763 0.140631
263.155 -16.8726 3.57423 0.0921622
263.567 -16.7169 3.58484 0.0594251
263.567 -16.7169 3.58484 0.0594251
263.528 -16.7275 3.58132 0.143952
263.485 -16.6935 3.58239 0.0866311
263.254 -16.7402 3.5763 0.140631
263.254 -16.7402 3.5763 0.140631
263.097 -16.8216 3.57067 0.0343168
263.567 -16.7169 3.58484 0.0594251
263.528 -16.7275 3.58132 0.143952
263.596 -16.9031 3.58121 0.140744
263.596 -16.9031 3.58121 0.140744
263.699 -16.7588 3.59147 0.00194245
263.155 -16.8726 3.57423 0.0921622
263.512 -16.6971 3.58221 0.0958148
263.528 -16.7275 3.58132 0.143952
263.596 -16.9031 3.58121 0.140744
263.254 -16.7402 3.5763 0.140631
263.254 -16.7402 3.5763 0.140631
263.512 -16.6971 3.58221 0.0958148
263.125 -16.8607 3.57664 0.0379598
263.567 -16.7169 3.58484 0.0594251
263.359 -17.0322 3.57999 0.0582257
263.485 -16.6935 3.58239 0.0866311
263.596 -16.9031 3.58121 0.140744
