175.54 23.9151 0.0835194 0.049927
175.799 23.7419 0.0890085 0.0302171
175.569 23.7171 0.0800916 0.0810665
175.712 23.7466 0.0813065 0.131534
175.465 23.631 0.0819846 0.0297905
175.541 23.7519 0.0842901 0.1378
175.795 23.6965 0.0817267 0.0713963
175.57 23.8242 0.0875406 0.116677
175.57 23.8242 0.0875406 0.116677
175.57 23.8242 0.0875406 0.116677
175.57 23.8242 0.0875406 0.116677
175.881 23.6528 0.0817454 0.0199532
175.881 23.6528 0.0817454 0.0199532
175.541 23.7519 0.0842901 0.1378
175.541 23.7519 0.0842901 0.1378
175.799 23.7419 0.0890085 0.0302171
175.532 23.7735 0.0849551 0.131649
175.57 23.8242 0.0875406 0.116677
175.57 23.8242 0.0875406 0.116677
175.712 23.7466 0.0813065 0.131534
175.701 23.6478 0.0775511 0.042496
175.541 23.7519 0.0842901 0.1378
175.541 23.7519 0.0842901 0.1378
175.569 23.7171 0.0800916 0.0810665
175.57 23.8242 0.0875406 0.116677
175.712 23.7466 0.0813065 0.131534
175.486 23.9091 0.0903282 0.0251408
175.902 23.5474 0.0810036 0.00480539
175.541 23.7519 0.0842901 0.1378
175.799 23.7419 0.0890085 0.0302171
175.569 23.7171 0.0800916 0.0810665
175.712 23.7466 0.0813065 0.131534
175.712 23.7466 0.0813065 0.131534
175.701 23.6478 0.0775511 0.042496
175.541 23.7519 0.0842901 0.1378
175.799 23.7419 0.0890085 0.0302171
175.569 23.7171 0.0800916 0.0810665
175.427 23.7385 0.0772528 0.00559276
175.597 23.7518 0.0757909 0.0258085
175.701 23.6478 0.0775511 0.042496
175.54 23.9151 0.0835194 0.049927
175.541 23.7519 0.0842901 0.1378
175.541 23.7519 0.0842901 0.1378
175.532 23.7735 0.0849551 0.131649
175.569 23.7171 0.0800916 0.0810665
175.57 23.8242 0.0875406 0.116677
175.712 23.7466 0.0813065 0.131534
175.712 23.7466 0.0813065 0.131534
175.54 23.9151 0.0835194 0.049927
175.795 23.6965 0.0817267 0.0713963
175.795 23.6965 0.0817267 0.0713963
175.57 23.8242 0.0875406 0.116677
175.57 23.8242 0.0875406 0.116677
175.712 23.7466 0.0813065 0.131534
175.712 23.7466 0.0813065 0.131534
175.712 23.7466 0.0813065 0.131534
175.486 23.9091 0.0903282 0.0251408
175.541 23.7519 0.0842901 0.1378
175.541 23.7519 0.0842901 0.1378
175.532 23.7735 0.0849551 0.131649
175.532 23.7735 0.0849551 0.131649
175.57 23.8242 0.0875406 0.116677
175.712 23.7466 0.0813065 0.131534
175.701 23.6478 0.0775511 0.042496
175.541 23.7519 0.0842901 0.1378
175.799 23.7419 0.0890085 0.0302171
175.569 23.7171 0.0800916 0.0810665
175.57 23.8242 0.0875406 0.116677
175.712 23.7466 0.0813065 0.131534
175.712 23.7466 0.0813065 0.131534
175.54 23.9151 0.0835194 0.049927
175.54 23.9151 0.0835194 0.049927
175.541 23.6392 0.0752392 0.00669944
175.795 23.6965 0.0817267 0.0713963
175.57 23.8242 0.0875406 0.116677
175.921 24.0699 0.077167 0.000519858
175.712 23.7466 0.0813065 0.131534
175.712 23.7466 0.0813065 0.131534
175.465 23.631 0.0819846 0.0297905
175.701 23.6478 0.0775511 0.042496
175.799 23.7419 0.0890085 0.0302171
175.569 23.7171 0.0800916 0.0810665
175.57 23.8242 0.0875406 0.116677
175.881 23.6528 0.0817454 0.0199532
175.54 23.9151 0.0835194 0.049927
175.541 23.7519 0.0842901 0.1378
175.795 23.6965 0.0817267 0.0713963
175.532 23.7735 0.0849551 0.131649
175.569 23.7171 0.0800916 0.0810665
175.569 23.7171 0.0800916 0.0810665
175.57 23.8242 0.0875406 0.116677
175.881 23.6528 0.0817454 0.0199532
175.866 24.0177 0.0867398 0.00139771
175.795 23.6965 0.0817267 0.0713963
175.795 23.6965 0.0817267 0.0713963
175.532 23.7735 0.0849551 0.131649
175.57 23.8242 0.0875406 0.116677
175.712 23.7466 0.0813065 0.131534
175.712 23.7466 0.0813065 0.131534
175.541 23.7519 0.0842901 0.1378
