133.055 19.685 0.0675058 0.0855935
133.095 19.8547 0.0766038 0.020994
133.207 19.772 0.0732371 0.183609
133.291 20.039 0.0697976 0.0154858
132.98 19.6656 0.072672 0.05036
133.055 19.685 0.0675058 0.0855935
133.209 19.8302 0.0722541 0.172549
133.207 19.772 0.0732371 0.183609
133.278 19.9798 0.0709977 0.0341912
133.055 19.685 0.0675058 0.0855935
133.247 19.524 0.0746036 0.0435853
132.98 19.6656 0.072672 0.05036
133.213 19.9711 0.0681025 0.0753734
133.417 19.8216 0.0657841 0.0626268
133.209 19.8302 0.0722541 0.172549
133.207 19.772 0.0732371 0.183609
132.982 19.6772 0.0808568 0.00263491
133.209 19.8302 0.0722541 0.172549
133.209 19.8302 0.0722541 0.172549
133.207 19.772 0.0732371 0.183609
133.207 19.772 0.0732371 0.183609
132.98 19.6656 0.072672 0.05036
133.442 19.8169 0.0704066 0.0379284
133.209 19.8302 0.0722541 0.172549
133.207 19.772 0.0732371 0.183609
133.278 19.9798 0.0709977 0.0341912
133.055 19.685 0.0675058 0.0855935
133.209 19.8302 0.0722541 0.172549
133.207 19.772 0.0732371 0.183609
132.97 19.7518 0.0708508 0.0520936
133.291 20.039 0.0697976 0.0154858
132.98 19.6656 0.072672 0.05036
133.278 19.9798 0.0709977 0.0341912
133.213 19.9711 0.0681025 0.0753734
133.442 19.8169 0.0704066 0.0379284
133.055 19.685 0.0675058 0.0855935
133.209 19.8302 0.0722541 0.172549
133.207 19.772 0.0732371 0.183609
132.97 19.7518 0.0708508 0.0520936
133.291 20.039 0.0697976 0.0154858
133.156 19.3859 0.0732542 0.00557592
133.209 19.8302 0.0722541 0.172549
133.247 19.524 0.0746036 0.0435853
133.207 19.772 0.0732371 0.183609
133.291 20.039 0.0697976 0.0154858
133.208 19.734 0.0622649 0.04214
133.209 19.8302 0.0722541 0.172549
133.207 19.772 0.0732371 0.183609
133.278 19.9798 0.0709977 0.0341912
133.213 19.9711 0.0681025 0.0753734
133.208 19.734 0.0622649 0.04214
133.095 19.8547 0.0766038 0.020994
133.207 19.772 0.0732371 0.183609
133.213 19.9711 0.0681025 0.0753734
133.055 19.685 0.0675058 0.0855935
133.055 19.685 0.0675058 0.0855935
133.055 19.685 0.0675058 0.0855935
133.247 19.524 0.0746036 0.0435853
132.98 19.6656 0.072672 0.05036
133.213 19.9711 0.0681025 0.0753734
133.208 19.734 0.0622649 0.04214
133.055 19.685 0.0675058 0.0855935
133.209 19.8302 0.0722541 0.172549
133.207 19.772 0.0732371 0.183609
132.982 19.6686 0.0765775 0.0230333
133.055 19.685 0.0675058 0.0855935
132.845 19.8154 0.0724576 0.00350247
133.207 19.772 0.0732371 0.183609
132.98 19.6656 0.072672 0.05036
133.261 19.4541 0.0779171 0.00585104
133.209 19.8302 0.0722541 0.172549
133.207 19.772 0.0732371 0.183609
132.982 19.6686 0.0765775 0.0230333
133.055 19.685 0.0675058 0.0855935
133.207 19.772 0.0732371 0.183609
133.278 19.9798 0.0709977 0.0341912
133.442 19.8169 0.0704066 0.0379284
133.417 19.8216 0.0657841 0.0626268
133.417 19.8216 0.0657841 0.0626268
133.209 19.8302 0.0722541 0.172549
133.247 19.524 0.0746036 0.0435853
133.207 19.772 0.0732371 0.183609
132.982 19.6772 0.0808568 0.00263491
133.209 19.8302 0.0722541 0.172549
133.015 19.9051 0.0777102 0.00318268
133.207 19.772 0.0732371 0.183609
132.98 19.6656 0.072672 0.05036
133.072 19.4405 0.0747432 0.0105698
133.095 19.8547 0.0766038 0.020994
133.207 19.772 0.0732371 0.183609
132.98 19.6656 0.072672 0.05036
133.213 19.9711 0.0681025 0.0753734
132.999 19.51 0.0770293 0.00964526
133.209 19.8302 0.0722541 0.172549
133.209 19.8302 0.0722541 0.172549
133.209 19.8302 0.0722541 0.172549
133.225 20.0987 0.0686187 0.00717643
133.207 19.772 0.0732371 0.183609
132.97 19.7518 0.0708508 0.0520936
132.999 19.51 0.0770293 0.00964526
