266.071 -17.2381 3.67734 0.14133
266.066 -17.0464 3.6783 0.275272
265.714 -17.2344 3.66862 0.0465934
265.763 -16.9392 3.6693 0.0937905
265.763 -16.9392 3.6693 0.0937905
266.066 -17.0464 3.6783 0.275272
266.369 -17.1108 3.68388 0.0577858
265.804 -17.3275 3.68021 0.00729194
265.968 -17.0234 3.6728 0.113706
266.066 -17.0464 3.6783 0.275272
265.714 -17.2344 3.66862 0.0465934
266.071 -17.2381 3.67734 0.14133
266.066 -17.0464 3.6783 0.275272
266.058 -16.8159 3.67872 0.00993924
265.552 -16.9816 3.66304 0.0343478
265.871 -17.3325 3.68111 0.0138923
266.066 -17.0464 3.6783 0.275272
265.763 -16.9392 3.6693 0.0937905
265.677 -17.0937 3.66389 0.0189863
266.792 -17.3154 3.69938 0.00127455
266.071 -17.2381 3.67734 0.14133
266.066 -17.0464 3.6783 0.275272
266.369 -17.1108 3.68388 0.0577858
266.071 -17.2381 3.67734 0.14133
266.066 -17.0464 3.6783 0.275272
265.617 -16.9459 3.67037 0.0711569
265.968 -17.0234 3.6728 0.113706
266.066 -17.0464 3.6783 0.275272
266.066 -17.0464 3.6783 0.275272
265.763 -16.9392 3.6693 0.0937905
266.066 -17.0464 3.6783 0.275272
265.703 -16.8522 3.67192 0.0292909
265.968 -17.0234 3.6728 0.113706
266.066 -17.0464 3.6783 0.275272
265.763 -16.9392 3.6693 0.0937905
265.677 -17.0937 3.66389 0.0189863
266.066 -17.0464 3.6783 0.275272
266.066 -17.0464 3.6783 0.275272
266.369 -17.1108 3.68388 0.0577858
266.071 -17.2381 3.67734 0.14133
265.968 -17.0234 3.6728 0.113706
266.007 -16.8247 3.67321 0.00688378
266.53 -17.1146 3.68843 0.0183885
266.066 -17.0464 3.6783 0.275272
266.066 -17.0464 3.6783 0.275272
266.369 -17.1108 3.68388 0.0577858
265.552 -16.9816 3.66304 0.0343478
265.763 -16.9392 3.6693 0.0937905
265.968 -17.0234 3.6728 0.113706
266.066 -17.0464 3.6783 0.275272
265.552 -16.9816 3.66304 0.0343478
265.552 -16.9816 3.66304 0.0343478
266.327 -17.2879 3.68272 0.0344883
266.066 -17.0464 3.6783 0.275272
266.369 -17.1108 3.68388 0.0577858
265.617 -16.9459 3.67037 0.0711569
265.763 -16.9392 3.6693 0.0937905
265.968 -17.0234 3.6728 0.113706
266.066 -17.0464 3.6783 0.275272
265.617 -16.9459 3.67037 0.0711569
265.763 -16.9392 3.6693 0.0937905
266.066 -17.0464 3.6783 0.275272
265.617 -16.9459 3.67037 0.0711569
265.763 -16.9392 3.6693 0.0937905
265.968 -17.0234 3.6728 0.113706
265.714 -17.2344 3.66862 0.0465934
265.617 -16.9459 3.67037 0.0711569
265.763 -16.9392 3.6693 0.0937905
265.763 -16.9392 3.6693 0.0937905
266.066 -17.0464 3.6783 0.275272
266.066 -17.0464 3.6783 0.275272
266.327 -17.2879 3.68272 0.0344883
266.53 -17.1146 3.68843 0.0183885
265.968 -17.0234 3.6728 0.113706
266.369 -17.1108 3.68388 0.0577858
266.071 -17.2381 3.67734 0.14133
266.066 -17.0464 3.6783 0.275272
266.058 -16.8159 3.67872 0.00993924
265.617 -16.9459 3.67037 0.0711569
266.071 -17.2381 3.67734 0.14133
265.968 -17.0234 3.6728 0.113706
265.968 -17.0234 3.6728 0.113706
265.617 -16.9459 3.67037 0.0711569
265.871 -17.3325 3.68111 0.0138923
266.066 -17.0464 3.6783 0.275272
266.369 -17.1108 3.68388 0.0577858
265.763 -16.9392 3.6693 0.0937905
266.071 -17.2381 3.67734 0.14133
266.066 -17.0464 3.6783 0.275272
266.066 -17.0464 3.6783 0.275272
266.327 -17.2879 3.68272 0.0344883
266.53 -17.1146 3.68843 0.0183885
266.066 -17.0464 3.6783 0.275272
265.714 -17.2344 3.66862 0.0465934
265.552 -16.9816 3.66304 0.0343478
266.327 -17.2879 3.68272 0.0344883
265.968 -17.0234 3.6728 0.113706
266.066 -17.0464 3.6783 0.275272
265.763 -16.9392 3.6693 0.0937905
266.066 -17.0464 3.6783 0.275272
