-33.0344 -79.8557 2.23777 0.0237351
-33.0294 -79.9027 2.22425 0.0497467
-32.7158 -80.2061 2.23544 0.0694902
-32.7158 -80.2061 2.23544 0.0694902
-32.9366 -80.4678 2.23277 0.00653606
-33.2412 -80.1647 2.23371 0.0236133
-32.8411 -80.2208 2.23135 0.0882982
-32.7617 -80.1872 2.22907 0.0378549
-32.7617 -80.1872 2.22907 0.0378549
-32.9799 -80.3109 2.23769 0.0774143
-32.6775 -80.1119 2.23718 0.0586444
-32.9077 -79.941 2.23989 0.0451477
-32.8064 -79.9422 2.22264 0.0144306
-32.7636 -79.8594 2.22624 0.02503
-32.7636 -79.8594 2.22624 0.02503
-32.9906 -80.1116 2.22275 0.0174284
-33.0587 -79.7951 2.23033 0.0422365
-33.0587 -79.7951 2.23033 0.0422365
-33.2411 -80.2035 2.23227 0.0192645
-32.8411 -80.2208 2.23135 0.0882982
-32.8411 -80.2208 2.23135 0.0882982
-33.203 -79.9412 2.23005 0.0396102
-32.9799 -80.3109 2.23769 0.0774143
-32.9799 -80.3109 2.23769 0.0774143
-32.9799 -80.3109 2.23769 0.0774143
-33.1921 -80.0055 2.23884 0.0150579
-32.7483 -80.4009 2.22926 0.00267799
-32.9906 -80.1116 2.22275 0.0174284
-33.0633 -79.8821 2.2338 0.0673523
-33.0633 -79.8821 2.2338 0.0673523
-32.8411 -80.2208 2.23135 0.0882982
-32.9253 -80.5275 2.24039 0.00575238
-32.7617 -80.1872 2.22907 0.0378549
-32.9799 -80.3109 2.23769 0.0774143
-32.9077 -79.941 2.23989 0.0451477
-32.8064 -79.9422 2.22264 0.0144306
-33.3477 -80.1612 2.22594 0.00204434
-32.9906 -80.1116 2.22275 0.0174284
-32.7158 -80.2061 2.23544 0.0694902
-33.0633 -79.8821 2.2338 0.0673523
-33.0633 -79.8821 2.2338 0.0673523
-33.0633 -79.8821 2.2338 0.0673523
-33.2411 -80.2035 2.23227 0.0192645
-33.0358 -80.2994 2.22946 0.0288147
-32.7617 -80.1872 2.22907 0.0378549
-32.9799 -80.3109 2.23769 0.0774143
-33.1921 -80.0055 2.23884 0.0150579
-32.8064 -79.9422 2.22264 0.0144306
-33.0294 -79.9027 2.22425 0.0497467
-32.7158 -80.2061 2.23544 0.0694902
-33.0587 -79.7951 2.23033 0.0422365
-33.0633 -79.8821 2.2338 0.0673523
-32.8983 -80.2811 2.22684 0.0151693
-33.2411 -80.2035 2.23227 0.0192645
-32.8411 -80.2208 2.23135 0.0882982
-33.203 -79.9412 2.23005 0.0396102
-32.7617 -80.1872 2.22907 0.0378549
-32.6775 -80.1119 2.23718 0.0586444
-33.0649 -80.3964 2.24349 0.00921452
-33.0294 -79.9027 2.22425 0.0497467
-32.7636 -79.8594 2.22624 0.02503
-32.7158 -80.2061 2.23544 0.0694902
-33.0587 -79.7951 2.23033 0.0422365
-33.2412 -80.1647 2.23371 0.0236133
-32.8411 -80.2208 2.23135 0.0882982
-32.8411 -80.2208 2.23135 0.0882982
-33.203 -79.9412 2.23005 0.0396102
-33.194 -80.157 2.23274 0.0446529
-32.9799 -80.3109 2.23769 0.0774143
-32.6775 -80.1119 2.23718 0.0586444
-33.0649 -80.3964 2.24349 0.00921452
-33.0649 -80.3964 2.24349 0.00921452
-33.3679 -80.2168 2.22652 0.00101364
-33.0587 -79.7951 2.23033 0.0422365
-33.0633 -79.8821 2.2338 0.0673523
-32.8411 -80.2208 2.23135 0.0882982
-32.8411 -80.2208 2.23135 0.0882982
-32.8411 -80.2208 2.23135 0.0882982
-32.7617 -80.1872 2.22907 0.0378549
-32.6775 -80.1119 2.23718 0.0586444
-32.6775 -80.1119 2.23718 0.0586444
-32.7842 -80.0793 2.24391 0.0257902
-33.1921 -80.0055 2.23884 0.0150579
-33.0294 -79.9027 2.22425 0.0497467
-32.7158 -80.2061 2.23544 0.0694902
-33.0633 -79.8821 2.2338 0.0673523
-33.2411 -80.2035 2.23227 0.0192645
-32.8411 -80.2208 2.23135 0.0882982
-32.8411 -80.2208 2.23135 0.0882982
-32.7422 -80.1262 2.24463 0.0203216
-33.194 -80.157 2.23274 0.0446529
-32.9799 -80.3109 2.23769 0.0774143
-32.7842 -80.0793 2.24391 0.0257902
-33.1101 -80.2849 2.2298 0.0252522
-33.0294 -79.9027 2.22425 0.0497467
-32.7158 -80.2061 2.23544 0.0694902
-33.2412 -80.1647 2.23371 0.0236133
-32.8411 -80.2208 2.23135 0.0882982
-32.7617 -80.1872 2.22907 0.0378549
-32.9799 -80.3109 2.23769 0.0774143
