11.4603 -92.425 3.52448 0.0523641
11.8591 -92.3691 3.52827 0.0437488
11.7082 -92.1754 3.53044 0.0546216
11.6025 -92.4576 3.5237 0.0640058
11.7716 -92.514 3.52563 0.0389421
11.2557 -92.4466 3.5248 0.00953268
11.6014 -92.3667 3.52193 0.0548338
11.7248 -92.5387 3.53088 0.0462696
11.564 -92.2938 3.53249 0.0562512
11.6044 -92.2212 3.53062 0.0612282
12.0042 -92.2159 3.53626 0.0249533
11.8591 -92.3691 3.52827 0.0437488
11.7082 -92.1754 3.53044 0.0546216
11.6025 -92.4576 3.5237 0.0640058
11.497 -92.3912 3.53479 0.023235
11.1194 -92.418 3.51616 0.00309696
11.6869 -92.1924 3.54007 0.0277722
11.7248 -92.5387 3.53088 0.0462696
11.6044 -92.2212 3.53062 0.0612282
11.4603 -92.425 3.52448 0.0523641
11.4504 -92.3376 3.53427 0.0184084
11.7033 -92.2837 3.53749 0.0528953
11.9676 -92.1798 3.53282 0.0215845
11.1994 -92.4754 3.51357 0.00589563
11.8245 -92.1712 3.53512 0.0496268
11.6869 -92.1924 3.54007 0.0277722
11.6869 -92.1924 3.54007 0.0277722
11.6199 -92.3873 3.52737 0.0845319
11.6199 -92.3873 3.52737 0.0845319
11.564 -92.2938 3.53249 0.0562512
11.6044 -92.2212 3.53062 0.0612282
11.4603 -92.425 3.52448 0.0523641
11.7082 -92.1754 3.53044 0.0546216
11.6025 -92.4576 3.5237 0.0640058
11.7846 -92.0746 3.54416 0.011295
11.8245 -92.1712 3.53512 0.0496268
11.6199 -92.3873 3.52737 0.0845319
11.6199 -92.3873 3.52737 0.0845319
11.8794 -92.3328 3.52569 0.0239615
11.6044 -92.2212 3.53062 0.0612282
11.4603 -92.425 3.52448 0.0523641
11.7082 -92.1754 3.53044 0.0546216
11.7716 -92.514 3.52563 0.0389421
11.9676 -92.1798 3.53282 0.0215845
11.8245 -92.1712 3.53512 0.0496268
11.6869 -92.1924 3.54007 0.0277722
11.6199 -92.3873 3.52737 0.0845319
11.8794 -92.3328 3.52569 0.0239615
12.0042 -92.2159 3.53626 0.0249533
11.8591 -92.3691 3.52827 0.0437488
11.7082 -92.1754 3.53044 0.0546216
11.7082 -92.1754 3.53044 0.0546216
11.7716 -92.514 3.52563 0.0389421
11.497 -92.3912 3.53479 0.023235
11.5094 -92.3113 3.51466 0.0121481
11.6014 -92.3667 3.52193 0.0548338
11.6199 -92.3873 3.52737 0.0845319
11.8794 -92.3328 3.52569 0.0239615
11.8794 -92.3328 3.52569 0.0239615
11.5304 -92.3174 3.53342 0.0417328
11.4504 -92.3376 3.53427 0.0184084
11.6025 -92.4576 3.5237 0.0640058
11.7716 -92.514 3.52563 0.0389421
11.2991 -92.3651 3.52656 0.0135324
11.5094 -92.3113 3.51466 0.0121481
11.8245 -92.1712 3.53512 0.0496268
11.6014 -92.3667 3.52193 0.0548338
11.6199 -92.3873 3.52737 0.0845319
11.564 -92.2938 3.53249 0.0562512
11.3098 -91.9763 3.52831 0.00101911
11.5304 -92.3174 3.53342 0.0417328
11.4603 -92.425 3.52448 0.0523641
11.8591 -92.3691 3.52827 0.0437488
11.7033 -92.2837 3.53749 0.0528953
11.7716 -92.514 3.52563 0.0389421
11.9676 -92.1798 3.53282 0.0215845
11.8245 -92.1712 3.53512 0.0496268
11.6199 -92.3873 3.52737 0.0845319
11.8794 -92.3328 3.52569 0.0239615
11.8794 -92.3328 3.52569 0.0239615
11.5304 -92.3174 3.53342 0.0417328
11.8591 -92.3691 3.52827 0.0437488
11.7033 -92.2837 3.53749 0.0528953
11.6025 -92.4576 3.5237 0.0640058
11.2991 -92.3651 3.52656 0.0135324
11.2799 -92.3122 3.52635 0.0104839
11.2557 -92.4466 3.5248 0.00953268
11.5094 -92.3113 3.51466 0.0121481
11.6869 -92.1924 3.54007 0.0277722
11.6199 -92.3873 3.52737 0.0845319
11.8794 -92.3328 3.52569 0.0239615
11.6044 -92.2212 3.53062 0.0612282
11.4603 -92.425 3.52448 0.0523641
11.8591 -92.3691 3.52827 0.0437488
11.6195 -92.5965 3.53762 0.00781469
11.6025 -92.4576 3.5237 0.0640058
11.9676 -92.1798 3.53282 0.0215845
11.7291 -92.2333 3.54297 0.0195209
11.6014 -92.3667 3.52193 0.0548338
11.6869 -92.1924 3.54007 0.0277722
