19.3228 -88.3069 3.70997 0.0347907
19.3021 -88.5782 3.70391 0.139109
19.238 -88.462 3.70467 0.175247
19.4207 -88.4325 3.70581 0.168411
19.4207 -88.4325 3.70581 0.168411
19.7218 -88.3331 3.71123 0.00847253
19.3021 -88.5782 3.70391 0.139109
19.5627 -88.3259 3.70737 0.0306049
19.258 -88.1717 3.70716 0.00487764
19.4903 -88.4662 3.71144 0.155255
19.3021 -88.5782 3.70391 0.139109
19.3021 -88.5782 3.70391 0.139109
19.1189 -88.4218 3.70877 0.010814
19.4207 -88.4325 3.70581 0.168411
19.3472 -88.7114 3.69981 0.00319715
19.4281 -88.3815 3.70253 0.0338907
19.3021 -88.5782 3.70391 0.139109
19.3021 -88.5782 3.70391 0.139109
19.238 -88.462 3.70467 0.175247
19.238 -88.462 3.70467 0.175247
19.4207 -88.4325 3.70581 0.168411
19.5448 -88.7285 3.71618 0.00708262
19.3228 -88.3069 3.70997 0.0347907
19.4903 -88.4662 3.71144 0.155255
19.3021 -88.5782 3.70391 0.139109
19.4995 -88.6053 3.71534 0.0290814
19.3533 -88.7191 3.70441 0.0312146
19.4903 -88.4662 3.71144 0.155255
19.3021 -88.5782 3.70391 0.139109
19.238 -88.462 3.70467 0.175247
19.2387 -88.5616 3.71349 0.00451137
19.4207 -88.4325 3.70581 0.168411
19.4207 -88.4325 3.70581 0.168411
19.4903 -88.4662 3.71144 0.155255
19.4903 -88.4662 3.71144 0.155255
19.4903 -88.4662 3.71144 0.155255
19.3021 -88.5782 3.70391 0.139109
19.4995 -88.6053 3.71534 0.0290814
19.4207 -88.4325 3.70581 0.168411
19.841 -88.575 3.71225 0.00279743
19.4903 -88.4662 3.71144 0.155255
19.238 -88.462 3.70467 0.175247
19.4207 -88.4325 3.70581 0.168411
19.502 -88.6063 3.71329 0.0748177
19.3228 -88.3069 3.70997 0.0347907
19.4784 -88.8225 3.71242 0.00527515
19.238 -88.462 3.70467 0.175247
19.238 -88.462 3.70467 0.175247
19.4207 -88.4325 3.70581 0.168411
19.502 -88.6063 3.71329 0.0748177
19.4903 -88.4662 3.71144 0.155255
19.3021 -88.5782 3.70391 0.139109
19.4207 -88.4325 3.70581 0.168411
19.3533 -88.7191 3.70441 0.0312146
19.3021 -88.5782 3.70391 0.139109
19.3021 -88.5782 3.70391 0.139109
19.238 -88.462 3.70467 0.175247
19.4207 -88.4325 3.70581 0.168411
19.4007 -88.6666 3.71593 0.00480262
19.841 -88.575 3.71225 0.00279743
19.3228 -88.3069 3.70997 0.0347907
19.4903 -88.4662 3.71144 0.155255
19.3021 -88.5782 3.70391 0.139109
19.4995 -88.6053 3.71534 0.0290814
19.4207 -88.4325 3.70581 0.168411
19.502 -88.6063 3.71329 0.0748177
19.3228 -88.3069 3.70997 0.0347907
19.4195 -88.6062 3.70262 0.033027
19.4903 -88.4662 3.71144 0.155255
19.238 -88.462 3.70467 0.175247
19.4207 -88.4325 3.70581 0.168411
19.502 -88.6063 3.71329 0.0748177
19.4195 -88.6062 3.70262 0.033027
19.4903 -88.4662 3.71144 0.155255
19.3021 -88.5782 3.70391 0.139109
19.562 -88.3833 3.70118 0.00122565
19.3533 -88.7191 3.70441 0.0312146
19.4903 -88.4662 3.71144 0.155255
19.238 -88.462 3.70467 0.175247
19.4995 -88.6053 3.71534 0.0290814
19.5448 -88.7285 3.71618 0.00708262
19.4195 -88.6062 3.70262 0.033027
19.3021 -88.5782 3.70391 0.139109
19.238 -88.462 3.70467 0.175247
19.4207 -88.4325 3.70581 0.168411
19.4207 -88.4325 3.70581 0.168411
19.3228 -88.3069 3.70997 0.0347907
19.4195 -88.6062 3.70262 0.033027
19.3021 -88.5782 3.70391 0.139109
19.238 -88.462 3.70467 0.175247
19.4207 -88.4325 3.70581 0.168411
19.0058 -88.4482 3.69547 0.00475074
19.7218 -88.3331 3.71123 0.00847253
19.3021 -88.5782 3.70391 0.139109
19.3021 -88.5782 3.70391 0.139109
19.238 -88.462 3.70467 0.175247
19.4207 -88.4325 3.70581 0.168411
19.4903 -88.4662 3.71144 0.155255
19.238 -88.462 3.70467 0.175247
19.238 -88.462 3.70467 0.175247
