133.417 20.3409 0.0786863 0.201466
133.692 20.1829 0.0737242 0.0849578
133.455 20.3614 0.0706299 0.121336
133.455 20.3614 0.0706299 0.121336
133.119 20.1641 0.0759498 0.0222654
133.671 20.4541 0.0660851 0.00290428
133.692 20.1829 0.0737242 0.0849578
133.544 20.3907 0.0728248 0.117735
133.358 20.2535 0.0668728 0.0161245
133.455 20.3614 0.0706299 0.121336
133.417 20.3409 0.0786863 0.201466
133.411 20.4046 0.0730662 0.115848
133.544 20.3907 0.0728248 0.117735
133.496 20.5657 0.0731971 0.00601613
133.655 20.2759 0.0775106 0.0915846
133.417 20.3409 0.0786863 0.201466
133.411 20.4046 0.0730662 0.115848
133.659 20.1915 0.0710481 0.0792024
133.417 20.3409 0.0786863 0.201466
133.411 20.4046 0.0730662 0.115848
133.411 20.4046 0.0730662 0.115848
133.411 20.4046 0.0730662 0.115848
133.659 20.1915 0.0710481 0.0792024
133.655 20.2759 0.0775106 0.0915846
133.655 20.2759 0.0775106 0.0915846
133.417 20.3409 0.0786863 0.201466
133.692 20.1829 0.0737242 0.0849578
133.411 20.4046 0.0730662 0.115848
133.455 20.3614 0.0706299 0.121336
133.767 20.1686 0.0748828 0.0222741
133.411 20.4046 0.0730662 0.115848
133.411 20.4046 0.0730662 0.115848
133.411 20.4046 0.0730662 0.115848
133.544 20.3907 0.0728248 0.117735
133.458 20.3212 0.06704 0.0308608
133.428 20.0046 0.0660589 0.00128782
133.417 20.3409 0.0786863 0.201466
133.417 20.3409 0.0786863 0.201466
133.417 20.3409 0.0786863 0.201466
133.417 20.3409 0.0786863 0.201466
133.692 20.1829 0.0737242 0.0849578
133.455 20.3614 0.0706299 0.121336
133.455 20.3614 0.0706299 0.121336
133.119 20.1641 0.0759498 0.0222654
133.363 20.39 0.0820907 0.0255607
133.411 20.4046 0.0730662 0.115848
133.544 20.3907 0.0728248 0.117735
133.455 20.3614 0.0706299 0.121336
133.417 20.3409 0.0786863 0.201466
133.544 20.3907 0.0728248 0.117735
133.544 20.3907 0.0728248 0.117735
133.659 20.1915 0.0710481 0.0792024
133.655 20.2759 0.0775106 0.0915846
133.692 20.1829 0.0737242 0.0849578
133.411 20.4046 0.0730662 0.115848
133.544 20.3907 0.0728248 0.117735
133.455 20.3614 0.0706299 0.121336
133.131 19.8678 0.0803886 0.00385874
133.458 20.3212 0.06704 0.0308608
133.417 20.3409 0.0786863 0.201466
133.544 20.3907 0.0728248 0.117735
133.544 20.3907 0.0728248 0.117735
133.455 20.3614 0.0706299 0.121336
133.458 20.3212 0.06704 0.0308608
133.692 20.1829 0.0737242 0.0849578
133.411 20.4046 0.0730662 0.115848
133.411 20.4046 0.0730662 0.115848
133.411 20.4046 0.0730662 0.115848
133.411 20.4046 0.0730662 0.115848
133.119 20.1641 0.0759498 0.0222654
133.556 19.8323 0.0706818 0.000913303
133.411 20.4046 0.0730662 0.115848
133.455 20.3614 0.0706299 0.121336
133.659 20.1915 0.0710481 0.0792024
133.655 20.2759 0.0775106 0.0915846
133.417 20.3409 0.0786863 0.201466
133.544 20.3907 0.0728248 0.117735
133.455 20.3614 0.0706299 0.121336
133.655 20.2759 0.0775106 0.0915846
133.183 20.3139 0.0830312 0.0128767
133.692 20.1829 0.0737242 0.0849578
133.411 20.4046 0.0730662 0.115848
133.455 20.3614 0.0706299 0.121336
133.417 20.3409 0.0786863 0.201466
133.692 20.1829 0.0737242 0.0849578
133.411 20.4046 0.0730662 0.115848
133.455 20.3614 0.0706299 0.121336
133.556 19.8323 0.0706818 0.000913303
133.411 20.4046 0.0730662 0.115848
133.411 20.4046 0.0730662 0.115848
133.358 20.2535 0.0668728 0.0161245
133.119 20.1641 0.0759498 0.0222654
133.655 20.2759 0.0775106 0.0915846
133.417 20.3409 0.0786863 0.201466
133.417 20.3409 0.0786863 0.201466
133.358 20.2535 0.0668728 0.0161245
133.119 20.1641 0.0759498 0.0222654
133.767 20.1686 0.0748828 0.0222741
133.417 20.3409 0.0786863 0.201466
133.411 20.4046 0.0730662 0.115848
