-41.2557 -50.1172 1.5793 0.0661896
-41.4995 -49.707 1.58006 0.0408703
-41.4297 -49.8377 1.57011 0.0736739
-41.4297 -49.8377 1.57011 0.0736739
-41.4084 -49.7338 1.5766 0.138128
-41.5744 -50.0238 1.58337 0.0404795
-41.5645 -50.1301 1.58424 0.0227252
-41.2661 -49.9356 1.57558 0.10842
-41.4995 -49.707 1.58006 0.0408703
-41.4478 -49.9116 1.58471 0.0811331
-41.4297 -49.8377 1.57011 0.0736739
-41.4084 -49.7338 1.5766 0.138128
-41.218 -50.1389 1.58814 0.0507747
-41.2661 -49.9356 1.57558 0.10842
-41.4645 -50.0959 1.58323 0.0938835
-41.4478 -49.9116 1.58471 0.0811331
-41.4478 -49.9116 1.58471 0.0811331
-41.4297 -49.8377 1.57011 0.0736739
-41.4084 -49.7338 1.5766 0.138128
-41.218 -50.1389 1.58814 0.0507747
-41.3603 -49.7002 1.5706 0.0503568
-41.2661 -49.9356 1.57558 0.10842
-41.135 -49.9993 1.57334 0.00560599
-41.3163 -50.0371 1.57311 0.033171
-41.218 -50.1389 1.58814 0.0507747
-41.218 -50.1389 1.58814 0.0507747
-41.6471 -49.7423 1.5776 0.025803
-41.4995 -49.707 1.58006 0.0408703
-41.4645 -50.0959 1.58323 0.0938835
-41.6524 -50.1017 1.58549 0.00458307
-41.5744 -50.0238 1.58337 0.0404795
-41.218 -50.1389 1.58814 0.0507747
-41.3603 -49.7002 1.5706 0.0503568
-41.2661 -49.9356 1.57558 0.10842
-41.4645 -50.0959 1.58323 0.0938835
-41.4297 -49.8377 1.57011 0.0736739
-41.3163 -50.0371 1.57311 0.033171
-41.4084 -49.7338 1.5766 0.138128
-41.4084 -49.7338 1.5766 0.138128
-41.218 -50.1389 1.58814 0.0507747
-41.2661 -49.9356 1.57558 0.10842
-41.4478 -49.9116 1.58471 0.0811331
-41.3163 -50.0371 1.57311 0.033171
-41.4084 -49.7338 1.5766 0.138128
-41.5744 -50.0238 1.58337 0.0404795
-41.3603 -49.7002 1.5706 0.0503568
-41.2661 -49.9356 1.57558 0.10842
-41.2661 -49.9356 1.57558 0.10842
-41.4645 -50.0959 1.58323 0.0938835
-41.4297 -49.8377 1.57011 0.0736739
-41.4297 -49.8377 1.57011 0.0736739
-41.4084 -49.7338 1.5766 0.138128
-41.218 -50.1389 1.58814 0.0507747
-41.6471 -49.7423 1.5776 0.025803
-41.4645 -50.0959 1.58323 0.0938835
-41.4645 -50.0959 1.58323 0.0938835
-41.4645 -50.0959 1.58323 0.0938835
-41.4297 -49.8377 1.57011 0.0736739
-41.3163 -50.0371 1.57311 0.033171
-41.358 -49.8439 1.5888 0.0118752
-41.4084 -49.7338 1.5766 0.138128
-41.4084 -49.7338 1.5766 0.138128
-41.5744 -50.0238 1.58337 0.0404795
-41.5744 -50.0238 1.58337 0.0404795
-41.218 -50.1389 1.58814 0.0507747
-41.5645 -50.1301 1.58424 0.0227252
-41.2661 -49.9356 1.57558 0.10842
-41.2661 -49.9356 1.57558 0.10842
-41.4645 -50.0959 1.58323 0.0938835
-41.4478 -49.9116 1.58471 0.0811331
-41.1837 -49.9906 1.57417 0.0191934
-41.1837 -49.9906 1.57417 0.0191934
-41.4084 -49.7338 1.5766 0.138128
-41.218 -50.1389 1.58814 0.0507747
-41.2661 -49.9356 1.57558 0.10842
-41.4645 -50.0959 1.58323 0.0938835
-41.4478 -49.9116 1.58471 0.0811331
-41.4297 -49.8377 1.57011 0.0736739
-41.3163 -50.0371 1.57311 0.033171
-41.4084 -49.7338 1.5766 0.138128
-41.218 -50.1389 1.58814 0.0507747
-41.3603 -49.7002 1.5706 0.0503568
-41.2557 -50.1172 1.5793 0.0661896
-41.2557 -50.1172 1.5793 0.0661896
-41.6471 -49.7423 1.5776 0.025803
-41.2661 -49.9356 1.57558 0.10842
-41.2661 -49.9356 1.57558 0.10842
-41.2661 -49.9356 1.57558 0.10842
-41.4645 -50.0959 1.58323 0.0938835
-41.5273 -50.4023 1.57871 0.000246282
-41.4478 -49.9116 1.58471 0.0811331
-41.4478 -49.9116 1.58471 0.0811331
-41.3163 -50.0371 1.57311 0.033171
-41.218 -50.1389 1.58814 0.0507747
-41.2557 -50.1172 1.5793 0.0661896
-41.2661 -49.9356 1.57558 0.10842
-41.4478 -49.9116 1.58471 0.0811331
-41.4478 -49.9116 1.58471 0.0811331
-41.4478 -49.9116 1.58471 0.0811331
-41.4297 -49.8377 1.57011 0.0736739
