106.508 -24.3963 3.41309 0.000987015
105.863 -24.6748 3.40667 0.101197
105.863 -24.6748 3.40667 0.101197
105.897 -24.6983 3.40903 0.105124
106.066 -24.5052 3.40722 0.113635
105.946 -24.4208 3.40209 0.0761866
106.121 -24.7896 3.40715 0.0256629
106.182 -24.7739 3.41333 0.0335585
105.998 -24.7048 3.42089 0.0324426
106.066 -24.5052 3.40722 0.113635
106.201 -24.7467 3.41487 0.0356767
106.451 -24.6114 3.41417 0.0038679
105.854 -24.7309 3.41507 0.0534215
105.863 -24.6748 3.40667 0.101197
106.008 -24.5501 3.40909 0.157915
106.008 -24.5501 3.40909 0.157915
106.066 -24.5052 3.40722 0.113635
106.201 -24.7467 3.41487 0.0356767
106.353 -24.4213 3.41129 0.0102194
106.182 -24.7739 3.41333 0.0335585
106.008 -24.5501 3.40909 0.157915
106.008 -24.5501 3.40909 0.157915
105.631 -24.6619 3.40153 0.0219061
106.182 -24.7739 3.41333 0.0335585
105.998 -24.7048 3.42089 0.0324426
105.897 -24.6983 3.40903 0.105124
105.631 -24.6619 3.40153 0.0219061
105.898 -24.556 3.39277 0.00554251
106.009 -24.2823 3.40929 0.0553604
105.998 -24.7048 3.42089 0.0324426
106.066 -24.5052 3.40722 0.113635
105.946 -24.4208 3.40209 0.0761866
106.24 -24.431 3.40798 0.0284962
106.008 -24.5501 3.40909 0.157915
106.066 -24.5052 3.40722 0.113635
106.201 -24.7467 3.41487 0.0356767
106.201 -24.7467 3.41487 0.0356767
105.946 -24.4208 3.40209 0.0761866
105.946 -24.4208 3.40209 0.0761866
106.009 -24.2823 3.40929 0.0553604
105.863 -24.6748 3.40667 0.101197
105.998 -24.7048 3.42089 0.0324426
105.897 -24.6983 3.40903 0.105124
106.066 -24.5052 3.40722 0.113635
106.066 -24.5052 3.40722 0.113635
106.149 -24.4802 3.40595 0.0555189
105.854 -24.7309 3.41507 0.0534215
105.854 -24.7309 3.41507 0.0534215
105.863 -24.6748 3.40667 0.101197
105.863 -24.6748 3.40667 0.101197
106.008 -24.5501 3.40909 0.157915
106.066 -24.5052 3.40722 0.113635
106.066 -24.5052 3.40722 0.113635
106.236 -24.6964 3.40675 0.0174704
105.946 -24.4208 3.40209 0.0761866
106.149 -24.4802 3.40595 0.0555189
106.009 -24.2823 3.40929 0.0553604
105.863 -24.6748 3.40667 0.101197
105.998 -24.7048 3.42089 0.0324426
106.008 -24.5501 3.40909 0.157915
106.008 -24.5501 3.40909 0.157915
105.897 -24.6983 3.40903 0.105124
106.066 -24.5052 3.40722 0.113635
106.066 -24.5052 3.40722 0.113635
105.946 -24.4208 3.40209 0.0761866
106.232 -24.5511 3.42108 0.0252101
105.854 -24.7309 3.41507 0.0534215
106.24 -24.431 3.40798 0.0284962
106.008 -24.5501 3.40909 0.157915
106.066 -24.5052 3.40722 0.113635
106.066 -24.5052 3.40722 0.113635
106.201 -24.7467 3.41487 0.0356767
105.946 -24.4208 3.40209 0.0761866
106.232 -24.5511 3.42108 0.0252101
106.182 -24.7739 3.41333 0.0335585
106.009 -24.2823 3.40929 0.0553604
105.897 -24.6983 3.40903 0.105124
105.631 -24.6619 3.40153 0.0219061
106.149 -24.4802 3.40595 0.0555189
105.854 -24.7309 3.41507 0.0534215
105.863 -24.6748 3.40667 0.101197
105.897 -24.6983 3.40903 0.105124
106.201 -24.7467 3.41487 0.0356767
106.236 -24.6964 3.40675 0.0174704
105.854 -24.7309 3.41507 0.0534215
105.854 -24.7309 3.41507 0.0534215
105.863 -24.6748 3.40667 0.101197
105.863 -24.6748 3.40667 0.101197
106.008 -24.5501 3.40909 0.157915
106.066 -24.5052 3.40722 0.113635
106.201 -24.7467 3.41487 0.0356767
106.201 -24.7467 3.41487 0.0356767
105.946 -24.4208 3.40209 0.0761866
106.232 -24.5511 3.42108 0.0252101
105.854 -24.7309 3.41507 0.0534215
105.863 -24.6748 3.40667 0.101197
106.008 -24.5501 3.40909 0.157915
106.066 -24.5052 3.40722 0.113635
105.946 -24.4208 3.40209 0.0761866
106.232 -24.5511 3.42108 0.0252101
