157.359 -12.8489 3.28412 0.0750714
157.154 -12.7824 3.2855 0.0017864
157.465 -12.9607 3.28737 0.170443
157.518 -12.9483 3.28145 0.0205493
157.6 -12.8728 3.2839 0.022547
157.687 -12.9554 3.29168 0.0573678
157.359 -12.8489 3.28412 0.0750714
157.465 -12.9607 3.28737 0.170443
157.484 -12.8973 3.2914 0.0512554
157.608 -12.6806 3.28953 0.00394812
157.624 -12.8669 3.28794 0.0610966
157.354 -12.8899 3.28405 0.096325
157.518 -12.9611 3.29208 0.0615118
157.465 -12.9607 3.28737 0.170443
157.484 -12.8973 3.2914 0.0512554
157.426 -13.1459 3.28965 0.028401
157.624 -12.8669 3.28794 0.0610966
157.518 -12.9611 3.29208 0.0615118
157.465 -12.9607 3.28737 0.170443
157.6 -12.8728 3.2839 0.022547
157.687 -12.9554 3.29168 0.0573678
157.359 -12.8489 3.28412 0.0750714
157.465 -12.9607 3.28737 0.170443
157.465 -12.9607 3.28737 0.170443
157.484 -12.8973 3.2914 0.0512554
157.587 -12.8211 3.29246 0.0236693
157.624 -12.8669 3.28794 0.0610966
157.624 -12.8669 3.28794 0.0610966
157.354 -12.8899 3.28405 0.096325
157.267 -13.09 3.2828 0.0270284
157.518 -12.9611 3.29208 0.0615118
157.616 -13.0104 3.29191 0.0787296
157.687 -12.9554 3.29168 0.0573678
157.354 -12.8899 3.28405 0.096325
157.518 -12.9611 3.29208 0.0615118
157.616 -13.0104 3.29191 0.0787296
157.6 -12.8728 3.2839 0.022547
157.587 -12.8211 3.29246 0.0236693
157.687 -12.9554 3.29168 0.0573678
157.359 -12.8489 3.28412 0.0750714
157.465 -12.9607 3.28737 0.170443
157.465 -12.9607 3.28737 0.170443
157.484 -12.8973 3.2914 0.0512554
157.768 -12.9657 3.29143 0.023456
157.624 -12.8669 3.28794 0.0610966
157.354 -12.8899 3.28405 0.096325
157.518 -12.9611 3.29208 0.0615118
157.465 -12.9607 3.28737 0.170443
157.745 -12.9624 3.28783 0.0154065
157.484 -12.8973 3.2914 0.0512554
157.518 -12.9483 3.28145 0.0205493
157.354 -12.8899 3.28405 0.096325
157.518 -12.9611 3.29208 0.0615118
157.616 -13.0104 3.29191 0.0787296
157.616 -13.0104 3.29191 0.0787296
157.608 -12.6806 3.28953 0.00394812
157.624 -12.8669 3.28794 0.0610966
157.354 -12.8899 3.28405 0.096325
157.359 -12.8489 3.28412 0.0750714
157.465 -12.9607 3.28737 0.170443
157.372 -12.8775 3.28102 0.0425667
157.217 -12.8889 3.28658 0.0118378
157.541 -12.801 3.28403 0.0257966
157.687 -12.9554 3.29168 0.0573678
157.267 -13.09 3.2828 0.0270284
157.465 -12.9607 3.28737 0.170443
157.616 -13.0104 3.29191 0.0787296
157.27 -12.7146 3.28002 0.00435768
157.6 -12.8728 3.2839 0.022547
157.354 -12.8899 3.28405 0.096325
157.354 -12.8899 3.28405 0.096325
157.359 -12.8489 3.28412 0.0750714
157.267 -13.09 3.2828 0.0270284
157.465 -12.9607 3.28737 0.170443
157.465 -12.9607 3.28737 0.170443
157.465 -12.9607 3.28737 0.170443
157.518 -12.9483 3.28145 0.0205493
157.624 -12.8669 3.28794 0.0610966
157.282 -12.7874 3.28653 0.0134939
157.267 -13.09 3.2828 0.0270284
157.465 -12.9607 3.28737 0.170443
157.465 -12.9607 3.28737 0.170443
157.541 -12.801 3.28403 0.0257966
157.282 -12.7874 3.28653 0.0134939
157.518 -12.9611 3.29208 0.0615118
157.465 -12.9607 3.28737 0.170443
157.426 -13.1459 3.28965 0.028401
157.629 -13.0872 3.28763 0.0480325
157.267 -13.09 3.2828 0.0270284
157.71 -12.9766 3.28532 0.00882448
157.372 -12.8775 3.28102 0.0425667
157.484 -12.8973 3.2914 0.0512554
157.587 -12.8211 3.29246 0.0236693
157.687 -12.9554 3.29168 0.0573678
157.629 -13.0872 3.28763 0.0480325
157.359 -12.8489 3.28412 0.0750714
157.518 -12.9611 3.29208 0.0615118
157.482 -12.6979 3.2849 0.009482
157.687 -12.9554 3.29168 0.0573678
157.354 -12.8899 3.28405 0.096325
