205.607 25.2737 0.0857347 0.0068489
205.7 25.4753 0.0792213 0.071797
205.539 25.2931 0.0676831 0.0355049
205.751 25.4191 0.0787765 0.0510464
205.59 25.3376 0.0710644 0.122527
205.487 25.2849 0.0754492 0.112208
205.631 25.3206 0.0792915 0.103069
205.631 25.3206 0.0792915 0.103069
205.631 25.3206 0.0792915 0.103069
205.767 25.5563 0.0763535 0.0241166
205.56 25.5939 0.0749899 0.0462887
205.515 25.5656 0.0779617 0.0719938
205.818 25.4622 0.0726591 0.0230423
205.751 25.4191 0.0787765 0.0510464
205.59 25.3376 0.0710644 0.122527
205.59 25.3376 0.0710644 0.122527
205.631 25.3206 0.0792915 0.103069
205.801 25.3792 0.0714142 0.0344551
205.606 25.2036 0.0762717 0.0619188
205.515 25.5656 0.0779617 0.0719938
205.7 25.4753 0.0792213 0.071797
205.849 25.4617 0.0719728 0.0130283
205.59 25.3376 0.0710644 0.122527
205.487 25.2849 0.0754492 0.112208
205.487 25.2849 0.0754492 0.112208
205.767 25.5563 0.0763535 0.0241166
205.56 25.5939 0.0749899 0.0462887
205.515 25.5656 0.0779617 0.0719938
205.515 25.5656 0.0779617 0.0719938
205.256 25.3596 0.0765167 0.00710978
205.751 25.4191 0.0787765 0.0510464
205.402 25.4365 0.0850955 0.0196692
205.631 25.3206 0.0792915 0.103069
205.767 25.5563 0.0763535 0.0241166
205.56 25.5939 0.0749899 0.0462887
205.56 25.5939 0.0749899 0.0462887
205.606 25.2036 0.0762717 0.0619188
205.7 25.4753 0.0792213 0.071797
205.849 25.4617 0.0719728 0.0130283
205.59 25.3376 0.0710644 0.122527
205.59 25.3376 0.0710644 0.122527
205.487 25.2849 0.0754492 0.112208
205.801 25.3792 0.0714142 0.0344551
205.56 25.5939 0.0749899 0.0462887
205.497 24.9672 0.0732186 0.000562012
205.7 25.4753 0.0792213 0.071797
205.7 25.4753 0.0792213 0.071797
205.539 25.2931 0.0676831 0.0355049
205.59 25.3376 0.0710644 0.122527
205.487 25.2849 0.0754492 0.112208
205.487 25.2849 0.0754492 0.112208
205.487 25.2849 0.0754492 0.112208
205.801 25.3792 0.0714142 0.0344551
205.515 25.5656 0.0779617 0.0719938
205.818 25.4622 0.0726591 0.0230423
205.59 25.3376 0.0710644 0.122527
205.402 25.4365 0.0850955 0.0196692
205.487 25.2849 0.0754492 0.112208
205.487 25.2849 0.0754492 0.112208
205.631 25.3206 0.0792915 0.103069
205.56 25.5939 0.0749899 0.0462887
205.607 25.2737 0.0857347 0.0068489
205.596 25.1636 0.0764291 0.0355636
205.751 25.4191 0.0787765 0.0510464
205.661 25.5283 0.0829365 0.0309517
205.631 25.3206 0.0792915 0.103069
205.606 25.2036 0.0762717 0.0619188
205.515 25.5656 0.0779617 0.0719938
205.818 25.4622 0.0726591 0.0230423
205.751 25.4191 0.0787765 0.0510464
205.59 25.3376 0.0710644 0.122527
205.59 25.3376 0.0710644 0.122527
205.402 25.4365 0.0850955 0.0196692
205.487 25.2849 0.0754492 0.112208
205.33 25.3334 0.078422 0.0258269
205.606 25.2036 0.0762717 0.0619188
205.606 25.2036 0.0762717 0.0619188
205.7 25.4753 0.0792213 0.071797
205.7 25.4753 0.0792213 0.071797
205.511 25.6625 0.0764284 0.0161184
205.59 25.3376 0.0710644 0.122527
205.59 25.3376 0.0710644 0.122527
205.487 25.2849 0.0754492 0.112208
205.631 25.3206 0.0792915 0.103069
205.631 25.3206 0.0792915 0.103069
205.33 25.3334 0.078422 0.0258269
205.515 25.5656 0.0779617 0.0719938
205.7 25.4753 0.0792213 0.071797
205.59 25.3376 0.0710644 0.122527
205.402 25.4365 0.0850955 0.0196692
205.487 25.2849 0.0754492 0.112208
205.742 25.1936 0.0662768 0.00959689
205.448 25.6755 0.0800504 0.0103636
205.596 25.1636 0.0764291 0.0355636
205.7 25.4753 0.0792213 0.071797
205.511 25.6625 0.0764284 0.0161184
205.59 25.3376 0.0710644 0.122527
205.479 25.3773 0.0676818 0.0230659
205.487 25.2849 0.0754492 0.112208
205.631 25.3206 0.0792915 0.103069
