196.125 -10.3898 3.12811 0.143905
196.331 -10.3655 3.13633 0.00436864
195.971 -10.4022 3.12483 0.177233
195.928 -10.2619 3.12365 0.192338
196.125 -10.3898 3.12811 0.143905
195.971 -10.4022 3.12483 0.177233
195.971 -10.4022 3.12483 0.177233
195.931 -10.3392 3.11692 0.0111914
195.928 -10.2619 3.12365 0.192338
196.169 -10.4363 3.12593 0.0574192
195.971 -10.4022 3.12483 0.177233
195.931 -10.3392 3.11692 0.0111914
195.928 -10.2619 3.12365 0.192338
195.928 -10.2619 3.12365 0.192338
195.928 -10.2619 3.12365 0.192338
196.125 -10.3898 3.12811 0.143905
196.261 -10.1409 3.13767 0.0140593
195.861 -10.3752 3.12208 0.116839
195.949 -10.1705 3.13168 0.0330927
196.013 -10.3977 3.13362 0.00515302
196.125 -10.3898 3.12811 0.143905
195.861 -10.3752 3.12208 0.116839
195.861 -10.3752 3.12208 0.116839
195.971 -10.4022 3.12483 0.177233
195.949 -10.1705 3.13168 0.0330927
196.114 -10.221 3.12423 0.106237
195.928 -10.2619 3.12365 0.192338
196.125 -10.3898 3.12811 0.143905
196.097 -10.1214 3.13542 0.0207967
196.261 -10.1409 3.13767 0.0140593
195.949 -10.1705 3.13168 0.0330927
195.928 -10.2619 3.12365 0.192338
196.169 -10.4363 3.12593 0.0574192
195.971 -10.4022 3.12483 0.177233
195.971 -10.4022 3.12483 0.177233
195.977 -10.2461 3.13356 0.0144138
195.928 -10.2619 3.12365 0.192338
196.125 -10.3898 3.12811 0.143905
196.125 -10.3898 3.12811 0.143905
195.861 -10.3752 3.12208 0.116839
195.971 -10.4022 3.12483 0.177233
195.971 -10.4022 3.12483 0.177233
195.959 -10.3982 3.116 0.0045689
195.928 -10.2619 3.12365 0.192338
196.169 -10.4363 3.12593 0.0574192
195.971 -10.4022 3.12483 0.177233
195.971 -10.4022 3.12483 0.177233
196.428 -10.218 3.13314 0.0111578
195.928 -10.2619 3.12365 0.192338
196.331 -10.3655 3.13633 0.00436864
195.861 -10.3752 3.12208 0.116839
195.861 -10.3752 3.12208 0.116839
195.971 -10.4022 3.12483 0.177233
195.977 -10.2461 3.13356 0.0144138
196.114 -10.221 3.12423 0.106237
195.928 -10.2619 3.12365 0.192338
196.169 -10.4363 3.12593 0.0574192
195.971 -10.4022 3.12483 0.177233
195.931 -10.3392 3.11692 0.0111914
195.928 -10.2619 3.12365 0.192338
196.125 -10.3898 3.12811 0.143905
195.861 -10.3752 3.12208 0.116839
195.971 -10.4022 3.12483 0.177233
196.114 -10.221 3.12423 0.106237
196.125 -10.3898 3.12811 0.143905
196.169 -10.4363 3.12593 0.0574192
196.169 -10.4363 3.12593 0.0574192
196.097 -10.1214 3.13542 0.0207967
195.971 -10.4022 3.12483 0.177233
195.971 -10.4022 3.12483 0.177233
195.949 -10.1705 3.13168 0.0330927
195.928 -10.2619 3.12365 0.192338
196.169 -10.4363 3.12593 0.0574192
195.861 -10.3752 3.12208 0.116839
195.971 -10.4022 3.12483 0.177233
195.834 -10.1212 3.11873 0.00387774
196.114 -10.221 3.12423 0.106237
195.928 -10.2619 3.12365 0.192338
196.097 -10.1214 3.13542 0.0207967
195.861 -10.3752 3.12208 0.116839
195.949 -10.1705 3.13168 0.0330927
196.114 -10.221 3.12423 0.106237
195.928 -10.2619 3.12365 0.192338
196.125 -10.3898 3.12811 0.143905
195.861 -10.3752 3.12208 0.116839
195.971 -10.4022 3.12483 0.177233
195.928 -10.2619 3.12365 0.192338
196.125 -10.3898 3.12811 0.143905
195.861 -10.3752 3.12208 0.116839
196.114 -10.221 3.12423 0.106237
196.114 -10.221 3.12423 0.106237
196.125 -10.3898 3.12811 0.143905
195.748 -10.3286 3.11623 0.00866594
196.139 -10.4989 3.12958 0.0192473
195.971 -10.4022 3.12483 0.177233
195.928 -10.2619 3.12365 0.192338
195.928 -10.2619 3.12365 0.192338
196.125 -10.3898 3.12811 0.143905
196.147 -10.3285 3.13505 0.0169676
195.971 -10.4022 3.12483 0.177233
