234.476 -15.7145 2.90356 0.235117
234.476 -15.7145 2.90356 0.235117
234.432 -15.4583 2.89809 0.0571233
234.432 -15.4583 2.89809 0.0571233
234.332 -15.4699 2.89888 0.0870817
234.476 -15.7145 2.90356 0.235117
234.476 -15.7145 2.90356 0.235117
234.389 -15.7389 2.89966 0.111769
234.925 -15.452 2.91209 0.00705979
234.852 -15.6561 2.90568 0.0157359
234.389 -15.7389 2.89966 0.111769
234.307 -15.8569 2.91213 0.000304554
234.332 -15.4699 2.89888 0.0870817
234.476 -15.7145 2.90356 0.235117
234.633 -15.5967 2.90037 0.0570912
234.432 -15.4583 2.89809 0.0571233
234.476 -15.7145 2.90356 0.235117
234.476 -15.7145 2.90356 0.235117
234.633 -15.5967 2.90037 0.0570912
234.571 -15.4811 2.90082 0.0886685
234.603 -15.474 2.90167 0.087091
234.633 -15.5967 2.90037 0.0570912
234.476 -15.7145 2.90356 0.235117
234.476 -15.7145 2.90356 0.235117
234.603 -15.474 2.90167 0.087091
234.332 -15.4699 2.89888 0.0870817
234.476 -15.7145 2.90356 0.235117
234.15 -15.3918 2.90087 0.00944329
234.271 -15.6772 2.90448 0.0695281
234.271 -15.6772 2.90448 0.0695281
234.271 -15.6772 2.90448 0.0695281
234.332 -15.4699 2.89888 0.0870817
234.852 -15.6561 2.90568 0.0157359
234.603 -15.474 2.90167 0.087091
234.307 -15.5537 2.90482 0.111756
234.476 -15.7145 2.90356 0.235117
234.389 -15.7389 2.89966 0.111769
234.332 -15.4699 2.89888 0.0870817
234.347 -15.96 2.89645 0.00191499
234.852 -15.6561 2.90568 0.0157359
234.476 -15.7145 2.90356 0.235117
234.603 -15.474 2.90167 0.087091
234.432 -15.4583 2.89809 0.0571233
234.476 -15.7145 2.90356 0.235117
234.476 -15.7145 2.90356 0.235117
234.476 -15.7145 2.90356 0.235117
234.432 -15.4583 2.89809 0.0571233
234.332 -15.4699 2.89888 0.0870817
234.389 -15.7389 2.89966 0.111769
234.271 -15.6772 2.90448 0.0695281
234.307 -15.5537 2.90482 0.111756
234.571 -15.4811 2.90082 0.0886685
234.852 -15.6561 2.90568 0.0157359
234.603 -15.474 2.90167 0.087091
234.168 -15.4143 2.89825 0.0152753
234.389 -15.7389 2.89966 0.111769
234.307 -15.5537 2.90482 0.111756
234.168 -15.4143 2.89825 0.0152753
234.476 -15.7145 2.90356 0.235117
234.476 -15.7145 2.90356 0.235117
234.389 -15.7389 2.89966 0.111769
234.307 -15.5537 2.90482 0.111756
234.13 -15.7692 2.90513 0.00255556
234.476 -15.7145 2.90356 0.235117
234.081 -15.3976 2.89755 0.00387222
234.168 -15.4143 2.89825 0.0152753
234.571 -15.4811 2.90082 0.0886685
234.476 -15.7145 2.90356 0.235117
234.271 -15.6772 2.90448 0.0695281
234.307 -15.5537 2.90482 0.111756
234.571 -15.4811 2.90082 0.0886685
234.571 -15.4811 2.90082 0.0886685
234.571 -15.4811 2.90082 0.0886685
234.476 -15.7145 2.90356 0.235117
234.271 -15.6772 2.90448 0.0695281
234.332 -15.4699 2.89888 0.0870817
234.571 -15.4811 2.90082 0.0886685
234.571 -15.4811 2.90082 0.0886685
234.476 -15.7145 2.90356 0.235117
234.389 -15.7389 2.89966 0.111769
234.432 -15.4583 2.89809 0.0571233
234.332 -15.4699 2.89888 0.0870817
234.476 -15.7145 2.90356 0.235117
234.271 -15.6772 2.90448 0.0695281
234.571 -15.4811 2.90082 0.0886685
234.476 -15.7145 2.90356 0.235117
234.389 -15.7389 2.89966 0.111769
234.271 -15.6772 2.90448 0.0695281
234.571 -15.4811 2.90082 0.0886685
234.15 -15.3918 2.90087 0.00944329
234.432 -15.4583 2.89809 0.0571233
234.141 -15.3679 2.90231 0.00477593
234.476 -15.7145 2.90356 0.235117
234.603 -15.474 2.90167 0.087091
234.271 -15.6772 2.90448 0.0695281
234.332 -15.4699 2.89888 0.0870817
234.332 -15.4699 2.89888 0.0870817
234.571 -15.4811 2.90082 0.0886685
234.476 -15.7145 2.90356 0.235117
234.476 -15.7145 2.90356 0.235117
