150.761 21.6742 0.0710508 0.139385
150.612 21.7835 0.06929 0.163394
150.86 21.8218 0.0700837 0.0734925
150.447 21.7649 0.0781218 0.00594802
150.761 21.6742 0.0710508 0.139385
150.612 21.7835 0.06929 0.163394
150.674 21.8424 0.0681432 0.176861
150.674 21.8424 0.0681432 0.176861
150.847 21.78 0.0698217 0.10226
150.573 21.7016 0.0713803 0.119663
150.963 21.6133 0.0734846 0.00233386
150.761 21.6742 0.0710508 0.139385
150.761 21.6742 0.0710508 0.139385
150.614 21.8861 0.0768766 0.00885802
150.612 21.7835 0.06929 0.163394
150.86 21.8218 0.0700837 0.0734925
150.86 21.8218 0.0700837 0.0734925
150.817 21.9925 0.0652228 0.0326262
150.761 21.6742 0.0710508 0.139385
150.612 21.7835 0.06929 0.163394
150.612 21.7835 0.06929 0.163394
150.674 21.8424 0.0681432 0.176861
150.86 21.8218 0.0700837 0.0734925
150.573 21.7016 0.0713803 0.119663
150.447 21.7649 0.0781218 0.00594802
150.761 21.6742 0.0710508 0.139385
150.612 21.7835 0.06929 0.163394
150.674 21.8424 0.0681432 0.176861
150.573 21.7016 0.0713803 0.119663
150.761 21.6742 0.0710508 0.139385
150.674 21.8424 0.0681432 0.176861
150.847 21.78 0.0698217 0.10226
150.573 21.7016 0.0713803 0.119663
150.761 21.6742 0.0710508 0.139385
150.761 21.6742 0.0710508 0.139385
150.612 21.7835 0.06929 0.163394
150.674 21.8424 0.0681432 0.176861
150.86 21.8218 0.0700837 0.0734925
150.817 21.9925 0.0652228 0.0326262
150.761 21.6742 0.0710508 0.139385
150.612 21.7835 0.06929 0.163394
150.674 21.8424 0.0681432 0.176861
150.847 21.78 0.0698217 0.10226
150.817 21.9925 0.0652228 0.0326262
150.903 21.7576 0.0628445 0.0265375
150.761 21.6742 0.0710508 0.139385
150.612 21.7835 0.06929 0.163394
150.674 21.8424 0.0681432 0.176861
150.573 21.7016 0.0713803 0.119663
150.761 21.6742 0.0710508 0.139385
150.612 21.7835 0.06929 0.163394
150.612 21.7835 0.06929 0.163394
150.468 21.5256 0.0706039 0.00407208
150.86 21.8218 0.0700837 0.0734925
150.86 21.8218 0.0700837 0.0734925
150.573 21.7016 0.0713803 0.119663
150.761 21.6742 0.0710508 0.139385
150.761 21.6742 0.0710508 0.139385
150.674 21.8424 0.0681432 0.176861
151.015 21.9198 0.0604671 0.0032287
150.86 21.8218 0.0700837 0.0734925
150.876 21.7797 0.0751511 0.00764275
150.761 21.6742 0.0710508 0.139385
150.612 21.7835 0.06929 0.163394
150.689 21.9731 0.0709857 0.0324743
150.573 21.7016 0.0713803 0.119663
150.761 21.6742 0.0710508 0.139385
150.674 21.8424 0.0681432 0.176861
150.573 21.7016 0.0713803 0.119663
150.761 21.6742 0.0710508 0.139385
150.761 21.6742 0.0710508 0.139385
150.674 21.8424 0.0681432 0.176861
150.86 21.8218 0.0700837 0.0734925
150.573 21.7016 0.0713803 0.119663
150.817 21.9925 0.0652228 0.0326262
150.903 21.7576 0.0628445 0.0265375
150.761 21.6742 0.0710508 0.139385
150.761 21.6742 0.0710508 0.139385
150.612 21.7835 0.06929 0.163394
150.674 21.8424 0.0681432 0.176861
150.674 21.8424 0.0681432 0.176861
150.96 21.6434 0.069883 0.00998186
150.573 21.7016 0.0713803 0.119663
150.852 21.6217 0.0778081 0.00215173
150.761 21.6742 0.0710508 0.139385
150.612 21.7835 0.06929 0.163394
150.86 21.8218 0.0700837 0.0734925
150.573 21.7016 0.0713803 0.119663
150.761 21.6742 0.0710508 0.139385
150.761 21.6742 0.0710508 0.139385
150.612 21.7835 0.06929 0.163394
150.86 21.8218 0.0700837 0.0734925
150.817 21.9925 0.0652228 0.0326262
150.612 21.7835 0.06929 0.163394
150.674 21.8424 0.0681432 0.176861
150.86 21.8218 0.0700837 0.0734925
150.96 21.6434 0.069883 0.00998186
150.761 21.8619 0.0608013 0.0196113
150.612 21.7835 0.06929 0.163394
150.86 21.8218 0.0700837 0.0734925
