-19.8421 -90.7335 2.73344 0.121806
-19.5766 -90.6212 2.73977 0.00323733
-20.1907 -90.5815 2.73674 0.034862
-20.0398 -90.8298 2.72928 0.0646061
-20.1042 -90.5711 2.73348 0.128961
-19.9906 -90.685 2.74199 0.0515069
-20.2084 -90.6471 2.72945 0.0710457
-19.9649 -90.8419 2.72723 0.0186836
-20.119 -90.6205 2.7274 0.0709899
-19.9471 -90.8477 2.73181 0.0904635
-20.1042 -90.5711 2.73348 0.128961
-19.9906 -90.685 2.74199 0.0515069
-20.2084 -90.6471 2.72945 0.0710457
-20.2084 -90.6471 2.72945 0.0710457
-19.6651 -90.633 2.73712 0.0171155
-19.8421 -90.7335 2.73344 0.121806
-19.9471 -90.8477 2.73181 0.0904635
-20.0067 -90.3457 2.72901 0.00697707
-20.1042 -90.5711 2.73348 0.128961
-19.6788 -90.8093 2.73692 0.0205907
-19.9906 -90.685 2.74199 0.0515069
-20.1445 -90.6075 2.73155 0.125601
-19.9413 -90.8264 2.72755 0.0218268
-20.119 -90.6205 2.7274 0.0709899
-19.9471 -90.8477 2.73181 0.0904635
-20.0398 -90.8298 2.72928 0.0646061
-20.1042 -90.5711 2.73348 0.128961
-19.9906 -90.685 2.74199 0.0515069
-20.2084 -90.6471 2.72945 0.0710457
-20.138 -90.3949 2.72657 0.00886343
-20.119 -90.6205 2.7274 0.0709899
-19.9471 -90.8477 2.73181 0.0904635
-20.1042 -90.5711 2.73348 0.128961
-20.1042 -90.5711 2.73348 0.128961
-20.1445 -90.6075 2.73155 0.125601
-20.1087 -91.011 2.73753 0.011319
-19.8421 -90.7335 2.73344 0.121806
-19.8421 -90.7335 2.73344 0.121806
-20.119 -90.6205 2.7274 0.0709899
-19.8098 -90.4644 2.7261 0.00207805
-20.0398 -90.8298 2.72928 0.0646061
-20.0758 -90.5736 2.72148 0.00346523
-20.2521 -90.7322 2.73605 0.0290426
-19.6788 -90.8093 2.73692 0.0205907
-19.9906 -90.685 2.74199 0.0515069
-19.9906 -90.685 2.74199 0.0515069
-19.9168 -90.2891 2.72784 0.00107713
-19.9413 -90.8264 2.72755 0.0218268
-19.5766 -90.6212 2.73977 0.00323733
-20.119 -90.6205 2.7274 0.0709899
-20.1907 -90.5815 2.73674 0.034862
-20.0398 -90.8298 2.72928 0.0646061
-20.1042 -90.5711 2.73348 0.128961
-20.1445 -90.6075 2.73155 0.125601
-20.2084 -90.6471 2.72945 0.0710457
-19.9649 -90.8419 2.72723 0.0186836
-19.8421 -90.7335 2.73344 0.121806
-19.9471 -90.8477 2.73181 0.0904635
-20.0398 -90.8298 2.72928 0.0646061
-19.6788 -90.8093 2.73692 0.0205907
-19.9906 -90.685 2.74199 0.0515069
-20.2084 -90.6471 2.72945 0.0710457
-19.8421 -90.7335 2.73344 0.121806
-20.1907 -90.5815 2.73674 0.034862
-20.0398 -90.8298 2.72928 0.0646061
-20.1042 -90.5711 2.73348 0.128961
-20.1445 -90.6075 2.73155 0.125601
-20.0081 -90.5155 2.72502 0.0148687
-19.8421 -90.7335 2.73344 0.121806
-19.9471 -90.8477 2.73181 0.0904635
-20.0758 -90.5736 2.72148 0.00346523
-19.9906 -90.685 2.74199 0.0515069
-20.2084 -90.6471 2.72945 0.0710457
-19.9649 -90.8419 2.72723 0.0186836
-20.119 -90.6205 2.7274 0.0709899
-20.119 -90.6205 2.7274 0.0709899
-20.1907 -90.5815 2.73674 0.034862
-20.1907 -90.5815 2.73674 0.034862
-19.9471 -90.8477 2.73181 0.0904635
-20.1042 -90.5711 2.73348 0.128961
-20.2521 -90.7322 2.73605 0.0290426
-20.2521 -90.7322 2.73605 0.0290426
-20.1445 -90.6075 2.73155 0.125601
-20.2084 -90.6471 2.72945 0.0710457
-19.6651 -90.633 2.73712 0.0171155
-19.8421 -90.7335 2.73344 0.121806
-19.9471 -90.8477 2.73181 0.0904635
-20.1042 -90.5711 2.73348 0.128961
-20.2521 -90.7322 2.73605 0.0290426
-20.1445 -90.6075 2.73155 0.125601
-19.6651 -90.633 2.73712 0.0171155
-19.8421 -90.7335 2.73344 0.121806
-19.9471 -90.8477 2.73181 0.0904635
-19.9471 -90.8477 2.73181 0.0904635
-20.1042 -90.5711 2.73348 0.128961
-19.9906 -90.685 2.74199 0.0515069
-19.9906 -90.685 2.74199 0.0515069
-20.2084 -90.6471 2.72945 0.0710457
-19.9649 -90.8419 2.72723 0.0186836
-19.9413 -90.8264 2.72755 0.0218268
