128.161 -19.1789 3.39284 0.127882
127.925 -19.1915 3.38536 0.123033
128.027 -19.2322 3.39139 0.130634
128.154 -19.3664 3.38925 0.118382
127.994 -19.259 3.38941 0.162522
127.994 -19.259 3.38941 0.162522
128.161 -19.1789 3.39284 0.127882
128.027 -19.2322 3.39139 0.130634
128.178 -19.4033 3.38736 0.058143
128.058 -19.1674 3.38108 0.0340516
127.994 -19.259 3.38941 0.162522
128.161 -19.1789 3.39284 0.127882
128.037 -19.3073 3.39545 0.0137079
128.037 -19.3073 3.39545 0.0137079
128.154 -19.3664 3.38925 0.118382
128.307 -19.3101 3.39188 0.0577994
127.994 -19.259 3.38941 0.162522
127.925 -19.1915 3.38536 0.123033
128.027 -19.2322 3.39139 0.130634
128.154 -19.3664 3.38925 0.118382
128.178 -19.4033 3.38736 0.058143
127.994 -19.259 3.38941 0.162522
127.994 -19.259 3.38941 0.162522
128.351 -18.9235 3.38757 0.00174863
128.154 -19.3664 3.38925 0.118382
128.178 -19.4033 3.38736 0.058143
128.269 -19.37 3.3941 0.0302347
127.994 -19.259 3.38941 0.162522
127.994 -19.259 3.38941 0.162522
128.161 -19.1789 3.39284 0.127882
127.925 -19.1915 3.38536 0.123033
128.027 -19.2322 3.39139 0.130634
128.027 -19.2322 3.39139 0.130634
128.178 -19.4033 3.38736 0.058143
128.362 -19.1869 3.39565 0.0162278
127.994 -19.259 3.38941 0.162522
128.161 -19.1789 3.39284 0.127882
127.925 -19.1915 3.38536 0.123033
128.037 -19.3073 3.39545 0.0137079
127.848 -19.1511 3.38477 0.0476583
128.178 -19.4033 3.38736 0.058143
128.362 -19.1869 3.39565 0.0162278
128.161 -19.1789 3.39284 0.127882
127.925 -19.1915 3.38536 0.123033
128.027 -19.2322 3.39139 0.130634
128.154 -19.3664 3.38925 0.118382
128.178 -19.4033 3.38736 0.058143
128.269 -19.37 3.3941 0.0302347
128.362 -19.1869 3.39565 0.0162278
127.994 -19.259 3.38941 0.162522
127.925 -19.1915 3.38536 0.123033
128.027 -19.2322 3.39139 0.130634
128.307 -19.3101 3.39188 0.0577994
128.161 -19.1789 3.39284 0.127882
127.925 -19.1915 3.38536 0.123033
128.027 -19.2322 3.39139 0.130634
128.154 -19.3664 3.38925 0.118382
128.307 -19.3101 3.39188 0.0577994
128.161 -19.1789 3.39284 0.127882
128.161 -19.1789 3.39284 0.127882
127.694 -19.209 3.38073 0.00212933
128.027 -19.2322 3.39139 0.130634
128.269 -19.37 3.3941 0.0302347
128.269 -19.37 3.3941 0.0302347
127.994 -19.259 3.38941 0.162522
127.925 -19.1915 3.38536 0.123033
127.848 -19.1511 3.38477 0.0476583
128.027 -19.2322 3.39139 0.130634
128.178 -19.4033 3.38736 0.058143
128.178 -19.4033 3.38736 0.058143
128.269 -19.37 3.3941 0.0302347
128.307 -19.3101 3.39188 0.0577994
128.161 -19.1789 3.39284 0.127882
127.925 -19.1915 3.38536 0.123033
128.037 -19.3073 3.39545 0.0137079
127.848 -19.1511 3.38477 0.0476583
128.027 -19.2322 3.39139 0.130634
128.154 -19.3664 3.38925 0.118382
128.307 -19.3101 3.39188 0.0577994
127.994 -19.259 3.38941 0.162522
128.161 -19.1789 3.39284 0.127882
128.161 -19.1789 3.39284 0.127882
128.027 -19.2322 3.39139 0.130634
128.269 -19.37 3.3941 0.0302347
127.994 -19.259 3.38941 0.162522
128.161 -19.1789 3.39284 0.127882
128.379 -19.0616 3.39176 0.0138056
128.027 -19.2322 3.39139 0.130634
128.269 -19.37 3.3941 0.0302347
128.307 -19.3101 3.39188 0.0577994
128.161 -19.1789 3.39284 0.127882
127.857 -19.2591 3.38018 0.0138126
128.027 -19.2322 3.39139 0.130634
128.178 -19.4033 3.38736 0.058143
128.307 -19.3101 3.39188 0.0577994
127.994 -19.259 3.38941 0.162522
127.994 -19.259 3.38941 0.162522
127.994 -19.259 3.38941 0.162522
128.037 -19.3073 3.39545 0.0137079
128.154 -19.3664 3.38925 0.118382
