137.618 20.8644 0.0694795 0.254313
137.737 20.7966 0.0580832 0.0509332
137.635 20.7256 0.0699562 0.0790353
137.458 20.7385 0.0727903 0.355954
137.424 20.5506 0.0638173 0.108417
137.424 20.5506 0.0638173 0.108417
137.458 20.7385 0.0727903 0.355954
137.618 20.8644 0.0694795 0.254313
137.635 20.7256 0.0699562 0.0790353
137.458 20.7385 0.0727903 0.355954
137.618 20.8644 0.0694795 0.254313
137.424 20.5506 0.0638173 0.108417
137.737 20.7966 0.0580832 0.0509332
137.618 20.8644 0.0694795 0.254313
137.424 20.5506 0.0638173 0.108417
137.458 20.7385 0.0727903 0.355954
137.424 20.5506 0.0638173 0.108417
137.458 20.7385 0.0727903 0.355954
137.618 20.8644 0.0694795 0.254313
137.424 20.5506 0.0638173 0.108417
137.458 20.7385 0.0727903 0.355954
137.458 20.7385 0.0727903 0.355954
137.458 20.7385 0.0727903 0.355954
137.424 20.5506 0.0638173 0.108417
137.737 20.7966 0.0580832 0.0509332
137.618 20.8644 0.0694795 0.254313
137.424 20.5506 0.0638173 0.108417
137.424 20.5506 0.0638173 0.108417
137.458 20.7385 0.0727903 0.355954
137.618 20.8644 0.0694795 0.254313
137.703 20.7032 0.0639139 0.079434
137.458 20.7385 0.0727903 0.355954
137.618 20.8644 0.0694795 0.254313
137.618 20.8644 0.0694795 0.254313
137.635 20.7256 0.0699562 0.0790353
137.618 20.8644 0.0694795 0.254313
137.458 20.7385 0.0727903 0.355954
137.618 20.8644 0.0694795 0.254313
137.635 20.7256 0.0699562 0.0790353
137.458 20.7385 0.0727903 0.355954
137.618 20.8644 0.0694795 0.254313
137.458 20.7385 0.0727903 0.355954
137.703 20.7032 0.0639139 0.079434
137.458 20.7385 0.0727903 0.355954
137.635 20.7256 0.0699562 0.0790353
137.618 20.8644 0.0694795 0.254313
137.424 20.5506 0.0638173 0.108417
137.458 20.7385 0.0727903 0.355954
137.458 20.7385 0.0727903 0.355954
137.618 20.8644 0.0694795 0.254313
137.458 20.7385 0.0727903 0.355954
137.458 20.7385 0.0727903 0.355954
137.618 20.8644 0.0694795 0.254313
137.458 20.7385 0.0727903 0.355954
137.458 20.7385 0.0727903 0.355954
137.618 20.8644 0.0694795 0.254313
137.593 20.6951 0.0740776 0.00791635
137.458 20.7385 0.0727903 0.355954
137.458 20.7385 0.0727903 0.355954
137.618 20.8644 0.0694795 0.254313
137.703 20.7032 0.0639139 0.079434
137.458 20.7385 0.0727903 0.355954
137.458 20.7385 0.0727903 0.355954
137.458 20.7385 0.0727903 0.355954
137.618 20.8644 0.0694795 0.254313
137.424 20.5506 0.0638173 0.108417
137.458 20.7385 0.0727903 0.355954
137.703 20.7032 0.0639139 0.079434
137.458 20.7385 0.0727903 0.355954
137.424 20.5506 0.0638173 0.108417
137.458 20.7385 0.0727903 0.355954
137.618 20.8644 0.0694795 0.254313
137.458 20.7385 0.0727903 0.355954
137.576 20.6324 0.0716181 0.0372474
137.618 20.8644 0.0694795 0.254313
137.424 20.5506 0.0638173 0.108417
137.593 20.6951 0.0740776 0.00791635
137.618 20.8644 0.0694795 0.254313
137.458 20.7385 0.0727903 0.355954
137.737 20.7966 0.0580832 0.0509332
137.458 20.7385 0.0727903 0.355954
137.458 20.7385 0.0727903 0.355954
137.737 20.7966 0.0580832 0.0509332
137.458 20.7385 0.0727903 0.355954
137.618 20.8644 0.0694795 0.254313
137.618 20.8644 0.0694795 0.254313
137.703 20.7032 0.0639139 0.079434
137.424 20.5506 0.0638173 0.108417
137.618 20.8644 0.0694795 0.254313
137.458 20.7385 0.0727903 0.355954
137.703 20.7032 0.0639139 0.079434
137.458 20.7385 0.0727903 0.355954
137.576 20.6324 0.0716181 0.0372474
137.821 20.8069 0.0601476 0.0117615
137.458 20.7385 0.0727903 0.355954
137.458 20.7385 0.0727903 0.355954
137.458 20.7385 0.0727903 0.355954
137.703 20.7032 0.0639139 0.079434
137.424 20.5506 0.0638173 0.108417
137.458 20.7385 0.0727903 0.355954
