71.7 14.8311 0.108271 0.0264419
71.8045 14.9613 0.115158 0.0559611
71.4075 14.957 0.116748 0.0361439
71.4075 14.957 0.116748 0.0361439
71.7159 14.9362 0.115697 0.0969067
71.4631 14.6228 0.113404 0.00690583
71.867 14.7556 0.117494 0.0207698
71.5273 14.7884 0.121761 0.0601625
71.5273 14.7884 0.121761 0.0601625
71.677 14.8363 0.12201 0.077551
71.677 14.8363 0.12201 0.077551
71.7533 14.9084 0.104838 0.00863814
71.3973 14.9438 0.123476 0.029505
71.7055 14.743 0.107592 0.0136882
71.7159 14.9362 0.115697 0.0969067
71.7959 14.8681 0.119813 0.0567595
71.867 14.7556 0.117494 0.0207698
71.6592 14.8722 0.121007 0.0994042
71.6592 14.8722 0.121007 0.0994042
71.677 14.8363 0.12201 0.077551
71.6765 15.0797 0.115499 0.0561247
71.7189 14.7824 0.115441 0.0675235
71.8045 14.9613 0.115158 0.0559611
71.7102 14.9457 0.12681 0.0284888
71.4075 14.957 0.116748 0.0361439
71.7159 14.9362 0.115697 0.0969067
71.7959 14.8681 0.119813 0.0567595
71.6592 14.8722 0.121007 0.0994042
71.677 14.8363 0.12201 0.077551
71.9515 15.1049 0.115778 0.00542837
71.7189 14.7824 0.115441 0.0675235
71.8045 14.9613 0.115158 0.0559611
71.4075 14.957 0.116748 0.0361439
71.4075 14.957 0.116748 0.0361439
71.4955 14.7412 0.112665 0.0254114
71.867 14.7556 0.117494 0.0207698
71.5273 14.7884 0.121761 0.0601625
71.6592 14.8722 0.121007 0.0994042
71.677 14.8363 0.12201 0.077551
71.7053 14.834 0.110284 0.0434458
71.6765 15.0797 0.115499 0.0561247
71.8045 14.9613 0.115158 0.0559611
71.4075 14.957 0.116748 0.0361439
71.4631 14.6228 0.113404 0.00690583
71.3622 15.0111 0.116441 0.017748
71.5273 14.7884 0.121761 0.0601625
71.6592 14.8722 0.121007 0.0994042
71.6592 14.8722 0.121007 0.0994042
71.8229 14.7017 0.10351 0.00157036
71.9145 14.9897 0.126019 0.00440967
71.3973 14.9438 0.123476 0.029505
71.7055 14.743 0.107592 0.0136882
71.7159 14.9362 0.115697 0.0969067
71.7959 14.8681 0.119813 0.0567595
71.7525 14.9281 0.109155 0.0322823
71.6592 14.8722 0.121007 0.0994042
71.7053 14.834 0.110284 0.0434458
71.6765 15.0797 0.115499 0.0561247
71.3071 14.7436 0.121487 0.00670075
71.8045 14.9613 0.115158 0.0559611
71.4075 14.957 0.116748 0.0361439
71.7159 14.9362 0.115697 0.0969067
71.4631 14.6228 0.113404 0.00690583
71.867 14.7556 0.117494 0.0207698
71.6592 14.8722 0.121007 0.0994042
71.6592 14.8722 0.121007 0.0994042
71.677 14.8363 0.12201 0.077551
71.677 14.8363 0.12201 0.077551
71.7053 14.834 0.110284 0.0434458
71.7189 14.7824 0.115441 0.0675235
71.3973 14.9438 0.123476 0.029505
71.7102 14.9457 0.12681 0.0284888
71.4955 14.7412 0.112665 0.0254114
71.7525 14.9281 0.109155 0.0322823
71.6592 14.8722 0.121007 0.0994042
71.677 14.8363 0.12201 0.077551
71.6765 15.0797 0.115499 0.0561247
71.7533 14.9084 0.104838 0.00863814
71.7189 14.7824 0.115441 0.0675235
71.3973 14.9438 0.123476 0.029505
71.4075 14.957 0.116748 0.0361439
71.7159 14.9362 0.115697 0.0969067
71.7959 14.8681 0.119813 0.0567595
71.5273 14.7884 0.121761 0.0601625
71.6592 14.8722 0.121007 0.0994042
71.677 14.8363 0.12201 0.077551
71.7098 15.0908 0.133123 0.00143752
71.6765 15.0797 0.115499 0.0561247
71.7189 14.7824 0.115441 0.0675235
71.8045 14.9613 0.115158 0.0559611
71.3973 14.9438 0.123476 0.029505
71.7159 14.9362 0.115697 0.0969067
71.7159 14.9362 0.115697 0.0969067
71.7959 14.8681 0.119813 0.0567595
71.5273 14.7884 0.121761 0.0601625
71.6592 14.8722 0.121007 0.0994042
71.677 14.8363 0.12201 0.077551
71.6765 15.0797 0.115499 0.0561247
71.8045 14.9613 0.115158 0.0559611
71.7102 14.9457 0.12681 0.0284888
