199.627 -10.3786 3.10009 0.135776
199.609 -10.2408 3.09615 0.027312
199.332 -10.7579 3.09504 0.00251037
199.545 -10.562 3.10077 0.0449302
199.484 -10.4761 3.0984 0.145455
199.463 -10.2503 3.10387 0.0397916
199.439 -10.5635 3.09782 0.0662585
199.627 -10.3786 3.10009 0.135776
199.565 -10.2404 3.10094 0.106936
199.565 -10.2404 3.10094 0.106936
199.332 -10.7579 3.09504 0.00251037
199.545 -10.562 3.10077 0.0449302
199.484 -10.4761 3.0984 0.145455
199.484 -10.4761 3.0984 0.145455
199.482 -10.212 3.09462 0.0267335
199.439 -10.5635 3.09782 0.0662585
199.435 -10.3522 3.10188 0.0815511
199.565 -10.2404 3.10094 0.106936
199.702 -10.0958 3.10477 0.0142444
199.484 -10.4761 3.0984 0.145455
199.439 -10.5635 3.09782 0.0662585
199.435 -10.3522 3.10188 0.0815511
199.702 -10.0958 3.10477 0.0142444
199.484 -10.4761 3.0984 0.145455
199.538 -10.479 3.10433 0.0332305
199.439 -10.5635 3.09782 0.0662585
199.609 -10.2408 3.09615 0.027312
199.435 -10.3522 3.10188 0.0815511
199.507 -10.6814 3.09717 0.0118958
199.545 -10.562 3.10077 0.0449302
199.484 -10.4761 3.0984 0.145455
199.484 -10.4761 3.0984 0.145455
199.482 -10.212 3.09462 0.0267335
199.084 -10.4185 3.0933 0.005856
199.627 -10.3786 3.10009 0.135776
199.627 -10.3786 3.10009 0.135776
199.565 -10.2404 3.10094 0.106936
199.595 -10.453 3.10508 0.0394886
199.545 -10.562 3.10077 0.0449302
199.582 -10.3517 3.09246 0.0131961
199.538 -10.479 3.10433 0.0332305
199.439 -10.5635 3.09782 0.0662585
199.677 -10.5867 3.10086 0.0179484
199.565 -10.2404 3.10094 0.106936
199.484 -10.4761 3.0984 0.145455
199.538 -10.479 3.10433 0.0332305
199.627 -10.3786 3.10009 0.135776
199.565 -10.2404 3.10094 0.106936
199.545 -10.562 3.10077 0.0449302
199.484 -10.4761 3.0984 0.145455
199.484 -10.4761 3.0984 0.145455
199.439 -10.5635 3.09782 0.0662585
199.435 -10.3522 3.10188 0.0815511
199.565 -10.2404 3.10094 0.106936
199.507 -10.6814 3.09717 0.0118958
199.463 -10.2503 3.10387 0.0397916
199.627 -10.3786 3.10009 0.135776
199.435 -10.3522 3.10188 0.0815511
199.435 -10.3522 3.10188 0.0815511
199.595 -10.453 3.10508 0.0394886
199.484 -10.4761 3.0984 0.145455
199.538 -10.479 3.10433 0.0332305
199.538 -10.479 3.10433 0.0332305
199.627 -10.3786 3.10009 0.135776
199.627 -10.3786 3.10009 0.135776
199.565 -10.2404 3.10094 0.106936
199.595 -10.453 3.10508 0.0394886
199.545 -10.562 3.10077 0.0449302
199.484 -10.4761 3.0984 0.145455
199.173 -10.2095 3.09673 0.00356812
199.439 -10.5635 3.09782 0.0662585
199.435 -10.3522 3.10188 0.0815511
199.194 -10.4501 3.09191 0.0346492
199.484 -10.4761 3.0984 0.145455
199.538 -10.479 3.10433 0.0332305
199.084 -10.4185 3.0933 0.005856
199.439 -10.5635 3.09782 0.0662585
199.627 -10.3786 3.10009 0.135776
199.627 -10.3786 3.10009 0.135776
199.627 -10.3786 3.10009 0.135776
199.565 -10.2404 3.10094 0.106936
199.702 -10.0958 3.10477 0.0142444
199.545 -10.562 3.10077 0.0449302
198.997 -10.4089 3.09115 0.00137806
199.484 -10.4761 3.0984 0.145455
199.463 -10.2503 3.10387 0.0397916
199.627 -10.3786 3.10009 0.135776
199.525 -10.184 3.10553 0.0235645
199.194 -10.4501 3.09191 0.0346492
199.582 -10.3517 3.09246 0.0131961
199.484 -10.4761 3.0984 0.145455
199.482 -10.212 3.09462 0.0267335
199.439 -10.5635 3.09782 0.0662585
199.435 -10.3522 3.10188 0.0815511
199.507 -10.6814 3.09717 0.0118958
199.582 -10.3517 3.09246 0.0131961
199.484 -10.4761 3.0984 0.145455
199.439 -10.5635 3.09782 0.0662585
199.435 -10.3522 3.10188 0.0815511
199.194 -10.4501 3.09191 0.0346492
