206.647 25.6889 0.0801191 0.0556833
206.866 25.6353 0.0687681 0.127035
206.866 25.6353 0.0687681 0.127035
206.511 25.7175 0.0778614 0.00759057
206.84 25.596 0.06941 0.184601
206.734 25.3931 0.076721 0.060583
206.624 25.6037 0.0810373 0.0418333
206.695 25.4755 0.0770284 0.105196
206.84 25.596 0.06941 0.184601
207.06 25.5592 0.0648031 0.0164117
206.595 25.3669 0.0762781 0.0113015
206.695 25.4755 0.0770284 0.105196
207.037 25.6857 0.0819161 0.00817102
206.923 25.8083 0.0765554 0.0371555
206.647 25.6889 0.0801191 0.0556833
206.748 25.5854 0.0621906 0.00555141
206.538 25.6915 0.0846314 0.00403909
206.866 25.6353 0.0687681 0.127035
207.133 25.4637 0.0664995 0.00929568
206.84 25.596 0.06941 0.184601
206.84 25.596 0.06941 0.184601
206.734 25.3931 0.076721 0.060583
207.089 25.4631 0.0681 0.0250049
206.695 25.4755 0.0770284 0.105196
207.007 25.5252 0.0668579 0.0590479
206.84 25.596 0.06941 0.184601
207.089 25.4631 0.0681 0.0250049
206.555 25.4264 0.0654551 0.00178526
207.133 25.4637 0.0664995 0.00929568
206.84 25.596 0.06941 0.184601
206.84 25.596 0.06941 0.184601
206.786 25.784 0.0730566 0.0574991
206.866 25.6353 0.0687681 0.127035
207.007 25.5252 0.0668579 0.0590479
207.07 25.5543 0.0641766 0.0117121
206.923 25.8083 0.0765554 0.0371555
207.089 25.4631 0.0681 0.0250049
206.695 25.4755 0.0770284 0.105196
206.84 25.596 0.06941 0.184601
206.734 25.3931 0.076721 0.060583
206.866 25.6353 0.0687681 0.127035
207.007 25.5252 0.0668579 0.0590479
206.84 25.596 0.06941 0.184601
206.786 25.784 0.0730566 0.0574991
206.866 25.6353 0.0687681 0.127035
206.695 25.4755 0.0770284 0.105196
206.84 25.596 0.06941 0.184601
206.734 25.3931 0.076721 0.060583
207.06 25.5592 0.0648031 0.0164117
206.647 25.6889 0.0801191 0.0556833
206.647 25.6889 0.0801191 0.0556833
206.866 25.6353 0.0687681 0.127035
206.84 25.596 0.06941 0.184601
206.84 25.596 0.06941 0.184601
206.647 25.6889 0.0801191 0.0556833
206.866 25.6353 0.0687681 0.127035
206.695 25.4755 0.0770284 0.105196
206.84 25.596 0.06941 0.184601
206.923 25.8083 0.0765554 0.0371555
206.786 25.784 0.0730566 0.0574991
206.866 25.6353 0.0687681 0.127035
206.834 25.4885 0.0620622 0.0135759
207.037 25.6857 0.0819161 0.00817102
206.84 25.596 0.06941 0.184601
206.734 25.3931 0.076721 0.060583
207.089 25.4631 0.0681 0.0250049
206.624 25.6037 0.0810373 0.0418333
206.866 25.6353 0.0687681 0.127035
207.143 25.6025 0.0713443 0.0130098
206.734 25.3931 0.076721 0.060583
206.786 25.784 0.0730566 0.0574991
206.866 25.6353 0.0687681 0.127035
206.695 25.4755 0.0770284 0.105196
207.007 25.5252 0.0668579 0.0590479
206.48 25.2939 0.0784612 0.000260038
206.706 25.4608 0.067447 0.0504569
206.923 25.6643 0.0647484 0.0201707
206.647 25.6889 0.0801191 0.0556833
206.624 25.6037 0.0810373 0.0418333
206.866 25.6353 0.0687681 0.127035
206.695 25.4755 0.0770284 0.105196
206.917 25.3145 0.0598861 0.00216801
206.748 25.5854 0.0621906 0.00555141
207.007 25.5252 0.0668579 0.0590479
206.734 25.3931 0.076721 0.060583
206.647 25.6889 0.0801191 0.0556833
206.695 25.4755 0.0770284 0.105196
207.007 25.5252 0.0668579 0.0590479
206.84 25.596 0.06941 0.184601
206.734 25.3931 0.076721 0.060583
206.866 25.6353 0.0687681 0.127035
206.695 25.4755 0.0770284 0.105196
206.84 25.596 0.06941 0.184601
206.734 25.3931 0.076721 0.060583
206.866 25.6353 0.0687681 0.127035
206.866 25.6353 0.0687681 0.127035
206.622 25.3478 0.0728595 0.0153878
207.143 25.6025 0.0713443 0.0130098
206.84 25.596 0.06941 0.184601
207.089 25.4631 0.0681 0.0250049
