278.119 3.18615 4.6001 0.165642
278.137 2.87458 4.59953 0.0672661
278.149 3.13428 4.60118 0.249309
278.119 3.18615 4.6001 0.165642
278.119 3.18615 4.6001 0.165642
278.076 2.87188 4.58357 0.0060794
278.149 3.13428 4.60118 0.249309
277.984 2.97782 4.59474 0.117974
277.924 2.97443 4.59156 0.0641779
278.137 2.87458 4.59953 0.0672661
278.149 3.13428 4.60118 0.249309
277.941 3.09191 4.58201 0.00481961
278.137 2.87458 4.59953 0.0672661
278.149 3.13428 4.60118 0.249309
278.119 3.18615 4.6001 0.165642
278.137 2.87458 4.59953 0.0672661
277.991 3.20063 4.5948 0.0533968
278.149 3.13428 4.60118 0.249309
278.119 3.18615 4.6001 0.165642
277.991 3.20063 4.5948 0.0533968
278.149 3.13428 4.60118 0.249309
278.098 3.30701 4.60518 0.0246391
277.924 2.97443 4.59156 0.0641779
277.825 2.89446 4.59441 0.00634129
278.167 3.13406 4.59293 0.0765433
277.922 3.04854 4.58573 0.0240896
277.984 2.97782 4.59474 0.117974
278.119 3.18615 4.6001 0.165642
278.167 3.13406 4.59293 0.0765433
278.149 3.13428 4.60118 0.249309
278.149 3.13428 4.60118 0.249309
278.119 3.18615 4.6001 0.165642
278.111 2.82843 4.5852 0.00530521
278.149 3.13428 4.60118 0.249309
278.149 3.13428 4.60118 0.249309
278.149 3.13428 4.60118 0.249309
278.119 3.18615 4.6001 0.165642
278.137 2.87458 4.59953 0.0672661
278.137 2.87458 4.59953 0.0672661
278.149 3.13428 4.60118 0.249309
278.119 3.18615 4.6001 0.165642
278.085 2.98989 4.58872 0.0619359
278.076 2.87188 4.58357 0.0060794
277.984 2.97782 4.59474 0.117974
278.167 3.13406 4.59293 0.0765433
278.111 2.82843 4.5852 0.00530521
278.149 3.13428 4.60118 0.249309
277.984 2.97782 4.59474 0.117974
278.119 3.18615 4.6001 0.165642
278.098 3.30701 4.60518 0.0246391
277.924 2.97443 4.59156 0.0641779
278.28 3.0136 4.5899 0.00918145
278.119 3.18615 4.6001 0.165642
278.085 2.98989 4.58872 0.0619359
278.149 3.13428 4.60118 0.249309
277.984 2.97782 4.59474 0.117974
278.137 2.87458 4.59953 0.0672661
278.085 2.98989 4.58872 0.0619359
278.149 3.13428 4.60118 0.249309
277.899 3.14214 4.60297 0.0090352
278.137 2.87458 4.59953 0.0672661
278.085 2.98989 4.58872 0.0619359
278.149 3.13428 4.60118 0.249309
278.119 3.18615 4.6001 0.165642
277.922 3.04854 4.58573 0.0240896
278.119 3.18615 4.6001 0.165642
278.119 3.18615 4.6001 0.165642
278.119 3.18615 4.6001 0.165642
277.991 3.20063 4.5948 0.0533968
277.984 2.97782 4.59474 0.117974
277.924 2.97443 4.59156 0.0641779
278.149 3.13428 4.60118 0.249309
278.119 3.18615 4.6001 0.165642
278.098 3.30701 4.60518 0.0246391
278.137 2.87458 4.59953 0.0672661
278.149 3.13428 4.60118 0.249309
277.984 2.97782 4.59474 0.117974
278.098 3.30701 4.60518 0.0246391
277.991 3.20063 4.5948 0.0533968
278.149 3.13428 4.60118 0.249309
278.119 3.18615 4.6001 0.165642
278.137 2.87458 4.59953 0.0672661
278.149 3.13428 4.60118 0.249309
278.149 3.13428 4.60118 0.249309
277.924 2.97443 4.59156 0.0641779
278.137 2.87458 4.59953 0.0672661
278.149 3.13428 4.60118 0.249309
278.149 3.13428 4.60118 0.249309
278.119 3.18615 4.6001 0.165642
277.924 2.97443 4.59156 0.0641779
278.085 2.98989 4.58872 0.0619359
278.149 3.13428 4.60118 0.249309
278.149 3.13428 4.60118 0.249309
277.924 2.97443 4.59156 0.0641779
278.085 2.98989 4.58872 0.0619359
278.149 3.13428 4.60118 0.249309
277.924 2.97443 4.59156 0.0641779
278.149 3.13428 4.60118 0.249309
278.119 3.18615 4.6001 0.165642
278.119 3.18615 4.6001 0.165642
