218.683 26.4408 0.0751955 0.0851522
218.727 26.3772 0.0747317 0.0935534
218.788 26.4507 0.0743149 0.175727
218.788 26.4507 0.0743149 0.175727
218.786 26.3785 0.0726756 0.104369
218.965 26.6293 0.0778657 0.0106968
218.788 26.4507 0.0743149 0.175727
218.786 26.3785 0.0726756 0.104369
218.683 26.4408 0.0751955 0.0851522
218.727 26.3772 0.0747317 0.0935534
218.788 26.4507 0.0743149 0.175727
218.847 26.5553 0.0742325 0.12066
218.786 26.3785 0.0726756 0.104369
218.786 26.3785 0.0726756 0.104369
218.891 26.4943 0.0676753 0.0105803
218.839 26.4162 0.0749197 0.163122
218.788 26.4507 0.0743149 0.175727
218.95 26.3349 0.0792808 0.0066391
218.847 26.5553 0.0742325 0.12066
218.786 26.3785 0.0726756 0.104369
218.683 26.4408 0.0751955 0.0851522
218.818 26.3501 0.0708265 0.0523546
218.839 26.4162 0.0749197 0.163122
218.727 26.3772 0.0747317 0.0935534
218.788 26.4507 0.0743149 0.175727
218.847 26.5553 0.0742325 0.12066
218.786 26.3785 0.0726756 0.104369
218.818 26.3501 0.0708265 0.0523546
218.915 26.2388 0.0735898 0.0139654
218.788 26.4507 0.0743149 0.175727
218.847 26.5553 0.0742325 0.12066
218.891 26.4943 0.0676753 0.0105803
218.683 26.4408 0.0751955 0.0851522
218.727 26.3772 0.0747317 0.0935534
218.887 26.3135 0.079556 0.00882831
218.846 26.5434 0.0784594 0.0641946
218.839 26.4162 0.0749197 0.163122
218.727 26.3772 0.0747317 0.0935534
218.788 26.4507 0.0743149 0.175727
218.847 26.5553 0.0742325 0.12066
218.846 26.5434 0.0784594 0.0641946
218.907 26.2123 0.0701508 0.00475226
218.818 26.3501 0.0708265 0.0523546
218.818 26.3501 0.0708265 0.0523546
218.818 26.3501 0.0708265 0.0523546
218.839 26.4162 0.0749197 0.163122
218.915 26.2388 0.0735898 0.0139654
218.788 26.4507 0.0743149 0.175727
218.786 26.3785 0.0726756 0.104369
218.818 26.3501 0.0708265 0.0523546
218.839 26.4162 0.0749197 0.163122
218.839 26.4162 0.0749197 0.163122
218.915 26.2388 0.0735898 0.0139654
218.727 26.3772 0.0747317 0.0935534
218.727 26.3772 0.0747317 0.0935534
218.788 26.4507 0.0743149 0.175727
218.788 26.4507 0.0743149 0.175727
218.786 26.3785 0.0726756 0.104369
218.78 26.6044 0.0711249 0.0264308
218.683 26.4408 0.0751955 0.0851522
218.839 26.4162 0.0749197 0.163122
218.788 26.4507 0.0743149 0.175727
218.786 26.3785 0.0726756 0.104369
218.818 26.3501 0.0708265 0.0523546
218.727 26.3772 0.0747317 0.0935534
218.788 26.4507 0.0743149 0.175727
218.847 26.5553 0.0742325 0.12066
218.847 26.5553 0.0742325 0.12066
218.786 26.3785 0.0726756 0.104369
218.846 26.5434 0.0784594 0.0641946
218.683 26.4408 0.0751955 0.0851522
218.818 26.3501 0.0708265 0.0523546
218.727 26.3772 0.0747317 0.0935534
218.847 26.5553 0.0742325 0.12066
218.847 26.5553 0.0742325 0.12066
219.083 26.4392 0.0701576 0.0053273
218.839 26.4162 0.0749197 0.163122
218.727 26.3772 0.0747317 0.0935534
218.727 26.3772 0.0747317 0.0935534
218.887 26.3135 0.079556 0.00882831
218.846 26.5434 0.0784594 0.0641946
218.683 26.4408 0.0751955 0.0851522
218.727 26.3772 0.0747317 0.0935534
218.788 26.4507 0.0743149 0.175727
218.788 26.4507 0.0743149 0.175727
218.786 26.3785 0.0726756 0.104369
218.786 26.3785 0.0726756 0.104369
218.818 26.3501 0.0708265 0.0523546
218.839 26.4162 0.0749197 0.163122
218.839 26.4162 0.0749197 0.163122
218.788 26.4507 0.0743149 0.175727
218.788 26.4507 0.0743149 0.175727
218.788 26.4507 0.0743149 0.175727
218.847 26.5553 0.0742325 0.12066
218.761 26.2455 0.0763791 0.0155051
218.683 26.4408 0.0751955 0.0851522
218.683 26.4408 0.0751955 0.0851522
218.818 26.3501 0.0708265 0.0523546
218.727 26.3772 0.0747317 0.0935534
218.847 26.5553 0.0742325 0.12066
