76.036 -37.6195 3.73956 0.01248
76.3221 -37.8116 3.74192 0.143744
76.3022 -37.8087 3.73407 0.239756
76.4665 -37.7452 3.7392 0.0244821
76.3783 -37.9723 3.73912 0.0739769
76.3221 -37.8116 3.74192 0.143744
76.4436 -37.9986 3.73415 0.0744275
76.4436 -37.9986 3.73415 0.0744275
76.2943 -38.1016 3.73205 0.188236
76.3783 -37.9723 3.73912 0.0739769
76.3022 -37.8087 3.73407 0.239756
76.2943 -38.1016 3.73205 0.188236
76.2943 -38.1016 3.73205 0.188236
76.3783 -37.9723 3.73912 0.0739769
76.3221 -37.8116 3.74192 0.143744
76.3022 -37.8087 3.73407 0.239756
76.2943 -38.1016 3.73205 0.188236
76.3221 -37.8116 3.74192 0.143744
76.2943 -38.1016 3.73205 0.188236
76.2234 -38.2081 3.73529 0.0105326
76.3783 -37.9723 3.73912 0.0739769
76.3221 -37.8116 3.74192 0.143744
76.3022 -37.8087 3.73407 0.239756
76.3022 -37.8087 3.73407 0.239756
76.2943 -38.1016 3.73205 0.188236
76.0736 -38.1183 3.73338 0.0383407
76.3221 -37.8116 3.74192 0.143744
76.3022 -37.8087 3.73407 0.239756
76.2943 -38.1016 3.73205 0.188236
76.0736 -38.1183 3.73338 0.0383407
76.3022 -37.8087 3.73407 0.239756
76.3022 -37.8087 3.73407 0.239756
76.3022 -37.8087 3.73407 0.239756
76.2943 -38.1016 3.73205 0.188236
76.3221 -37.8116 3.74192 0.143744
76.3022 -37.8087 3.73407 0.239756
76.3022 -37.8087 3.73407 0.239756
76.3022 -37.8087 3.73407 0.239756
76.3688 -37.9755 3.7418 0.0116456
76.3221 -37.8116 3.74192 0.143744
76.3022 -37.8087 3.73407 0.239756
76.3022 -37.8087 3.73407 0.239756
76.4665 -37.7452 3.7392 0.0244821
76.2943 -38.1016 3.73205 0.188236
76.3221 -37.8116 3.74192 0.143744
76.3022 -37.8087 3.73407 0.239756
76.4665 -37.7452 3.7392 0.0244821
76.0736 -38.1183 3.73338 0.0383407
76.3022 -37.8087 3.73407 0.239756
76.1854 -37.6299 3.7377 0.0482308
76.3783 -37.9723 3.73912 0.0739769
76.3022 -37.8087 3.73407 0.239756
76.3022 -37.8087 3.73407 0.239756
76.2943 -38.1016 3.73205 0.188236
76.0736 -38.1183 3.73338 0.0383407
76.3022 -37.8087 3.73407 0.239756
76.2943 -38.1016 3.73205 0.188236
76.3221 -37.8116 3.74192 0.143744
76.3221 -37.8116 3.74192 0.143744
76.4436 -37.9986 3.73415 0.0744275
76.2234 -38.2081 3.73529 0.0105326
76.3783 -37.9723 3.73912 0.0739769
76.3221 -37.8116 3.74192 0.143744
76.4436 -37.9986 3.73415 0.0744275
76.4436 -37.9986 3.73415 0.0744275
76.3688 -37.9755 3.7418 0.0116456
76.3221 -37.8116 3.74192 0.143744
76.3022 -37.8087 3.73407 0.239756
76.2234 -38.2081 3.73529 0.0105326
76.3022 -37.8087 3.73407 0.239756
76.4436 -37.9986 3.73415 0.0744275
76.3783 -37.9723 3.73912 0.0739769
76.3022 -37.8087 3.73407 0.239756
76.3022 -37.8087 3.73407 0.239756
76.2943 -38.1016 3.73205 0.188236
76.3113 -38.061 3.72556 0.0079611
76.3022 -37.8087 3.73407 0.239756
76.4436 -37.9986 3.73415 0.0744275
76.3783 -37.9723 3.73912 0.0739769
76.3022 -37.8087 3.73407 0.239756
76.2943 -38.1016 3.73205 0.188236
76.4755 -38.1758 3.73365 0.00322072
76.3221 -37.8116 3.74192 0.143744
76.3022 -37.8087 3.73407 0.239756
76.2943 -38.1016 3.73205 0.188236
76.2908 -37.9411 3.72831 0.0329169
76.3022 -37.8087 3.73407 0.239756
76.3022 -37.8087 3.73407 0.239756
76.3271 -37.8734 3.72864 0.0128358
76.3022 -37.8087 3.73407 0.239756
76.2943 -38.1016 3.73205 0.188236
76.036 -37.6195 3.73956 0.01248
76.2908 -37.9411 3.72831 0.0329169
76.3022 -37.8087 3.73407 0.239756
76.3022 -37.8087 3.73407 0.239756
76.4665 -37.7452 3.7392 0.0244821
76.1242 -37.5433 3.74165 0.0126147
75.9372 -37.8635 3.73864 0.0098865
76.4436 -37.9986 3.73415 0.0744275
76.3688 -37.9755 3.7418 0.0116456
