36.337 11.4544 0.171647 0.00133975
36.1941 11.361 0.165516 0.313048
36.1941 11.361 0.165516 0.313048
36.2409 11.4937 0.167814 0.0454716
36.1941 11.361 0.165516 0.313048
36.2885 11.2013 0.164788 0.115838
36.1941 11.361 0.165516 0.313048
36.2409 11.4937 0.167814 0.0454716
36.1941 11.361 0.165516 0.313048
36.312 11.2864 0.162016 0.122869
36.1941 11.361 0.165516 0.313048
36.1038 11.3393 0.166123 0.257625
36.1038 11.3393 0.166123 0.257625
36.2885 11.2013 0.164788 0.115838
36.1941 11.361 0.165516 0.313048
36.1038 11.3393 0.166123 0.257625
36.312 11.2864 0.162016 0.122869
36.3632 11.1361 0.166321 0.0121021
36.4814 11.3601 0.164816 0.00641504
36.1941 11.361 0.165516 0.313048
36.1038 11.3393 0.166123 0.257625
36.2885 11.2013 0.164788 0.115838
36.2409 11.4937 0.167814 0.0454716
36.1941 11.361 0.165516 0.313048
36.1038 11.3393 0.166123 0.257625
36.312 11.2864 0.162016 0.122869
36.3859 11.4294 0.160648 0.0237699
36.1941 11.361 0.165516 0.313048
36.2885 11.2013 0.164788 0.115838
36.312 11.2864 0.162016 0.122869
36.3859 11.4294 0.160648 0.0237699
36.1941 11.361 0.165516 0.313048
36.1038 11.3393 0.166123 0.257625
36.2885 11.2013 0.164788 0.115838
36.1941 11.361 0.165516 0.313048
36.2885 11.2013 0.164788 0.115838
36.2409 11.4937 0.167814 0.0454716
36.1941 11.361 0.165516 0.313048
36.1941 11.361 0.165516 0.313048
36.2409 11.4937 0.167814 0.0454716
36.312 11.2864 0.162016 0.122869
36.3859 11.4294 0.160648 0.0237699
36.1941 11.361 0.165516 0.313048
36.2885 11.2013 0.164788 0.115838
36.2409 11.4937 0.167814 0.0454716
36.3632 11.1361 0.166321 0.0121021
36.1038 11.3393 0.166123 0.257625
36.2781 11.1514 0.171649 0.00305698
36.1941 11.361 0.165516 0.313048
36.1038 11.3393 0.166123 0.257625
36.312 11.2864 0.162016 0.122869
36.1038 11.3393 0.166123 0.257625
36.1038 11.3393 0.166123 0.257625
36.312 11.2864 0.162016 0.122869
36.2208 11.1735 0.161875 0.0475999
36.2208 11.1735 0.161875 0.0475999
36.1038 11.3393 0.166123 0.257625
36.1038 11.3393 0.166123 0.257625
36.3859 11.4294 0.160648 0.0237699
36.1941 11.361 0.165516 0.313048
36.1038 11.3393 0.166123 0.257625
36.312 11.2864 0.162016 0.122869
36.1941 11.361 0.165516 0.313048
36.2885 11.2013 0.164788 0.115838
36.1941 11.361 0.165516 0.313048
36.2409 11.4937 0.167814 0.0454716
36.312 11.2864 0.162016 0.122869
36.1941 11.361 0.165516 0.313048
36.1941 11.361 0.165516 0.313048
36.1038 11.3393 0.166123 0.257625
36.3632 11.1361 0.166321 0.0121021
36.1038 11.3393 0.166123 0.257625
36.2885 11.2013 0.164788 0.115838
36.1941 11.361 0.165516 0.313048
36.2409 11.4937 0.167814 0.0454716
36.1941 11.361 0.165516 0.313048
36.1038 11.3393 0.166123 0.257625
36.1941 11.361 0.165516 0.313048
36.1038 11.3393 0.166123 0.257625
36.2885 11.2013 0.164788 0.115838
36.2409 11.4937 0.167814 0.0454716
36.2208 11.1735 0.161875 0.0475999
36.1941 11.361 0.165516 0.313048
36.1941 11.361 0.165516 0.313048
36.3859 11.4294 0.160648 0.0237699
36.2208 11.1735 0.161875 0.0475999
36.1941 11.361 0.165516 0.313048
36.2885 11.2013 0.164788 0.115838
36.2409 11.4937 0.167814 0.0454716
36.1941 11.361 0.165516 0.313048
36.2885 11.2013 0.164788 0.115838
36.1941 11.361 0.165516 0.313048
36.1453 11.2805 0.175781 0.00175635
36.2885 11.2013 0.164788 0.115838
36.1941 11.361 0.165516 0.313048
36.1941 11.361 0.165516 0.313048
36.2885 11.2013 0.164788 0.115838
36.1941 11.361 0.165516 0.313048
36.312 11.2864 0.162016 0.122869
36.1038 11.3393 0.166123 0.257625
