-38.5827 -40.9166 1.42645 0.0204602
-38.4112 -40.923 1.43361 0.238369
-38.285 -40.9127 1.43572 0.294919
-38.4025 -40.9653 1.43524 0.188619
-38.285 -40.9127 1.43572 0.294919
-38.285 -40.9127 1.43572 0.294919
-38.285 -40.9127 1.43572 0.294919
-38.4583 -40.8681 1.43818 0.0316162
-38.285 -40.9127 1.43572 0.294919
-38.3546 -40.9253 1.42578 0.0805999
-38.285 -40.9127 1.43572 0.294919
-38.4025 -40.9653 1.43524 0.188619
-38.285 -40.9127 1.43572 0.294919
-38.5827 -40.9166 1.42645 0.0204602
-38.4112 -40.923 1.43361 0.238369
-38.5916 -40.8834 1.42813 0.0288638
-38.3546 -40.9253 1.42578 0.0805999
-38.4112 -40.923 1.43361 0.238369
-38.4025 -40.9653 1.43524 0.188619
-38.4112 -40.923 1.43361 0.238369
-38.4112 -40.923 1.43361 0.238369
-38.5916 -40.8834 1.42813 0.0288638
-38.4025 -40.9653 1.43524 0.188619
-38.285 -40.9127 1.43572 0.294919
-38.285 -40.9127 1.43572 0.294919
-38.4583 -40.8681 1.43818 0.0316162
-38.4112 -40.923 1.43361 0.238369
-38.4156 -40.8981 1.42242 0.0174258
-38.4112 -40.923 1.43361 0.238369
-38.4112 -40.923 1.43361 0.238369
-38.5916 -40.8834 1.42813 0.0288638
-38.4112 -40.923 1.43361 0.238369
-38.285 -40.9127 1.43572 0.294919
-38.4025 -40.9653 1.43524 0.188619
-38.4025 -40.9653 1.43524 0.188619
-38.285 -40.9127 1.43572 0.294919
-38.4025 -40.9653 1.43524 0.188619
-38.4112 -40.923 1.43361 0.238369
-38.4112 -40.923 1.43361 0.238369
-38.285 -40.9127 1.43572 0.294919
-38.4025 -40.9653 1.43524 0.188619
-38.4025 -40.9653 1.43524 0.188619
-38.285 -40.9127 1.43572 0.294919
-38.3546 -40.9253 1.42578 0.0805999
-38.285 -40.9127 1.43572 0.294919
-38.4025 -40.9653 1.43524 0.188619
-38.4112 -40.923 1.43361 0.238369
-38.4112 -40.923 1.43361 0.238369
-38.2233 -40.8125 1.42008 0.00245292
-38.285 -40.9127 1.43572 0.294919
-38.4025 -40.9653 1.43524 0.188619
-38.3546 -40.9253 1.42578 0.0805999
-38.4583 -40.8681 1.43818 0.0316162
-38.4112 -40.923 1.43361 0.238369
-38.285 -40.9127 1.43572 0.294919
-38.285 -40.9127 1.43572 0.294919
-38.4583 -40.8681 1.43818 0.0316162
-38.4112 -40.923 1.43361 0.238369
-38.285 -40.9127 1.43572 0.294919
-38.3546 -40.9253 1.42578 0.0805999
-38.4112 -40.923 1.43361 0.238369
-38.4156 -40.8981 1.42242 0.0174258
-38.4025 -40.9653 1.43524 0.188619
-38.4112 -40.923 1.43361 0.238369
-38.285 -40.9127 1.43572 0.294919
-38.3546 -40.9253 1.42578 0.0805999
-38.285 -40.9127 1.43572 0.294919
-38.4025 -40.9653 1.43524 0.188619
-38.4112 -40.923 1.43361 0.238369
-38.4082 -40.7404 1.4193 0.00627088
-38.3546 -40.9253 1.42578 0.0805999
-38.3385 -40.8051 1.4186 0.00224879
-38.4025 -40.9653 1.43524 0.188619
-38.3546 -40.9253 1.42578 0.0805999
-38.4112 -40.923 1.43361 0.238369
-38.285 -40.9127 1.43572 0.294919
-38.3546 -40.9253 1.42578 0.0805999
-38.285 -40.9127 1.43572 0.294919
-38.4025 -40.9653 1.43524 0.188619
-38.4025 -40.9653 1.43524 0.188619
-38.4112 -40.923 1.43361 0.238369
-38.4112 -40.923 1.43361 0.238369
-38.4025 -40.9653 1.43524 0.188619
-38.3385 -40.8051 1.4186 0.00224879
-38.4025 -40.9653 1.43524 0.188619
-38.285 -40.9127 1.43572 0.294919
-38.4025 -40.9653 1.43524 0.188619
-38.5447 -41.0514 1.42458 0.00299586
-38.285 -40.9127 1.43572 0.294919
-38.285 -40.9127 1.43572 0.294919
-38.4025 -40.9653 1.43524 0.188619
-38.3546 -40.9253 1.42578 0.0805999
-38.4112 -40.923 1.43361 0.238369
-38.285 -40.9127 1.43572 0.294919
-38.4025 -40.9653 1.43524 0.188619
-38.3546 -40.9253 1.42578 0.0805999
-38.2709 -40.5791 1.43138 0.0190358
-38.4112 -40.923 1.43361 0.238369
-38.4112 -40.923 1.43361 0.238369
-38.285 -40.9127 1.43572 0.294919
