28.0093 10.055 0.184991 0.353544
28.0093 10.055 0.184991 0.353544
27.9647 9.93683 0.183956 0.170832
27.8251 9.8691 0.185992 0.00833505
28.0093 10.055 0.184991 0.353544
28.0093 10.055 0.184991 0.353544
28.0093 10.055 0.184991 0.353544
28.3145 10.0442 0.178146 0.139139
28.0093 10.055 0.184991 0.353544
28.3145 10.0442 0.178146 0.139139
28.0357 10.1166 0.177682 0.00685335
28.0093 10.055 0.184991 0.353544
28.0093 10.055 0.184991 0.353544
28.0093 10.055 0.184991 0.353544
27.9647 9.93683 0.183956 0.170832
28.0093 10.055 0.184991 0.353544
28.0093 10.055 0.184991 0.353544
28.3145 10.0442 0.178146 0.139139
28.0093 10.055 0.184991 0.353544
27.9647 9.93683 0.183956 0.170832
28.0093 10.055 0.184991 0.353544
27.9972 9.81359 0.185643 0.0646918
27.9647 9.93683 0.183956 0.170832
28.3145 10.0442 0.178146 0.139139
27.9198 10.2135 0.184277 0.00915496
27.9647 9.93683 0.183956 0.170832
28.0093 10.055 0.184991 0.353544
27.9647 9.93683 0.183956 0.170832
28.2045 9.93453 0.186807 0.129528
28.3796 10.2208 0.183703 0.00203328
28.3145 10.0442 0.178146 0.139139
28.0093 10.055 0.184991 0.353544
27.9972 9.81359 0.185643 0.0646918
27.9965 10.198 0.191718 0.0141951
28.0093 10.055 0.184991 0.353544
28.0093 10.055 0.184991 0.353544
28.0093 10.055 0.184991 0.353544
27.9647 9.93683 0.183956 0.170832
28.0093 10.055 0.184991 0.353544
28.3145 10.0442 0.178146 0.139139
28.0093 10.055 0.184991 0.353544
27.9972 9.81359 0.185643 0.0646918
27.9647 9.93683 0.183956 0.170832
28.0093 10.055 0.184991 0.353544
28.0093 10.055 0.184991 0.353544
28.2045 9.93453 0.186807 0.129528
28.2045 9.93453 0.186807 0.129528
28.0093 10.055 0.184991 0.353544
28.3145 10.0442 0.178146 0.139139
28.2801 10.1788 0.187708 0.00579637
28.0093 10.055 0.184991 0.353544
28.0093 10.055 0.184991 0.353544
28.0093 10.055 0.184991 0.353544
27.9647 9.93683 0.183956 0.170832
28.2045 9.93453 0.186807 0.129528
28.0093 10.055 0.184991 0.353544
28.0093 10.055 0.184991 0.353544
28.3145 10.0442 0.178146 0.139139
28.0093 10.055 0.184991 0.353544
28.3145 10.0442 0.178146 0.139139
28.0093 10.055 0.184991 0.353544
28.3145 10.0442 0.178146 0.139139
28.0093 10.055 0.184991 0.353544
28.0093 10.055 0.184991 0.353544
27.9647 9.93683 0.183956 0.170832
28.2045 9.93453 0.186807 0.129528
28.1633 10.1959 0.189641 0.0112918
28.2045 9.93453 0.186807 0.129528
28.0093 10.055 0.184991 0.353544
27.9972 9.81359 0.185643 0.0646918
27.9647 9.93683 0.183956 0.170832
28.0093 10.055 0.184991 0.353544
28.2045 9.93453 0.186807 0.129528
28.0093 10.055 0.184991 0.353544
27.9647 9.93683 0.183956 0.170832
28.0093 10.055 0.184991 0.353544
28.0093 10.055 0.184991 0.353544
28.0093 10.055 0.184991 0.353544
28.2045 9.93453 0.186807 0.129528
27.9972 9.81359 0.185643 0.0646918
28.0093 10.055 0.184991 0.353544
27.9647 9.93683 0.183956 0.170832
28.0093 10.055 0.184991 0.353544
28.2045 9.93453 0.186807 0.129528
28.3145 10.0442 0.178146 0.139139
27.8038 10.0389 0.192367 0.0126143
28.0093 10.055 0.184991 0.353544
28.0093 10.055 0.184991 0.353544
28.2045 9.93453 0.186807 0.129528
28.3145 10.0442 0.178146 0.139139
28.2454 9.72454 0.185012 0.0051113
28.0093 10.055 0.184991 0.353544
28.2045 9.93453 0.186807 0.129528
28.0093 10.055 0.184991 0.353544
27.9647 9.93683 0.183956 0.170832
28.0093 10.055 0.184991 0.353544
28.3145 10.0442 0.178146 0.139139
28.2454 9.72454 0.185012 0.0051113
28.0093 10.055 0.184991 0.353544
28.0093 10.055 0.184991 0.353544
