89.7962 17.4695 0.0982672 0.0122073
90.2021 17.4285 0.0976969 0.153341
90.349 17.3896 0.089961 0.0401426
90.0314 17.2558 0.0911009 0.0412811
90.2812 17.444 0.098593 0.0968026
90.2235 17.2164 0.0995785 0.0697752
90.1891 17.3636 0.0979408 0.159997
90.2021 17.4285 0.0976969 0.153341
90.0953 17.4282 0.0902544 0.0791908
90.3321 17.2724 0.0946894 0.0521166
89.9219 17.315 0.0916273 0.0260339
90.2235 17.2164 0.0995785 0.0697752
90.1891 17.3636 0.0979408 0.159997
90.1891 17.3636 0.0979408 0.159997
89.9596 17.3097 0.0905388 0.0288994
90.0314 17.2558 0.0911009 0.0412811
90.0314 17.2558 0.0911009 0.0412811
90.2235 17.2164 0.0995785 0.0697752
90.0251 17.6794 0.0955993 0.0211938
90.1891 17.3636 0.0979408 0.159997
90.2021 17.4285 0.0976969 0.153341
90.2021 17.4285 0.0976969 0.153341
90.349 17.3896 0.089961 0.0401426
90.3321 17.2724 0.0946894 0.0521166
90.0767 17.519 0.0889343 0.0438044
90.0251 17.6794 0.0955993 0.0211938
90.2021 17.4285 0.0976969 0.153341
90.0953 17.4282 0.0902544 0.0791908
90.0314 17.2558 0.0911009 0.0412811
89.9099 16.942 0.100649 0.000734384
90.2235 17.2164 0.0995785 0.0697752
90.1891 17.3636 0.0979408 0.159997
90.2021 17.4285 0.0976969 0.153341
90.3321 17.2724 0.0946894 0.0521166
90.3321 17.2724 0.0946894 0.0521166
90.0767 17.519 0.0889343 0.0438044
89.9219 17.315 0.0916273 0.0260339
90.2235 17.2164 0.0995785 0.0697752
90.1891 17.3636 0.0979408 0.159997
90.1891 17.3636 0.0979408 0.159997
90.2021 17.4285 0.0976969 0.153341
90.2021 17.4285 0.0976969 0.153341
89.9596 17.3097 0.0905388 0.0288994
90.3321 17.2724 0.0946894 0.0521166
90.3321 17.2724 0.0946894 0.0521166
90.3211 17.2888 0.0783149 0.000568066
90.1891 17.3636 0.0979408 0.159997
90.2021 17.4285 0.0976969 0.153341
90.2021 17.4285 0.0976969 0.153341
90.0953 17.4282 0.0902544 0.0791908
90.349 17.3896 0.089961 0.0401426
90.1759 17.0023 0.103592 0.00426403
90.2235 17.2164 0.0995785 0.0697752
90.0251 17.6794 0.0955993 0.0211938
90.027 17.6003 0.110107 0.00445961
90.2021 17.4285 0.0976969 0.153341
89.9596 17.3097 0.0905388 0.0288994
89.9827 17.1521 0.0903241 0.00932693
90.2812 17.444 0.098593 0.0968026
90.1891 17.3636 0.0979408 0.159997
90.2021 17.4285 0.0976969 0.153341
90.3607 17.5347 0.103966 0.0127772
90.0314 17.2558 0.0911009 0.0412811
90.2235 17.2164 0.0995785 0.0697752
90.1891 17.3636 0.0979408 0.159997
90.0953 17.4282 0.0902544 0.0791908
90.0314 17.2558 0.0911009 0.0412811
90.2235 17.2164 0.0995785 0.0697752
90.2691 17.0947 0.0987583 0.0162577
90.1891 17.3636 0.0979408 0.159997
90.1891 17.3636 0.0979408 0.159997
90.1891 17.3636 0.0979408 0.159997
89.9596 17.3097 0.0905388 0.0288994
90.0767 17.519 0.0889343 0.0438044
90.2235 17.2164 0.0995785 0.0697752
90.2235 17.2164 0.0995785 0.0697752
90.2021 17.4285 0.0976969 0.153341
90.2021 17.4285 0.0976969 0.153341
90.349 17.3896 0.089961 0.0401426
90.349 17.3896 0.089961 0.0401426
90.0767 17.519 0.0889343 0.0438044
90.0251 17.6794 0.0955993 0.0211938
90.0251 17.6794 0.0955993 0.0211938
90.2021 17.4285 0.0976969 0.153341
90.349 17.3896 0.089961 0.0401426
90.3321 17.2724 0.0946894 0.0521166
90.0767 17.519 0.0889343 0.0438044
89.7962 17.4695 0.0982672 0.0122073
90.1891 17.3636 0.0979408 0.159997
90.2021 17.4285 0.0976969 0.153341
89.9596 17.3097 0.0905388 0.0288994
90.3607 17.5347 0.103966 0.0127772
90.3321 17.2724 0.0946894 0.0521166
90.2812 17.444 0.098593 0.0968026
90.2812 17.444 0.098593 0.0968026
90.2812 17.444 0.098593 0.0968026
90.2812 17.444 0.098593 0.0968026
89.795 17.4192 0.104099 0.0100941
89.9309 17.2308 0.107061 0.0175527
90.1891 17.3636 0.0979408 0.159997
