-14.9606 -93.2141 2.816 0.0190885
-15.1641 -92.9298 2.82092 0.00390541
-14.9429 -93.1971 2.82503 0.0310406
-15.232 -93.3077 2.819 0.165809
-15.2463 -93.1804 2.81923 0.109322
-15.0687 -93.2606 2.82305 0.110845
-15.0094 -93.3432 2.82049 0.0907356
-15.3377 -93.1414 2.81233 0.0317656
-15.2463 -93.1804 2.81923 0.109322
-15.2463 -93.1804 2.81923 0.109322
-15.0677 -93.409 2.82505 0.0560814
-15.0721 -93.0954 2.81978 0.0466814
-14.9606 -93.2141 2.816 0.0190885
-14.9429 -93.1971 2.82503 0.0310406
-15.2463 -93.1804 2.81923 0.109322
-15.0687 -93.2606 2.82305 0.110845
-15.0094 -93.3432 2.82049 0.0907356
-15.0721 -93.0954 2.81978 0.0466814
-15.232 -93.3077 2.819 0.165809
-15.0687 -93.2606 2.82305 0.110845
-15.0687 -93.2606 2.82305 0.110845
-15.072 -93.1838 2.81115 0.00818249
-15.232 -93.3077 2.819 0.165809
-15.232 -93.3077 2.819 0.165809
-15.2463 -93.1804 2.81923 0.109322
-15.0687 -93.2606 2.82305 0.110845
-15.0527 -93.6731 2.822 0.0025559
-15.0285 -93.5629 2.81531 0.00495896
-14.9429 -93.1971 2.82503 0.0310406
-15.232 -93.3077 2.819 0.165809
-15.2463 -93.1804 2.81923 0.109322
-15.2292 -93.282 2.81405 0.0978468
-15.0094 -93.3432 2.82049 0.0907356
-15.0721 -93.0954 2.81978 0.0466814
-15.0721 -93.0954 2.81978 0.0466814
-15.232 -93.3077 2.819 0.165809
-15.232 -93.3077 2.819 0.165809
-15.2463 -93.1804 2.81923 0.109322
-15.0687 -93.2606 2.82305 0.110845
-15.0094 -93.3432 2.82049 0.0907356
-15.0721 -93.0954 2.81978 0.0466814
-15.232 -93.3077 2.819 0.165809
-15.2463 -93.1804 2.81923 0.109322
-15.2463 -93.1804 2.81923 0.109322
-15.2292 -93.282 2.81405 0.0978468
-14.8834 -93.4171 2.81824 0.00885941
-15.0687 -93.2606 2.82305 0.110845
-15.144 -93.1227 2.81816 0.0761014
-15.0721 -93.0954 2.81978 0.0466814
-15.3377 -93.1414 2.81233 0.0317656
-15.2104 -93.3361 2.81277 0.0584236
-15.232 -93.3077 2.819 0.165809
-15.2463 -93.1804 2.81923 0.109322
-15.2292 -93.282 2.81405 0.0978468
-15.2292 -93.282 2.81405 0.0978468
-14.9823 -93.1075 2.81142 0.001472
-15.0094 -93.3432 2.82049 0.0907356
-15.0094 -93.3432 2.82049 0.0907356
-15.232 -93.3077 2.819 0.165809
-15.2292 -93.282 2.81405 0.0978468
-15.144 -93.1227 2.81816 0.0761014
-15.0721 -93.0954 2.81978 0.0466814
-14.9606 -93.2141 2.816 0.0190885
-15.232 -93.3077 2.819 0.165809
-15.232 -93.3077 2.819 0.165809
-15.039 -93.0505 2.81309 0.00430923
-15.0677 -93.409 2.82505 0.0560814
-15.144 -93.1227 2.81816 0.0761014
-14.8306 -93.229 2.82264 0.0107799
-14.9429 -93.1971 2.82503 0.0310406
-15.232 -93.3077 2.819 0.165809
-15.2463 -93.1804 2.81923 0.109322
-14.7989 -93.3722 2.82864 0.00381404
-15.0687 -93.2606 2.82305 0.110845
-15.144 -93.1227 2.81816 0.0761014
-15.3377 -93.1414 2.81233 0.0317656
-15.0285 -93.5629 2.81531 0.00495896
-15.232 -93.3077 2.819 0.165809
-15.0687 -93.2606 2.82305 0.110845
-15.0094 -93.3432 2.82049 0.0907356
-15.0721 -93.0954 2.81978 0.0466814
-15.232 -93.3077 2.819 0.165809
-15.2292 -93.282 2.81405 0.0978468
-15.0687 -93.2606 2.82305 0.110845
-15.144 -93.1227 2.81816 0.0761014
-14.8306 -93.229 2.82264 0.0107799
-15.2104 -93.3361 2.81277 0.0584236
-15.232 -93.3077 2.819 0.165809
-15.2463 -93.1804 2.81923 0.109322
-15.2463 -93.1804 2.81923 0.109322
-15.2292 -93.282 2.81405 0.0978468
-14.8834 -93.4171 2.81824 0.00885941
-15.144 -93.1227 2.81816 0.0761014
-15.3377 -93.1414 2.81233 0.0317656
-15.2104 -93.3361 2.81277 0.0584236
-15.232 -93.3077 2.819 0.165809
-15.0687 -93.2606 2.82305 0.110845
-15.144 -93.1227 2.81816 0.0761014
-15.0094 -93.3432 2.82049 0.0907356
-14.8476 -93.5265 2.82383 0.0041283
