91.3662 17.6121 0.091513 0.0245876
90.7121 17.6121 0.100691 0.030481
90.7781 17.5624 0.0976395 0.0563019
90.9556 17.477 0.0964012 0.142691
91.0227 17.5589 0.11157 0.035214
91.3743 17.4721 0.0931985 0.0149132
90.7121 17.6121 0.100691 0.030481
90.9556 17.477 0.0964012 0.142691
91.1201 17.8263 0.103845 0.073192
90.7082 17.6174 0.0991517 0.0270786
91.0149 17.6053 0.0884926 0.0629448
90.9556 17.477 0.0964012 0.142691
91.1966 17.6653 0.0996397 0.188039
91.0227 17.5589 0.11157 0.035214
90.6653 17.6248 0.105154 0.0125574
90.7781 17.5624 0.0976395 0.0563019
90.9556 17.477 0.0964012 0.142691
91.1966 17.6653 0.0996397 0.188039
91.1966 17.6653 0.0996397 0.188039
91.0227 17.5589 0.11157 0.035214
90.6653 17.7092 0.0968526 0.00945831
91.0149 17.6053 0.0884926 0.0629448
91.1772 17.8142 0.102276 0.0764444
91.1772 17.8142 0.102276 0.0764444
90.9556 17.477 0.0964012 0.142691
91.1966 17.6653 0.0996397 0.188039
91.5323 17.4693 0.0919637 0.000886685
90.7121 17.6121 0.100691 0.030481
90.9556 17.477 0.0964012 0.142691
90.9556 17.477 0.0964012 0.142691
91.1966 17.6653 0.0996397 0.188039
90.9364 17.4432 0.0916924 0.0433433
90.7082 17.6174 0.0991517 0.0270786
91.0446 17.8295 0.087807 0.0281845
91.1966 17.6653 0.0996397 0.188039
91.1201 17.8263 0.103845 0.073192
91.1201 17.8263 0.103845 0.073192
91.3662 17.6121 0.091513 0.0245876
91.1772 17.8142 0.102276 0.0764444
91.1966 17.6653 0.0996397 0.188039
91.0227 17.5589 0.11157 0.035214
91.1201 17.8263 0.103845 0.073192
90.6653 17.7092 0.0968526 0.00945831
91.1772 17.8142 0.102276 0.0764444
91.3174 17.5266 0.0851869 0.00656958
91.1966 17.6653 0.0996397 0.188039
91.0995 17.6038 0.085387 0.0255379
91.0446 17.8295 0.087807 0.0281845
90.9556 17.477 0.0964012 0.142691
90.9364 17.4432 0.0916924 0.0433433
91.3743 17.4721 0.0931985 0.0149132
91.3958 17.4338 0.0909513 0.00585573
91.0446 17.8295 0.087807 0.0281845
91.1966 17.6653 0.0996397 0.188039
90.9364 17.4432 0.0916924 0.0433433
91.2364 17.4542 0.107835 0.0202418
91.0391 17.6392 0.0817566 0.00496632
91.0149 17.6053 0.0884926 0.0629448
91.1966 17.6653 0.0996397 0.188039
91.1966 17.6653 0.0996397 0.188039
91.1966 17.6653 0.0996397 0.188039
91.1201 17.8263 0.103845 0.073192
91.1201 17.8263 0.103845 0.073192
91.0995 17.6038 0.085387 0.0255379
91.2465 17.6017 0.0877871 0.034975
90.9556 17.477 0.0964012 0.142691
91.1966 17.6653 0.0996397 0.188039
91.1966 17.6653 0.0996397 0.188039
91.3743 17.4721 0.0931985 0.0149132
91.3743 17.4721 0.0931985 0.0149132
91.1772 17.8142 0.102276 0.0764444
90.9556 17.477 0.0964012 0.142691
91.1966 17.6653 0.0996397 0.188039
90.9364 17.4432 0.0916924 0.0433433
91.1201 17.8263 0.103845 0.073192
91.2465 17.6017 0.0877871 0.034975
91.1772 17.8142 0.102276 0.0764444
91.1966 17.6653 0.0996397 0.188039
91.1966 17.6653 0.0996397 0.188039
91.3958 17.4338 0.0909513 0.00585573
91.3662 17.6121 0.091513 0.0245876
91.0446 17.8295 0.087807 0.0281845
90.7781 17.5624 0.0976395 0.0563019
90.9556 17.477 0.0964012 0.142691
91.1966 17.6653 0.0996397 0.188039
91.1966 17.6653 0.0996397 0.188039
91.0253 17.6621 0.115557 0.00637283
91.3662 17.6121 0.091513 0.0245876
90.7121 17.6121 0.100691 0.030481
91.0149 17.6053 0.0884926 0.0629448
90.7781 17.5624 0.0976395 0.0563019
91.1966 17.6653 0.0996397 0.188039
90.7082 17.6174 0.0991517 0.0270786
91.0149 17.6053 0.0884926 0.0629448
91.1966 17.6653 0.0996397 0.188039
91.1966 17.6653 0.0996397 0.188039
91.1201 17.8263 0.103845 0.073192
91.1201 17.8263 0.103845 0.073192
91.2364 17.4542 0.107835 0.0202418
90.9556 17.477 0.0964012 0.142691
