55.4646 13.0041 0.139856 0.371937
55.4701 13.3013 0.145079 0.120113
55.3184 13.2741 0.14399 0.0943095
55.2808 13.235 0.140419 0.0496618
55.3972 13.1798 0.145904 0.138985
55.3184 13.2741 0.14399 0.0943095
55.3994 12.9876 0.135465 0.0370564
55.3184 12.9567 0.14125 0.0402697
55.4646 13.0041 0.139856 0.371937
55.4646 13.0041 0.139856 0.371937
55.4505 12.9914 0.14626 0.0206165
55.4701 13.3013 0.145079 0.120113
55.4646 13.0041 0.139856 0.371937
55.4646 13.0041 0.139856 0.371937
55.4701 13.3013 0.145079 0.120113
55.3972 13.1798 0.145904 0.138985
55.4646 13.0041 0.139856 0.371937
55.4701 13.3013 0.145079 0.120113
55.4646 13.0041 0.139856 0.371937
55.4646 13.0041 0.139856 0.371937
55.3184 13.2741 0.14399 0.0943095
55.4646 13.0041 0.139856 0.371937
55.4646 13.0041 0.139856 0.371937
55.4646 13.0041 0.139856 0.371937
55.4646 13.0041 0.139856 0.371937
55.4646 13.0041 0.139856 0.371937
55.2533 13.3178 0.143061 0.0197509
55.4646 13.0041 0.139856 0.371937
55.3972 13.1798 0.145904 0.138985
55.4646 13.0041 0.139856 0.371937
55.3972 13.1798 0.145904 0.138985
55.743 13.2815 0.141723 0.0216341
55.4646 13.0041 0.139856 0.371937
55.4646 13.0041 0.139856 0.371937
55.4701 13.3013 0.145079 0.120113
55.3972 13.1798 0.145904 0.138985
55.3972 13.1798 0.145904 0.138985
55.3184 13.2741 0.14399 0.0943095
55.4646 13.0041 0.139856 0.371937
55.3972 13.1798 0.145904 0.138985
55.4646 13.0041 0.139856 0.371937
55.4646 13.0041 0.139856 0.371937
55.4646 13.0041 0.139856 0.371937
55.4646 13.0041 0.139856 0.371937
55.3972 13.1798 0.145904 0.138985
55.4646 13.0041 0.139856 0.371937
55.3184 12.9567 0.14125 0.0402697
55.2808 13.235 0.140419 0.0496618
55.3972 13.1798 0.145904 0.138985
55.4505 12.9914 0.14626 0.0206165
55.4646 13.0041 0.139856 0.371937
55.2533 13.3178 0.143061 0.0197509
55.4646 13.0041 0.139856 0.371937
55.4646 13.0041 0.139856 0.371937
55.4646 13.0041 0.139856 0.371937
55.3972 13.1798 0.145904 0.138985
55.3312 12.8383 0.143769 0.00164325
55.4646 13.0041 0.139856 0.371937
55.4701 13.3013 0.145079 0.120113
55.4646 13.0041 0.139856 0.371937
55.2808 13.235 0.140419 0.0496618
55.3972 13.1798 0.145904 0.138985
55.3184 13.2741 0.14399 0.0943095
55.4505 12.9914 0.14626 0.0206165
55.4646 13.0041 0.139856 0.371937
55.4646 13.0041 0.139856 0.371937
55.4701 13.3013 0.145079 0.120113
55.4646 13.0041 0.139856 0.371937
55.4646 13.0041 0.139856 0.371937
55.2808 13.235 0.140419 0.0496618
55.4701 13.3013 0.145079 0.120113
55.4646 13.0041 0.139856 0.371937
55.3184 13.2741 0.14399 0.0943095
55.4646 13.0041 0.139856 0.371937
55.4701 13.3013 0.145079 0.120113
55.4701 13.3013 0.145079 0.120113
55.6593 13.3086 0.14518 0.0147906
55.4646 13.0041 0.139856 0.371937
55.3972 13.1798 0.145904 0.138985
55.4646 13.0041 0.139856 0.371937
55.4701 13.3013 0.145079 0.120113
55.6593 13.3086 0.14518 0.0147906
55.2808 13.235 0.140419 0.0496618
55.7417 13.3165 0.13996 0.019398
55.4646 13.0041 0.139856 0.371937
55.3184 12.9567 0.14125 0.0402697
55.3184 13.2741 0.14399 0.0943095
55.2753 13.0205 0.143597 0.0349809
55.3184 12.9567 0.14125 0.0402697
55.3184 13.2741 0.14399 0.0943095
55.4646 13.0041 0.139856 0.371937
55.3184 13.2741 0.14399 0.0943095
55.4701 13.3013 0.145079 0.120113
55.3994 12.9876 0.135465 0.0370564
55.4646 13.0041 0.139856 0.371937
55.2808 13.235 0.140419 0.0496618
55.4646 13.0041 0.139856 0.371937
55.4701 13.3013 0.145079 0.120113
55.3184 13.2741 0.14399 0.0943095
55.2808 13.235 0.140419 0.0496618
