-32.813 -78.5046 2.20566 0.0857485
-32.7672 -78.4944 2.20592 0.118893
-32.3069 -78.5069 2.20231 0.00966316
-32.8708 -78.5074 2.21549 0.00669589
-32.9246 -78.4414 2.20654 0.0233767
-32.7374 -78.7667 2.21859 0.00751569
-32.8074 -78.3781 2.21139 0.0237952
-32.5923 -78.7514 2.20551 0.038701
-32.2789 -78.6323 2.21009 0.0111632
-32.8103 -78.1931 2.20808 0.00697617
-32.6891 -78.2525 2.19775 0.0307539
-32.5219 -78.3131 2.19975 0.0424522
-32.6661 -78.7061 2.2067 0.0730061
-32.6661 -78.7061 2.2067 0.0730061
-32.5502 -78.3135 2.21132 0.0299957
-32.5246 -78.6398 2.19901 0.0144949
-32.6226 -78.4399 2.19635 0.0276382
-32.6597 -78.7306 2.20976 0.069271
-32.571 -78.1511 2.20795 0.00787699
-33.0086 -78.465 2.20241 0.00720912
-32.7138 -78.0013 2.20151 0.00140552
-32.8188 -78.5122 2.20854 0.0702027
-32.8364 -78.2362 2.19406 0.00592069
-32.6226 -78.4399 2.19635 0.0276382
-32.7672 -78.4944 2.20592 0.118893
-32.7672 -78.4944 2.20592 0.118893
-32.6714 -78.4635 2.21155 0.0892343
-32.9431 -78.3953 2.2052 0.0171613
-32.6661 -78.7061 2.2067 0.0730061
-32.5246 -78.6398 2.19901 0.0144949
-32.813 -78.5046 2.20566 0.0857485
-32.6842 -78.733 2.21286 0.050789
-32.6226 -78.4399 2.19635 0.0276382
-32.6226 -78.4399 2.19635 0.0276382
-32.7672 -78.4944 2.20592 0.118893
-32.4256 -78.138 2.2033 0.00496785
-32.6714 -78.4635 2.21155 0.0892343
-32.5219 -78.3131 2.19975 0.0424522
-32.5219 -78.3131 2.19975 0.0424522
-32.6661 -78.7061 2.2067 0.0730061
-32.6661 -78.7061 2.2067 0.0730061
-32.5923 -78.7514 2.20551 0.038701
-32.6842 -78.733 2.21286 0.050789
-32.7672 -78.4944 2.20592 0.118893
-32.571 -78.1511 2.20795 0.00787699
-32.5576 -78.6265 2.22186 0.00396798
-32.3083 -78.2937 2.2116 0.00335533
-32.6714 -78.4635 2.21155 0.0892343
-32.6661 -78.7061 2.2067 0.0730061
-32.8074 -78.3781 2.21139 0.0237952
-32.6226 -78.4399 2.19635 0.0276382
-32.6226 -78.4399 2.19635 0.0276382
-32.7672 -78.4944 2.20592 0.118893
-32.5865 -78.5532 2.2186 0.0146212
-32.6714 -78.4635 2.21155 0.0892343
-32.5219 -78.3131 2.19975 0.0424522
-32.7374 -78.7667 2.21859 0.00751569
-32.5513 -78.1757 2.21091 0.00491363
-32.6661 -78.7061 2.2067 0.0730061
-32.813 -78.5046 2.20566 0.0857485
-32.6597 -78.7306 2.20976 0.069271
-32.9246 -78.4414 2.20654 0.0233767
-32.7321 -78.853 2.21154 0.0140467
-32.6661 -78.7061 2.2067 0.0730061
-32.5246 -78.6398 2.19901 0.0144949
-32.5923 -78.7514 2.20551 0.038701
-32.813 -78.5046 2.20566 0.0857485
-32.6597 -78.7306 2.20976 0.069271
-32.3874 -78.7655 2.2 0.00132135
-32.6891 -78.2525 2.19775 0.0307539
-32.6661 -78.7061 2.2067 0.0730061
-32.5923 -78.7514 2.20551 0.038701
-32.9091 -78.2307 2.19742 0.00684363
-32.7672 -78.4944 2.20592 0.118893
-32.7672 -78.4944 2.20592 0.118893
-32.6714 -78.4635 2.21155 0.0892343
-32.6891 -78.2525 2.19775 0.0307539
-32.5219 -78.3131 2.19975 0.0424522
-32.6661 -78.7061 2.2067 0.0730061
-32.8074 -78.3781 2.21139 0.0237952
-32.813 -78.5046 2.20566 0.0857485
-32.6226 -78.4399 2.19635 0.0276382
-32.6597 -78.7306 2.20976 0.069271
-32.7672 -78.4944 2.20592 0.118893
-32.6714 -78.4635 2.21155 0.0892343
-32.5219 -78.3131 2.19975 0.0424522
-32.8188 -78.5122 2.20854 0.0702027
-32.8188 -78.5122 2.20854 0.0702027
-32.5923 -78.7514 2.20551 0.038701
-32.6842 -78.733 2.21286 0.050789
-32.7672 -78.4944 2.20592 0.118893
-32.7672 -78.4944 2.20592 0.118893
-32.6714 -78.4635 2.21155 0.0892343
-32.5513 -78.1757 2.21091 0.00491363
-32.8188 -78.5122 2.20854 0.0702027
-32.6661 -78.7061 2.2067 0.0730061
-32.8364 -78.2362 2.19406 0.00592069
-32.6842 -78.733 2.21286 0.050789
-32.7672 -78.4944 2.20592 0.118893
-32.9246 -78.4414 2.20654 0.0233767
