31.3503 10.533 0.175273 0.0533802
31.6678 10.3928 0.167823 0.07771
31.5922 10.5305 0.175227 0.191466
31.6692 10.4515 0.174228 0.114407
31.5636 10.3396 0.17394 0.0819368
31.8186 10.5193 0.168124 0.0281842
31.6932 10.4085 0.169599 0.125673
31.5922 10.5305 0.175227 0.191466
31.6692 10.4515 0.174228 0.114407
31.6292 10.4848 0.16676 0.0442128
31.6788 10.6422 0.170048 0.0396781
31.8186 10.5193 0.168124 0.0281842
31.4692 10.5773 0.178908 0.0750117
31.6932 10.4085 0.169599 0.125673
31.5922 10.5305 0.175227 0.191466
31.6692 10.4515 0.174228 0.114407
31.6477 10.3619 0.165047 0.0122234
31.6678 10.3928 0.167823 0.07771
31.4692 10.5773 0.178908 0.0750117
31.5922 10.5305 0.175227 0.191466
31.3503 10.533 0.175273 0.0533802
31.4692 10.5773 0.178908 0.0750117
31.6932 10.4085 0.169599 0.125673
31.5922 10.5305 0.175227 0.191466
31.694 10.6212 0.173584 0.0506099
31.6788 10.6422 0.170048 0.0396781
31.6611 10.5631 0.167219 0.0379208
31.5922 10.5305 0.175227 0.191466
31.5922 10.5305 0.175227 0.191466
31.5636 10.3396 0.17394 0.0819368
31.6678 10.3928 0.167823 0.07771
31.6932 10.4085 0.169599 0.125673
31.5922 10.5305 0.175227 0.191466
31.6692 10.4515 0.174228 0.114407
31.6292 10.4848 0.16676 0.0442128
31.6932 10.4085 0.169599 0.125673
31.6692 10.4515 0.174228 0.114407
31.5636 10.3396 0.17394 0.0819368
31.6678 10.3928 0.167823 0.07771
31.6932 10.4085 0.169599 0.125673
31.6617 10.1106 0.169156 0.000287802
31.6692 10.4515 0.174228 0.114407
31.6292 10.4848 0.16676 0.0442128
31.4692 10.5773 0.178908 0.0750117
31.4692 10.5773 0.178908 0.0750117
31.5922 10.5305 0.175227 0.191466
31.3503 10.533 0.175273 0.0533802
31.4692 10.5773 0.178908 0.0750117
31.5922 10.5305 0.175227 0.191466
31.5922 10.5305 0.175227 0.191466
31.6692 10.4515 0.174228 0.114407
31.3503 10.533 0.175273 0.0533802
31.4692 10.5773 0.178908 0.0750117
31.6932 10.4085 0.169599 0.125673
31.6932 10.4085 0.169599 0.125673
31.6692 10.4515 0.174228 0.114407
31.6678 10.3928 0.167823 0.07771
31.6932 10.4085 0.169599 0.125673
31.6932 10.4085 0.169599 0.125673
31.4112 10.5169 0.169627 0.0121269
31.5636 10.3396 0.17394 0.0819368
31.6678 10.3928 0.167823 0.07771
31.4692 10.5773 0.178908 0.0750117
31.5922 10.5305 0.175227 0.191466
31.3503 10.533 0.175273 0.0533802
31.8964 10.3855 0.164603 0.00434583
31.6932 10.4085 0.169599 0.125673
31.5922 10.5305 0.175227 0.191466
31.5922 10.5305 0.175227 0.191466
31.5922 10.5305 0.175227 0.191466
31.6692 10.4515 0.174228 0.114407
31.6678 10.3928 0.167823 0.07771
31.4692 10.5773 0.178908 0.0750117
31.5922 10.5305 0.175227 0.191466
31.6692 10.4515 0.174228 0.114407
31.694 10.6212 0.173584 0.0506099
31.6678 10.3928 0.167823 0.07771
31.6932 10.4085 0.169599 0.125673
31.5922 10.5305 0.175227 0.191466
31.5922 10.5305 0.175227 0.191466
31.5922 10.5305 0.175227 0.191466
31.5636 10.3396 0.17394 0.0819368
31.4692 10.5773 0.178908 0.0750117
31.6932 10.4085 0.169599 0.125673
31.5922 10.5305 0.175227 0.191466
31.694 10.6212 0.173584 0.0506099
31.5636 10.3396 0.17394 0.0819368
31.3503 10.533 0.175273 0.0533802
31.6236 10.6089 0.16678 0.0127062
31.4692 10.5773 0.178908 0.0750117
31.5922 10.5305 0.175227 0.191466
31.6692 10.4515 0.174228 0.114407
31.3418 10.2812 0.175581 0.00389624
31.6788 10.6422 0.170048 0.0396781
31.6678 10.3928 0.167823 0.07771
31.8186 10.5193 0.168124 0.0281842
31.6932 10.4085 0.169599 0.125673
31.5922 10.5305 0.175227 0.191466
31.5922 10.5305 0.175227 0.191466
31.694 10.6212 0.173584 0.0506099
