212.816 -10.245 2.99608 0.0853003
212.899 -10.2677 3.00023 0.209246
212.858 -10.4567 2.99999 0.0898039
213.136 -10.3314 3.00561 0.106014
212.733 -10.241 2.99499 0.0384864
212.733 -10.241 2.99499 0.0384864
212.899 -10.2677 3.00023 0.209246
213.04 -10.245 3.00601 0.094338
213.029 -10.5544 3.00433 0.0241206
213.273 -10.3968 3.00331 0.0195022
212.899 -10.2677 3.00023 0.209246
213.04 -10.245 3.00601 0.094338
213.136 -10.3314 3.00561 0.106014
212.899 -10.2677 3.00023 0.209246
212.899 -10.2677 3.00023 0.209246
213.029 -10.5544 3.00433 0.0241206
213.117 -10.4545 2.99512 0.00422955
212.899 -10.2677 3.00023 0.209246
213.098 -10.2712 3.00603 0.104297
213.136 -10.3314 3.00561 0.106014
212.924 -10.3292 2.99414 0.0395627
212.816 -10.245 2.99608 0.0853003
212.899 -10.2677 3.00023 0.209246
212.69 -10.1662 3.00183 0.00629584
212.858 -10.4567 2.99999 0.0898039
213.161 -10.0292 3.0079 0.0036513
212.899 -10.2677 3.00023 0.209246
212.858 -10.4567 2.99999 0.0898039
213.048 -10.166 3.00661 0.0441451
212.899 -10.2677 3.00023 0.209246
213.029 -10.5544 3.00433 0.0241206
212.924 -10.3292 2.99414 0.0395627
212.733 -10.241 2.99499 0.0384864
212.899 -10.2677 3.00023 0.209246
212.858 -10.4567 2.99999 0.0898039
212.858 -10.4567 2.99999 0.0898039
213.321 -10.356 3.0009 0.00411056
213.136 -10.3314 3.00561 0.106014
213.048 -10.166 3.00661 0.0441451
212.899 -10.2677 3.00023 0.209246
213.04 -10.245 3.00601 0.094338
213.098 -10.2712 3.00603 0.104297
212.924 -10.3292 2.99414 0.0395627
212.899 -10.2677 3.00023 0.209246
212.858 -10.4567 2.99999 0.0898039
213.048 -10.166 3.00661 0.0441451
212.816 -10.245 2.99608 0.0853003
212.69 -10.1662 3.00183 0.00629584
213.204 -10.3893 3.00077 0.0331285
213.204 -10.3893 3.00077 0.0331285
212.924 -10.3292 2.99414 0.0395627
212.97 -10.2893 2.9938 0.0225009
212.816 -10.245 2.99608 0.0853003
213.098 -10.2712 3.00603 0.104297
213.098 -10.2712 3.00603 0.104297
213.136 -10.3314 3.00561 0.106014
212.924 -10.3292 2.99414 0.0395627
212.816 -10.245 2.99608 0.0853003
212.816 -10.245 2.99608 0.0853003
213.04 -10.245 3.00601 0.094338
212.858 -10.4567 2.99999 0.0898039
212.816 -10.245 2.99608 0.0853003
213.061 -10.5786 2.99434 0.00107368
213.098 -10.2712 3.00603 0.104297
213.136 -10.3314 3.00561 0.106014
212.816 -10.245 2.99608 0.0853003
213.257 -10.5017 3.00418 0.0107283
213.321 -10.356 3.0009 0.00411056
213.136 -10.3314 3.00561 0.106014
213.136 -10.3314 3.00561 0.106014
212.924 -10.3292 2.99414 0.0395627
212.816 -10.245 2.99608 0.0853003
212.999 -10.4768 3.00895 0.00673623
212.899 -10.2677 3.00023 0.209246
213.04 -10.245 3.00601 0.094338
213.136 -10.3314 3.00561 0.106014
212.97 -10.2893 2.9938 0.0225009
212.899 -10.2677 3.00023 0.209246
212.899 -10.2677 3.00023 0.209246
213.098 -10.2712 3.00603 0.104297
212.924 -10.3292 2.99414 0.0395627
213.048 -10.166 3.00661 0.0441451
212.899 -10.2677 3.00023 0.209246
213.029 -10.5544 3.00433 0.0241206
212.858 -10.4567 2.99999 0.0898039
212.924 -10.3292 2.99414 0.0395627
212.97 -10.2893 2.9938 0.0225009
212.97 -10.2893 2.9938 0.0225009
212.899 -10.2677 3.00023 0.209246
212.858 -10.4567 2.99999 0.0898039
213.271 -10.1905 3.00998 0.00695054
213.04 -10.245 3.00601 0.094338
213.136 -10.3314 3.00561 0.106014
213.022 -10.4015 3.00988 0.00804979
213.098 -10.2712 3.00603 0.104297
213.136 -10.3314 3.00561 0.106014
213.048 -10.166 3.00661 0.0441451
212.899 -10.2677 3.00023 0.209246
212.858 -10.4567 2.99999 0.0898039
213.11 -10.6012 3.00758 0.00347492
