174.944 23.1385 0.0738395 0.0433503
175.219 23.0177 0.0714242 0.0731697
175.142 23.0384 0.0722919 0.106478
175.075 22.8515 0.076065 0.014232
175.157 22.8475 0.0702016 0.0319441
175.19 23.0705 0.0673479 0.159823
175.19 23.0705 0.0673479 0.159823
174.895 23.0173 0.0689186 0.0411297
175.142 23.0384 0.0722919 0.106478
175.244 23.1962 0.0670308 0.067713
175.19 23.0705 0.0673479 0.159823
174.944 23.1385 0.0738395 0.0433503
175.219 23.0177 0.0714242 0.0731697
174.855 22.9714 0.0752469 0.0147612
175.244 23.1962 0.0670308 0.067713
175.157 22.8475 0.0702016 0.0319441
175.19 23.0705 0.0673479 0.159823
175.337 23.0714 0.0688643 0.0297275
175.078 23.1403 0.066031 0.149868
175.078 23.1403 0.066031 0.149868
175.331 23.1127 0.0699501 0.0239765
174.855 22.9714 0.0752469 0.0147612
175.244 23.1962 0.0670308 0.067713
174.895 23.0279 0.0716169 0.0440254
175.19 23.0705 0.0673479 0.159823
175.19 23.0705 0.0673479 0.159823
175.078 23.1403 0.066031 0.149868
175.078 23.1403 0.066031 0.149868
175.078 23.1403 0.066031 0.149868
175.142 23.0384 0.0722919 0.106478
175.142 23.0384 0.0722919 0.106478
174.848 23.2264 0.069529 0.00932559
175.259 22.8842 0.0782643 0.00166583
175.337 23.0714 0.0688643 0.0297275
174.895 23.0173 0.0689186 0.0411297
175.078 23.1403 0.066031 0.149868
175.008 23.3432 0.0695409 0.0101437
175.157 22.8475 0.0702016 0.0319441
175.401 23.0245 0.0700903 0.00679314
175.19 23.0705 0.0673479 0.159823
175.19 23.0705 0.0673479 0.159823
174.961 22.851 0.0759079 0.012121
175.078 23.1403 0.066031 0.149868
175.142 23.0384 0.0722919 0.106478
175.305 22.9879 0.0650616 0.0489235
175.19 23.0705 0.0673479 0.159823
175.078 23.1403 0.066031 0.149868
175.142 23.0384 0.0722919 0.106478
175.244 23.1962 0.0670308 0.067713
175.19 23.0705 0.0673479 0.159823
175.19 23.0705 0.0673479 0.159823
175.078 23.1403 0.066031 0.149868
175.078 23.1403 0.066031 0.149868
174.855 22.9714 0.0752469 0.0147612
175.244 23.1962 0.0670308 0.067713
175.19 23.0705 0.0673479 0.159823
175.19 23.0705 0.0673479 0.159823
175.19 23.0705 0.0673479 0.159823
175.078 23.1403 0.066031 0.149868
175.142 23.0384 0.0722919 0.106478
175.142 23.0384 0.0722919 0.106478
175.244 23.1962 0.0670308 0.067713
175.305 22.9879 0.0650616 0.0489235
174.895 23.0279 0.0716169 0.0440254
175.19 23.0705 0.0673479 0.159823
174.944 23.1385 0.0738395 0.0433503
175.331 23.1127 0.0699501 0.0239765
175.244 23.1962 0.0670308 0.067713
175.19 23.0705 0.0673479 0.159823
175.337 23.0714 0.0688643 0.0297275
175.078 23.1403 0.066031 0.149868
175.331 23.1127 0.0699501 0.0239765
175.142 23.0384 0.0722919 0.106478
174.935 23.2508 0.0686729 0.0235127
175.19 23.0705 0.0673479 0.159823
175.19 23.0705 0.0673479 0.159823
175.19 23.0705 0.0673479 0.159823
174.895 23.0173 0.0689186 0.0411297
175.078 23.1403 0.066031 0.149868
175.219 23.0177 0.0714242 0.0731697
175.142 23.0384 0.0722919 0.106478
175.401 23.0245 0.0700903 0.00679314
174.895 23.0279 0.0716169 0.0440254
175.19 23.0705 0.0673479 0.159823
175.078 23.1403 0.066031 0.149868
175.008 23.3432 0.0695409 0.0101437
175.244 23.1962 0.0670308 0.067713
175.19 23.0705 0.0673479 0.159823
175.19 23.0705 0.0673479 0.159823
175.051 23.2021 0.07722 0.0125746
175.219 23.0177 0.0714242 0.0731697
175.244 23.1962 0.0670308 0.067713
175.157 22.8475 0.0702016 0.0319441
175.19 23.0705 0.0673479 0.159823
175.19 23.0705 0.0673479 0.159823
174.944 23.1385 0.0738395 0.0433503
174.961 22.851 0.0759079 0.012121
175.219 23.0177 0.0714242 0.0731697
175.331 23.1127 0.0699501 0.0239765
175.244 23.1962 0.0670308 0.067713
