269.502 -15.0357 3.84842 0.0758668
269.679 -14.9263 3.84445 0.0883958
269.368 -14.862 3.84745 0.0273232
269.639 -14.8971 3.84675 0.219065
269.639 -14.8971 3.84675 0.219065
269.639 -14.8971 3.84675 0.219065
269.758 -15.0306 3.85377 0.0754193
269.297 -15.0044 3.83954 0.109722
269.278 -14.5942 3.83935 0.00435909
269.502 -15.0357 3.84842 0.0758668
269.758 -15.0306 3.85377 0.0754193
269.132 -14.8871 3.84024 0.0183203
269.639 -14.8971 3.84675 0.219065
269.502 -15.0357 3.84842 0.0758668
269.228 -14.7112 3.83617 0.0350372
269.679 -14.9263 3.84445 0.0883958
269.297 -15.0044 3.83954 0.109722
269.639 -14.8971 3.84675 0.219065
269.639 -14.8971 3.84675 0.219065
269.502 -14.76 3.83874 0.0325122
269.679 -14.9263 3.84445 0.0883958
269.02 -15.1262 3.82904 0.00133901
269.502 -15.0357 3.84842 0.0758668
269.758 -15.0306 3.85377 0.0754193
269.132 -14.8871 3.84024 0.0183203
269.639 -14.8971 3.84675 0.219065
269.639 -14.8971 3.84675 0.219065
269.823 -14.8298 3.85128 0.0720851
269.132 -14.8871 3.84024 0.0183203
269.639 -14.8971 3.84675 0.219065
269.639 -14.8971 3.84675 0.219065
269.502 -15.0357 3.84842 0.0758668
269.679 -14.9263 3.84445 0.0883958
269.639 -14.8971 3.84675 0.219065
269.502 -14.76 3.83874 0.0325122
269.502 -15.0357 3.84842 0.0758668
269.108 -14.6638 3.83287 0.00891402
269.679 -14.9263 3.84445 0.0883958
269.639 -14.8971 3.84675 0.219065
269.878 -15.0509 3.86039 0.00825441
269.502 -15.0357 3.84842 0.0758668
269.426 -14.8159 3.83399 0.00878408
269.297 -15.0044 3.83954 0.109722
269.639 -14.8971 3.84675 0.219065
269.47 -15.0582 3.8502 0.0175515
269.228 -14.7112 3.83617 0.0350372
269.758 -15.0306 3.85377 0.0754193
269.679 -14.9263 3.84445 0.0883958
269.249 -15.0274 3.83502 0.0438506
269.502 -14.76 3.83874 0.0325122
269.758 -15.0306 3.85377 0.0754193
269.297 -15.0044 3.83954 0.109722
269.121 -14.7602 3.83024 0.0171428
269.249 -15.0274 3.83502 0.0438506
269.502 -15.0357 3.84842 0.0758668
269.426 -14.8159 3.83399 0.00878408
269.297 -15.0044 3.83954 0.109722
269.558 -14.6531 3.85248 0.00161573
269.639 -14.8971 3.84675 0.219065
269.639 -14.8971 3.84675 0.219065
269.108 -14.6638 3.83287 0.00891402
269.121 -14.7602 3.83024 0.0171428
269.044 -14.6603 3.83527 0.00344906
269.639 -14.8971 3.84675 0.219065
269.823 -14.8298 3.85128 0.0720851
269.679 -14.9263 3.84445 0.0883958
269.554 -15.1331 3.8428 0.025325
269.249 -15.0274 3.83502 0.0438506
269.228 -14.7112 3.83617 0.0350372
269.297 -15.0044 3.83954 0.109722
269.639 -14.8971 3.84675 0.219065
269.502 -15.0357 3.84842 0.0758668
269.823 -14.8298 3.85128 0.0720851
269.751 -14.7811 3.84686 0.0405109
269.297 -15.0044 3.83954 0.109722
269.639 -14.8971 3.84675 0.219065
269.758 -15.0306 3.85377 0.0754193
269.751 -14.7811 3.84686 0.0405109
269.297 -15.0044 3.83954 0.109722
269.639 -14.8971 3.84675 0.219065
269.639 -14.8971 3.84675 0.219065
269.823 -14.8298 3.85128 0.0720851
269.121 -14.7602 3.83024 0.0171428
269.502 -14.76 3.83874 0.0325122
269.751 -14.7811 3.84686 0.0405109
269.554 -15.1331 3.8428 0.025325
269.121 -14.7602 3.83024 0.0171428
269.639 -14.8971 3.84675 0.219065
269.502 -15.0357 3.84842 0.0758668
269.758 -15.0306 3.85377 0.0754193
269.751 -14.7811 3.84686 0.0405109
269.132 -14.8871 3.84024 0.0183203
269.639 -14.8971 3.84675 0.219065
269.502 -15.0357 3.84842 0.0758668
269.679 -14.9263 3.84445 0.0883958
269.278 -14.5942 3.83935 0.00435909
269.639 -14.8971 3.84675 0.219065
269.639 -14.8971 3.84675 0.219065
269.526 -15.1359 3.83806 0.0032515
269.679 -14.9263 3.84445 0.0883958
