97.9495 -28.6667 3.48269 0.0948913
98.0587 -29.0706 3.48679 0.121023
97.9288 -28.9893 3.48753 0.0825663
97.7981 -28.8825 3.47538 0.0194708
97.9582 -28.8705 3.48485 0.349385
98.0587 -29.0706 3.48679 0.121023
98.0587 -29.0706 3.48679 0.121023
97.9458 -28.7123 3.48887 0.054832
97.9582 -28.8705 3.48485 0.349385
97.9582 -28.8705 3.48485 0.349385
97.7424 -28.9158 3.48271 0.0306203
97.8657 -28.811 3.4836 0.147951
97.9582 -28.8705 3.48485 0.349385
98.0587 -29.0706 3.48679 0.121023
97.8657 -28.811 3.4836 0.147951
97.8657 -28.811 3.4836 0.147951
97.9582 -28.8705 3.48485 0.349385
97.7424 -28.9158 3.48271 0.0306203
97.9829 -28.8645 3.49049 0.0572738
97.8657 -28.811 3.4836 0.147951
98.0587 -29.0706 3.48679 0.121023
97.8657 -28.811 3.4836 0.147951
97.9582 -28.8705 3.48485 0.349385
97.9582 -28.8705 3.48485 0.349385
98.0587 -29.0706 3.48679 0.121023
97.9582 -28.8705 3.48485 0.349385
97.9582 -28.8705 3.48485 0.349385
98.0587 -29.0706 3.48679 0.121023
97.9288 -28.9893 3.48753 0.0825663
97.8657 -28.811 3.4836 0.147951
97.7424 -28.9158 3.48271 0.0306203
97.9829 -28.8645 3.49049 0.0572738
97.9582 -28.8705 3.48485 0.349385
97.9582 -28.8705 3.48485 0.349385
97.9582 -28.8705 3.48485 0.349385
97.8657 -28.811 3.4836 0.147951
97.9582 -28.8705 3.48485 0.349385
97.9582 -28.8705 3.48485 0.349385
97.8657 -28.811 3.4836 0.147951
98.0587 -29.0706 3.48679 0.121023
97.7424 -28.9158 3.48271 0.0306203
97.7981 -28.8825 3.47538 0.0194708
97.9582 -28.8705 3.48485 0.349385
97.9288 -28.9893 3.48753 0.0825663
97.7981 -28.8825 3.47538 0.0194708
97.9495 -28.6667 3.48269 0.0948913
97.9495 -28.6667 3.48269 0.0948913
97.9582 -28.8705 3.48485 0.349385
97.8657 -28.811 3.4836 0.147951
98.0587 -29.0706 3.48679 0.121023
97.9495 -28.6667 3.48269 0.0948913
97.9582 -28.8705 3.48485 0.349385
97.9495 -28.6667 3.48269 0.0948913
97.9582 -28.8705 3.48485 0.349385
97.8657 -28.811 3.4836 0.147951
97.9495 -28.6667 3.48269 0.0948913
98.0587 -29.0706 3.48679 0.121023
97.9288 -28.9893 3.48753 0.0825663
97.8657 -28.811 3.4836 0.147951
97.9582 -28.8705 3.48485 0.349385
97.9495 -28.6667 3.48269 0.0948913
97.9582 -28.8705 3.48485 0.349385
97.9458 -28.7123 3.48887 0.054832
97.8657 -28.811 3.4836 0.147951
97.9582 -28.8705 3.48485 0.349385
97.9495 -28.6667 3.48269 0.0948913
97.9495 -28.6667 3.48269 0.0948913
97.9582 -28.8705 3.48485 0.349385
97.9829 -28.8645 3.49049 0.0572738
97.8657 -28.811 3.4836 0.147951
97.9582 -28.8705 3.48485 0.349385
97.9582 -28.8705 3.48485 0.349385
97.9582 -28.8705 3.48485 0.349385
97.9582 -28.8705 3.48485 0.349385
97.9495 -28.6667 3.48269 0.0948913
98.0587 -29.0706 3.48679 0.121023
98.0587 -29.0706 3.48679 0.121023
97.8657 -28.811 3.4836 0.147951
97.9582 -28.8705 3.48485 0.349385
97.9582 -28.8705 3.48485 0.349385
97.9458 -28.7123 3.48887 0.054832
97.9495 -28.6667 3.48269 0.0948913
97.9582 -28.8705 3.48485 0.349385
97.9458 -28.7123 3.48887 0.054832
97.9582 -28.8705 3.48485 0.349385
97.7424 -28.9158 3.48271 0.0306203
97.9582 -28.8705 3.48485 0.349385
98.0587 -29.0706 3.48679 0.121023
97.9495 -28.6667 3.48269 0.0948913
97.9582 -28.8705 3.48485 0.349385
97.9495 -28.6667 3.48269 0.0948913
97.7424 -28.9158 3.48271 0.0306203
97.9582 -28.8705 3.48485 0.349385
97.9582 -28.8705 3.48485 0.349385
97.9495 -28.6667 3.48269 0.0948913
97.9582 -28.8705 3.48485 0.349385
97.8657 -28.811 3.4836 0.147951
97.9495 -28.6667 3.48269 0.0948913
98.0587 -29.0706 3.48679 0.121023
97.9288 -28.9893 3.48753 0.0825663
