136.753 -17.7247 3.3794 0.0299695
136.44 -17.8127 3.37247 0.220808
136.652 -17.8796 3.37233 0.0912669
136.292 -17.9383 3.37 0.0339389
136.44 -17.8127 3.37247 0.220808
136.559 -17.8723 3.37262 0.186415
136.652 -17.8796 3.37233 0.0912669
136.547 -17.881 3.38011 0.0229509
136.567 -17.8542 3.37579 0.166293
136.44 -17.8127 3.37247 0.220808
136.44 -17.8127 3.37247 0.220808
136.44 -17.8127 3.37247 0.220808
136.559 -17.8723 3.37262 0.186415
136.753 -17.7247 3.3794 0.0299695
136.567 -17.8542 3.37579 0.166293
136.44 -17.8127 3.37247 0.220808
136.664 -17.8094 3.38095 0.0244682
136.559 -17.8723 3.37262 0.186415
136.559 -17.8723 3.37262 0.186415
136.559 -17.8723 3.37262 0.186415
136.652 -17.8796 3.37233 0.0912669
136.567 -17.8542 3.37579 0.166293
136.672 -17.9272 3.3804 0.0113908
136.559 -17.8723 3.37262 0.186415
136.567 -17.5238 3.37559 0.028804
136.567 -17.8542 3.37579 0.166293
136.292 -17.9383 3.37 0.0339389
136.44 -17.8127 3.37247 0.220808
136.652 -17.8796 3.37233 0.0912669
136.281 -17.832 3.37268 0.0455682
136.567 -17.8542 3.37579 0.166293
136.672 -17.9272 3.3804 0.0113908
136.559 -17.8723 3.37262 0.186415
136.559 -17.8723 3.37262 0.186415
136.652 -17.8796 3.37233 0.0912669
136.323 -17.7564 3.36395 0.00600219
136.44 -17.8127 3.37247 0.220808
136.559 -17.8723 3.37262 0.186415
136.652 -17.8796 3.37233 0.0912669
136.567 -17.8542 3.37579 0.166293
136.44 -17.8127 3.37247 0.220808
136.559 -17.8723 3.37262 0.186415
136.567 -17.8542 3.37579 0.166293
136.44 -17.8127 3.37247 0.220808
136.559 -17.8723 3.37262 0.186415
136.753 -17.7247 3.3794 0.0299695
136.292 -17.9383 3.37 0.0339389
136.559 -17.8723 3.37262 0.186415
136.559 -17.8723 3.37262 0.186415
136.26 -18.0254 3.37466 0.00268707
136.672 -17.9272 3.3804 0.0113908
136.44 -17.8127 3.37247 0.220808
136.652 -17.8796 3.37233 0.0912669
136.567 -17.8542 3.37579 0.166293
136.74 -17.8224 3.37974 0.0250963
136.664 -17.8094 3.38095 0.0244682
136.559 -17.8723 3.37262 0.186415
136.559 -17.8723 3.37262 0.186415
136.559 -17.8723 3.37262 0.186415
136.753 -17.7247 3.3794 0.0299695
136.502 -18.0014 3.37167 0.0579011
136.44 -17.8127 3.37247 0.220808
136.44 -17.8127 3.37247 0.220808
136.559 -17.8723 3.37262 0.186415
136.567 -17.8542 3.37579 0.166293
136.567 -17.8542 3.37579 0.166293
136.74 -17.8224 3.37974 0.0250963
136.44 -17.8127 3.37247 0.220808
136.44 -17.8127 3.37247 0.220808
136.559 -17.8723 3.37262 0.186415
136.652 -17.8796 3.37233 0.0912669
136.271 -17.9363 3.37502 0.00950695
136.281 -17.832 3.37268 0.0455682
136.567 -17.8542 3.37579 0.166293
136.44 -17.8127 3.37247 0.220808
136.559 -17.8723 3.37262 0.186415
136.652 -17.8796 3.37233 0.0912669
136.524 -17.869 3.36528 0.0132498
136.567 -17.8542 3.37579 0.166293
136.567 -17.8542 3.37579 0.166293
136.664 -17.8094 3.38095 0.0244682
136.547 -17.881 3.38011 0.0229509
136.74 -17.8224 3.37974 0.0250963
136.44 -17.8127 3.37247 0.220808
136.559 -17.8723 3.37262 0.186415
136.652 -17.8796 3.37233 0.0912669
136.292 -17.9383 3.37 0.0339389
136.559 -17.8723 3.37262 0.186415
136.559 -17.8723 3.37262 0.186415
136.753 -17.7247 3.3794 0.0299695
136.502 -18.0014 3.37167 0.0579011
136.44 -17.8127 3.37247 0.220808
136.44 -17.8127 3.37247 0.220808
136.559 -17.8723 3.37262 0.186415
136.567 -17.8542 3.37579 0.166293
136.292 -17.9383 3.37 0.0339389
136.44 -17.8127 3.37247 0.220808
136.559 -17.8723 3.37262 0.186415
136.559 -17.8723 3.37262 0.186415
136.559 -17.8723 3.37262 0.186415
