46.3638 -64.2683 3.93074 0.0987841
46.2196 -64.1438 3.92562 0.00267391
46.2359 -64.359 3.93514 0.246634
46.3512 -64.3975 3.93536 0.154211
46.3964 -64.2937 3.93385 0.154155
46.08 -64.312 3.93192 0.0664142
46.1996 -64.4125 3.93896 0.026639
46.3964 -64.2937 3.93385 0.154155
46.2359 -64.359 3.93514 0.246634
46.2359 -64.359 3.93514 0.246634
46.2359 -64.359 3.93514 0.246634
46.3964 -64.2937 3.93385 0.154155
46.3964 -64.2937 3.93385 0.154155
46.3133 -64.2614 3.92943 0.0913432
46.1596 -64.5745 3.93351 0.00585697
46.1588 -64.2789 3.93952 0.027824
46.3512 -64.3975 3.93536 0.154211
46.3964 -64.2937 3.93385 0.154155
46.2906 -64.5634 3.92917 0.00912983
46.2359 -64.359 3.93514 0.246634
46.2359 -64.359 3.93514 0.246634
46.3512 -64.3975 3.93536 0.154211
46.2906 -64.5634 3.92917 0.00912983
46.1588 -64.2789 3.93952 0.027824
46.1588 -64.2789 3.93952 0.027824
46.3512 -64.3975 3.93536 0.154211
46.3964 -64.2937 3.93385 0.154155
46.3133 -64.2614 3.92943 0.0913432
46.2359 -64.359 3.93514 0.246634
46.3964 -64.2937 3.93385 0.154155
46.08 -64.312 3.93192 0.0664142
46.2359 -64.359 3.93514 0.246634
46.3964 -64.2937 3.93385 0.154155
46.0908 -64.4515 3.93023 0.0326998
46.08 -64.312 3.93192 0.0664142
46.3512 -64.3975 3.93536 0.154211
46.3133 -64.2614 3.92943 0.0913432
46.2359 -64.359 3.93514 0.246634
46.3512 -64.3975 3.93536 0.154211
46.3638 -64.2683 3.93074 0.0987841
46.2359 -64.359 3.93514 0.246634
46.3964 -64.2937 3.93385 0.154155
46.08 -64.312 3.93192 0.0664142
46.3512 -64.3975 3.93536 0.154211
46.3133 -64.2614 3.92943 0.0913432
46.2906 -64.5634 3.92917 0.00912983
46.2359 -64.359 3.93514 0.246634
46.3512 -64.3975 3.93536 0.154211
46.3964 -64.2937 3.93385 0.154155
46.3638 -64.2683 3.93074 0.0987841
46.2359 -64.359 3.93514 0.246634
46.3964 -64.2937 3.93385 0.154155
46.08 -64.312 3.93192 0.0664142
46.2359 -64.359 3.93514 0.246634
46.3512 -64.3975 3.93536 0.154211
46.3964 -64.2937 3.93385 0.154155
46.3133 -64.2614 3.92943 0.0913432
46.08 -64.312 3.93192 0.0664142
46.2359 -64.359 3.93514 0.246634
46.2359 -64.359 3.93514 0.246634
46.3964 -64.2937 3.93385 0.154155
46.3638 -64.2683 3.93074 0.0987841
46.3638 -64.2683 3.93074 0.0987841
46.3638 -64.2683 3.93074 0.0987841
46.08 -64.312 3.93192 0.0664142
46.2359 -64.359 3.93514 0.246634
46.2359 -64.359 3.93514 0.246634
46.109 -64.2723 3.93896 0.0155738
46.3133 -64.2614 3.92943 0.0913432
46.3133 -64.2614 3.92943 0.0913432
46.3638 -64.2683 3.93074 0.0987841
46.2359 -64.359 3.93514 0.246634
46.3964 -64.2937 3.93385 0.154155
46.0908 -64.4515 3.93023 0.0326998
46.3133 -64.2614 3.92943 0.0913432
46.2906 -64.5634 3.92917 0.00912983
46.2359 -64.359 3.93514 0.246634
46.3512 -64.3975 3.93536 0.154211
46.3964 -64.2937 3.93385 0.154155
46.3638 -64.2683 3.93074 0.0987841
46.3638 -64.2683 3.93074 0.0987841
46.2359 -64.359 3.93514 0.246634
46.2359 -64.359 3.93514 0.246634
46.3512 -64.3975 3.93536 0.154211
46.3964 -64.2937 3.93385 0.154155
46.3964 -64.2937 3.93385 0.154155
46.08 -64.312 3.93192 0.0664142
46.3512 -64.3975 3.93536 0.154211
46.3133 -64.2614 3.92943 0.0913432
46.1596 -64.5745 3.93351 0.00585697
46.2359 -64.359 3.93514 0.246634
46.3512 -64.3975 3.93536 0.154211
46.3512 -64.3975 3.93536 0.154211
46.3964 -64.2937 3.93385 0.154155
46.0908 -64.4515 3.93023 0.0326998
46.08 -64.312 3.93192 0.0664142
46.2359 -64.359 3.93514 0.246634
46.2359 -64.359 3.93514 0.246634
46.3964 -64.2937 3.93385 0.154155
46.3964 -64.2937 3.93385 0.154155
