33.7488 -79.5337 3.89111 0.182326
33.8228 -79.6423 3.89802 0.0162503
33.601 -79.3543 3.89032 0.192999
33.5558 -79.2156 3.88718 0.0423241
33.8897 -79.3287 3.89562 0.0662171
33.6185 -79.3547 3.88453 0.0789086
33.601 -79.3543 3.89032 0.192999
33.7479 -79.4839 3.88248 0.00213562
33.8949 -79.303 3.88663 0.00548278
33.832 -79.4001 3.89147 0.203297
33.832 -79.4001 3.89147 0.203297
33.5262 -79.4403 3.88813 0.113701
33.7488 -79.5337 3.89111 0.182326
33.601 -79.3543 3.89032 0.192999
33.832 -79.4001 3.89147 0.203297
33.5262 -79.4403 3.88813 0.113701
33.7488 -79.5337 3.89111 0.182326
33.7488 -79.5337 3.89111 0.182326
33.6185 -79.3547 3.88453 0.0789086
33.601 -79.3543 3.89032 0.192999
33.832 -79.4001 3.89147 0.203297
33.5262 -79.4403 3.88813 0.113701
33.5262 -79.4403 3.88813 0.113701
33.7488 -79.5337 3.89111 0.182326
33.8897 -79.3287 3.89562 0.0662171
33.6185 -79.3547 3.88453 0.0789086
33.601 -79.3543 3.89032 0.192999
33.832 -79.4001 3.89147 0.203297
33.832 -79.4001 3.89147 0.203297
33.7488 -79.5337 3.89111 0.182326
33.778 -79.2125 3.89363 0.0306538
33.601 -79.3543 3.89032 0.192999
33.926 -79.6016 3.89216 0.0171281
33.7917 -79.4355 3.8832 0.00294139
33.601 -79.3543 3.89032 0.192999
33.601 -79.3543 3.89032 0.192999
33.832 -79.4001 3.89147 0.203297
33.5262 -79.4403 3.88813 0.113701
33.6185 -79.3547 3.88453 0.0789086
33.6185 -79.3547 3.88453 0.0789086
33.8497 -79.4964 3.90205 0.00410526
33.601 -79.3543 3.89032 0.192999
33.832 -79.4001 3.89147 0.203297
33.832 -79.4001 3.89147 0.203297
33.5262 -79.4403 3.88813 0.113701
33.8897 -79.3287 3.89562 0.0662171
33.778 -79.2125 3.89363 0.0306538
33.832 -79.4001 3.89147 0.203297
33.5262 -79.4403 3.88813 0.113701
33.5262 -79.4403 3.88813 0.113701
33.6185 -79.3547 3.88453 0.0789086
33.778 -79.2125 3.89363 0.0306538
33.832 -79.4001 3.89147 0.203297
33.832 -79.4001 3.89147 0.203297
33.5262 -79.4403 3.88813 0.113701
33.6185 -79.3547 3.88453 0.0789086
33.601 -79.3543 3.89032 0.192999
33.601 -79.3543 3.89032 0.192999
33.601 -79.3543 3.89032 0.192999
33.5558 -79.2156 3.88718 0.0423241
33.5262 -79.4403 3.88813 0.113701
33.5262 -79.4403 3.88813 0.113701
33.8897 -79.3287 3.89562 0.0662171
33.601 -79.3543 3.89032 0.192999
33.5558 -79.2156 3.88718 0.0423241
33.7488 -79.5337 3.89111 0.182326
33.7488 -79.5337 3.89111 0.182326
33.6628 -79.622 3.88849 0.0301659
33.601 -79.3543 3.89032 0.192999
33.601 -79.3543 3.89032 0.192999
33.832 -79.4001 3.89147 0.203297
33.5558 -79.2156 3.88718 0.0423241
33.7488 -79.5337 3.89111 0.182326
33.601 -79.3543 3.89032 0.192999
33.601 -79.3543 3.89032 0.192999
33.5262 -79.4403 3.88813 0.113701
33.7488 -79.5337 3.89111 0.182326
33.8228 -79.6423 3.89802 0.0162503
33.7479 -79.4839 3.88248 0.00213562
33.832 -79.4001 3.89147 0.203297
33.5262 -79.4403 3.88813 0.113701
33.7488 -79.5337 3.89111 0.182326
33.7488 -79.5337 3.89111 0.182326
33.601 -79.3543 3.89032 0.192999
33.832 -79.4001 3.89147 0.203297
33.832 -79.4001 3.89147 0.203297
33.832 -79.4001 3.89147 0.203297
33.7488 -79.5337 3.89111 0.182326
33.7488 -79.5337 3.89111 0.182326
33.6628 -79.622 3.88849 0.0301659
33.601 -79.3543 3.89032 0.192999
33.832 -79.4001 3.89147 0.203297
33.7488 -79.5337 3.89111 0.182326
33.6185 -79.3547 3.88453 0.0789086
33.601 -79.3543 3.89032 0.192999
33.832 -79.4001 3.89147 0.203297
33.5262 -79.4403 3.88813 0.113701
33.7488 -79.5337 3.89111 0.182326
33.6185 -79.3547 3.88453 0.0789086
33.6185 -79.3547 3.88453 0.0789086
