145.746 20.6848 0.0808018 0.0933646
145.575 20.7062 0.0861712 0.585121
145.575 20.7062 0.0861712 0.585121
145.575 20.7062 0.0861712 0.585121
145.721 20.6471 0.0809068 0.0983806
145.721 20.6471 0.0809068 0.0983806
145.575 20.7062 0.0861712 0.585121
145.644 20.9952 0.0834398 0.0538292
145.575 20.7062 0.0861712 0.585121
145.575 20.7062 0.0861712 0.585121
145.616 20.5637 0.0878674 0.0813084
145.86 20.6526 0.0809469 0.00912548
145.575 20.7062 0.0861712 0.585121
145.746 20.6848 0.0808018 0.0933646
145.721 20.6471 0.0809068 0.0983806
145.746 20.6848 0.0808018 0.0933646
145.644 20.9952 0.0834398 0.0538292
145.575 20.7062 0.0861712 0.585121
145.616 20.5637 0.0878674 0.0813084
145.721 20.6471 0.0809068 0.0983806
145.616 20.5637 0.0878674 0.0813084
145.575 20.7062 0.0861712 0.585121
145.575 20.7062 0.0861712 0.585121
145.575 20.7062 0.0861712 0.585121
145.185 20.8614 0.0909038 0.00736081
145.616 20.5637 0.0878674 0.0813084
145.575 20.7062 0.0861712 0.585121
145.746 20.6848 0.0808018 0.0933646
145.575 20.7062 0.0861712 0.585121
145.575 20.7062 0.0861712 0.585121
145.644 20.9952 0.0834398 0.0538292
145.185 20.8614 0.0909038 0.00736081
145.644 20.9952 0.0834398 0.0538292
145.721 20.6471 0.0809068 0.0983806
145.575 20.7062 0.0861712 0.585121
145.575 20.7062 0.0861712 0.585121
145.575 20.7062 0.0861712 0.585121
145.575 20.7062 0.0861712 0.585121
145.575 20.7062 0.0861712 0.585121
145.575 20.7062 0.0861712 0.585121
145.746 20.6848 0.0808018 0.0933646
145.575 20.7062 0.0861712 0.585121
145.575 20.7062 0.0861712 0.585121
145.746 20.6848 0.0808018 0.0933646
145.807 20.5889 0.0805388 0.012718
145.575 20.7062 0.0861712 0.585121
145.721 20.6471 0.0809068 0.0983806
145.575 20.7062 0.0861712 0.585121
145.721 20.6471 0.0809068 0.0983806
145.721 20.6471 0.0809068 0.0983806
145.575 20.7062 0.0861712 0.585121
145.575 20.7062 0.0861712 0.585121
145.616 20.5637 0.0878674 0.0813084
145.575 20.7062 0.0861712 0.585121
145.575 20.7062 0.0861712 0.585121
145.575 20.7062 0.0861712 0.585121
145.746 20.6848 0.0808018 0.0933646
145.806 20.9008 0.0858193 0.0112105
145.86 20.6526 0.0809469 0.00912548
145.616 20.5637 0.0878674 0.0813084
145.575 20.7062 0.0861712 0.585121
145.575 20.7062 0.0861712 0.585121
145.746 20.6848 0.0808018 0.0933646
145.575 20.7062 0.0861712 0.585121
145.575 20.7062 0.0861712 0.585121
145.575 20.7062 0.0861712 0.585121
145.575 20.7062 0.0861712 0.585121
145.644 20.9952 0.0834398 0.0538292
145.721 20.6471 0.0809068 0.0983806
145.575 20.7062 0.0861712 0.585121
145.575 20.7062 0.0861712 0.585121
145.575 20.7062 0.0861712 0.585121
145.721 20.6471 0.0809068 0.0983806
145.721 20.6471 0.0809068 0.0983806
145.575 20.7062 0.0861712 0.585121
145.405 20.811 0.0942973 0.022625
145.807 20.5889 0.0805388 0.012718
145.575 20.7062 0.0861712 0.585121
145.259 20.7487 0.0810115 0.0114769
145.575 20.7062 0.0861712 0.585121
145.647 20.5521 0.0760257 0.00523839
145.575 20.7062 0.0861712 0.585121
145.721 20.6471 0.0809068 0.0983806
145.575 20.7062 0.0861712 0.585121
145.575 20.7062 0.0861712 0.585121
145.721 20.6471 0.0809068 0.0983806
145.575 20.7062 0.0861712 0.585121
145.746 20.6848 0.0808018 0.0933646
145.721 20.6471 0.0809068 0.0983806
145.721 20.6471 0.0809068 0.0983806
145.575 20.7062 0.0861712 0.585121
145.575 20.7062 0.0861712 0.585121
145.575 20.7062 0.0861712 0.585121
145.575 20.7062 0.0861712 0.585121
145.721 20.6471 0.0809068 0.0983806
145.575 20.7062 0.0861712 0.585121
145.575 20.7062 0.0861712 0.585121
145.746 20.6848 0.0808018 0.0933646
145.616 20.5637 0.0878674 0.0813084
145.575 20.7062 0.0861712 0.585121
