232.839 28.0727 0.0693978 0.565695
232.839 28.0727 0.0693978 0.565695
232.839 28.0727 0.0693978 0.565695
232.948 28.1179 0.0718017 0.0532955
232.641 28.1761 0.0647299 0.00588909
232.839 28.0727 0.0693978 0.565695
232.756 27.8846 0.0719374 0.166635
232.839 28.0727 0.0693978 0.565695
232.756 27.8846 0.0719374 0.166635
232.732 27.9907 0.0734952 0.045669
232.839 28.0727 0.0693978 0.565695
232.839 28.0727 0.0693978 0.565695
232.756 27.8846 0.0719374 0.166635
232.839 28.0727 0.0693978 0.565695
232.635 27.9234 0.0708949 0.0339264
232.839 28.0727 0.0693978 0.565695
232.839 28.0727 0.0693978 0.565695
233.02 28.3056 0.0671804 0.00705313
232.839 28.0727 0.0693978 0.565695
232.556 28.0383 0.0682713 0.00343702
232.839 28.0727 0.0693978 0.565695
232.948 28.1179 0.0718017 0.0532955
232.732 27.9907 0.0734952 0.045669
232.839 28.0727 0.0693978 0.565695
232.839 28.0727 0.0693978 0.565695
232.839 28.0727 0.0693978 0.565695
232.839 28.0727 0.0693978 0.565695
232.839 28.0727 0.0693978 0.565695
232.839 28.0727 0.0693978 0.565695
232.839 28.0727 0.0693978 0.565695
232.732 27.9907 0.0734952 0.045669
232.839 28.0727 0.0693978 0.565695
232.635 27.9234 0.0708949 0.0339264
232.948 28.1179 0.0718017 0.0532955
232.732 27.9907 0.0734952 0.045669
232.635 27.9234 0.0708949 0.0339264
232.756 27.8846 0.0719374 0.166635
232.756 27.8846 0.0719374 0.166635
232.756 27.8846 0.0719374 0.166635
232.998 27.7793 0.07214 0.0358381
232.756 27.8846 0.0719374 0.166635
232.839 28.0727 0.0693978 0.565695
232.839 28.0727 0.0693978 0.565695
232.839 28.0727 0.0693978 0.565695
232.839 28.0727 0.0693978 0.565695
232.839 28.0727 0.0693978 0.565695
232.839 28.0727 0.0693978 0.565695
232.839 28.0727 0.0693978 0.565695
232.732 27.9907 0.0734952 0.045669
232.839 28.0727 0.0693978 0.565695
232.839 28.0727 0.0693978 0.565695
232.556 28.0383 0.0682713 0.00343702
232.839 28.0727 0.0693978 0.565695
232.839 28.0727 0.0693978 0.565695
232.732 27.9907 0.0734952 0.045669
232.998 27.7793 0.07214 0.0358381
232.839 28.0727 0.0693978 0.565695
232.839 28.0727 0.0693978 0.565695
232.635 27.9234 0.0708949 0.0339264
232.998 27.7793 0.07214 0.0358381
232.948 28.1179 0.0718017 0.0532955
232.839 28.0727 0.0693978 0.565695
232.839 28.0727 0.0693978 0.565695
232.635 27.9234 0.0708949 0.0339264
232.756 27.8846 0.0719374 0.166635
232.756 27.8846 0.0719374 0.166635
232.948 28.1179 0.0718017 0.0532955
232.948 28.1179 0.0718017 0.0532955
232.756 27.8846 0.0719374 0.166635
232.839 28.0727 0.0693978 0.565695
232.755 27.6841 0.069446 0.00853163
232.67 28.1408 0.0666045 0.0310837
232.839 28.0727 0.0693978 0.565695
232.839 28.0727 0.0693978 0.565695
232.998 27.7793 0.07214 0.0358381
232.839 28.0727 0.0693978 0.565695
232.839 28.0727 0.0693978 0.565695
232.948 28.1179 0.0718017 0.0532955
232.839 28.0727 0.0693978 0.565695
232.839 28.0727 0.0693978 0.565695
232.839 28.0727 0.0693978 0.565695
232.839 28.0727 0.0693978 0.565695
232.681 28.1494 0.0620118 0.00673637
232.755 27.6841 0.069446 0.00853163
232.756 27.8846 0.0719374 0.166635
232.839 28.0727 0.0693978 0.565695
232.839 28.0727 0.0693978 0.565695
232.839 28.0727 0.0693978 0.565695
232.63 27.7266 0.0701552 0.00248543
232.948 28.1179 0.0718017 0.0532955
232.839 28.0727 0.0693978 0.565695
232.67 28.1408 0.0666045 0.0310837
232.63 27.7266 0.0701552 0.00248543
232.635 27.9234 0.0708949 0.0339264
232.756 27.8846 0.0719374 0.166635
232.839 28.0727 0.0693978 0.565695
232.635 27.9234 0.0708949 0.0339264
232.756 27.8846 0.0719374 0.166635
232.839 28.0727 0.0693978 0.565695
232.839 28.0727 0.0693978 0.565695
