264.015 27.1648 5.86586 0.125631
263.973 27.0819 5.86836 0.03614
264.108 27.2659 5.86786 0.170209
264.3 27.226 5.86108 0.104872
264.229 27.2366 5.85829 0.152585
264.015 27.1648 5.86586 0.125631
264.228 27.2549 5.86456 0.167817
263.973 27.0819 5.86836 0.03614
264.148 27.0515 5.86253 0.0516638
264.108 27.2659 5.86786 0.170209
264.3 27.226 5.86108 0.104872
264.229 27.2366 5.85829 0.152585
264.229 27.2366 5.85829 0.152585
264.228 27.2549 5.86456 0.167817
264.108 27.2659 5.86786 0.170209
264.3 27.226 5.86108 0.104872
264.229 27.2366 5.85829 0.152585
264.015 27.1648 5.86586 0.125631
264.228 27.2549 5.86456 0.167817
264.108 27.2659 5.86786 0.170209
264.229 27.2366 5.85829 0.152585
264.229 27.2366 5.85829 0.152585
264.015 27.1648 5.86586 0.125631
264.228 27.2549 5.86456 0.167817
264.168 27.2568 5.87457 0.008169
264.004 27.0768 5.86472 0.0433117
264.229 27.2366 5.85829 0.152585
264.228 27.2549 5.86456 0.167817
264.228 27.2549 5.86456 0.167817
263.973 27.0819 5.86836 0.03614
264.108 27.2659 5.86786 0.170209
264.229 27.2366 5.85829 0.152585
264.223 27.2341 5.87148 0.021376
264.228 27.2549 5.86456 0.167817
264.228 27.2549 5.86456 0.167817
264.176 27.0004 5.86582 0.0180218
264.108 27.2659 5.86786 0.170209
264.3 27.226 5.86108 0.104872
264.229 27.2366 5.85829 0.152585
264.015 27.1648 5.86586 0.125631
264.015 27.1648 5.86586 0.125631
263.918 27.1752 5.86304 0.0233079
264.3 27.226 5.86108 0.104872
264.229 27.2366 5.85829 0.152585
264.229 27.2366 5.85829 0.152585
264.015 27.1648 5.86586 0.125631
264.228 27.2549 5.86456 0.167817
263.973 27.0819 5.86836 0.03614
264.004 27.0768 5.86472 0.0433117
264.229 27.2366 5.85829 0.152585
264.228 27.2549 5.86456 0.167817
264.108 27.2659 5.86786 0.170209
264.108 27.2659 5.86786 0.170209
264.004 27.0768 5.86472 0.0433117
264.3 27.226 5.86108 0.104872
264.229 27.2366 5.85829 0.152585
264.229 27.2366 5.85829 0.152585
264.228 27.2549 5.86456 0.167817
264.148 27.0515 5.86253 0.0516638
263.918 27.1752 5.86304 0.0233079
264.3 27.226 5.86108 0.104872
264.015 27.1648 5.86586 0.125631
264.228 27.2549 5.86456 0.167817
264.108 27.2659 5.86786 0.170209
264.108 27.2659 5.86786 0.170209
264.3 27.226 5.86108 0.104872
264.229 27.2366 5.85829 0.152585
264.229 27.2366 5.85829 0.152585
264.229 27.2366 5.85829 0.152585
264.228 27.2549 5.86456 0.167817
264.108 27.2659 5.86786 0.170209
264.108 27.2659 5.86786 0.170209
264.354 27.3592 5.86252 0.023102
264.015 27.1648 5.86586 0.125631
264.228 27.2549 5.86456 0.167817
263.973 27.0819 5.86836 0.03614
264.108 27.2659 5.86786 0.170209
264.3 27.226 5.86108 0.104872
264.015 27.1648 5.86586 0.125631
264.228 27.2549 5.86456 0.167817
264.108 27.2659 5.86786 0.170209
264.3 27.226 5.86108 0.104872
264.015 27.1648 5.86586 0.125631
264.228 27.2549 5.86456 0.167817
263.918 27.1752 5.86304 0.0233079
263.918 27.1752 5.86304 0.0233079
264.004 27.0768 5.86472 0.0433117
264.229 27.2366 5.85829 0.152585
264.015 27.1648 5.86586 0.125631
264.015 27.1648 5.86586 0.125631
264.176 27.0004 5.86582 0.0180218
264.03 27.4448 5.86464 0.0263718
264.229 27.2366 5.85829 0.152585
264.229 27.2366 5.85829 0.152585
264.228 27.2549 5.86456 0.167817
264.228 27.2549 5.86456 0.167817
264.176 27.0004 5.86582 0.0180218
264.004 27.0768 5.86472 0.0433117
264.004 27.0768 5.86472 0.0433117
264.229 27.2366 5.85829 0.152585
