124.776 19.5981 0.0581905 0.0297085
125.115 19.9267 0.0670824 0.0236067
124.979 19.6246 0.0648969 0.132127
124.934 19.6502 0.062519 0.262393
124.74 20.0473 0.0642896 0.104888
124.934 19.6502 0.062519 0.262393
124.934 19.6502 0.062519 0.262393
124.876 19.5805 0.067818 0.0747492
124.677 19.5546 0.0622794 0.0225533
125.132 19.675 0.064575 0.0290674
125.132 19.675 0.064575 0.0290674
124.979 19.6246 0.0648969 0.132127
124.979 19.6246 0.0648969 0.132127
124.934 19.6502 0.062519 0.262393
124.677 19.5546 0.0622794 0.0225533
124.933 19.8536 0.0730285 0.0152509
124.934 19.6502 0.062519 0.262393
124.934 19.6502 0.062519 0.262393
124.74 20.0473 0.0642896 0.104888
124.979 19.6246 0.0648969 0.132127
124.811 19.563 0.0612045 0.0613207
124.776 19.5981 0.0581905 0.0297085
124.979 19.6246 0.0648969 0.132127
124.979 19.6246 0.0648969 0.132127
124.764 19.542 0.0673389 0.0427303
124.811 19.563 0.0612045 0.0613207
124.876 19.5805 0.067818 0.0747492
124.943 19.5413 0.0560443 0.00547439
124.979 19.6246 0.0648969 0.132127
124.934 19.6502 0.062519 0.262393
124.934 19.6502 0.062519 0.262393
124.934 19.6502 0.062519 0.262393
124.934 19.6502 0.062519 0.262393
124.576 19.6511 0.0632573 0.024192
124.843 19.5671 0.0708266 0.0212191
124.934 19.6502 0.062519 0.262393
124.715 19.6083 0.0563092 0.00629327
124.74 20.0473 0.0642896 0.104888
124.74 20.0473 0.0642896 0.104888
124.934 19.6502 0.062519 0.262393
124.534 20.0116 0.0604647 0.00426303
124.979 19.6246 0.0648969 0.132127
124.934 19.6502 0.062519 0.262393
124.934 19.6502 0.062519 0.262393
124.934 19.6502 0.062519 0.262393
124.764 19.542 0.0673389 0.0427303
125.115 19.9267 0.0670824 0.0236067
124.811 19.563 0.0612045 0.0613207
124.715 19.6083 0.0563092 0.00629327
124.979 19.6246 0.0648969 0.132127
124.843 19.5671 0.0708266 0.0212191
124.876 19.5805 0.067818 0.0747492
124.934 19.6502 0.062519 0.262393
124.876 19.5805 0.067818 0.0747492
124.74 20.0473 0.0642896 0.104888
124.979 19.6246 0.0648969 0.132127
124.934 19.6502 0.062519 0.262393
124.934 19.6502 0.062519 0.262393
124.764 19.542 0.0673389 0.0427303
124.811 19.563 0.0612045 0.0613207
124.876 19.5805 0.067818 0.0747492
124.74 20.0473 0.0642896 0.104888
124.979 19.6246 0.0648969 0.132127
124.934 19.6502 0.062519 0.262393
124.574 19.9814 0.0657874 0.0291698
124.74 20.0473 0.0642896 0.104888
124.979 19.6246 0.0648969 0.132127
124.979 19.6246 0.0648969 0.132127
124.934 19.6502 0.062519 0.262393
124.876 19.5805 0.067818 0.0747492
124.74 20.0473 0.0642896 0.104888
124.74 20.0473 0.0642896 0.104888
124.979 19.6246 0.0648969 0.132127
124.934 19.6502 0.062519 0.262393
124.536 19.762 0.0680226 0.0271551
124.876 19.5805 0.067818 0.0747492
124.74 20.0473 0.0642896 0.104888
125.115 19.9267 0.0670824 0.0236067
124.979 19.6246 0.0648969 0.132127
124.764 19.542 0.0673389 0.0427303
124.876 19.5805 0.067818 0.0747492
124.576 19.6511 0.0632573 0.024192
124.934 19.6502 0.062519 0.262393
124.506 19.9127 0.0645479 0.013167
124.74 20.0473 0.0642896 0.104888
124.776 19.5981 0.0581905 0.0297085
124.979 19.6246 0.0648969 0.132127
124.934 19.6502 0.062519 0.262393
124.934 19.6502 0.062519 0.262393
124.876 19.5805 0.067818 0.0747492
124.979 19.6246 0.0648969 0.132127
124.536 19.762 0.0680226 0.0271551
124.506 19.9127 0.0645479 0.013167
124.574 19.9814 0.0657874 0.0291698
124.979 19.6246 0.0648969 0.132127
124.934 19.6502 0.062519 0.262393
124.764 19.542 0.0673389 0.0427303
124.776 19.5981 0.0581905 0.0297085
124.724 19.8015 0.0544583 0.0122262
124.536 19.762 0.0680226 0.0271551
