14.762 4.37369 0.292111 0.450467
14.8588 4.62103 0.290644 0.0971806
14.6552 4.36905 0.298391 0.0427444
14.6135 4.36678 0.293082 0.148716
14.762 4.37369 0.292111 0.450467
14.7976 4.65003 0.290743 0.0715942
14.8588 4.62103 0.290644 0.0971806
14.762 4.37369 0.292111 0.450467
14.6135 4.36678 0.293082 0.148716
14.762 4.37369 0.292111 0.450467
14.6135 4.36678 0.293082 0.148716
14.7976 4.65003 0.290743 0.0715942
14.762 4.37369 0.292111 0.450467
14.762 4.37369 0.292111 0.450467
14.6552 4.36905 0.298391 0.0427444
14.762 4.37369 0.292111 0.450467
14.762 4.37369 0.292111 0.450467
14.762 4.37369 0.292111 0.450467
14.6552 4.36905 0.298391 0.0427444
14.762 4.37369 0.292111 0.450467
14.762 4.37369 0.292111 0.450467
14.762 4.37369 0.292111 0.450467
14.6135 4.36678 0.293082 0.148716
14.7976 4.65003 0.290743 0.0715942
14.7976 4.65003 0.290743 0.0715942
14.4949 4.33733 0.296782 0.0127317
14.9235 4.603 0.289531 0.0849215
14.5928 4.43744 0.289599 0.0545284
14.7976 4.65003 0.290743 0.0715942
14.762 4.37369 0.292111 0.450467
14.762 4.37369 0.292111 0.450467
14.5928 4.43744 0.289599 0.0545284
14.7976 4.65003 0.290743 0.0715942
14.6135 4.36678 0.293082 0.148716
14.9235 4.603 0.289531 0.0849215
14.762 4.37369 0.292111 0.450467
14.6135 4.36678 0.293082 0.148716
14.762 4.37369 0.292111 0.450467
14.6135 4.36678 0.293082 0.148716
14.762 4.37369 0.292111 0.450467
14.762 4.37369 0.292111 0.450467
14.6135 4.36678 0.293082 0.148716
14.9235 4.603 0.289531 0.0849215
14.762 4.37369 0.292111 0.450467
14.6135 4.36678 0.293082 0.148716
14.6552 4.36905 0.298391 0.0427444
14.762 4.37369 0.292111 0.450467
14.8588 4.62103 0.290644 0.0971806
14.762 4.37369 0.292111 0.450467
14.762 4.37369 0.292111 0.450467
14.5928 4.43744 0.289599 0.0545284
14.762 4.37369 0.292111 0.450467
14.762 4.37369 0.292111 0.450467
14.762 4.37369 0.292111 0.450467
14.762 4.37369 0.292111 0.450467
14.762 4.37369 0.292111 0.450467
14.6135 4.36678 0.293082 0.148716
14.762 4.37369 0.292111 0.450467
14.6135 4.36678 0.293082 0.148716
14.762 4.37369 0.292111 0.450467
14.762 4.37369 0.292111 0.450467
14.6135 4.36678 0.293082 0.148716
14.762 4.37369 0.292111 0.450467
14.8588 4.62103 0.290644 0.0971806
14.762 4.37369 0.292111 0.450467
14.4949 4.33733 0.296782 0.0127317
14.6135 4.36678 0.293082 0.148716
14.9235 4.603 0.289531 0.0849215
14.6135 4.36678 0.293082 0.148716
14.762 4.37369 0.292111 0.450467
14.762 4.37369 0.292111 0.450467
14.6977 4.36344 0.284006 0.0048884
14.762 4.37369 0.292111 0.450467
14.9235 4.603 0.289531 0.0849215
14.6135 4.36678 0.293082 0.148716
14.6135 4.36678 0.293082 0.148716
14.762 4.37369 0.292111 0.450467
14.9235 4.603 0.289531 0.0849215
14.762 4.37369 0.292111 0.450467
14.762 4.37369 0.292111 0.450467
14.762 4.37369 0.292111 0.450467
14.8588 4.62103 0.290644 0.0971806
14.762 4.37369 0.292111 0.450467
14.8588 4.62103 0.290644 0.0971806
14.762 4.37369 0.292111 0.450467
14.6135 4.36678 0.293082 0.148716
14.762 4.37369 0.292111 0.450467
14.5928 4.43744 0.289599 0.0545284
14.762 4.37369 0.292111 0.450467
14.6135 4.36678 0.293082 0.148716
14.762 4.37369 0.292111 0.450467
14.9235 4.603 0.289531 0.0849215
14.762 4.37369 0.292111 0.450467
14.6135 4.36678 0.293082 0.148716
14.9235 4.603 0.289531 0.0849215
14.6135 4.36678 0.293082 0.148716
14.9235 4.603 0.289531 0.0849215
14.762 4.37369 0.292111 0.450467
14.7976 4.65003 0.290743 0.0715942
14.762 4.37369 0.292111 0.450467
