11.9123 -93.3591 3.53113 0.0439356
12.0872 -93.3517 3.52569 0.0868821
12.013 -93.3232 3.52493 0.0957054
12.2042 -93.3205 3.5372 0.044078
11.7365 -93.4036 3.5193 0.038037
12.2948 -93.5183 3.52583 0.0129
12.1561 -93.5215 3.53328 0.0234686
11.9497 -93.33 3.52813 0.0813361
11.5772 -93.4705 3.51424 0.0101334
12.1978 -93.353 3.54422 0.00680226
11.9123 -93.3591 3.53113 0.0439356
12.013 -93.3232 3.52493 0.0957054
12.013 -93.3232 3.52493 0.0957054
12.013 -93.3232 3.52493 0.0957054
11.7365 -93.4036 3.5193 0.038037
12.2948 -93.5183 3.52583 0.0129
11.9497 -93.33 3.52813 0.0813361
12.1902 -93.1782 3.51759 0.00594265
12.1074 -93.5371 3.52191 0.0285149
12.1074 -93.5371 3.52191 0.0285149
11.9123 -93.3591 3.53113 0.0439356
12.013 -93.3232 3.52493 0.0957054
11.7365 -93.4036 3.5193 0.038037
12.1561 -93.5215 3.53328 0.0234686
11.9497 -93.33 3.52813 0.0813361
11.9497 -93.33 3.52813 0.0813361
12.2741 -92.9429 3.53942 0.0113196
12.3047 -93.0746 3.53593 0.0302063
12.5043 -93.1875 3.5409 0.0103045
11.9123 -93.3591 3.53113 0.0439356
12.0872 -93.3517 3.52569 0.0868821
12.0872 -93.3517 3.52569 0.0868821
12.013 -93.3232 3.52493 0.0957054
12.2042 -93.3205 3.5372 0.044078
11.9063 -93.3282 3.53349 0.0285958
11.9497 -93.33 3.52813 0.0813361
12.4102 -93.1821 3.53915 0.0220973
11.5772 -93.4705 3.51424 0.0101334
12.2328 -93.5472 3.51204 0.000616474
12.1074 -93.5371 3.52191 0.0285149
12.5043 -93.1875 3.5409 0.0103045
11.9123 -93.3591 3.53113 0.0439356
12.0872 -93.3517 3.52569 0.0868821
12.013 -93.3232 3.52493 0.0957054
12.013 -93.3232 3.52493 0.0957054
12.013 -93.3232 3.52493 0.0957054
12.2042 -93.3205 3.5372 0.044078
12.2042 -93.3205 3.5372 0.044078
11.9433 -93.3411 3.53287 0.0406734
12.4102 -93.1821 3.53915 0.0220973
11.8769 -93.301 3.51825 0.0536498
12.2295 -93.0839 3.53915 0.0299639
11.5772 -93.4705 3.51424 0.0101334
12.1994 -92.9839 3.53309 0.0216224
11.9123 -93.3591 3.53113 0.0439356
12.0872 -93.3517 3.52569 0.0868821
12.013 -93.3232 3.52493 0.0957054
12.013 -93.3232 3.52493 0.0957054
12.1747 -93.1849 3.54282 0.0160694
12.2042 -93.3205 3.5372 0.044078
12.2173 -93.6227 3.52493 0.00918854
12.1561 -93.5215 3.53328 0.0234686
11.9497 -93.33 3.52813 0.0813361
12.3047 -93.0746 3.53593 0.0302063
11.8606 -93.054 3.5286 0.020324
11.7956 -93.0035 3.53493 0.0028478
11.9123 -93.3591 3.53113 0.0439356
12.0872 -93.3517 3.52569 0.0868821
12.0872 -93.3517 3.52569 0.0868821
12.013 -93.3232 3.52493 0.0957054
12.5146 -93.1862 3.53005 0.00367422
11.9063 -93.3282 3.53349 0.0285958
12.2948 -93.5183 3.52583 0.0129
11.9497 -93.33 3.52813 0.0813361
11.8769 -93.301 3.51825 0.0536498
12.3047 -93.0746 3.53593 0.0302063
12.1994 -92.9839 3.53309 0.0216224
12.0291 -93.4606 3.5144 0.0158695
12.0872 -93.3517 3.52569 0.0868821
12.0872 -93.3517 3.52569 0.0868821
12.2042 -93.3205 3.5372 0.044078
12.2042 -93.3205 3.5372 0.044078
11.9433 -93.3411 3.53287 0.0406734
11.9497 -93.33 3.52813 0.0813361
11.9497 -93.33 3.52813 0.0813361
11.9497 -93.33 3.52813 0.0813361
11.9497 -93.33 3.52813 0.0813361
12.3047 -93.0746 3.53593 0.0302063
11.5772 -93.4705 3.51424 0.0101334
11.7487 -93.2573 3.52835 0.0202134
11.8606 -93.054 3.5286 0.020324
12.1074 -93.5371 3.52191 0.0285149
12.0872 -93.3517 3.52569 0.0868821
12.013 -93.3232 3.52493 0.0957054
12.013 -93.3232 3.52493 0.0957054
12.0118 -93.0271 3.51917 0.00855264
12.2042 -93.3205 3.5372 0.044078
12.1561 -93.5215 3.53328 0.0234686
11.9583 -93.1192 3.51888 0.0223157
11.8769 -93.301 3.51825 0.0536498
