277.866 10.4736 4.91005 0.136088
277.84 10.2178 4.91243 0.162914
277.737 10.344 4.91683 0.118366
277.91 10.2992 4.90568 0.157534
277.866 10.4736 4.91005 0.136088
277.84 10.2178 4.91243 0.162914
277.703 10.2553 4.91484 0.0782987
277.91 10.2992 4.90568 0.157534
277.91 10.2992 4.90568 0.157534
277.878 10.1024 4.89605 0.00774277
277.866 10.4736 4.91005 0.136088
277.84 10.2178 4.91243 0.162914
277.936 10.1947 4.90521 0.0721259
277.91 10.2992 4.90568 0.157534
277.989 10.3809 4.9024 0.0232797
277.565 10.1564 4.90938 0.00791831
277.824 10.4533 4.89542 0.00456363
277.866 10.4736 4.91005 0.136088
277.964 10.2637 4.90693 0.0986451
277.964 10.2637 4.90693 0.0986451
277.84 10.2178 4.91243 0.162914
277.84 10.2178 4.91243 0.162914
277.737 10.344 4.91683 0.118366
277.91 10.2992 4.90568 0.157534
277.91 10.2992 4.90568 0.157534
277.91 10.2992 4.90568 0.157534
277.866 10.4736 4.91005 0.136088
277.964 10.2637 4.90693 0.0986451
277.591 10.4057 4.9168 0.0133622
277.84 10.2178 4.91243 0.162914
277.936 10.1947 4.90521 0.0721259
277.869 10.0418 4.90468 0.013011
277.989 10.3809 4.9024 0.0232797
277.866 10.4736 4.91005 0.136088
277.84 10.2178 4.91243 0.162914
277.936 10.1947 4.90521 0.0721259
277.737 10.344 4.91683 0.118366
277.821 10.332 4.92455 0.0245324
277.866 10.4736 4.91005 0.136088
277.84 10.2178 4.91243 0.162914
277.936 10.1947 4.90521 0.0721259
277.91 10.2992 4.90568 0.157534
277.866 10.4736 4.91005 0.136088
277.866 10.4736 4.91005 0.136088
277.84 10.2178 4.91243 0.162914
277.703 10.2553 4.91484 0.0782987
277.737 10.344 4.91683 0.118366
277.737 10.344 4.91683 0.118366
277.91 10.2992 4.90568 0.157534
277.91 10.2992 4.90568 0.157534
277.91 10.2992 4.90568 0.157534
277.821 10.332 4.92455 0.0245324
277.964 10.2637 4.90693 0.0986451
277.84 10.2178 4.91243 0.162914
277.936 10.1947 4.90521 0.0721259
277.91 10.2992 4.90568 0.157534
277.866 10.4736 4.91005 0.136088
277.964 10.2637 4.90693 0.0986451
277.545 10.3658 4.89893 0.00710511
277.936 10.1947 4.90521 0.0721259
277.936 10.1947 4.90521 0.0721259
277.878 10.1024 4.89605 0.00774277
277.989 10.3809 4.9024 0.0232797
277.866 10.4736 4.91005 0.136088
277.964 10.2637 4.90693 0.0986451
277.964 10.2637 4.90693 0.0986451
277.84 10.2178 4.91243 0.162914
277.703 10.2553 4.91484 0.0782987
277.737 10.344 4.91683 0.118366
277.91 10.2992 4.90568 0.157534
277.565 10.1564 4.90938 0.00791831
277.866 10.4736 4.91005 0.136088
277.84 10.2178 4.91243 0.162914
277.703 10.2553 4.91484 0.0782987
277.737 10.344 4.91683 0.118366
277.91 10.2992 4.90568 0.157534
277.866 10.4736 4.91005 0.136088
277.866 10.4736 4.91005 0.136088
277.545 10.3658 4.89893 0.00710511
277.809 10.7088 4.91381 0.00199275
277.91 10.2992 4.90568 0.157534
277.866 10.4736 4.91005 0.136088
277.84 10.2178 4.91243 0.162914
277.936 10.1947 4.90521 0.0721259
277.91 10.2992 4.90568 0.157534
277.866 10.4736 4.91005 0.136088
278.113 10.5277 4.91704 0.00583491
277.703 10.2553 4.91484 0.0782987
277.936 10.1947 4.90521 0.0721259
277.737 10.344 4.91683 0.118366
277.91 10.2992 4.90568 0.157534
277.821 10.332 4.92455 0.0245324
277.964 10.2637 4.90693 0.0986451
277.703 10.2553 4.91484 0.0782987
277.737 10.344 4.91683 0.118366
277.737 10.344 4.91683 0.118366
278.093 10.1821 4.9118 0.00810825
277.964 10.2637 4.90693 0.0986451
277.84 10.2178 4.91243 0.162914
277.84 10.2178 4.91243 0.162914
