-9.78245 -94.557 2.93853 0.0214552
-9.59919 -94.648 2.94417 0.00602899
-10.0005 -94.446 2.94726 0.106055
-10.0005 -94.446 2.94726 0.106055
-9.86729 -94.9653 2.94641 0.00320122
-9.93971 -94.669 2.94769 0.139552
-9.74311 -94.5682 2.94675 0.0858748
-9.98969 -94.7205 2.94598 0.134494
-10.2409 -94.4478 2.94114 0.0391435
-9.81941 -94.4854 2.93866 0.0279491
-9.93971 -94.669 2.94769 0.139552
-10.176 -94.6617 2.94191 0.117048
-9.74311 -94.5682 2.94675 0.0858748
-9.98969 -94.7205 2.94598 0.134494
-10.0005 -94.446 2.94726 0.106055
-10.0005 -94.446 2.94726 0.106055
-10.2638 -94.3744 2.93902 0.0144092
-9.93971 -94.669 2.94769 0.139552
-9.92594 -94.2899 2.94738 0.0207203
-9.74311 -94.5682 2.94675 0.0858748
-9.98969 -94.7205 2.94598 0.134494
-9.98969 -94.7205 2.94598 0.134494
-9.78245 -94.557 2.93853 0.0214552
-10.0005 -94.446 2.94726 0.106055
-9.90567 -94.6575 2.93757 0.0638763
-10.176 -94.6617 2.94191 0.117048
-10.176 -94.6617 2.94191 0.117048
-10.176 -94.6617 2.94191 0.117048
-9.66144 -94.5387 2.94707 0.0302318
-9.74311 -94.5682 2.94675 0.0858748
-9.98969 -94.7205 2.94598 0.134494
-9.98969 -94.7205 2.94598 0.134494
-10.2273 -94.5309 2.94351 0.0514798
-9.90567 -94.6575 2.93757 0.0638763
-9.93971 -94.669 2.94769 0.139552
-9.74311 -94.5682 2.94675 0.0858748
-9.98969 -94.7205 2.94598 0.134494
-9.98969 -94.7205 2.94598 0.134494
-9.98969 -94.7205 2.94598 0.134494
-9.94862 -94.7636 2.94823 0.0548865
-10.2409 -94.4478 2.94114 0.0391435
-9.81941 -94.4854 2.93866 0.0279491
-9.73634 -94.2261 2.95119 0.00181687
-9.92594 -94.2899 2.94738 0.0207203
-9.98969 -94.7205 2.94598 0.134494
-10.2409 -94.4478 2.94114 0.0391435
-10.2273 -94.5309 2.94351 0.0514798
-9.81941 -94.4854 2.93866 0.0279491
-9.93971 -94.669 2.94769 0.139552
-10.176 -94.6617 2.94191 0.117048
-9.92594 -94.2899 2.94738 0.0207203
-9.98969 -94.7205 2.94598 0.134494
-10.0005 -94.446 2.94726 0.106055
-9.90567 -94.6575 2.93757 0.0638763
-9.90567 -94.6575 2.93757 0.0638763
-10.176 -94.6617 2.94191 0.117048
-9.74311 -94.5682 2.94675 0.0858748
-9.98969 -94.7205 2.94598 0.134494
-9.98969 -94.7205 2.94598 0.134494
-10.0005 -94.446 2.94726 0.106055
-9.93971 -94.669 2.94769 0.139552
-9.93971 -94.669 2.94769 0.139552
-9.74311 -94.5682 2.94675 0.0858748
-9.74311 -94.5682 2.94675 0.0858748
-9.94862 -94.7636 2.94823 0.0548865
-10.2273 -94.5309 2.94351 0.0514798
-9.93971 -94.669 2.94769 0.139552
-9.93971 -94.669 2.94769 0.139552
-9.93971 -94.669 2.94769 0.139552
-10.176 -94.6617 2.94191 0.117048
-10.176 -94.6617 2.94191 0.117048
-9.98969 -94.7205 2.94598 0.134494
-9.94862 -94.7636 2.94823 0.0548865
-10.2409 -94.4478 2.94114 0.0391435
-10.2638 -94.3744 2.93902 0.0144092
-9.93971 -94.669 2.94769 0.139552
-10.176 -94.6617 2.94191 0.117048
-9.74311 -94.5682 2.94675 0.0858748
-9.94862 -94.7636 2.94823 0.0548865
-10.0005 -94.446 2.94726 0.106055
-9.90567 -94.6575 2.93757 0.0638763
-9.93971 -94.669 2.94769 0.139552
-10.176 -94.6617 2.94191 0.117048
-9.74311 -94.5682 2.94675 0.0858748
-9.74311 -94.5682 2.94675 0.0858748
-9.98969 -94.7205 2.94598 0.134494
-9.78245 -94.557 2.93853 0.0214552
-10.0005 -94.446 2.94726 0.106055
-9.90567 -94.6575 2.93757 0.0638763
-9.93971 -94.669 2.94769 0.139552
-9.92594 -94.2899 2.94738 0.0207203
-9.96368 -94.3862 2.93232 0.0014607
-9.85351 -94.4746 2.93844 0.0359237
-9.98969 -94.7205 2.94598 0.134494
-9.98969 -94.7205 2.94598 0.134494
-10.0005 -94.446 2.94726 0.106055
-9.69651 -94.1792 2.94405 0.000384146
-9.93971 -94.669 2.94769 0.139552
-9.55947 -94.6423 2.94725 0.00481374
-9.92594 -94.2899 2.94738 0.0207203
