275.779 19.2092 5.39188 0.0717552
275.796 19.3406 5.38409 0.22967
275.796 19.3406 5.38409 0.22967
275.531 19.175 5.38317 0.00284325
275.779 19.2092 5.39188 0.0717552
275.888 19.2521 5.37723 0.0376682
275.813 19.3475 5.38099 0.108186
275.847 19.1442 5.38003 0.0619442
275.68 19.3848 5.38986 0.122005
275.908 19.5697 5.40085 0.00172887
275.796 19.3406 5.38409 0.22967
275.712 19.6333 5.38654 0.00212318
275.928 19.4791 5.38405 0.0342357
275.68 19.3848 5.38986 0.122005
275.796 19.3406 5.38409 0.22967
275.796 19.3406 5.38409 0.22967
275.813 19.3475 5.38099 0.108186
275.688 19.5714 5.38751 0.0100166
275.68 19.3848 5.38986 0.122005
275.796 19.3406 5.38409 0.22967
275.813 19.3475 5.38099 0.108186
275.688 19.5714 5.38751 0.0100166
275.68 19.3848 5.38986 0.122005
275.813 19.3475 5.38099 0.108186
275.682 19.294 5.3795 0.0325856
275.942 19.225 5.39112 0.0489812
275.779 19.2092 5.39188 0.0717552
275.779 19.2092 5.39188 0.0717552
275.82 19.1345 5.38914 0.0474643
275.68 19.3848 5.38986 0.122005
275.813 19.3475 5.38099 0.108186
275.813 19.3475 5.38099 0.108186
276.051 19.4975 5.38893 0.00722452
275.68 19.3848 5.38986 0.122005
275.813 19.3475 5.38099 0.108186
275.71 19.4965 5.39225 0.0589293
275.71 19.4965 5.39225 0.0589293
275.68 19.3848 5.38986 0.122005
275.813 19.3475 5.38099 0.108186
275.813 19.3475 5.38099 0.108186
275.71 19.4965 5.39225 0.0589293
275.779 19.2092 5.39188 0.0717552
275.779 19.2092 5.39188 0.0717552
275.779 19.2092 5.39188 0.0717552
275.82 19.1345 5.38914 0.0474643
275.796 19.3406 5.38409 0.22967
275.942 19.225 5.39112 0.0489812
275.82 19.1345 5.38914 0.0474643
275.68 19.3848 5.38986 0.122005
275.813 19.3475 5.38099 0.108186
275.682 19.294 5.3795 0.0325856
275.967 18.9993 5.37508 0.00100156
275.796 19.3406 5.38409 0.22967
275.756 19.0372 5.38274 0.0118198
275.813 19.3475 5.38099 0.108186
275.928 19.4791 5.38405 0.0342357
275.796 19.3406 5.38409 0.22967
275.796 19.3406 5.38409 0.22967
275.682 19.294 5.3795 0.0325856
275.68 19.3848 5.38986 0.122005
275.756 19.0372 5.38274 0.0118198
275.847 19.1442 5.38003 0.0619442
275.779 19.2092 5.39188 0.0717552
275.888 19.2521 5.37723 0.0376682
275.813 19.3475 5.38099 0.108186
275.688 19.5714 5.38751 0.0100166
275.888 19.2521 5.37723 0.0376682
275.796 19.3406 5.38409 0.22967
275.847 19.1442 5.38003 0.0619442
275.888 19.2521 5.37723 0.0376682
275.813 19.3475 5.38099 0.108186
275.847 19.1442 5.38003 0.0619442
275.847 19.1442 5.38003 0.0619442
275.68 19.3848 5.38986 0.122005
275.796 19.3406 5.38409 0.22967
275.688 19.5714 5.38751 0.0100166
275.68 19.3848 5.38986 0.122005
275.813 19.3475 5.38099 0.108186
275.847 19.1442 5.38003 0.0619442
275.779 19.2092 5.39188 0.0717552
275.68 19.3848 5.38986 0.122005
275.813 19.3475 5.38099 0.108186
276.051 19.4975 5.38893 0.00722452
275.64 19.1292 5.38359 0.017249
275.796 19.3406 5.38409 0.22967
275.813 19.3475 5.38099 0.108186
275.674 19.5968 5.39426 0.00729866
275.68 19.3848 5.38986 0.122005
275.68 19.3848 5.38986 0.122005
275.796 19.3406 5.38409 0.22967
275.847 19.1442 5.38003 0.0619442
275.68 19.3848 5.38986 0.122005
275.64 19.1292 5.38359 0.017249
275.796 19.3406 5.38409 0.22967
275.813 19.3475 5.38099 0.108186
275.82 19.1345 5.38914 0.0474643
275.82 19.1345 5.38914 0.0474643
275.796 19.3406 5.38409 0.22967
275.71 19.4965 5.39225 0.0589293
275.68 19.3848 5.38986 0.122005
