-2.27531 -95.6642 3.1126 0.0311649
-2.26375 -95.4131 3.10986 0.111056
-2.26375 -95.4131 3.10986 0.111056
-2.23242 -95.5184 3.10531 0.105003
-2.23066 -95.2434 3.10721 0.0353669
-2.52941 -95.4978 3.1011 0.036688
-2.35394 -95.4392 3.11052 0.0848041
-2.35394 -95.4392 3.11052 0.0848041
-2.3993 -95.392 3.10939 0.0692208
-2.17694 -95.3672 3.10704 0.0749553
-2.26375 -95.4131 3.10986 0.111056
-2.18745 -95.5886 3.10037 0.023368
-2.52941 -95.4978 3.1011 0.036688
-2.37044 -95.6267 3.1058 0.0735299
-2.3993 -95.392 3.10939 0.0692208
-2.13216 -95.7982 3.11492 0.00331642
-2.26375 -95.4131 3.10986 0.111056
-2.37755 -95.2651 3.11036 0.0312615
-2.14469 -95.558 3.09973 0.0137343
-2.52941 -95.4978 3.1011 0.036688
-2.52066 -95.4507 3.1162 0.00253844
-2.0497 -95.7225 3.10239 0.00402114
-2.10765 -95.0929 3.11307 0.00316645
-2.3993 -95.392 3.10939 0.0692208
-2.10069 -95.6645 3.11033 0.0303881
-2.17694 -95.3672 3.10704 0.0749553
-2.26375 -95.4131 3.10986 0.111056
-2.23242 -95.5184 3.10531 0.105003
-2.14469 -95.558 3.09973 0.0137343
-2.52941 -95.4978 3.1011 0.036688
-2.52941 -95.4978 3.1011 0.036688
-2.37044 -95.6267 3.1058 0.0735299
-2.35394 -95.4392 3.11052 0.0848041
-2.35394 -95.4392 3.11052 0.0848041
-2.3993 -95.392 3.10939 0.0692208
-2.32694 -95.7867 3.11586 0.00191181
-2.17694 -95.3672 3.10704 0.0749553
-2.26375 -95.4131 3.10986 0.111056
-2.26375 -95.4131 3.10986 0.111056
-2.26375 -95.4131 3.10986 0.111056
-2.26375 -95.4131 3.10986 0.111056
-2.23242 -95.5184 3.10531 0.105003
-2.52941 -95.4978 3.1011 0.036688
-2.14103 -95.5775 3.11861 0.0107399
-2.37044 -95.6267 3.1058 0.0735299
-2.35394 -95.4392 3.11052 0.0848041
-2.3993 -95.392 3.10939 0.0692208
-2.3993 -95.392 3.10939 0.0692208
-2.13216 -95.7982 3.11492 0.00331642
-2.26375 -95.4131 3.10986 0.111056
-2.26375 -95.4131 3.10986 0.111056
-2.37755 -95.2651 3.11036 0.0312615
-2.37755 -95.2651 3.11036 0.0312615
-2.52941 -95.4978 3.1011 0.036688
-2.35394 -95.4392 3.11052 0.0848041
-2.35394 -95.4392 3.11052 0.0848041
-2.51072 -95.498 3.1108 0.0212465
-2.17694 -95.3672 3.10704 0.0749553
-2.23242 -95.5184 3.10531 0.105003
-2.33951 -95.8565 3.10898 0.00429429
-2.14103 -95.5775 3.11861 0.0107399
-2.37044 -95.6267 3.1058 0.0735299
-2.3993 -95.392 3.10939 0.0692208
-2.10069 -95.6645 3.11033 0.0303881
-2.26375 -95.4131 3.10986 0.111056
-2.23242 -95.5184 3.10531 0.105003
-2.46535 -95.6985 3.10622 0.0249746
-2.52941 -95.4978 3.1011 0.036688
-2.30982 -95.5269 3.1265 4.91968e-05
-2.35394 -95.4392 3.11052 0.0848041
-2.10069 -95.6645 3.11033 0.0303881
-2.27531 -95.6642 3.1126 0.0311649
-2.26375 -95.4131 3.10986 0.111056
-2.26375 -95.4131 3.10986 0.111056
-2.23996 -95.4118 3.12339 0.00114351
-2.52941 -95.4978 3.1011 0.036688
-2.23548 -95.646 3.11986 0.00285982
-2.37306 -95.4894 3.1156 0.0185935
-2.3993 -95.392 3.10939 0.0692208
-2.0813 -95.585 3.10496 0.0290705
-2.17694 -95.3672 3.10704 0.0749553
-2.23242 -95.5184 3.10531 0.105003
-2.18745 -95.5886 3.10037 0.023368
-2.23066 -95.2434 3.10721 0.0353669
-2.37044 -95.6267 3.1058 0.0735299
-1.99066 -95.5661 3.11906 0.00595048
-2.35394 -95.4392 3.11052 0.0848041
-2.10069 -95.6645 3.11033 0.0303881
-2.26375 -95.4131 3.10986 0.111056
-2.23242 -95.5184 3.10531 0.105003
-2.18745 -95.5886 3.10037 0.023368
-2.37044 -95.6267 3.1058 0.0735299
-2.5988 -95.4446 3.10523 0.0185262
-2.5988 -95.4446 3.10523 0.0185262
-2.37306 -95.4894 3.1156 0.0185935
-2.3993 -95.392 3.10939 0.0692208
-2.51072 -95.498 3.1108 0.0212465
-2.17694 -95.3672 3.10704 0.0749553
-2.26375 -95.4131 3.10986 0.111056
-2.23242 -95.5184 3.10531 0.105003
