268.621 24.3656 5.67109 0.00420279
268.888 24.4068 5.67688 0.221013
268.878 24.4213 5.67253 0.11467
268.895 24.3572 5.67604 0.189256
269.216 24.3915 5.68525 2.04167e-05
268.696 24.3259 5.67401 0.0443904
268.908 24.5317 5.66969 0.0188892
268.908 24.5317 5.66969 0.0188892
268.96 24.5405 5.67914 0.0474222
268.895 24.3572 5.67604 0.189256
268.895 24.3572 5.67604 0.189256
268.821 24.2527 5.67086 0.028202
268.821 24.2527 5.67086 0.028202
268.888 24.4068 5.67688 0.221013
268.888 24.4068 5.67688 0.221013
269.076 24.4382 5.67473 0.0182293
269.007 24.5849 5.67832 0.013422
268.878 24.4213 5.67253 0.11467
268.878 24.4213 5.67253 0.11467
268.895 24.3572 5.67604 0.189256
268.889 24.3139 5.67704 0.161726
268.888 24.4068 5.67688 0.221013
268.888 24.4068 5.67688 0.221013
268.888 24.4068 5.67688 0.221013
269.076 24.4382 5.67473 0.0182293
268.895 24.3572 5.67604 0.189256
268.888 24.4068 5.67688 0.221013
268.888 24.4068 5.67688 0.221013
268.651 24.3186 5.67611 0.036004
268.895 24.3572 5.67604 0.189256
268.888 24.4068 5.67688 0.221013
268.878 24.4213 5.67253 0.11467
268.794 24.2759 5.69044 0.00691762
268.889 24.3139 5.67704 0.161726
268.889 24.3139 5.67704 0.161726
268.888 24.4068 5.67688 0.221013
268.96 24.5405 5.67914 0.0474222
268.895 24.3572 5.67604 0.189256
268.889 24.3139 5.67704 0.161726
268.888 24.4068 5.67688 0.221013
268.878 24.4213 5.67253 0.11467
268.821 24.2527 5.67086 0.028202
268.787 24.6251 5.67129 0.0050115
268.888 24.4068 5.67688 0.221013
269.023 24.5444 5.68684 0.00175826
268.85 24.2677 5.66881 0.0175511
268.878 24.4213 5.67253 0.11467
268.895 24.3572 5.67604 0.189256
268.888 24.4068 5.67688 0.221013
268.888 24.4068 5.67688 0.221013
268.651 24.3186 5.67611 0.036004
268.889 24.3139 5.67704 0.161726
268.787 24.6251 5.67129 0.0050115
268.651 24.3186 5.67611 0.036004
268.895 24.3572 5.67604 0.189256
268.889 24.3139 5.67704 0.161726
268.888 24.4068 5.67688 0.221013
268.888 24.4068 5.67688 0.221013
268.96 24.5405 5.67914 0.0474222
268.895 24.3572 5.67604 0.189256
268.889 24.3139 5.67704 0.161726
268.889 24.3139 5.67704 0.161726
268.696 24.3259 5.67401 0.0443904
268.621 24.3656 5.67109 0.00420279
268.888 24.4068 5.67688 0.221013
268.878 24.4213 5.67253 0.11467
268.895 24.3572 5.67604 0.189256
268.821 24.2527 5.67086 0.028202
268.888 24.4068 5.67688 0.221013
268.878 24.4213 5.67253 0.11467
268.895 24.3572 5.67604 0.189256
268.889 24.3139 5.67704 0.161726
268.888 24.4068 5.67688 0.221013
268.888 24.4068 5.67688 0.221013
268.895 24.3572 5.67604 0.189256
268.889 24.3139 5.67704 0.161726
268.888 24.4068 5.67688 0.221013
268.888 24.4068 5.67688 0.221013
268.895 24.3572 5.67604 0.189256
268.889 24.3139 5.67704 0.161726
268.637 24.6075 5.67977 0.0103944
268.651 24.3186 5.67611 0.036004
268.895 24.3572 5.67604 0.189256
268.637 24.6075 5.67977 0.0103944
268.888 24.4068 5.67688 0.221013
268.895 24.3572 5.67604 0.189256
268.895 24.3572 5.67604 0.189256
268.889 24.3139 5.67704 0.161726
268.888 24.4068 5.67688 0.221013
268.888 24.4068 5.67688 0.221013
268.888 24.4068 5.67688 0.221013
268.651 24.3186 5.67611 0.036004
268.895 24.3572 5.67604 0.189256
268.621 24.3656 5.67109 0.00420279
268.96 24.5405 5.67914 0.0474222
268.895 24.3572 5.67604 0.189256
268.889 24.3139 5.67704 0.161726
268.696 24.3259 5.67401 0.0443904
268.878 24.4213 5.67253 0.11467
268.895 24.3572 5.67604 0.189256
