232.529 -15.2723 2.90175 0.10551
232.529 -15.2723 2.90175 0.10551
232.256 -15.3254 2.8977 0.0917365
232.256 -15.3254 2.8977 0.0917365
232.587 -15.3862 2.89896 0.15045
232.197 -15.0384 2.89718 0.000973216
232.364 -15.6018 2.89946 0.0992104
232.632 -15.4201 2.90355 0.12625
232.632 -15.4201 2.90355 0.12625
232.402 -15.3791 2.88616 0.000875386
232.529 -15.2723 2.90175 0.10551
232.584 -15.2207 2.89634 0.0238311
232.281 -15.5364 2.89268 0.0700873
232.587 -15.3862 2.89896 0.15045
232.21 -15.4441 2.90143 0.0232069
232.477 -15.5357 2.90747 0.0167624
232.632 -15.4201 2.90355 0.12625
232.298 -15.1791 2.89275 0.0176676
232.281 -15.5364 2.89268 0.0700873
232.587 -15.3862 2.89896 0.15045
232.656 -15.1913 2.90736 0.00756971
232.364 -15.6018 2.89946 0.0992104
232.364 -15.6018 2.89946 0.0992104
232.394 -15.2607 2.90359 0.0352697
232.529 -15.2723 2.90175 0.10551
232.584 -15.2207 2.89634 0.0238311
232.256 -15.3254 2.8977 0.0917365
232.587 -15.3862 2.89896 0.15045
232.587 -15.3862 2.89896 0.15045
232.587 -15.3862 2.89896 0.15045
232.364 -15.6018 2.89946 0.0992104
232.632 -15.4201 2.90355 0.12625
232.529 -15.2723 2.90175 0.10551
232.256 -15.3254 2.8977 0.0917365
232.587 -15.3862 2.89896 0.15045
232.587 -15.3862 2.89896 0.15045
232.081 -15.5295 2.89219 0.0159743
232.364 -15.6018 2.89946 0.0992104
232.531 -15.25 2.90048 0.0934155
232.529 -15.2723 2.90175 0.10551
232.256 -15.3254 2.8977 0.0917365
232.21 -15.4441 2.90143 0.0232069
232.531 -15.25 2.90048 0.0934155
232.632 -15.4201 2.90355 0.12625
232.529 -15.2723 2.90175 0.10551
232.256 -15.3254 2.8977 0.0917365
232.587 -15.3862 2.89896 0.15045
232.364 -15.6018 2.89946 0.0992104
232.632 -15.4201 2.90355 0.12625
232.632 -15.4201 2.90355 0.12625
232.529 -15.2723 2.90175 0.10551
232.584 -15.2207 2.89634 0.0238311
232.587 -15.3862 2.89896 0.15045
232.082 -15.3443 2.89386 0.0183436
232.531 -15.25 2.90048 0.0934155
232.498 -15.1109 2.89836 0.013619
232.301 -15.4993 2.9059 0.00650612
232.587 -15.3862 2.89896 0.15045
232.587 -15.3862 2.89896 0.15045
232.531 -15.25 2.90048 0.0934155
232.632 -15.4201 2.90355 0.12625
232.529 -15.2723 2.90175 0.10551
232.281 -15.5364 2.89268 0.0700873
232.081 -15.5295 2.89219 0.0159743
232.531 -15.25 2.90048 0.0934155
232.632 -15.4201 2.90355 0.12625
232.498 -15.1109 2.89836 0.013619
232.529 -15.2723 2.90175 0.10551
232.584 -15.2207 2.89634 0.0238311
232.587 -15.3862 2.89896 0.15045
232.587 -15.3862 2.89896 0.15045
232.587 -15.3862 2.89896 0.15045
232.587 -15.3862 2.89896 0.15045
232.21 -15.4441 2.90143 0.0232069
232.531 -15.25 2.90048 0.0934155
232.473 -15.3644 2.90744 0.0183818
232.529 -15.2723 2.90175 0.10551
232.177 -15.0002 2.88977 0.000165148
232.587 -15.3862 2.89896 0.15045
232.531 -15.25 2.90048 0.0934155
232.632 -15.4201 2.90355 0.12625
232.473 -15.3644 2.90744 0.0183818
232.256 -15.3254 2.8977 0.0917365
232.587 -15.3862 2.89896 0.15045
232.364 -15.6018 2.89946 0.0992104
232.632 -15.4201 2.90355 0.12625
232.529 -15.2723 2.90175 0.10551
232.587 -15.3862 2.89896 0.15045
232.364 -15.6018 2.89946 0.0992104
232.531 -15.25 2.90048 0.0934155
232.632 -15.4201 2.90355 0.12625
232.298 -15.1791 2.89275 0.0176676
232.697 -15.4165 2.90877 0.0201807
232.256 -15.3254 2.8977 0.0917365
232.587 -15.3862 2.89896 0.15045
232.587 -15.3862 2.89896 0.15045
232.587 -15.3862 2.89896 0.15045
232.082 -15.3443 2.89386 0.0183436
232.531 -15.25 2.90048 0.0934155
232.632 -15.4201 2.90355 0.12625
