-15.805 -92.3733 2.84663 0.0430534
-15.5766 -92.5902 2.85009 0.100969
-15.5769 -92.4611 2.8492 0.144446
-15.5769 -92.4611 2.8492 0.144446
-15.5451 -92.5815 2.84886 0.0914169
-15.5989 -92.4911 2.84606 0.0949307
-15.7275 -92.5 2.84706 0.0929766
-15.805 -92.3733 2.84663 0.0430534
-15.5766 -92.5902 2.85009 0.100969
-15.441 -92.4248 2.84665 0.0366909
-15.7702 -92.4028 2.85057 0.0502615
-15.5451 -92.5815 2.84886 0.0914169
-15.7275 -92.5 2.84706 0.0929766
-15.6566 -92.5489 2.84486 0.0640282
-15.5766 -92.5902 2.85009 0.100969
-15.5766 -92.5902 2.85009 0.100969
-15.4442 -92.2153 2.85398 0.0110866
-15.7702 -92.4028 2.85057 0.0502615
-15.5769 -92.4611 2.8492 0.144446
-15.5989 -92.4911 2.84606 0.0949307
-15.469 -92.5605 2.8564 0.0454848
-15.469 -92.5605 2.8564 0.0454848
-15.7275 -92.5 2.84706 0.0929766
-15.6566 -92.5489 2.84486 0.0640282
-15.805 -92.3733 2.84663 0.0430534
-15.5769 -92.4611 2.8492 0.144446
-15.5769 -92.4611 2.8492 0.144446
-15.5989 -92.4911 2.84606 0.0949307
-15.4272 -92.2791 2.84974 0.0240587
-15.7275 -92.5 2.84706 0.0929766
-15.6566 -92.5489 2.84486 0.0640282
-15.5766 -92.5902 2.85009 0.100969
-15.441 -92.4248 2.84665 0.0366909
-15.441 -92.4248 2.84665 0.0366909
-15.7702 -92.4028 2.85057 0.0502615
-15.5769 -92.4611 2.8492 0.144446
-15.5451 -92.5815 2.84886 0.0914169
-15.5989 -92.4911 2.84606 0.0949307
-15.3291 -92.7672 2.85882 0.0015604
-15.4019 -92.4766 2.85263 0.0644782
-15.5766 -92.5902 2.85009 0.100969
-15.441 -92.4248 2.84665 0.0366909
-15.441 -92.4248 2.84665 0.0366909
-15.5769 -92.4611 2.8492 0.144446
-15.5769 -92.4611 2.8492 0.144446
-15.5989 -92.4911 2.84606 0.0949307
-15.5445 -92.5607 2.86014 0.00856659
-15.7275 -92.5 2.84706 0.0929766
-15.4019 -92.4766 2.85263 0.0644782
-15.805 -92.3733 2.84663 0.0430534
-15.5766 -92.5902 2.85009 0.100969
-15.441 -92.4248 2.84665 0.0366909
-15.5451 -92.5815 2.84886 0.0914169
-15.469 -92.5605 2.8564 0.0454848
-15.4019 -92.4766 2.85263 0.0644782
-15.4019 -92.4766 2.85263 0.0644782
-15.4547 -92.6813 2.84124 0.000826286
-15.441 -92.4248 2.84665 0.0366909
-15.5769 -92.4611 2.8492 0.144446
-15.469 -92.5605 2.8564 0.0454848
-15.5445 -92.5607 2.86014 0.00856659
-15.8556 -92.4442 2.85331 0.00792257
-15.7275 -92.5 2.84706 0.0929766
-15.8036 -92.7534 2.84724 0.00550224
-15.4019 -92.4766 2.85263 0.0644782
-15.4442 -92.2153 2.85398 0.0110866
-15.441 -92.4248 2.84665 0.0366909
-15.5769 -92.4611 2.8492 0.144446
-15.5989 -92.4911 2.84606 0.0949307
-15.4504 -92.3198 2.8486 0.0372147
-15.7275 -92.5 2.84706 0.0929766
-15.4019 -92.4766 2.85263 0.0644782
-15.4442 -92.2153 2.85398 0.0110866
-15.8033 -92.4074 2.85354 0.0147756
-15.5451 -92.5815 2.84886 0.0914169
-15.4504 -92.3198 2.8486 0.0372147
-15.6566 -92.5489 2.84486 0.0640282
-15.805 -92.3733 2.84663 0.0430534
-15.5766 -92.5902 2.85009 0.100969
-15.5766 -92.5902 2.85009 0.100969
-15.7702 -92.4028 2.85057 0.0502615
-15.5769 -92.4611 2.8492 0.144446
-15.5989 -92.4911 2.84606 0.0949307
-15.5989 -92.4911 2.84606 0.0949307
-15.7275 -92.5 2.84706 0.0929766
-15.7275 -92.5 2.84706 0.0929766
-15.805 -92.3733 2.84663 0.0430534
-15.5766 -92.5902 2.85009 0.100969
-15.5006 -92.3294 2.84131 0.00463212
-15.5769 -92.4611 2.8492 0.144446
-15.5451 -92.5815 2.84886 0.0914169
-15.5989 -92.4911 2.84606 0.0949307
-15.5989 -92.4911 2.84606 0.0949307
-15.4019 -92.4766 2.85263 0.0644782
-15.5766 -92.5902 2.85009 0.100969
-15.8437 -92.3444 2.85193 0.0100144
-15.5769 -92.4611 2.8492 0.144446
-15.5769 -92.4611 2.8492 0.144446
-15.5451 -92.5815 2.84886 0.0914169
-15.5451 -92.5815 2.84886 0.0914169
