267.102 25.6899 5.75033 0.144051
267.102 25.6899 5.75033 0.144051
267.335 25.437 5.74452 0.0247719
267.311 25.545 5.75324 0.0487858
267.217 25.7046 5.74256 0.0987477
267.17 25.7203 5.76032 0.00914987
267.057 25.5829 5.7533 0.0812022
267.316 25.7543 5.74682 0.0939497
267.102 25.6899 5.75033 0.144051
267.311 25.545 5.75324 0.0487858
267.217 25.7046 5.74256 0.0987477
267.165 25.5596 5.74177 0.0529753
267.165 25.5596 5.74177 0.0529753
267.233 25.6252 5.75727 0.035693
267.033 25.7314 5.74918 0.0451002
267.316 25.7543 5.74682 0.0939497
267.102 25.6899 5.75033 0.144051
267.102 25.6899 5.75033 0.144051
267.311 25.545 5.75324 0.0487858
267.217 25.7046 5.74256 0.0987477
267.233 25.6252 5.75727 0.035693
267.033 25.7314 5.74918 0.0451002
267.316 25.7543 5.74682 0.0939497
267.205 25.5121 5.7439 0.0837057
267.03 25.7186 5.75534 0.0365723
267.217 25.7046 5.74256 0.0987477
267.233 25.6252 5.75727 0.035693
267.033 25.7314 5.74918 0.0451002
267.227 25.8361 5.74961 0.0409791
267.102 25.6899 5.75033 0.144051
267.102 25.6899 5.75033 0.144051
267.03 25.7186 5.75534 0.0365723
267.217 25.7046 5.74256 0.0987477
267.057 25.5829 5.7533 0.0812022
267.033 25.7314 5.74918 0.0451002
267.102 25.6899 5.75033 0.144051
267.209 25.6087 5.7621 0.00330513
267.205 25.5121 5.7439 0.0837057
267.205 25.5121 5.7439 0.0837057
267.311 25.545 5.75324 0.0487858
267.217 25.7046 5.74256 0.0987477
267.17 25.7203 5.76032 0.00914987
267.154 25.3875 5.74842 0.0153398
267.233 25.6252 5.75727 0.035693
267.316 25.7543 5.74682 0.0939497
267.209 25.6087 5.7621 0.00330513
267.205 25.5121 5.7439 0.0837057
267.115 25.5383 5.74379 0.0503205
267.037 25.5981 5.7585 0.0221813
267.233 25.6252 5.75727 0.035693
267.316 25.7543 5.74682 0.0939497
267.205 25.5121 5.7439 0.0837057
267.335 25.437 5.74452 0.0247719
267.154 25.3875 5.74842 0.0153398
267.227 25.8361 5.74961 0.0409791
267.316 25.7543 5.74682 0.0939497
267.316 25.7543 5.74682 0.0939497
267.316 25.7543 5.74682 0.0939497
267.205 25.5121 5.7439 0.0837057
267.311 25.545 5.75324 0.0487858
267.115 25.5383 5.74379 0.0503205
267.217 25.7046 5.74256 0.0987477
267.165 25.5596 5.74177 0.0529753
267.033 25.7314 5.74918 0.0451002
267.102 25.6899 5.75033 0.144051
267.102 25.6899 5.75033 0.144051
267.358 25.7771 5.73954 0.0181342
267.217 25.7046 5.74256 0.0987477
267.037 25.5981 5.7585 0.0221813
267.233 25.6252 5.75727 0.035693
267.033 25.7314 5.74918 0.0451002
267.316 25.7543 5.74682 0.0939497
267.205 25.5121 5.7439 0.0837057
267.115 25.5383 5.74379 0.0503205
267.217 25.7046 5.74256 0.0987477
267.037 25.5981 5.7585 0.0221813
267.233 25.6252 5.75727 0.035693
267.316 25.7543 5.74682 0.0939497
267.102 25.6899 5.75033 0.144051
267.185 25.3846 5.74881 0.0162461
267.205 25.5121 5.7439 0.0837057
267.205 25.5121 5.7439 0.0837057
267.217 25.7046 5.74256 0.0987477
267.17 25.7203 5.76032 0.00914987
267.057 25.5829 5.7533 0.0812022
267.102 25.6899 5.75033 0.144051
267.102 25.6899 5.75033 0.144051
267.027 25.4403 5.75399 0.0114399
267.311 25.545 5.75324 0.0487858
267.217 25.7046 5.74256 0.0987477
267.057 25.5829 5.7533 0.0812022
267.505 25.6556 5.7484 0.00591842
267.102 25.6899 5.75033 0.144051
267.102 25.6899 5.75033 0.144051
267.102 25.6899 5.75033 0.144051
267.335 25.437 5.74452 0.0247719
267.055 25.5108 5.76012 0.0073256
267.057 25.5829 5.7533 0.0812022
267.057 25.5829 5.7533 0.0812022
267.033 25.7314 5.74918 0.0451002
