142.923 -15.0732 3.35929 0.152508
143.117 -14.912 3.36981 0.0317
142.923 -14.9685 3.37065 0.0347127
143.059 -14.8286 3.36676 0.0367
143.034 -14.997 3.37272 0.0175292
142.947 -15.29 3.36187 0.0357655
142.923 -15.0732 3.35929 0.152508
142.733 -14.8321 3.36569 0.0227217
143.078 -14.9457 3.35994 0.0286411
142.947 -15.29 3.36187 0.0357655
142.875 -14.9983 3.35764 0.118014
143.123 -14.8302 3.36694 0.0220722
142.923 -15.0732 3.35929 0.152508
142.923 -15.0732 3.35929 0.152508
142.733 -14.8321 3.36569 0.0227217
142.754 -14.9039 3.3574 0.0729753
143.009 -15.2228 3.36907 0.0192244
142.59 -15.1571 3.36422 0.00927893
142.875 -14.9983 3.35764 0.118014
142.875 -14.9983 3.35764 0.118014
142.875 -14.9983 3.35764 0.118014
142.923 -15.0732 3.35929 0.152508
142.733 -14.8321 3.36569 0.0227217
142.733 -14.8321 3.36569 0.0227217
142.711 -14.9787 3.36434 0.0698696
142.711 -14.9787 3.36434 0.0698696
143.076 -15.1796 3.36889 0.0260651
142.988 -15.1993 3.36949 0.0219082
142.875 -14.9983 3.35764 0.118014
142.962 -15.065 3.35825 0.0875181
142.923 -14.9685 3.37065 0.0347127
142.59 -15.1571 3.36422 0.00927893
142.875 -14.9983 3.35764 0.118014
142.923 -15.0732 3.35929 0.152508
142.754 -14.9039 3.3574 0.0729753
143.009 -15.2228 3.36907 0.0192244
143.044 -14.742 3.3692 0.010109
142.762 -14.8425 3.35507 0.0185056
143.196 -15.1086 3.36186 0.00945559
143.196 -15.1086 3.36186 0.00945559
142.947 -15.29 3.36187 0.0357655
142.923 -15.0732 3.35929 0.152508
142.733 -14.8321 3.36569 0.0227217
143.044 -14.742 3.3692 0.010109
143.078 -14.9457 3.35994 0.0286411
143.196 -15.1086 3.36186 0.00945559
142.875 -14.9983 3.35764 0.118014
142.923 -15.0732 3.35929 0.152508
142.754 -14.9039 3.3574 0.0729753
143.009 -15.2228 3.36907 0.0192244
143.076 -15.1796 3.36889 0.0260651
142.947 -15.29 3.36187 0.0357655
142.923 -15.0732 3.35929 0.152508
142.754 -14.9039 3.3574 0.0729753
142.711 -14.9787 3.36434 0.0698696
143.078 -14.9457 3.35994 0.0286411
143.078 -14.9457 3.35994 0.0286411
142.874 -14.7449 3.36565 0.0192905
142.858 -14.9763 3.37037 0.026493
142.875 -14.9983 3.35764 0.118014
142.875 -14.9983 3.35764 0.118014
143.123 -14.8302 3.36694 0.0220722
142.923 -15.0732 3.35929 0.152508
142.923 -15.0732 3.35929 0.152508
143.117 -14.912 3.36981 0.0317
142.604 -15.0978 3.35857 0.0594853
142.762 -14.8425 3.35507 0.0185056
142.81 -15.3489 3.35949 0.0194869
142.947 -15.29 3.36187 0.0357655
142.875 -14.9983 3.35764 0.118014
142.923 -15.0732 3.35929 0.152508
142.923 -15.0732 3.35929 0.152508
142.754 -14.9039 3.3574 0.0729753
142.711 -14.9787 3.36434 0.0698696
143.009 -15.2228 3.36907 0.0192244
142.604 -15.0978 3.35857 0.0594853
143.044 -14.742 3.3692 0.010109
142.841 -14.656 3.35673 0.00101578
142.875 -14.9983 3.35764 0.118014
142.923 -15.0732 3.35929 0.152508
142.923 -15.0732 3.35929 0.152508
142.923 -15.0732 3.35929 0.152508
142.962 -15.065 3.35825 0.0875181
143.117 -14.912 3.36981 0.0317
143.117 -14.912 3.36981 0.0317
142.733 -14.8321 3.36569 0.0227217
142.711 -14.9787 3.36434 0.0698696
142.711 -14.9787 3.36434 0.0698696
143.078 -14.9457 3.35994 0.0286411
143.078 -14.9457 3.35994 0.0286411
142.875 -14.9983 3.35764 0.118014
142.875 -14.9983 3.35764 0.118014
142.962 -15.065 3.35825 0.0875181
142.733 -14.8321 3.36569 0.0227217
143.009 -15.2228 3.36907 0.0192244
142.858 -14.9763 3.37037 0.026493
143.123 -14.8302 3.36694 0.0220722
142.962 -15.065 3.35825 0.0875181
143.117 -14.912 3.36981 0.0317
143.009 -15.2228 3.36907 0.0192244
