40.6452 -72.93 3.92913 0.0138942
40.5036 -73.0469 3.92751 0.157468
40.5036 -73.0469 3.92751 0.157468
40.3001 -73.196 3.92509 0.0454172
40.3993 -73.1057 3.92285 0.0944273
40.3711 -73.0635 3.92672 0.184506
40.6452 -72.93 3.92913 0.0138942
40.4595 -73.0111 3.93273 0.0369997
40.3993 -73.1057 3.92285 0.0944273
40.3993 -73.1057 3.92285 0.0944273
40.3341 -72.9094 3.92767 0.0419309
40.3712 -73.1588 3.92419 0.0950731
40.3711 -73.0635 3.92672 0.184506
40.6452 -72.93 3.92913 0.0138942
40.3903 -73.0086 3.92616 0.183208
40.3001 -73.196 3.92509 0.0454172
40.3993 -73.1057 3.92285 0.0944273
40.3712 -73.1588 3.92419 0.0950731
40.3903 -73.0086 3.92616 0.183208
40.4595 -73.0111 3.93273 0.0369997
40.3001 -73.196 3.92509 0.0454172
40.3001 -73.196 3.92509 0.0454172
40.3993 -73.1057 3.92285 0.0944273
40.3341 -72.9094 3.92767 0.0419309
40.3711 -73.0635 3.92672 0.184506
40.3903 -73.0086 3.92616 0.183208
40.3903 -73.0086 3.92616 0.183208
40.5036 -73.0469 3.92751 0.157468
40.3001 -73.196 3.92509 0.0454172
40.3712 -73.1588 3.92419 0.0950731
40.3711 -73.0635 3.92672 0.184506
40.3711 -73.0635 3.92672 0.184506
40.3903 -73.0086 3.92616 0.183208
40.3001 -73.196 3.92509 0.0454172
40.3993 -73.1057 3.92285 0.0944273
40.3711 -73.0635 3.92672 0.184506
40.4595 -73.0111 3.93273 0.0369997
40.3001 -73.196 3.92509 0.0454172
40.3712 -73.1588 3.92419 0.0950731
40.3903 -73.0086 3.92616 0.183208
40.3903 -73.0086 3.92616 0.183208
40.5036 -73.0469 3.92751 0.157468
40.3993 -73.1057 3.92285 0.0944273
40.3341 -72.9094 3.92767 0.0419309
40.3711 -73.0635 3.92672 0.184506
40.3903 -73.0086 3.92616 0.183208
40.3903 -73.0086 3.92616 0.183208
40.3001 -73.196 3.92509 0.0454172
40.3001 -73.196 3.92509 0.0454172
40.3993 -73.1057 3.92285 0.0944273
40.3711 -73.0635 3.92672 0.184506
40.6452 -72.93 3.92913 0.0138942
40.3903 -73.0086 3.92616 0.183208
40.6241 -73.1873 3.92548 0.00636585
40.3037 -73.0357 3.9175 0.00755279
40.3711 -73.0635 3.92672 0.184506
40.3711 -73.0635 3.92672 0.184506
40.3711 -73.0635 3.92672 0.184506
40.5036 -73.0469 3.92751 0.157468
40.3993 -73.1057 3.92285 0.0944273
40.2003 -73.0765 3.92116 0.029669
40.3711 -73.0635 3.92672 0.184506
40.3903 -73.0086 3.92616 0.183208
40.3903 -73.0086 3.92616 0.183208
40.3993 -73.1057 3.92285 0.0944273
40.3037 -73.0357 3.9175 0.00755279
40.3712 -73.1588 3.92419 0.0950731
40.6452 -72.93 3.92913 0.0138942
40.3903 -73.0086 3.92616 0.183208
40.3903 -73.0086 3.92616 0.183208
40.4595 -73.0111 3.93273 0.0369997
40.5036 -73.0469 3.92751 0.157468
40.5036 -73.0469 3.92751 0.157468
40.2003 -73.0765 3.92116 0.029669
40.5678 -72.8869 3.92997 0.0218481
40.3711 -73.0635 3.92672 0.184506
40.6482 -73.1136 3.93219 0.0213067
40.4595 -73.0111 3.93273 0.0369997
40.2003 -73.0765 3.92116 0.029669
40.3711 -73.0635 3.92672 0.184506
40.5036 -73.0469 3.92751 0.157468
40.3993 -73.1057 3.92285 0.0944273
40.3712 -73.1588 3.92419 0.0950731
40.3903 -73.0086 3.92616 0.183208
40.3903 -73.0086 3.92616 0.183208
40.3993 -73.1057 3.92285 0.0944273
40.3712 -73.1588 3.92419 0.0950731
40.3711 -73.0635 3.92672 0.184506
40.3903 -73.0086 3.92616 0.183208
40.5036 -73.0469 3.92751 0.157468
40.5036 -73.0469 3.92751 0.157468
40.3712 -73.1588 3.92419 0.0950731
40.3711 -73.0635 3.92672 0.184506
40.3903 -73.0086 3.92616 0.183208
40.3903 -73.0086 3.92616 0.183208
40.5036 -73.0469 3.92751 0.157468
40.3341 -72.9094 3.92767 0.0419309
40.3341 -72.9094 3.92767 0.0419309
40.3712 -73.1588 3.92419 0.0950731
40.3903 -73.0086 3.92616 0.183208
