150.258 21.7941 0.0819322 0.157418
150.473 21.8099 0.0840232 0.111867
150.462 21.6299 0.0794889 0.0827685
150.491 21.8611 0.085872 0.0238215
150.258 21.7941 0.0819322 0.157418
150.462 21.6299 0.0794889 0.0827685
150.557 22.1652 0.0776602 0.0661269
150.258 21.7941 0.0819322 0.157418
150.473 21.8099 0.0840232 0.111867
150.347 21.5898 0.0770883 0.0177264
150.208 21.8896 0.0831011 0.0605574
150.208 21.8896 0.0831011 0.0605574
150.528 21.7473 0.0816746 0.17547
150.528 21.7473 0.0816746 0.17547
150.473 21.8099 0.0840232 0.111867
150.213 21.8487 0.0772336 0.116015
150.151 21.9054 0.0734203 0.00929563
150.491 21.8611 0.085872 0.0238215
150.258 21.7941 0.0819322 0.157418
150.213 21.8487 0.0772336 0.116015
150.151 21.9054 0.0734203 0.00929563
150.311 22.1242 0.07304 0.0880611
150.491 21.8611 0.085872 0.0238215
150.528 21.7473 0.0816746 0.17547
150.528 21.7473 0.0816746 0.17547
150.213 21.8487 0.0772336 0.116015
150.213 21.8487 0.0772336 0.116015
150.347 21.5898 0.0770883 0.0177264
150.311 22.1242 0.07304 0.0880611
150.528 21.7473 0.0816746 0.17547
150.528 21.7473 0.0816746 0.17547
150.473 21.8099 0.0840232 0.111867
150.462 21.6299 0.0794889 0.0827685
150.462 21.6299 0.0794889 0.0827685
150.208 21.8896 0.0831011 0.0605574
150.208 21.8896 0.0831011 0.0605574
150.361 21.8684 0.0683539 0.0314537
150.311 22.1242 0.07304 0.0880611
150.557 22.1652 0.0776602 0.0661269
150.557 22.1652 0.0776602 0.0661269
150.528 21.7473 0.0816746 0.17547
150.528 21.7473 0.0816746 0.17547
150.258 21.7941 0.0819322 0.157418
150.473 21.8099 0.0840232 0.111867
150.473 21.8099 0.0840232 0.111867
150.462 21.6299 0.0794889 0.0827685
150.669 21.8765 0.0821866 0.0250307
150.258 21.7941 0.0819322 0.157418
150.258 21.7941 0.0819322 0.157418
150.473 21.8099 0.0840232 0.111867
150.462 21.6299 0.0794889 0.0827685
150.208 21.8896 0.0831011 0.0605574
150.208 21.8896 0.0831011 0.0605574
150.528 21.7473 0.0816746 0.17547
150.528 21.7473 0.0816746 0.17547
150.258 21.7941 0.0819322 0.157418
150.213 21.8487 0.0772336 0.116015
150.213 21.8487 0.0772336 0.116015
150.311 22.1242 0.07304 0.0880611
150.528 21.7473 0.0816746 0.17547
150.528 21.7473 0.0816746 0.17547
150.473 21.8099 0.0840232 0.111867
150.462 21.6299 0.0794889 0.0827685
150.557 22.1652 0.0776602 0.0661269
150.528 21.7473 0.0816746 0.17547
150.528 21.7473 0.0816746 0.17547
150.258 21.7941 0.0819322 0.157418
150.258 21.7941 0.0819322 0.157418
150.258 21.7941 0.0819322 0.157418
150.213 21.8487 0.0772336 0.116015
150.213 21.8487 0.0772336 0.116015
150.311 22.1242 0.07304 0.0880611
150.528 21.7473 0.0816746 0.17547
150.258 21.7941 0.0819322 0.157418
150.258 21.7941 0.0819322 0.157418
150.258 21.7941 0.0819322 0.157418
150.213 21.8487 0.0772336 0.116015
150.311 22.1242 0.07304 0.0880611
150.311 22.1242 0.07304 0.0880611
150.669 21.8765 0.0821866 0.0250307
150.258 21.7941 0.0819322 0.157418
150.473 21.8099 0.0840232 0.111867
150.462 21.6299 0.0794889 0.0827685
150.462 21.6299 0.0794889 0.0827685
150.557 22.1652 0.0776602 0.0661269
150.528 21.7473 0.0816746 0.17547
150.528 21.7473 0.0816746 0.17547
150.473 21.8099 0.0840232 0.111867
150.213 21.8487 0.0772336 0.116015
150.311 22.1242 0.07304 0.0880611
150.528 21.7473 0.0816746 0.17547
150.473 21.8099 0.0840232 0.111867
150.213 21.8487 0.0772336 0.116015
150.462 21.6299 0.0794889 0.0827685
150.669 21.8765 0.0821866 0.0250307
150.491 21.8611 0.085872 0.0238215
150.528 21.7473 0.0816746 0.17547
150.528 21.7473 0.0816746 0.17547
150.473 21.8099 0.0840232 0.111867
150.208 21.8896 0.0831011 0.0605574
