268.662 -15.3425 3.79839 0.154114
268.578 -15.3242 3.80023 0.256095
268.709 -15.5399 3.8069 0.0183326
269.142 -15.3491 3.81539 0.0523491
268.578 -15.3242 3.80023 0.256095
268.578 -15.3242 3.80023 0.256095
268.96 -15.2544 3.81117 0.134605
268.662 -15.3425 3.79839 0.154114
268.662 -15.3425 3.79839 0.154114
269.015 -15.3595 3.80736 0.0719156
268.709 -15.5399 3.8069 0.0183326
268.96 -15.2544 3.81117 0.134605
269.142 -15.3491 3.81539 0.0523491
268.804 -15.0718 3.80669 0.0351471
269.015 -15.3595 3.80736 0.0719156
268.833 -15.3898 3.79939 0.020682
268.96 -15.2544 3.81117 0.134605
268.578 -15.3242 3.80023 0.256095
268.667 -15.5284 3.80485 0.0267846
268.96 -15.2544 3.81117 0.134605
268.662 -15.3425 3.79839 0.154114
268.578 -15.3242 3.80023 0.256095
269.142 -15.3491 3.81539 0.0523491
268.578 -15.3242 3.80023 0.256095
269.015 -15.3595 3.80736 0.0719156
268.662 -15.3425 3.79839 0.154114
268.578 -15.3242 3.80023 0.256095
268.96 -15.2544 3.81117 0.134605
268.768 -15.1173 3.79808 0.0183918
268.578 -15.3242 3.80023 0.256095
268.602 -15.5067 3.79967 0.0377117
268.819 -15.4859 3.81071 0.0308191
268.662 -15.3425 3.79839 0.154114
268.578 -15.3242 3.80023 0.256095
268.578 -15.3242 3.80023 0.256095
269.061 -15.3039 3.81519 0.061809
268.578 -15.3242 3.80023 0.256095
269.015 -15.3595 3.80736 0.0719156
268.602 -15.5067 3.79967 0.0377117
268.662 -15.3425 3.79839 0.154114
269.015 -15.3595 3.80736 0.0719156
268.96 -15.2544 3.81117 0.134605
269.142 -15.3491 3.81539 0.0523491
268.578 -15.3242 3.80023 0.256095
268.96 -15.2544 3.81117 0.134605
268.662 -15.3425 3.79839 0.154114
268.662 -15.3425 3.79839 0.154114
268.578 -15.3242 3.80023 0.256095
269.015 -15.3595 3.80736 0.0719156
268.617 -15.4959 3.80661 0.0137479
269.142 -15.3491 3.81539 0.0523491
268.578 -15.3242 3.80023 0.256095
268.578 -15.3242 3.80023 0.256095
269.098 -15.1298 3.80764 0.00691778
268.602 -15.5067 3.79967 0.0377117
269.061 -15.3039 3.81519 0.061809
268.578 -15.3242 3.80023 0.256095
268.617 -15.4959 3.80661 0.0137479
268.768 -15.1173 3.79808 0.0183918
268.578 -15.3242 3.80023 0.256095
268.96 -15.2544 3.81117 0.134605
268.865 -15.513 3.81569 0.00210524
268.578 -15.3242 3.80023 0.256095
269.061 -15.3039 3.81519 0.061809
268.578 -15.3242 3.80023 0.256095
268.833 -15.3898 3.79939 0.020682
269.142 -15.3491 3.81539 0.0523491
268.662 -15.3425 3.79839 0.154114
268.578 -15.3242 3.80023 0.256095
268.578 -15.3242 3.80023 0.256095
269.061 -15.3039 3.81519 0.061809
268.578 -15.3242 3.80023 0.256095
268.96 -15.2544 3.81117 0.134605
268.662 -15.3425 3.79839 0.154114
269.098 -15.1298 3.80764 0.00691778
268.617 -15.4959 3.80661 0.0137479
268.819 -15.4859 3.81071 0.0308191
268.662 -15.3425 3.79839 0.154114
268.804 -15.0718 3.80669 0.0351471
268.578 -15.3242 3.80023 0.256095
268.96 -15.2544 3.81117 0.134605
268.662 -15.3425 3.79839 0.154114
269.015 -15.3595 3.80736 0.0719156
269.142 -15.3491 3.81539 0.0523491
268.662 -15.3425 3.79839 0.154114
268.578 -15.3242 3.80023 0.256095
268.483 -15.4666 3.80567 0.0026443
268.96 -15.2544 3.81117 0.134605
268.662 -15.3425 3.79839 0.154114
268.578 -15.3242 3.80023 0.256095
269.098 -15.1298 3.80764 0.00691778
268.667 -15.5284 3.80485 0.0267846
268.96 -15.2544 3.81117 0.134605
268.662 -15.3425 3.79839 0.154114
268.578 -15.3242 3.80023 0.256095
269.015 -15.3595 3.80736 0.0719156
269.061 -15.3039 3.81519 0.061809
268.804 -15.0718 3.80669 0.0351471
269.015 -15.3595 3.80736 0.0719156
268.602 -15.5067 3.79967 0.0377117
