-0.468221 -94.8529 3.18393 0.112956
-0.468221 -94.8529 3.18393 0.112956
-0.535492 -94.8269 3.18449 0.163011
-0.559307 -94.5739 3.18638 0.0601951
-0.918908 -94.9012 3.18069 0.0254075
-0.918908 -94.9012 3.18069 0.0254075
-0.81366 -94.6539 3.17818 0.0361016
-0.591877 -94.7549 3.18395 0.17545
-0.591877 -94.7549 3.18395 0.17545
-0.468221 -94.8529 3.18393 0.112956
-0.468221 -94.8529 3.18393 0.112956
-0.899921 -94.492 3.17745 0.0025022
-0.555301 -95.0791 3.18746 0.0199742
-0.711611 -94.7949 3.18544 0.125267
-0.697891 -94.7242 3.17519 0.0395755
-0.591877 -94.7549 3.18395 0.17545
-0.468221 -94.8529 3.18393 0.112956
-0.535492 -94.8269 3.18449 0.163011
-0.455334 -95.0318 3.19887 0.000457281
-0.711611 -94.7949 3.18544 0.125267
-0.591877 -94.7549 3.18395 0.17545
-0.468221 -94.8529 3.18393 0.112956
-0.535492 -94.8269 3.18449 0.163011
-0.559307 -94.5739 3.18638 0.0601951
-0.711611 -94.7949 3.18544 0.125267
-0.591877 -94.7549 3.18395 0.17545
-0.591877 -94.7549 3.18395 0.17545
-0.468221 -94.8529 3.18393 0.112956
-0.535492 -94.8269 3.18449 0.163011
-0.918908 -94.9012 3.18069 0.0254075
-0.81366 -94.6539 3.17818 0.0361016
-0.591877 -94.7549 3.18395 0.17545
-0.672958 -94.6254 3.18122 0.0733735
-0.535492 -94.8269 3.18449 0.163011
-0.535492 -94.8269 3.18449 0.163011
-0.711611 -94.7949 3.18544 0.125267
-0.591877 -94.7549 3.18395 0.17545
-0.535492 -94.8269 3.18449 0.163011
-0.535492 -94.8269 3.18449 0.163011
-0.535492 -94.8269 3.18449 0.163011
-0.81366 -94.6539 3.17818 0.0361016
-0.928901 -94.4252 3.178 0.000667118
-0.591877 -94.7549 3.18395 0.17545
-0.591877 -94.7549 3.18395 0.17545
-0.535492 -94.8269 3.18449 0.163011
-0.535492 -94.8269 3.18449 0.163011
-0.957481 -94.8236 3.17612 0.0159696
-0.973293 -94.8607 3.18464 0.00721187
-0.591877 -94.7549 3.18395 0.17545
-0.920283 -94.8168 3.16702 0.00124433
-0.868689 -94.5524 3.18225 0.011216
-0.711611 -94.7949 3.18544 0.125267
-0.697891 -94.7242 3.17519 0.0395755
-0.591877 -94.7549 3.18395 0.17545
-0.468221 -94.8529 3.18393 0.112956
-0.535492 -94.8269 3.18449 0.163011
-0.898018 -94.6752 3.17817 0.0213812
-0.711611 -94.7949 3.18544 0.125267
-0.590845 -94.9671 3.19026 0.0338174
-0.672958 -94.6254 3.18122 0.0733735
-0.957481 -94.8236 3.17612 0.0159696
-0.973293 -94.8607 3.18464 0.00721187
-0.591877 -94.7549 3.18395 0.17545
-0.468221 -94.8529 3.18393 0.112956
-0.559307 -94.5739 3.18638 0.0601951
-0.555301 -95.0791 3.18746 0.0199742
-0.711611 -94.7949 3.18544 0.125267
-0.591877 -94.7549 3.18395 0.17545
-0.672958 -94.6254 3.18122 0.0733735
-0.468221 -94.8529 3.18393 0.112956
-0.468221 -94.8529 3.18393 0.112956
-0.535492 -94.8269 3.18449 0.163011
-0.535492 -94.8269 3.18449 0.163011
-0.918908 -94.9012 3.18069 0.0254075
-0.711611 -94.7949 3.18544 0.125267
-0.591877 -94.7549 3.18395 0.17545
-0.591877 -94.7549 3.18395 0.17545
-0.591877 -94.7549 3.18395 0.17545
-0.672958 -94.6254 3.18122 0.0733735
-0.468221 -94.8529 3.18393 0.112956
-0.559307 -94.5739 3.18638 0.0601951
-0.555301 -95.0791 3.18746 0.0199742
-0.599115 -94.3311 3.1826 0.00117706
-0.672958 -94.6254 3.18122 0.0733735
-0.468221 -94.8529 3.18393 0.112956
-0.957481 -94.8236 3.17612 0.0159696
-0.81366 -94.6539 3.17818 0.0361016
-0.672958 -94.6254 3.18122 0.0733735
-0.672958 -94.6254 3.18122 0.0733735
-0.468221 -94.8529 3.18393 0.112956
-0.559307 -94.5739 3.18638 0.0601951
-0.973293 -94.8607 3.18464 0.00721187
-0.914887 -94.5628 3.17812 0.00620479
-0.672958 -94.6254 3.18122 0.0733735
-0.655758 -94.6617 3.17237 0.00760198
-0.535492 -94.8269 3.18449 0.163011
-0.711611 -94.7949 3.18544 0.125267
-0.591877 -94.7549 3.18395 0.17545
-0.468221 -94.8529 3.18393 0.112956
-0.535492 -94.8269 3.18449 0.163011
