22.9395 -86.1752 3.78521 0.266204
22.7618 -86.1454 3.77984 0.0205067
22.9749 -86.2462 3.78674 0.237427
22.8613 -85.9825 3.78562 0.0612201
22.9395 -86.1752 3.78521 0.266204
22.9749 -86.2462 3.78674 0.237427
23.2276 -86.3756 3.79175 0.0312143
22.8613 -85.9825 3.78562 0.0612201
22.9243 -86.3026 3.78924 0.0678817
22.9395 -86.1752 3.78521 0.266204
22.9395 -86.1752 3.78521 0.266204
23.2895 -86.1426 3.78862 0.0513329
22.8613 -85.9825 3.78562 0.0612201
22.9395 -86.1752 3.78521 0.266204
22.9395 -86.1752 3.78521 0.266204
23.2895 -86.1426 3.78862 0.0513329
22.9395 -86.1752 3.78521 0.266204
22.9395 -86.1752 3.78521 0.266204
22.9749 -86.2462 3.78674 0.237427
23.026 -86.1327 3.79201 0.109058
22.9395 -86.1752 3.78521 0.266204
23.1124 -86.4063 3.79309 0.0175264
23.026 -86.1327 3.79201 0.109058
22.8552 -86.1704 3.7919 0.00959036
22.9243 -86.3026 3.78924 0.0678817
23.2639 -86.4893 3.79381 0.00206627
22.9749 -86.2462 3.78674 0.237427
22.8613 -85.9825 3.78562 0.0612201
22.9395 -86.1752 3.78521 0.266204
22.9395 -86.1752 3.78521 0.266204
23.026 -86.1327 3.79201 0.109058
22.9395 -86.1752 3.78521 0.266204
23.1124 -86.4063 3.79309 0.0175264
23.1378 -86.268 3.79617 0.0150669
22.9395 -86.1752 3.78521 0.266204
23.2735 -86.1637 3.78336 0.00306813
23.2639 -86.4893 3.79381 0.00206627
22.9395 -86.1752 3.78521 0.266204
22.9395 -86.1752 3.78521 0.266204
22.9749 -86.2462 3.78674 0.237427
23.026 -86.1327 3.79201 0.109058
23.0453 -86.2571 3.79379 0.0403968
22.9749 -86.2462 3.78674 0.237427
23.026 -86.1327 3.79201 0.109058
22.8613 -85.9825 3.78562 0.0612201
23.0453 -86.2571 3.79379 0.0403968
22.9243 -86.3026 3.78924 0.0678817
22.9749 -86.2462 3.78674 0.237427
23.026 -86.1327 3.79201 0.109058
22.9395 -86.1752 3.78521 0.266204
22.9749 -86.2462 3.78674 0.237427
23.1099 -86.4682 3.78955 0.00920044
22.9395 -86.1752 3.78521 0.266204
22.9749 -86.2462 3.78674 0.237427
23.026 -86.1327 3.79201 0.109058
22.9243 -86.3026 3.78924 0.0678817
22.9395 -86.1752 3.78521 0.266204
22.9395 -86.1752 3.78521 0.266204
22.9749 -86.2462 3.78674 0.237427
23.1124 -86.4063 3.79309 0.0175264
22.9395 -86.1752 3.78521 0.266204
22.9395 -86.1752 3.78521 0.266204
23.2895 -86.1426 3.78862 0.0513329
22.9395 -86.1752 3.78521 0.266204
22.7429 -86.3486 3.7857 0.00477559
22.8613 -85.9825 3.78562 0.0612201
22.9395 -86.1752 3.78521 0.266204
23.2735 -86.1637 3.78336 0.00306813
23.026 -86.1327 3.79201 0.109058
23.0453 -86.2571 3.79379 0.0403968
22.9395 -86.1752 3.78521 0.266204
22.9749 -86.2462 3.78674 0.237427
23.0453 -86.2571 3.79379 0.0403968
22.9749 -86.2462 3.78674 0.237427
23.2276 -86.3756 3.79175 0.0312143
22.9243 -86.3026 3.78924 0.0678817
22.9749 -86.2462 3.78674 0.237427
23.026 -86.1327 3.79201 0.109058
22.9243 -86.3026 3.78924 0.0678817
22.9749 -86.2462 3.78674 0.237427
23.0169 -86.0614 3.7952 0.00527411
22.8458 -85.9748 3.78896 0.0136005
22.9395 -86.1752 3.78521 0.266204
23.0861 -86.1096 3.77756 0.000509422
22.9749 -86.2462 3.78674 0.237427
23.2895 -86.1426 3.78862 0.0513329
23.0641 -86.2032 3.78154 0.0265767
22.9749 -86.2462 3.78674 0.237427
23.2895 -86.1426 3.78862 0.0513329
23.0453 -86.2571 3.79379 0.0403968
22.9395 -86.1752 3.78521 0.266204
22.9749 -86.2462 3.78674 0.237427
22.8552 -86.1704 3.7919 0.00959036
22.9395 -86.1752 3.78521 0.266204
22.9749 -86.2462 3.78674 0.237427
22.9749 -86.2462 3.78674 0.237427
23.1099 -86.4682 3.78955 0.00920044
22.9749 -86.2462 3.78674 0.237427
23.1099 -86.4682 3.78955 0.00920044
22.9243 -86.3026 3.78924 0.0678817
