275.957 -5.39605 4.28044 0.00713515
276.053 -5.21088 4.27234 0.0999018
276.053 -5.21088 4.27234 0.0999018
276.058 -5.30286 4.27209 0.118799
276.35 -5.23806 4.28355 0.444157
276.489 -5.15468 4.29517 0.0824227
276.35 -5.23806 4.28355 0.444157
276.35 -5.23806 4.28355 0.444157
276.489 -5.15468 4.29517 0.0824227
276.058 -5.30286 4.27209 0.118799
276.35 -5.23806 4.28355 0.444157
275.957 -5.39605 4.28044 0.00713515
276.081 -5.19722 4.27891 0.157207
276.058 -5.30286 4.27209 0.118799
276.081 -5.19722 4.27891 0.157207
276.35 -5.23806 4.28355 0.444157
276.053 -5.21088 4.27234 0.0999018
276.053 -5.21088 4.27234 0.0999018
276.35 -5.23806 4.28355 0.444157
276.053 -5.21088 4.27234 0.0999018
276.35 -5.23806 4.28355 0.444157
276.489 -5.15468 4.29517 0.0824227
276.35 -5.23806 4.28355 0.444157
276.058 -5.30286 4.27209 0.118799
276.35 -5.23806 4.28355 0.444157
276.489 -5.15468 4.29517 0.0824227
276.081 -5.19722 4.27891 0.157207
276.35 -5.23806 4.28355 0.444157
276.35 -5.23806 4.28355 0.444157
276.35 -5.23806 4.28355 0.444157
276.058 -5.30286 4.27209 0.118799
276.489 -5.15468 4.29517 0.0824227
276.35 -5.23806 4.28355 0.444157
276.35 -5.23806 4.28355 0.444157
276.35 -5.23806 4.28355 0.444157
276.058 -5.30286 4.27209 0.118799
276.35 -5.23806 4.28355 0.444157
276.081 -5.19722 4.27891 0.157207
276.35 -5.23806 4.28355 0.444157
276.053 -5.21088 4.27234 0.0999018
276.058 -5.30286 4.27209 0.118799
276.489 -5.15468 4.29517 0.0824227
276.35 -5.23806 4.28355 0.444157
276.081 -5.19722 4.27891 0.157207
276.35 -5.23806 4.28355 0.444157
276.053 -5.21088 4.27234 0.0999018
276.081 -5.19722 4.27891 0.157207
276.35 -5.23806 4.28355 0.444157
276.489 -5.15468 4.29517 0.0824227
276.489 -5.15468 4.29517 0.0824227
276.35 -5.23806 4.28355 0.444157
276.053 -5.21088 4.27234 0.0999018
276.489 -5.15468 4.29517 0.0824227
276.35 -5.23806 4.28355 0.444157
276.489 -5.15468 4.29517 0.0824227
276.081 -5.19722 4.27891 0.157207
276.35 -5.23806 4.28355 0.444157
276.053 -5.21088 4.27234 0.0999018
276.081 -5.19722 4.27891 0.157207
276.053 -5.21088 4.27234 0.0999018
276.081 -5.19722 4.27891 0.157207
276.35 -5.23806 4.28355 0.444157
276.058 -5.30286 4.27209 0.118799
276.35 -5.23806 4.28355 0.444157
276.126 -5.29253 4.27077 0.0715204
276.35 -5.23806 4.28355 0.444157
276.081 -5.19722 4.27891 0.157207
276.35 -5.23806 4.28355 0.444157
276.35 -5.23806 4.28355 0.444157
276.35 -5.23806 4.28355 0.444157
276.058 -5.30286 4.27209 0.118799
276.058 -5.30286 4.27209 0.118799
276.35 -5.23806 4.28355 0.444157
276.058 -5.30286 4.27209 0.118799
276.35 -5.23806 4.28355 0.444157
276.081 -5.19722 4.27891 0.157207
276.35 -5.23806 4.28355 0.444157
276.35 -5.23806 4.28355 0.444157
276.081 -5.19722 4.27891 0.157207
276.081 -5.19722 4.27891 0.157207
276.058 -5.30286 4.27209 0.118799
276.053 -5.21088 4.27234 0.0999018
276.058 -5.30286 4.27209 0.118799
276.35 -5.23806 4.28355 0.444157
276.489 -5.15468 4.29517 0.0824227
276.35 -5.23806 4.28355 0.444157
276.35 -5.23806 4.28355 0.444157
276.058 -5.30286 4.27209 0.118799
276.35 -5.23806 4.28355 0.444157
276.126 -5.29253 4.27077 0.0715204
276.35 -5.23806 4.28355 0.444157
276.35 -5.23806 4.28355 0.444157
276.058 -5.30286 4.27209 0.118799
276.35 -5.23806 4.28355 0.444157
276.35 -5.23806 4.28355 0.444157
276.35 -5.23806 4.28355 0.444157
276.35 -5.23806 4.28355 0.444157
276.058 -5.30286 4.27209 0.118799
276.053 -5.21088 4.27234 0.0999018
275.957 -5.39605 4.28044 0.00713515
