272.334 23.1748 5.6184 0.197372
272.334 23.1748 5.6184 0.197372
272.084 23.0693 5.6256 0.0729931
272.348 23.2797 5.62632 0.0653541
272.273 23.264 5.61414 0.0592866
272.334 23.1748 5.6184 0.197372
272.312 22.994 5.61945 0.0638828
272.193 23.0574 5.61898 0.167484
272.346 23.166 5.62804 0.047067
272.274 23.2314 5.62924 0.0786912
272.334 23.1748 5.6184 0.197372
272.193 23.0574 5.61898 0.167484
272.348 23.2797 5.62632 0.0653541
272.274 23.2314 5.62924 0.0786912
272.334 23.1748 5.6184 0.197372
272.334 23.1748 5.6184 0.197372
272.193 23.0574 5.61898 0.167484
272.348 23.2797 5.62632 0.0653541
272.273 23.264 5.61414 0.0592866
272.334 23.1748 5.6184 0.197372
272.463 23.12 5.62525 0.010014
272.312 22.994 5.61945 0.0638828
272.193 23.0574 5.61898 0.167484
272.193 23.0574 5.61898 0.167484
272.274 23.2314 5.62924 0.0786912
272.334 23.1748 5.6184 0.197372
272.463 23.12 5.62525 0.010014
272.312 22.994 5.61945 0.0638828
272.358 23.2616 5.61854 0.10612
272.075 23.2351 5.61483 0.0202686
272.177 23.2879 5.61112 0.00711098
272.334 23.1748 5.6184 0.197372
272.334 23.1748 5.6184 0.197372
272.084 23.0693 5.6256 0.0729931
272.193 23.0574 5.61898 0.167484
272.193 23.0574 5.61898 0.167484
272.346 23.166 5.62804 0.047067
272.273 23.264 5.61414 0.0592866
272.018 23.1397 5.63719 0.00107728
271.899 23.2736 5.62292 0.00319257
272.312 22.994 5.61945 0.0638828
272.312 22.994 5.61945 0.0638828
272.193 23.0574 5.61898 0.167484
272.358 23.2616 5.61854 0.10612
272.274 23.2314 5.62924 0.0786912
272.084 23.0693 5.6256 0.0729931
272.193 23.0574 5.61898 0.167484
272.346 23.166 5.62804 0.047067
272.273 23.264 5.61414 0.0592866
272.334 23.1748 5.6184 0.197372
272.334 23.1748 5.6184 0.197372
272.084 23.0693 5.6256 0.0729931
272.193 23.0574 5.61898 0.167484
272.273 23.264 5.61414 0.0592866
272.273 23.264 5.61414 0.0592866
272.274 23.2314 5.62924 0.0786912
272.084 23.0693 5.6256 0.0729931
272.312 22.994 5.61945 0.0638828
272.348 23.2797 5.62632 0.0653541
272.121 22.9251 5.62221 0.0124408
272.273 23.264 5.61414 0.0592866
272.334 23.1748 5.6184 0.197372
272.193 23.0574 5.61898 0.167484
272.348 23.2797 5.62632 0.0653541
272.381 22.9145 5.61618 0.00753357
272.274 23.2314 5.62924 0.0786912
272.274 23.2314 5.62924 0.0786912
272.274 23.2314 5.62924 0.0786912
272.334 23.1748 5.6184 0.197372
272.084 23.0693 5.6256 0.0729931
272.193 23.0574 5.61898 0.167484
272.348 23.2797 5.62632 0.0653541
272.094 22.9192 5.61543 0.00455832
272.273 23.264 5.61414 0.0592866
272.334 23.1748 5.6184 0.197372
272.334 23.1748 5.6184 0.197372
272.084 23.0693 5.6256 0.0729931
272.312 22.994 5.61945 0.0638828
272.348 23.2797 5.62632 0.0653541
272.348 23.2797 5.62632 0.0653541
272.358 23.2616 5.61854 0.10612
272.273 23.264 5.61414 0.0592866
272.177 23.2879 5.61112 0.00711098
272.312 22.994 5.61945 0.0638828
272.121 22.9251 5.62221 0.0124408
272.274 23.2314 5.62924 0.0786912
272.334 23.1748 5.6184 0.197372
272.312 22.994 5.61945 0.0638828
272.358 23.2616 5.61854 0.10612
272.274 23.2314 5.62924 0.0786912
272.334 23.1748 5.6184 0.197372
272.193 23.0574 5.61898 0.167484
272.358 23.2616 5.61854 0.10612
272.334 23.1748 5.6184 0.197372
272.084 23.0693 5.6256 0.0729931
272.193 23.0574 5.61898 0.167484
272.346 23.166 5.62804 0.047067
272.381 22.9145 5.61618 0.00753357
272.286 22.9245 5.61631 0.0183605
272.334 23.1748 5.6184 0.197372
