223.933 -13.0458 2.93276 0.0271737
223.896 -12.7833 2.93174 0.192844
223.952 -12.8863 2.93206 0.155603
223.88 -12.8218 2.93181 0.186753
223.96 -12.8931 2.93731 0.0153124
223.502 -12.7712 2.92485 0.0190344
223.896 -12.7833 2.93174 0.192844
223.856 -12.5264 2.92947 0.0224462
223.96 -12.8931 2.93731 0.0153124
223.896 -12.7833 2.93174 0.192844
224.057 -12.9588 2.93161 0.0538776
223.96 -12.8931 2.93731 0.0153124
223.96 -12.8931 2.93731 0.0153124
223.896 -12.7833 2.93174 0.192844
223.952 -12.8863 2.93206 0.155603
223.856 -12.5264 2.92947 0.0224462
223.88 -12.8218 2.93181 0.186753
223.705 -12.8916 2.92206 0.0495112
223.908 -12.8986 2.92799 0.174823
223.933 -13.0458 2.93276 0.0271737
223.787 -12.5961 2.93445 0.00424167
223.952 -12.8863 2.93206 0.155603
223.88 -12.8218 2.93181 0.186753
223.908 -12.8986 2.92799 0.174823
223.952 -12.8863 2.93206 0.155603
224.057 -12.9588 2.93161 0.0538776
224.057 -12.9588 2.93161 0.0538776
223.88 -12.8218 2.93181 0.186753
223.908 -12.8986 2.92799 0.174823
223.933 -13.0458 2.93276 0.0271737
223.896 -12.7833 2.93174 0.192844
223.896 -12.7833 2.93174 0.192844
223.952 -12.8863 2.93206 0.155603
224.057 -12.9588 2.93161 0.0538776
223.88 -12.8218 2.93181 0.186753
223.88 -12.8218 2.93181 0.186753
223.88 -12.8218 2.93181 0.186753
223.908 -12.8986 2.92799 0.174823
223.896 -12.7833 2.93174 0.192844
223.856 -12.5264 2.92947 0.0224462
223.705 -12.8916 2.92206 0.0495112
223.908 -12.8986 2.92799 0.174823
223.896 -12.7833 2.93174 0.192844
223.88 -12.8218 2.93181 0.186753
223.88 -12.8218 2.93181 0.186753
223.96 -12.8931 2.93731 0.0153124
223.933 -13.0458 2.93276 0.0271737
223.952 -12.8863 2.93206 0.155603
223.952 -12.8863 2.93206 0.155603
224.057 -12.9588 2.93161 0.0538776
223.875 -12.5945 2.93317 0.0210621
223.705 -12.8916 2.92206 0.0495112
223.896 -12.7833 2.93174 0.192844
223.896 -12.7833 2.93174 0.192844
223.952 -12.8863 2.93206 0.155603
223.88 -12.8218 2.93181 0.186753
223.705 -12.8916 2.92206 0.0495112
223.896 -12.7833 2.93174 0.192844
223.896 -12.7833 2.93174 0.192844
224.057 -12.9588 2.93161 0.0538776
223.705 -12.8916 2.92206 0.0495112
223.908 -12.8986 2.92799 0.174823
223.908 -12.8986 2.92799 0.174823
223.952 -12.8863 2.93206 0.155603
223.88 -12.8218 2.93181 0.186753
223.705 -12.8916 2.92206 0.0495112
223.896 -12.7833 2.93174 0.192844
223.952 -12.8863 2.93206 0.155603
223.952 -12.8863 2.93206 0.155603
223.88 -12.8218 2.93181 0.186753
223.908 -12.8986 2.92799 0.174823
223.933 -13.0458 2.93276 0.0271737
223.896 -12.7833 2.93174 0.192844
223.88 -12.8218 2.93181 0.186753
223.908 -12.8986 2.92799 0.174823
223.908 -12.8986 2.92799 0.174823
223.896 -12.7833 2.93174 0.192844
223.896 -12.7833 2.93174 0.192844
223.88 -12.8218 2.93181 0.186753
223.875 -12.5945 2.93317 0.0210621
223.908 -12.8986 2.92799 0.174823
224.007 -12.6521 2.93625 0.0130337
223.896 -12.7833 2.93174 0.192844
223.952 -12.8863 2.93206 0.155603
223.88 -12.8218 2.93181 0.186753
223.705 -12.8916 2.92206 0.0495112
223.908 -12.8986 2.92799 0.174823
223.896 -12.7833 2.93174 0.192844
223.952 -12.8863 2.93206 0.155603
223.952 -12.8863 2.93206 0.155603
223.88 -12.8218 2.93181 0.186753
223.992 -12.6001 2.93652 0.00525136
223.908 -12.8986 2.92799 0.174823
223.588 -12.7713 2.92968 0.0168081
223.896 -12.7833 2.93174 0.192844
223.896 -12.7833 2.93174 0.192844
223.526 -12.5358 2.92797 0.00123171
223.705 -12.8916 2.92206 0.0495112
223.908 -12.8986 2.92799 0.174823
223.896 -12.7833 2.93174 0.192844
