-38.7951 -42.8746 1.46537 0.339473
-38.7951 -42.8746 1.46537 0.339473
-38.9518 -42.7096 1.45436 0.262972
-39.031 -42.7417 1.46061 0.0657992
-38.9518 -42.7096 1.45436 0.262972
-38.7544 -42.8664 1.4519 0.0215969
-38.7951 -42.8746 1.46537 0.339473
-38.7951 -42.8746 1.46537 0.339473
-38.9518 -42.7096 1.45436 0.262972
-38.7951 -42.8746 1.46537 0.339473
-38.7951 -42.8746 1.46537 0.339473
-38.9518 -42.7096 1.45436 0.262972
-38.6248 -42.7624 1.47112 0.0746904
-38.7951 -42.8746 1.46537 0.339473
-38.7951 -42.8746 1.46537 0.339473
-38.9518 -42.7096 1.45436 0.262972
-38.9518 -42.7096 1.45436 0.262972
-38.6248 -42.7624 1.47112 0.0746904
-39.031 -42.7417 1.46061 0.0657992
-38.746 -42.8929 1.45608 0.135849
-38.7951 -42.8746 1.46537 0.339473
-38.7951 -42.8746 1.46537 0.339473
-38.7951 -42.8746 1.46537 0.339473
-38.6248 -42.7624 1.47112 0.0746904
-38.746 -42.8929 1.45608 0.135849
-38.9518 -42.7096 1.45436 0.262972
-38.7951 -42.8746 1.46537 0.339473
-39.031 -42.7417 1.46061 0.0657992
-38.7951 -42.8746 1.46537 0.339473
-38.7951 -42.8746 1.46537 0.339473
-38.7951 -42.8746 1.46537 0.339473
-38.9518 -42.7096 1.45436 0.262972
-39.031 -42.7417 1.46061 0.0657992
-38.7237 -43.074 1.45629 0.00192292
-38.7951 -42.8746 1.46537 0.339473
-38.9518 -42.7096 1.45436 0.262972
-38.7951 -42.8746 1.46537 0.339473
-38.6248 -42.7624 1.47112 0.0746904
-39.031 -42.7417 1.46061 0.0657992
-38.746 -42.8929 1.45608 0.135849
-38.7951 -42.8746 1.46537 0.339473
-38.9518 -42.7096 1.45436 0.262972
-38.9518 -42.7096 1.45436 0.262972
-38.7697 -42.758 1.47143 0.0236011
-38.7697 -42.758 1.47143 0.0236011
-38.7951 -42.8746 1.46537 0.339473
-38.9518 -42.7096 1.45436 0.262972
-38.746 -42.8929 1.45608 0.135849
-38.9518 -42.7096 1.45436 0.262972
-38.6248 -42.7624 1.47112 0.0746904
-38.746 -42.8929 1.45608 0.135849
-38.6088 -42.5163 1.44877 0.0218647
-38.9518 -42.7096 1.45436 0.262972
-39.031 -42.7417 1.46061 0.0657992
-38.7951 -42.8746 1.46537 0.339473
-38.6248 -42.7624 1.47112 0.0746904
-38.7951 -42.8746 1.46537 0.339473
-38.6248 -42.7624 1.47112 0.0746904
-38.746 -42.8929 1.45608 0.135849
-38.7951 -42.8746 1.46537 0.339473
-38.9518 -42.7096 1.45436 0.262972
-39.031 -42.7417 1.46061 0.0657992
-38.6062 -42.7609 1.45027 0.0107731
-38.7951 -42.8746 1.46537 0.339473
-38.7951 -42.8746 1.46537 0.339473
-38.9518 -42.7096 1.45436 0.262972
-38.7951 -42.8746 1.46537 0.339473
-38.7951 -42.8746 1.46537 0.339473
-38.9518 -42.7096 1.45436 0.262972
-38.9518 -42.7096 1.45436 0.262972
-38.9518 -42.7096 1.45436 0.262972
-38.7544 -42.8664 1.4519 0.0215969
-38.7951 -42.8746 1.46537 0.339473
-38.6248 -42.7624 1.47112 0.0746904
-38.3476 -42.753 1.46046 0.0191982
-38.7951 -42.8746 1.46537 0.339473
-38.9518 -42.7096 1.45436 0.262972
-38.746 -42.8929 1.45608 0.135849
-38.9518 -42.7096 1.45436 0.262972
-38.746 -42.8929 1.45608 0.135849
-38.7951 -42.8746 1.46537 0.339473
-38.7951 -42.8746 1.46537 0.339473
-38.7544 -42.8664 1.4519 0.0215969
-38.7951 -42.8746 1.46537 0.339473
-38.9518 -42.7096 1.45436 0.262972
-38.4854 -43.0867 1.47189 0.00580512
-38.7951 -42.8746 1.46537 0.339473
-38.9518 -42.7096 1.45436 0.262972
-38.6248 -42.7624 1.47112 0.0746904
-38.7951 -42.8746 1.46537 0.339473
-38.7951 -42.8746 1.46537 0.339473
-38.7951 -42.8746 1.46537 0.339473
-38.746 -42.8929 1.45608 0.135849
-38.7951 -42.8746 1.46537 0.339473
-38.9518 -42.7096 1.45436 0.262972
-39.031 -42.7417 1.46061 0.0657992
-38.7951 -42.8746 1.46537 0.339473
-38.7951 -42.8746 1.46537 0.339473
-38.9518 -42.7096 1.45436 0.262972
-38.746 -42.8929 1.45608 0.135849
