9.81481 -94.2921 3.44976 0.168479
9.86489 -94.5517 3.45877 0.0145596
9.58924 -94.5732 3.44416 0.0543259
9.57158 -94.3881 3.45812 0.0434395
9.92457 -94.5212 3.46135 0.0062324
9.46068 -94.3779 3.45079 0.0745928
9.61946 -94.6623 3.44767 0.0354409
9.81481 -94.2921 3.44976 0.168479
9.83887 -94.1353 3.45137 0.087009
9.83887 -94.1353 3.45137 0.087009
9.90455 -94.5983 3.44541 0.0130674
9.97323 -94.3799 3.45672 0.0736821
9.57158 -94.3881 3.45812 0.0434395
9.61946 -94.6623 3.44767 0.0354409
10.0755 -94.4035 3.45447 0.0207098
9.90455 -94.5983 3.44541 0.0130674
9.97323 -94.3799 3.45672 0.0736821
10.0107 -94.2289 3.45203 0.038383
9.46068 -94.3779 3.45079 0.0745928
9.81481 -94.2921 3.44976 0.168479
9.97323 -94.3799 3.45672 0.0736821
9.97936 -94.2251 3.45267 0.0641562
9.58924 -94.5732 3.44416 0.0543259
9.57158 -94.3881 3.45812 0.0434395
10.0069 -94.5526 3.44829 0.0097458
9.74578 -94.068 3.45359 0.0972899
9.61946 -94.6623 3.44767 0.0354409
9.96653 -94.6148 3.45391 0.0103475
9.58924 -94.5732 3.44416 0.0543259
9.46068 -94.3779 3.45079 0.0745928
9.53002 -94.1979 3.44484 0.0212075
10.0411 -94.3607 3.44773 0.00872121
9.95754 -94.6359 3.44933 0.00974018
9.83887 -94.1353 3.45137 0.087009
9.58924 -94.5732 3.44416 0.0543259
9.57158 -94.3881 3.45812 0.0434395
10.0411 -94.3607 3.44773 0.00872121
9.81481 -94.2921 3.44976 0.168479
9.81481 -94.2921 3.44976 0.168479
9.81481 -94.2921 3.44976 0.168479
9.83887 -94.1353 3.45137 0.087009
9.97323 -94.3799 3.45672 0.0736821
9.7727 -94.618 3.456 0.0166837
9.57158 -94.3881 3.45812 0.0434395
9.74578 -94.068 3.45359 0.0972899
9.53002 -94.1979 3.44484 0.0212075
10.0755 -94.4035 3.45447 0.0207098
9.97323 -94.3799 3.45672 0.0736821
10.0107 -94.2289 3.45203 0.038383
9.57158 -94.3881 3.45812 0.0434395
9.61946 -94.6623 3.44767 0.0354409
9.81481 -94.2921 3.44976 0.168479
9.81481 -94.2921 3.44976 0.168479
9.7727 -94.618 3.456 0.0166837
9.58924 -94.5732 3.44416 0.0543259
9.74578 -94.068 3.45359 0.0972899
10.0411 -94.3607 3.44773 0.00872121
9.96653 -94.6148 3.45391 0.0103475
9.97936 -94.2251 3.45267 0.0641562
10.0069 -94.5526 3.44829 0.0097458
9.79172 -93.7667 3.46087 0.0025798
9.83887 -94.1353 3.45137 0.087009
9.97936 -94.2251 3.45267 0.0641562
9.71355 -94.1048 3.44874 0.043264
9.46068 -94.3779 3.45079 0.0745928
9.81481 -94.2921 3.44976 0.168479
9.97323 -94.3799 3.45672 0.0736821
9.57158 -94.3881 3.45812 0.0434395
9.96825 -93.8867 3.45888 0.00904511
9.81481 -94.2921 3.44976 0.168479
9.83887 -94.1353 3.45137 0.087009
9.71355 -94.1048 3.44874 0.043264
9.74578 -94.068 3.45359 0.0972899
9.74578 -94.068 3.45359 0.0972899
9.53002 -94.1979 3.44484 0.0212075
9.81481 -94.2921 3.44976 0.168479
9.83887 -94.1353 3.45137 0.087009
9.97936 -94.2251 3.45267 0.0641562
9.58924 -94.5732 3.44416 0.0543259
9.71355 -94.1048 3.44874 0.043264
9.92457 -94.5212 3.46135 0.0062324
10.0069 -94.5526 3.44829 0.0097458
9.74578 -94.068 3.45359 0.0972899
9.53002 -94.1979 3.44484 0.0212075
9.81481 -94.2921 3.44976 0.168479
9.83887 -94.1353 3.45137 0.087009
9.58924 -94.5732 3.44416 0.0543259
9.71355 -94.1048 3.44874 0.043264
9.74578 -94.068 3.45359 0.0972899
9.81481 -94.2921 3.44976 0.168479
9.97323 -94.3799 3.45672 0.0736821
9.97323 -94.3799 3.45672 0.0736821
9.58924 -94.5732 3.44416 0.0543259
9.46068 -94.3779 3.45079 0.0745928
10.0755 -94.4035 3.45447 0.0207098
9.97936 -94.2251 3.45267 0.0641562
9.7727 -94.618 3.456 0.0166837
9.74578 -94.068 3.45359 0.0972899
9.81481 -94.2921 3.44976 0.168479
9.97323 -94.3799 3.45672 0.0736821
