42.721 10.8636 0.180919 0.193642
42.4982 10.9783 0.185845 0.0354408
42.3259 10.987 0.181493 0.0204569
42.588 10.9303 0.181626 0.474469
42.721 10.8636 0.180919 0.193642
42.588 10.9303 0.181626 0.474469
42.8844 10.884 0.170423 0.0811327
42.721 10.8636 0.180919 0.193642
42.588 10.9303 0.181626 0.474469
42.721 10.8636 0.180919 0.193642
42.588 10.9303 0.181626 0.474469
42.5475 10.6823 0.175956 0.043104
42.588 10.9303 0.181626 0.474469
42.5475 10.6823 0.175956 0.043104
42.4982 10.9783 0.185845 0.0354408
42.588 10.9303 0.181626 0.474469
42.721 10.8636 0.180919 0.193642
42.5475 10.6823 0.175956 0.043104
42.721 10.8636 0.180919 0.193642
42.588 10.9303 0.181626 0.474469
42.6297 11.1676 0.176132 0.0339696
42.5475 10.6823 0.175956 0.043104
42.8844 10.884 0.170423 0.0811327
42.588 10.9303 0.181626 0.474469
42.588 10.9303 0.181626 0.474469
42.588 10.9303 0.181626 0.474469
42.588 10.9303 0.181626 0.474469
42.6297 11.1676 0.176132 0.0339696
42.6297 11.1676 0.176132 0.0339696
42.588 10.9303 0.181626 0.474469
42.8844 10.884 0.170423 0.0811327
42.721 10.8636 0.180919 0.193642
42.588 10.9303 0.181626 0.474469
42.721 10.8636 0.180919 0.193642
42.721 10.8636 0.180919 0.193642
42.588 10.9303 0.181626 0.474469
42.588 10.9303 0.181626 0.474469
42.4982 10.9783 0.185845 0.0354408
42.588 10.9303 0.181626 0.474469
42.588 10.9303 0.181626 0.474469
42.721 10.8636 0.180919 0.193642
42.3259 10.987 0.181493 0.0204569
42.4982 10.9783 0.185845 0.0354408
42.3731 11.0095 0.185112 0.0227705
42.588 10.9303 0.181626 0.474469
42.4982 10.9783 0.185845 0.0354408
42.3259 10.987 0.181493 0.0204569
42.721 10.8636 0.180919 0.193642
42.8844 10.884 0.170423 0.0811327
42.588 10.9303 0.181626 0.474469
42.8844 10.884 0.170423 0.0811327
42.4982 10.9783 0.185845 0.0354408
42.588 10.9303 0.181626 0.474469
42.3731 11.0095 0.185112 0.0227705
42.588 10.9303 0.181626 0.474469
42.588 10.9303 0.181626 0.474469
42.588 10.9303 0.181626 0.474469
42.588 10.9303 0.181626 0.474469
42.588 10.9303 0.181626 0.474469
42.588 10.9303 0.181626 0.474469
42.588 10.9303 0.181626 0.474469
42.721 10.8636 0.180919 0.193642
42.588 10.9303 0.181626 0.474469
42.8844 10.884 0.170423 0.0811327
42.588 10.9303 0.181626 0.474469
42.588 10.9303 0.181626 0.474469
42.8844 10.884 0.170423 0.0811327
42.588 10.9303 0.181626 0.474469
42.721 10.8636 0.180919 0.193642
42.6867 11.1032 0.184583 0.00859597
42.588 10.9303 0.181626 0.474469
42.5475 10.6823 0.175956 0.043104
42.588 10.9303 0.181626 0.474469
42.588 10.9303 0.181626 0.474469
42.8844 10.884 0.170423 0.0811327
42.588 10.9303 0.181626 0.474469
42.8844 10.884 0.170423 0.0811327
42.5475 10.6823 0.175956 0.043104
42.588 10.9303 0.181626 0.474469
42.588 10.9303 0.181626 0.474469
42.721 10.8636 0.180919 0.193642
42.4658 11.2481 0.183544 0.00200443
42.588 10.9303 0.181626 0.474469
42.3259 10.987 0.181493 0.0204569
42.8844 10.884 0.170423 0.0811327
42.5475 10.6823 0.175956 0.043104
42.721 10.8636 0.180919 0.193642
42.4917 11.1021 0.184469 0.0364303
42.721 10.8636 0.180919 0.193642
42.588 10.9303 0.181626 0.474469
42.588 10.9303 0.181626 0.474469
42.721 10.8636 0.180919 0.193642
42.8844 10.884 0.170423 0.0811327
42.588 10.9303 0.181626 0.474469
42.588 10.9303 0.181626 0.474469
42.588 10.9303 0.181626 0.474469
42.4982 10.9783 0.185845 0.0354408
42.588 10.9303 0.181626 0.474469
42.721 10.8636 0.180919 0.193642
42.721 10.8636 0.180919 0.193642
