129.458 19.8946 0.069081 0.134667
129.549 19.7944 0.0699394 0.0630436
129.507 19.8884 0.0718253 0.14637
129.704 20.1012 0.0698634 0.0303949
129.659 19.8421 0.0664747 0.030743
129.63 19.9849 0.0661775 0.0823496
129.507 19.8884 0.0718253 0.14637
129.52 19.8379 0.0652027 0.0273599
129.706 19.9532 0.0684322 0.0567905
129.706 19.9532 0.0684322 0.0567905
129.659 19.8421 0.0664747 0.030743
129.695 19.829 0.066629 0.0188594
129.621 19.9756 0.0698678 0.146426
129.458 19.8946 0.069081 0.134667
129.507 19.8884 0.0718253 0.14637
129.52 19.8379 0.0652027 0.0273599
129.359 20.0219 0.0719941 0.059606
129.704 20.1012 0.0698634 0.0303949
129.695 19.829 0.066629 0.0188594
129.63 19.9849 0.0661775 0.0823496
129.458 19.8946 0.069081 0.134667
129.549 19.7944 0.0699394 0.0630436
129.52 19.8379 0.0652027 0.0273599
129.704 20.1012 0.0698634 0.0303949
129.706 19.9532 0.0684322 0.0567905
129.621 19.9756 0.0698678 0.146426
129.458 19.8946 0.069081 0.134667
129.507 19.8884 0.0718253 0.14637
129.442 20.097 0.0691244 0.087634
129.442 20.097 0.0691244 0.087634
129.706 19.9532 0.0684322 0.0567905
129.621 19.9756 0.0698678 0.146426
129.63 19.9849 0.0661775 0.0823496
129.458 19.8946 0.069081 0.134667
129.458 19.8946 0.069081 0.134667
129.355 20.2006 0.0683163 0.00845262
129.442 20.097 0.0691244 0.087634
129.359 20.0219 0.0719941 0.059606
129.704 20.1012 0.0698634 0.0303949
129.787 19.9761 0.069275 0.0147298
129.621 19.9756 0.0698678 0.146426
129.458 19.8946 0.069081 0.134667
129.507 19.8884 0.0718253 0.14637
129.359 20.0219 0.0719941 0.059606
129.695 19.829 0.066629 0.0188594
129.548 19.7902 0.0659059 0.0204751
129.627 19.9665 0.0633152 0.0210008
129.458 19.8946 0.069081 0.134667
129.355 20.2006 0.0683163 0.00845262
129.442 20.097 0.0691244 0.087634
129.684 20.0748 0.0751969 0.00657661
129.621 19.9756 0.0698678 0.146426
129.621 19.9756 0.0698678 0.146426
129.458 19.8946 0.069081 0.134667
129.549 19.7944 0.0699394 0.0630436
129.442 20.097 0.0691244 0.087634
129.442 20.097 0.0691244 0.087634
129.803 20.0603 0.0707338 0.00613476
129.706 19.9532 0.0684322 0.0567905
129.695 19.829 0.066629 0.0188594
129.621 19.9756 0.0698678 0.146426
129.63 19.9849 0.0661775 0.0823496
129.63 19.9849 0.0661775 0.0823496
129.507 19.8884 0.0718253 0.14637
129.507 19.8884 0.0718253 0.14637
129.52 19.8379 0.0652027 0.0273599
129.359 20.0219 0.0719941 0.059606
129.621 19.9756 0.0698678 0.146426
129.458 19.8946 0.069081 0.134667
129.458 19.8946 0.069081 0.134667
129.507 19.8884 0.0718253 0.14637
129.507 19.8884 0.0718253 0.14637
129.52 19.8379 0.0652027 0.0273599
129.359 20.0219 0.0719941 0.059606
129.704 20.1012 0.0698634 0.0303949
129.621 20.1218 0.0617927 0.00521604
129.621 19.9756 0.0698678 0.146426
129.458 19.8946 0.069081 0.134667
129.549 19.7944 0.0699394 0.0630436
129.507 19.8884 0.0718253 0.14637
129.507 19.8884 0.0718253 0.14637
129.507 19.8884 0.0718253 0.14637
129.355 20.2006 0.0683163 0.00845262
129.706 19.9532 0.0684322 0.0567905
129.63 19.9849 0.0661775 0.0823496
129.458 19.8946 0.069081 0.134667
129.507 19.8884 0.0718253 0.14637
129.359 20.0219 0.0719941 0.059606
129.659 19.8421 0.0664747 0.030743
129.659 19.8421 0.0664747 0.030743
129.621 19.9756 0.0698678 0.146426
129.458 19.8946 0.069081 0.134667
129.549 19.7944 0.0699394 0.0630436
129.507 19.8884 0.0718253 0.14637
129.52 19.8379 0.0652027 0.0273599
129.442 20.097 0.0691244 0.087634
129.359 20.0219 0.0719941 0.059606
129.704 20.1012 0.0698634 0.0303949
129.621 19.9756 0.0698678 0.146426
129.627 19.9665 0.0633152 0.0210008
