69.2834 -42.8185 3.80205 0.702235
69.2834 -42.8185 3.80205 0.702235
69.2834 -42.8185 3.80205 0.702235
69.2834 -42.8185 3.80205 0.702235
69.2834 -42.8185 3.80205 0.702235
69.2834 -42.8185 3.80205 0.702235
69.2834 -42.8185 3.80205 0.702235
69.2834 -42.8185 3.80205 0.702235
69.2834 -42.8185 3.80205 0.702235
69.2834 -42.8185 3.80205 0.702235
69.2834 -42.8185 3.80205 0.702235
69.4931 -42.7841 3.80071 0.0694569
69.2834 -42.8185 3.80205 0.702235
69.2834 -42.8185 3.80205 0.702235
69.2834 -42.8185 3.80205 0.702235
69.2834 -42.8185 3.80205 0.702235
69.2834 -42.8185 3.80205 0.702235
69.2834 -42.8185 3.80205 0.702235
69.2834 -42.8185 3.80205 0.702235
69.2834 -42.8185 3.80205 0.702235
69.2834 -42.8185 3.80205 0.702235
69.2834 -42.8185 3.80205 0.702235
69.3633 -42.9487 3.80567 0.12348
69.2834 -42.8185 3.80205 0.702235
69.4931 -42.7841 3.80071 0.0694569
69.2834 -42.8185 3.80205 0.702235
69.2834 -42.8185 3.80205 0.702235
69.2834 -42.8185 3.80205 0.702235
69.3633 -42.9487 3.80567 0.12348
69.2834 -42.8185 3.80205 0.702235
69.2834 -42.8185 3.80205 0.702235
69.2834 -42.8185 3.80205 0.702235
69.2834 -42.8185 3.80205 0.702235
69.2834 -42.8185 3.80205 0.702235
69.2834 -42.8185 3.80205 0.702235
69.3633 -42.9487 3.80567 0.12348
69.2834 -42.8185 3.80205 0.702235
69.2834 -42.8185 3.80205 0.702235
69.2834 -42.8185 3.80205 0.702235
69.4931 -42.7841 3.80071 0.0694569
69.2834 -42.8185 3.80205 0.702235
69.2834 -42.8185 3.80205 0.702235
69.2834 -42.8185 3.80205 0.702235
69.4931 -42.7841 3.80071 0.0694569
69.2834 -42.8185 3.80205 0.702235
69.2834 -42.8185 3.80205 0.702235
69.2834 -42.8185 3.80205 0.702235
69.2834 -42.8185 3.80205 0.702235
69.2834 -42.8185 3.80205 0.702235
69.2834 -42.8185 3.80205 0.702235
69.2834 -42.8185 3.80205 0.702235
69.2834 -42.8185 3.80205 0.702235
69.2834 -42.8185 3.80205 0.702235
69.4452 -42.9417 3.80722 0.0266643
69.2834 -42.8185 3.80205 0.702235
69.2834 -42.8185 3.80205 0.702235
69.2834 -42.8185 3.80205 0.702235
69.2834 -42.8185 3.80205 0.702235
69.2834 -42.8185 3.80205 0.702235
69.2834 -42.8185 3.80205 0.702235
69.2834 -42.8185 3.80205 0.702235
69.2834 -42.8185 3.80205 0.702235
69.4931 -42.7841 3.80071 0.0694569
69.2834 -42.8185 3.80205 0.702235
69.4675 -42.8006 3.79818 0.0524869
69.2834 -42.8185 3.80205 0.702235
69.2834 -42.8185 3.80205 0.702235
69.2834 -42.8185 3.80205 0.702235
69.4931 -42.7841 3.80071 0.0694569
69.4675 -42.8006 3.79818 0.0524869
69.2834 -42.8185 3.80205 0.702235
69.2834 -42.8185 3.80205 0.702235
69.2834 -42.8185 3.80205 0.702235
69.2834 -42.8185 3.80205 0.702235
69.2834 -42.8185 3.80205 0.702235
69.3633 -42.9487 3.80567 0.12348
69.2834 -42.8185 3.80205 0.702235
69.2834 -42.8185 3.80205 0.702235
69.2834 -42.8185 3.80205 0.702235
69.2834 -42.8185 3.80205 0.702235
69.2834 -42.8185 3.80205 0.702235
69.4675 -42.8006 3.79818 0.0524869
69.2834 -42.8185 3.80205 0.702235
69.4675 -42.8006 3.79818 0.0524869
69.2834 -42.8185 3.80205 0.702235
69.2834 -42.8185 3.80205 0.702235
69.3633 -42.9487 3.80567 0.12348
69.2834 -42.8185 3.80205 0.702235
69.2834 -42.8185 3.80205 0.702235
69.2834 -42.8185 3.80205 0.702235
69.4675 -42.8006 3.79818 0.0524869
69.2834 -42.8185 3.80205 0.702235
69.4931 -42.7841 3.80071 0.0694569
69.2834 -42.8185 3.80205 0.702235
69.2834 -42.8185 3.80205 0.702235
69.2834 -42.8185 3.80205 0.702235
69.2834 -42.8185 3.80205 0.702235
69.3633 -42.9487 3.80567 0.12348
69.2834 -42.8185 3.80205 0.702235
69.2834 -42.8185 3.80205 0.702235
