-13.6705 -92.8564 2.8993 0.215801
-13.5805 -92.7708 2.90522 0.0685501
-13.7271 -92.9013 2.8992 0.125316
-13.6923 -92.7842 2.90073 0.207897
-13.597 -92.7286 2.90409 0.105569
-13.6705 -92.8564 2.8993 0.215801
-13.6923 -92.7842 2.90073 0.207897
-13.5805 -92.7708 2.90522 0.0685501
-13.4053 -92.6557 2.90679 0.0199767
-13.6923 -92.7842 2.90073 0.207897
-13.6923 -92.7842 2.90073 0.207897
-13.597 -92.7286 2.90409 0.105569
-13.597 -92.7286 2.90409 0.105569
-13.597 -92.7286 2.90409 0.105569
-13.6705 -92.8564 2.8993 0.215801
-13.6705 -92.8564 2.8993 0.215801
-13.894 -92.695 2.89865 0.0531201
-13.6861 -92.9501 2.90279 0.0365579
-13.597 -92.7286 2.90409 0.105569
-13.6705 -92.8564 2.8993 0.215801
-13.6705 -92.8564 2.8993 0.215801
-13.6923 -92.7842 2.90073 0.207897
-13.597 -92.7286 2.90409 0.105569
-13.6705 -92.8564 2.8993 0.215801
-13.6705 -92.8564 2.8993 0.215801
-13.6923 -92.7842 2.90073 0.207897
-13.3085 -92.9999 2.90017 0.00326562
-13.6705 -92.8564 2.8993 0.215801
-13.5805 -92.7708 2.90522 0.0685501
-13.5805 -92.7708 2.90522 0.0685501
-13.4082 -92.9512 2.89455 0.0092796
-13.4053 -92.6557 2.90679 0.0199767
-13.6705 -92.8564 2.8993 0.215801
-13.6923 -92.7842 2.90073 0.207897
-13.597 -92.7286 2.90409 0.105569
-13.7271 -92.9013 2.8992 0.125316
-13.6923 -92.7842 2.90073 0.207897
-13.597 -92.7286 2.90409 0.105569
-13.7271 -92.9013 2.8992 0.125316
-13.7271 -92.9013 2.8992 0.125316
-13.7271 -92.9013 2.8992 0.125316
-13.6705 -92.8564 2.8993 0.215801
-13.5805 -92.7708 2.90522 0.0685501
-13.597 -92.7286 2.90409 0.105569
-13.6705 -92.8564 2.8993 0.215801
-13.6705 -92.8564 2.8993 0.215801
-13.6705 -92.8564 2.8993 0.215801
-13.6923 -92.7842 2.90073 0.207897
-13.597 -92.7286 2.90409 0.105569
-13.7271 -92.9013 2.8992 0.125316
-13.6705 -92.8564 2.8993 0.215801
-13.6705 -92.8564 2.8993 0.215801
-13.6923 -92.7842 2.90073 0.207897
-13.5805 -92.7708 2.90522 0.0685501
-13.6864 -93.0496 2.89389 0.0201034
-13.597 -92.7286 2.90409 0.105569
-13.7271 -92.9013 2.8992 0.125316
-13.6705 -92.8564 2.8993 0.215801
-13.6923 -92.7842 2.90073 0.207897
-13.6861 -92.9501 2.90279 0.0365579
-13.597 -92.7286 2.90409 0.105569
-13.7529 -92.9096 2.88749 0.0175081
-13.7271 -92.9013 2.8992 0.125316
-13.6705 -92.8564 2.8993 0.215801
-13.6923 -92.7842 2.90073 0.207897
-13.6923 -92.7842 2.90073 0.207897
-13.8005 -92.8832 2.90188 0.0362935
-13.7271 -92.9013 2.8992 0.125316
-13.7271 -92.9013 2.8992 0.125316
-13.6705 -92.8564 2.8993 0.215801
-13.6705 -92.8564 2.8993 0.215801
-13.6923 -92.7842 2.90073 0.207897
-13.5805 -92.7708 2.90522 0.0685501
-13.8219 -93.0884 2.89414 0.00695986
-13.8005 -92.8832 2.90188 0.0362935
-13.6705 -92.8564 2.8993 0.215801
-13.6923 -92.7842 2.90073 0.207897
-13.597 -92.7286 2.90409 0.105569
-13.7529 -92.9096 2.88749 0.0175081
-13.7271 -92.9013 2.8992 0.125316
-13.6923 -92.7842 2.90073 0.207897
-13.6923 -92.7842 2.90073 0.207897
-13.6861 -92.9501 2.90279 0.0365579
-13.7271 -92.9013 2.8992 0.125316
-13.6705 -92.8564 2.8993 0.215801
-13.6923 -92.7842 2.90073 0.207897
-13.6861 -92.9501 2.90279 0.0365579
-13.7271 -92.9013 2.8992 0.125316
-13.6705 -92.8564 2.8993 0.215801
-13.6705 -92.8564 2.8993 0.215801
-13.6923 -92.7842 2.90073 0.207897
-13.5805 -92.7708 2.90522 0.0685501
-13.5805 -92.7708 2.90522 0.0685501
-13.7529 -92.9096 2.88749 0.0175081
-13.6705 -92.8564 2.8993 0.215801
-13.6923 -92.7842 2.90073 0.207897
-13.894 -92.695 2.89865 0.0531201
-13.7271 -92.9013 2.8992 0.125316
-13.7271 -92.9013 2.8992 0.125316
-13.6705 -92.8564 2.8993 0.215801
