-12.5918 -93.6545 2.83301 0.125007
-12.5248 -93.7415 2.82674 0.0760851
-12.383 -93.54 2.83862 0.0422634
-12.5042 -93.7459 2.82543 0.0408133
-12.4647 -93.9584 2.83219 0.115903
-12.3357 -93.7751 2.83549 0.23715
-12.5918 -93.6545 2.83301 0.125007
-12.5918 -93.6545 2.83301 0.125007
-12.3357 -93.7751 2.83549 0.23715
-12.3357 -93.7751 2.83549 0.23715
-12.4769 -93.5624 2.82777 0.026649
-12.4647 -93.9584 2.83219 0.115903
-12.3084 -93.4671 2.83863 0.0122184
-12.7301 -93.9468 2.82469 0.0101217
-12.5248 -93.7415 2.82674 0.0760851
-12.3357 -93.7751 2.83549 0.23715
-12.5918 -93.6545 2.83301 0.125007
-12.7301 -93.9468 2.82469 0.0101217
-12.3357 -93.7751 2.83549 0.23715
-12.3357 -93.7751 2.83549 0.23715
-12.5918 -93.6545 2.83301 0.125007
-12.4647 -93.9584 2.83219 0.115903
-12.3357 -93.7751 2.83549 0.23715
-12.5042 -93.7459 2.82543 0.0408133
-12.3316 -93.6589 2.84275 0.0376445
-12.3357 -93.7751 2.83549 0.23715
-12.4769 -93.5624 2.82777 0.026649
-12.5248 -93.7415 2.82674 0.0760851
-12.2218 -93.6335 2.83112 0.0176379
-12.2218 -93.6335 2.83112 0.0176379
-12.5918 -93.6545 2.83301 0.125007
-12.5248 -93.7415 2.82674 0.0760851
-12.3357 -93.7751 2.83549 0.23715
-12.8096 -93.8194 2.82868 0.016611
-12.3316 -93.6589 2.84275 0.0376445
-12.3357 -93.7751 2.83549 0.23715
-12.3357 -93.7751 2.83549 0.23715
-12.3357 -93.7751 2.83549 0.23715
-12.5918 -93.6545 2.83301 0.125007
-12.4647 -93.9584 2.83219 0.115903
-12.3357 -93.7751 2.83549 0.23715
-12.6229 -93.5697 2.83724 0.0194243
-12.3316 -93.6589 2.84275 0.0376445
-12.3357 -93.7751 2.83549 0.23715
-12.2218 -93.6335 2.83112 0.0176379
-12.5042 -93.7459 2.82543 0.0408133
-12.5248 -93.7415 2.82674 0.0760851
-12.383 -93.54 2.83862 0.0422634
-12.6805 -94.0419 2.83064 0.0140933
-12.8096 -93.8194 2.82868 0.016611
-12.5918 -93.6545 2.83301 0.125007
-12.5918 -93.6545 2.83301 0.125007
-12.3316 -93.6589 2.84275 0.0376445
-12.4003 -93.8662 2.84697 0.00258892
-12.7301 -93.9468 2.82469 0.0101217
-12.3357 -93.7751 2.83549 0.23715
-12.3357 -93.7751 2.83549 0.23715
-12.3357 -93.7751 2.83549 0.23715
-12.3357 -93.7751 2.83549 0.23715
-12.5918 -93.6545 2.83301 0.125007
-12.5248 -93.7415 2.82674 0.0760851
-12.3357 -93.7751 2.83549 0.23715
-12.6803 -93.5644 2.82923 0.023232
-12.8274 -93.6711 2.82523 0.00605532
-12.4647 -93.9584 2.83219 0.115903
-12.3357 -93.7751 2.83549 0.23715
-12.5042 -93.7459 2.82543 0.0408133
-12.4647 -93.9584 2.83219 0.115903
-12.3357 -93.7751 2.83549 0.23715
-12.8589 -93.8804 2.83565 0.00116689
-12.4647 -93.9584 2.83219 0.115903
-12.6176 -93.9816 2.83648 0.0263106
-12.3357 -93.7751 2.83549 0.23715
-12.3357 -93.7751 2.83549 0.23715
-12.5918 -93.6545 2.83301 0.125007
-12.167 -93.6728 2.83569 0.0348624
-12.7876 -93.6746 2.83076 0.0169323
-12.3357 -93.7751 2.83549 0.23715
-12.4769 -93.5624 2.82777 0.026649
-12.167 -93.6728 2.83569 0.0348624
-12.167 -93.6728 2.83569 0.0348624
-12.5248 -93.7415 2.82674 0.0760851
-12.6229 -93.5697 2.83724 0.0194243
-12.8096 -93.8194 2.82868 0.016611
-12.167 -93.6728 2.83569 0.0348624
-12.4647 -93.9584 2.83219 0.115903
-12.6176 -93.9816 2.83648 0.0263106
-12.5248 -93.7415 2.82674 0.0760851
-12.3357 -93.7751 2.83549 0.23715
-12.3357 -93.7751 2.83549 0.23715
-12.383 -93.54 2.83862 0.0422634
-12.5918 -93.6545 2.83301 0.125007
-12.5248 -93.7415 2.82674 0.0760851
-12.6805 -94.0419 2.83064 0.0140933
-12.7504 -93.8473 2.83513 0.0160438
-12.5918 -93.6545 2.83301 0.125007
-12.167 -93.6728 2.83569 0.0348624
-12.4647 -93.9584 2.83219 0.115903
-12.3357 -93.7751 2.83549 0.23715
-12.5918 -93.6545 2.83301 0.125007
