49.4068 -62.6812 3.93881 0.0325709
49.3267 -62.5363 3.94279 0.524141
49.3267 -62.5363 3.94279 0.524141
49.3267 -62.5363 3.94279 0.524141
49.3267 -62.5363 3.94279 0.524141
49.3267 -62.5363 3.94279 0.524141
49.1119 -62.4836 3.94047 0.101218
49.0648 -62.4073 3.94024 0.0215792
49.3408 -62.5203 3.94866 0.183754
49.111 -62.4994 3.94505 0.0870876
49.111 -62.4994 3.94505 0.0870876
49.3267 -62.5363 3.94279 0.524141
49.3267 -62.5363 3.94279 0.524141
49.2031 -62.2794 3.93899 0.00736399
49.3267 -62.5363 3.94279 0.524141
49.3408 -62.5203 3.94866 0.183754
49.1345 -62.6676 3.94925 0.00243083
49.3267 -62.5363 3.94279 0.524141
49.3267 -62.5363 3.94279 0.524141
49.4068 -62.6812 3.93881 0.0325709
49.3267 -62.5363 3.94279 0.524141
49.3267 -62.5363 3.94279 0.524141
49.3267 -62.5363 3.94279 0.524141
49.3267 -62.5363 3.94279 0.524141
49.1119 -62.4836 3.94047 0.101218
49.3267 -62.5363 3.94279 0.524141
49.1119 -62.4836 3.94047 0.101218
49.3267 -62.5363 3.94279 0.524141
49.3267 -62.5363 3.94279 0.524141
49.2511 -62.0922 3.94544 0.000219636
49.111 -62.4994 3.94505 0.0870876
49.3267 -62.5363 3.94279 0.524141
49.3408 -62.5203 3.94866 0.183754
49.3267 -62.5363 3.94279 0.524141
49.3408 -62.5203 3.94866 0.183754
49.3408 -62.5203 3.94866 0.183754
49.3408 -62.5203 3.94866 0.183754
49.1672 -62.3131 3.93838 0.00918675
49.3267 -62.5363 3.94279 0.524141
48.9697 -62.5429 3.93346 0.00036232
49.4068 -62.6812 3.93881 0.0325709
49.3267 -62.5363 3.94279 0.524141
49.3408 -62.5203 3.94866 0.183754
49.3267 -62.5363 3.94279 0.524141
49.111 -62.4994 3.94505 0.0870876
49.3267 -62.5363 3.94279 0.524141
49.111 -62.4994 3.94505 0.0870876
49.1119 -62.4836 3.94047 0.101218
49.3267 -62.5363 3.94279 0.524141
49.2031 -62.2794 3.93899 0.00736399
49.3267 -62.5363 3.94279 0.524141
49.111 -62.4994 3.94505 0.0870876
49.3267 -62.5363 3.94279 0.524141
49.0648 -62.4073 3.94024 0.0215792
49.111 -62.4994 3.94505 0.0870876
49.3267 -62.5363 3.94279 0.524141
49.2031 -62.2794 3.93899 0.00736399
49.111 -62.4994 3.94505 0.0870876
49.3267 -62.5363 3.94279 0.524141
49.3267 -62.5363 3.94279 0.524141
49.3267 -62.5363 3.94279 0.524141
49.3267 -62.5363 3.94279 0.524141
49.3267 -62.5363 3.94279 0.524141
49.3267 -62.5363 3.94279 0.524141
49.111 -62.4994 3.94505 0.0870876
49.1119 -62.4836 3.94047 0.101218
49.111 -62.4994 3.94505 0.0870876
49.3408 -62.5203 3.94866 0.183754
49.3408 -62.5203 3.94866 0.183754
49.3408 -62.5203 3.94866 0.183754
49.3267 -62.5363 3.94279 0.524141
49.3267 -62.5363 3.94279 0.524141
49.3267 -62.5363 3.94279 0.524141
49.0721 -62.3505 3.93738 0.0032719
49.3267 -62.5363 3.94279 0.524141
49.3267 -62.5363 3.94279 0.524141
49.3267 -62.5363 3.94279 0.524141
49.2031 -62.2794 3.93899 0.00736399
49.3267 -62.5363 3.94279 0.524141
49.3267 -62.5363 3.94279 0.524141
49.3267 -62.5363 3.94279 0.524141
49.3267 -62.5363 3.94279 0.524141
49.3408 -62.5203 3.94866 0.183754
49.3267 -62.5363 3.94279 0.524141
49.111 -62.4994 3.94505 0.0870876
49.3408 -62.5203 3.94866 0.183754
49.3408 -62.5203 3.94866 0.183754
49.3267 -62.5363 3.94279 0.524141
49.3408 -62.5203 3.94866 0.183754
49.3267 -62.5363 3.94279 0.524141
49.3267 -62.5363 3.94279 0.524141
49.2579 -62.7485 3.94959 0.00122531
49.111 -62.4994 3.94505 0.0870876
49.3408 -62.5203 3.94866 0.183754
49.3267 -62.5363 3.94279 0.524141
49.3267 -62.5363 3.94279 0.524141
49.3408 -62.5203 3.94866 0.183754
49.111 -62.4994 3.94505 0.0870876
49.2579 -62.7485 3.94959 0.00122531
49.3408 -62.5203 3.94866 0.183754
