186.41 24.1812 0.0602311 0.0975067
186.396 23.9113 0.0705833 0.10748
186.26 24.1546 0.0690783 0.432784
186.26 24.1546 0.0690783 0.432784
186.419 24.3468 0.062726 0.035772
186.26 24.1546 0.0690783 0.432784
186.396 23.9113 0.0705833 0.10748
186.356 23.8992 0.0733666 0.0365792
186.26 24.1546 0.0690783 0.432784
186.41 24.1812 0.0602311 0.0975067
186.442 24.0814 0.0763716 0.00760219
186.356 24.327 0.0671984 0.0873181
186.396 23.9113 0.0705833 0.10748
186.26 24.1546 0.0690783 0.432784
186.396 23.9113 0.0705833 0.10748
186.396 23.9113 0.0705833 0.10748
186.26 24.1546 0.0690783 0.432784
186.26 24.1546 0.0690783 0.432784
186.41 24.1812 0.0602311 0.0975067
186.514 24.3074 0.0722587 0.00568354
186.26 24.1546 0.0690783 0.432784
186.672 24.0469 0.0702488 0.00366746
186.396 23.9113 0.0705833 0.10748
186.419 24.3468 0.062726 0.035772
186.396 23.9113 0.0705833 0.10748
186.26 24.1546 0.0690783 0.432784
186.396 23.9113 0.0705833 0.10748
186.356 24.327 0.0671984 0.0873181
186.449 24.2014 0.0731088 0.04317
186.652 24.1608 0.0625508 0.02639
186.26 24.1546 0.0690783 0.432784
186.396 23.9113 0.0705833 0.10748
186.356 24.327 0.0671984 0.0873181
186.26 24.1546 0.0690783 0.432784
186.356 24.327 0.0671984 0.0873181
186.26 24.1546 0.0690783 0.432784
186.518 24.2804 0.0694841 0.0382023
186.26 24.1546 0.0690783 0.432784
186.45 24.2421 0.0760158 0.00250215
186.518 24.2804 0.0694841 0.0382023
186.26 24.1546 0.0690783 0.432784
186.449 24.2014 0.0731088 0.04317
186.356 24.327 0.0671984 0.0873181
186.26 24.1546 0.0690783 0.432784
186.356 23.8992 0.0733666 0.0365792
186.356 23.8992 0.0733666 0.0365792
186.41 24.1812 0.0602311 0.0975067
186.26 24.1546 0.0690783 0.432784
186.26 24.1546 0.0690783 0.432784
186.702 24.1276 0.0664035 0.00716316
186.518 24.2804 0.0694841 0.0382023
186.356 24.327 0.0671984 0.0873181
186.396 23.9113 0.0705833 0.10748
186.26 24.1546 0.0690783 0.432784
186.26 24.1546 0.0690783 0.432784
186.419 24.3468 0.062726 0.035772
186.26 24.1546 0.0690783 0.432784
186.26 24.1546 0.0690783 0.432784
186.41 24.1812 0.0602311 0.0975067
186.396 23.9113 0.0705833 0.10748
186.41 24.1812 0.0602311 0.0975067
186.26 24.1546 0.0690783 0.432784
186.396 23.9113 0.0705833 0.10748
186.41 24.1812 0.0602311 0.0975067
186.396 23.9113 0.0705833 0.10748
186.26 24.1546 0.0690783 0.432784
186.442 24.0814 0.0763716 0.00760219
186.356 24.327 0.0671984 0.0873181
186.26 24.1546 0.0690783 0.432784
186.396 23.9113 0.0705833 0.10748
186.702 24.1276 0.0664035 0.00716316
186.26 24.1546 0.0690783 0.432784
186.356 24.327 0.0671984 0.0873181
186.518 24.2804 0.0694841 0.0382023
186.419 24.3468 0.062726 0.035772
186.356 24.327 0.0671984 0.0873181
186.26 24.1546 0.0690783 0.432784
186.652 24.1608 0.0625508 0.02639
186.26 24.1546 0.0690783 0.432784
186.518 24.2804 0.0694841 0.0382023
186.556 23.9627 0.0727068 0.00921845
186.396 23.9113 0.0705833 0.10748
186.26 24.1546 0.0690783 0.432784
186.26 24.1546 0.0690783 0.432784
186.26 24.1546 0.0690783 0.432784
186.41 24.1812 0.0602311 0.0975067
186.26 24.1546 0.0690783 0.432784
186.356 24.327 0.0671984 0.0873181
186.41 24.1812 0.0602311 0.0975067
186.26 24.1546 0.0690783 0.432784
186.26 24.1546 0.0690783 0.432784
186.26 24.1546 0.0690783 0.432784
186.41 24.1812 0.0602311 0.0975067
186.26 24.1546 0.0690783 0.432784
186.332 23.8279 0.0698899 0.0277722
186.419 24.3468 0.062726 0.035772
186.41 24.1812 0.0602311 0.0975067
186.26 24.1546 0.0690783 0.432784
186.356 24.327 0.0671984 0.0873181
186.518 24.2804 0.0694841 0.0382023
