2.69544 4.47986 0.293004 0.310851
2.83329 4.65004 0.288059 0.0796007
2.66496 4.51579 0.289531 0.110981
2.69544 4.47986 0.293004 0.310851
2.69507 4.59444 0.297976 0.11959
2.53387 4.68619 0.288869 0.00272361
2.91726 4.48142 0.289555 0.0482294
2.69544 4.47986 0.293004 0.310851
2.66777 4.44822 0.292687 0.191474
2.66777 4.44822 0.292687 0.191474
2.69544 4.47986 0.293004 0.310851
2.69507 4.59444 0.297976 0.11959
2.66777 4.44822 0.292687 0.191474
2.69507 4.59444 0.297976 0.11959
2.66777 4.44822 0.292687 0.191474
2.8445 4.55301 0.299497 0.00294474
2.69544 4.47986 0.293004 0.310851
2.69544 4.47986 0.293004 0.310851
2.69544 4.47986 0.293004 0.310851
2.66777 4.44822 0.292687 0.191474
2.69507 4.59444 0.297976 0.11959
2.91726 4.48142 0.289555 0.0482294
2.69658 4.49887 0.288778 0.0901837
2.69658 4.49887 0.288778 0.0901837
2.83329 4.65004 0.288059 0.0796007
2.66496 4.51579 0.289531 0.110981
2.69544 4.47986 0.293004 0.310851
2.69544 4.47986 0.293004 0.310851
2.69544 4.47986 0.293004 0.310851
2.69507 4.59444 0.297976 0.11959
2.91726 4.48142 0.289555 0.0482294
2.69507 4.59444 0.297976 0.11959
2.91726 4.48142 0.289555 0.0482294
2.69544 4.47986 0.293004 0.310851
2.69507 4.59444 0.297976 0.11959
2.69658 4.49887 0.288778 0.0901837
2.69544 4.47986 0.293004 0.310851
2.69507 4.59444 0.297976 0.11959
2.69658 4.49887 0.288778 0.0901837
2.69544 4.47986 0.293004 0.310851
2.69544 4.47986 0.293004 0.310851
2.66777 4.44822 0.292687 0.191474
2.62734 4.56355 0.28733 0.0141484
2.69544 4.47986 0.293004 0.310851
2.66496 4.51579 0.289531 0.110981
2.69658 4.49887 0.288778 0.0901837
2.69658 4.49887 0.288778 0.0901837
2.83329 4.65004 0.288059 0.0796007
2.69544 4.47986 0.293004 0.310851
2.69544 4.47986 0.293004 0.310851
2.66777 4.44822 0.292687 0.191474
2.69544 4.47986 0.293004 0.310851
2.66777 4.44822 0.292687 0.191474
2.69544 4.47986 0.293004 0.310851
2.69507 4.59444 0.297976 0.11959
2.66777 4.44822 0.292687 0.191474
2.69544 4.47986 0.293004 0.310851
2.69507 4.59444 0.297976 0.11959
2.66777 4.44822 0.292687 0.191474
2.91726 4.48142 0.289555 0.0482294
2.69544 4.47986 0.293004 0.310851
2.69507 4.59444 0.297976 0.11959
2.83329 4.65004 0.288059 0.0796007
2.66777 4.44822 0.292687 0.191474
2.69544 4.47986 0.293004 0.310851
2.66777 4.44822 0.292687 0.191474
2.91726 4.48142 0.289555 0.0482294
2.69658 4.49887 0.288778 0.0901837
2.69507 4.59444 0.297976 0.11959
2.69507 4.59444 0.297976 0.11959
2.66496 4.51579 0.289531 0.110981
2.69544 4.47986 0.293004 0.310851
2.66496 4.51579 0.289531 0.110981
2.69658 4.49887 0.288778 0.0901837
2.66496 4.51579 0.289531 0.110981
2.66496 4.51579 0.289531 0.110981
2.69544 4.47986 0.293004 0.310851
2.69544 4.47986 0.293004 0.310851
2.66496 4.51579 0.289531 0.110981
2.66777 4.44822 0.292687 0.191474
2.69544 4.47986 0.293004 0.310851
2.69507 4.59444 0.297976 0.11959
2.69658 4.49887 0.288778 0.0901837
2.69544 4.47986 0.293004 0.310851
2.66777 4.44822 0.292687 0.191474
2.66777 4.44822 0.292687 0.191474
2.69544 4.47986 0.293004 0.310851
2.66777 4.44822 0.292687 0.191474
2.69507 4.59444 0.297976 0.11959
2.66496 4.51579 0.289531 0.110981
2.66777 4.44822 0.292687 0.191474
2.91726 4.48142 0.289555 0.0482294
2.69658 4.49887 0.288778 0.0901837
2.66496 4.51579 0.289531 0.110981
2.69544 4.47986 0.293004 0.310851
2.69507 4.59444 0.297976 0.11959
2.69507 4.59444 0.297976 0.11959
2.69507 4.59444 0.297976 0.11959
2.66777 4.44822 0.292687 0.191474
2.66777 4.44822 0.292687 0.191474
