133.021 -18.7121 3.37041 0.173922
133.094 -18.5772 3.37359 0.0762387
133.126 -18.6437 3.37009 0.139552
133.147 -18.573 3.37291 0.0807387
133.021 -18.7121 3.37041 0.173922
133.198 -18.9245 3.37083 0.0351512
133.058 -18.9077 3.37399 0.0340011
133.094 -18.5772 3.37359 0.0762387
133.203 -18.7556 3.36729 0.0464636
133.167 -18.7161 3.3755 0.0890816
133.021 -18.7121 3.37041 0.173922
133.021 -18.7121 3.37041 0.173922
133.164 -18.7157 3.37537 0.0932019
133.058 -18.9077 3.37399 0.0340011
133.203 -18.7556 3.36729 0.0464636
133.021 -18.7121 3.37041 0.173922
133.091 -18.9772 3.36483 0.0063082
133.126 -18.6437 3.37009 0.139552
133.167 -18.7161 3.3755 0.0890816
133.221 -18.8537 3.36958 0.0507882
133.021 -18.7121 3.37041 0.173922
133.058 -18.9077 3.37399 0.0340011
133.126 -18.6437 3.37009 0.139552
133.147 -18.573 3.37291 0.0807387
133.221 -18.8537 3.36958 0.0507882
133.091 -18.9772 3.36483 0.0063082
133.052 -18.4807 3.36504 0.00490199
133.058 -18.9077 3.37399 0.0340011
133.094 -18.5772 3.37359 0.0762387
133.126 -18.6437 3.37009 0.139552
133.126 -18.6437 3.37009 0.139552
133.203 -18.7556 3.36729 0.0464636
133.221 -18.8537 3.36958 0.0507882
133.221 -18.8537 3.36958 0.0507882
133.021 -18.7121 3.37041 0.173922
133.164 -18.7157 3.37537 0.0932019
133.094 -18.5772 3.37359 0.0762387
133.203 -18.7556 3.36729 0.0464636
133.033 -18.6966 3.36492 0.0463559
133.291 -18.838 3.37949 0.00519253
133.021 -18.7121 3.37041 0.173922
133.021 -18.7121 3.37041 0.173922
133.164 -18.7157 3.37537 0.0932019
133.164 -18.7157 3.37537 0.0932019
133.094 -18.5772 3.37359 0.0762387
133.203 -18.7556 3.36729 0.0464636
133.147 -18.573 3.37291 0.0807387
133.021 -18.7121 3.37041 0.173922
133.021 -18.7121 3.37041 0.173922
133.021 -18.7121 3.37041 0.173922
133.164 -18.7157 3.37537 0.0932019
133.094 -18.5772 3.37359 0.0762387
132.963 -18.679 3.37534 0.0284825
133.147 -18.573 3.37291 0.0807387
133.021 -18.7121 3.37041 0.173922
133.021 -18.7121 3.37041 0.173922
132.887 -18.7674 3.36645 0.0502001
133.203 -18.7556 3.36729 0.0464636
133.203 -18.7556 3.36729 0.0464636
133.147 -18.573 3.37291 0.0807387
133.291 -18.838 3.37949 0.00519253
133.021 -18.7121 3.37041 0.173922
133.058 -18.9077 3.37399 0.0340011
133.203 -18.7556 3.36729 0.0464636
133.167 -18.7161 3.3755 0.0890816
133.221 -18.8537 3.36958 0.0507882
133.021 -18.7121 3.37041 0.173922
133.164 -18.7157 3.37537 0.0932019
133.126 -18.6437 3.37009 0.139552
133.126 -18.6437 3.37009 0.139552
133.033 -18.6966 3.36492 0.0463559
133.021 -18.7121 3.37041 0.173922
133.164 -18.7157 3.37537 0.0932019
133.198 -18.9245 3.37083 0.0351512
133.126 -18.6437 3.37009 0.139552
132.963 -18.679 3.37534 0.0284825
133.033 -18.6966 3.36492 0.0463559
133.021 -18.7121 3.37041 0.173922
133.021 -18.7121 3.37041 0.173922
133.021 -18.7121 3.37041 0.173922
133.021 -18.7121 3.37041 0.173922
132.794 -18.8522 3.36736 0.0115466
133.198 -18.9245 3.37083 0.0351512
133.094 -18.5772 3.37359 0.0762387
133.126 -18.6437 3.37009 0.139552
133.033 -18.6966 3.36492 0.0463559
133.221 -18.8537 3.36958 0.0507882
133.164 -18.7157 3.37537 0.0932019
132.794 -18.8522 3.36736 0.0115466
132.887 -18.7674 3.36645 0.0502001
133.094 -18.5772 3.37359 0.0762387
133.126 -18.6437 3.37009 0.139552
133.147 -18.573 3.37291 0.0807387
133.164 -18.7157 3.37537 0.0932019
133.126 -18.6437 3.37009 0.139552
133.126 -18.6437 3.37009 0.139552
133.167 -18.7161 3.3755 0.0890816
133.167 -18.7161 3.3755 0.0890816
133.021 -18.7121 3.37041 0.173922
133.164 -18.7157 3.37537 0.0932019
