20.8837 -87.4877 3.73858 0.0676407
20.8837 -87.4877 3.73858 0.0676407
21.2281 -87.3268 3.74612 0.125404
21.0267 -87.2339 3.73692 0.153155
20.9777 -87.3698 3.73753 0.202179
20.9777 -87.3698 3.73753 0.202179
20.9777 -87.3698 3.73753 0.202179
20.8837 -87.4877 3.73858 0.0676407
21.0929 -87.2192 3.73899 0.186569
21.2281 -87.3268 3.74612 0.125404
21.2281 -87.3268 3.74612 0.125404
20.9777 -87.3698 3.73753 0.202179
20.9777 -87.3698 3.73753 0.202179
21.2093 -87.1089 3.74216 0.0296187
21.0929 -87.2192 3.73899 0.186569
20.9686 -87.425 3.73338 0.00658866
20.8496 -87.0153 3.74496 0.000537467
20.9777 -87.3698 3.73753 0.202179
20.9777 -87.3698 3.73753 0.202179
21.2093 -87.1089 3.74216 0.0296187
21.0929 -87.2192 3.73899 0.186569
21.0929 -87.2192 3.73899 0.186569
21.0929 -87.2192 3.73899 0.186569
20.9777 -87.3698 3.73753 0.202179
21.2093 -87.1089 3.74216 0.0296187
21.0929 -87.2192 3.73899 0.186569
21.0929 -87.2192 3.73899 0.186569
21.1033 -87.5405 3.74891 0.0117998
21.3005 -87.3779 3.75115 0.00875975
21.0929 -87.2192 3.73899 0.186569
21.0267 -87.2339 3.73692 0.153155
20.9777 -87.3698 3.73753 0.202179
20.9777 -87.3698 3.73753 0.202179
20.5736 -87.4577 3.733 0.000531394
21.2093 -87.1089 3.74216 0.0296187
20.8983 -87.1005 3.73356 0.0231856
21.2281 -87.3268 3.74612 0.125404
20.9777 -87.3698 3.73753 0.202179
20.9777 -87.3698 3.73753 0.202179
20.8264 -87.2943 3.74394 0.0356551
21.0929 -87.2192 3.73899 0.186569
21.2281 -87.3268 3.74612 0.125404
20.9777 -87.3698 3.73753 0.202179
21.0403 -87.0267 3.73767 0.0187917
21.0929 -87.2192 3.73899 0.186569
21.0267 -87.2339 3.73692 0.153155
20.8983 -87.1005 3.73356 0.0231856
21.0929 -87.2192 3.73899 0.186569
20.9777 -87.3698 3.73753 0.202179
21.0435 -87.5011 3.74761 0.0277483
20.8685 -87.5586 3.73212 0.000280868
21.2281 -87.3268 3.74612 0.125404
21.0267 -87.2339 3.73692 0.153155
20.9777 -87.3698 3.73753 0.202179
20.7462 -87.0076 3.73454 0.00628161
21.3161 -87.4557 3.74332 0.0160417
21.2281 -87.3268 3.74612 0.125404
20.9777 -87.3698 3.73753 0.202179
21.0403 -87.0267 3.73767 0.0187917
20.8837 -87.4877 3.73858 0.0676407
21.0929 -87.2192 3.73899 0.186569
20.9686 -87.425 3.73338 0.00658866
20.9777 -87.3698 3.73753 0.202179
20.963 -87.7723 3.74456 9.68165e-05
21.2093 -87.1089 3.74216 0.0296187
20.8983 -87.1005 3.73356 0.0231856
21.0929 -87.2192 3.73899 0.186569
21.0929 -87.2192 3.73899 0.186569
21.0267 -87.2339 3.73692 0.153155
21.3005 -87.3779 3.75115 0.00875975
21.0929 -87.2192 3.73899 0.186569
21.2281 -87.3268 3.74612 0.125404
21.2281 -87.3268 3.74612 0.125404
20.9686 -87.425 3.73338 0.00658866
20.9777 -87.3698 3.73753 0.202179
20.9777 -87.3698 3.73753 0.202179
21.2118 -87.3321 3.73748 0.0113815
21.2281 -87.3268 3.74612 0.125404
21.0267 -87.2339 3.73692 0.153155
21.1575 -87.5436 3.7484 0.0183901
20.8837 -87.4877 3.73858 0.0676407
21.2281 -87.3268 3.74612 0.125404
20.9777 -87.3698 3.73753 0.202179
21.0403 -87.0267 3.73767 0.0187917
21.0929 -87.2192 3.73899 0.186569
21.0929 -87.2192 3.73899 0.186569
21.2281 -87.3268 3.74612 0.125404
21.0267 -87.2339 3.73692 0.153155
20.9777 -87.3698 3.73753 0.202179
21.3161 -87.4557 3.74332 0.0160417
21.0929 -87.2192 3.73899 0.186569
21.0267 -87.2339 3.73692 0.153155
21.0403 -87.0267 3.73767 0.0187917
20.8983 -87.1005 3.73356 0.0231856
21.0929 -87.2192 3.73899 0.186569
21.0267 -87.2339 3.73692 0.153155
20.9777 -87.3698 3.73753 0.202179
20.8602 -87.1047 3.74305 0.0182877
20.8264 -87.2943 3.74394 0.0356551
21.0929 -87.2192 3.73899 0.186569
