275.868 17.0556 5.25644 0.0654595
275.868 17.0556 5.25644 0.0654595
275.782 17.0346 5.25076 0.170424
275.852 17.029 5.25273 0.135194
275.791 17.0299 5.25074 0.170735
275.868 17.0556 5.25644 0.0654595
275.782 17.0346 5.25076 0.170424
275.852 17.029 5.25273 0.135194
275.736 17.0154 5.24824 0.122266
275.868 17.0556 5.25644 0.0654595
275.782 17.0346 5.25076 0.170424
275.852 17.029 5.25273 0.135194
275.791 17.0299 5.25074 0.170735
275.859 16.9035 5.25224 0.02766
275.687 17.0147 5.24964 0.0750076
275.736 17.0154 5.24824 0.122266
275.791 17.0299 5.25074 0.170735
275.855 17.1668 5.25975 0.0360394
275.868 17.0556 5.25644 0.0654595
275.782 17.0346 5.25076 0.170424
275.852 17.029 5.25273 0.135194
275.791 17.0299 5.25074 0.170735
275.791 17.0299 5.25074 0.170735
275.928 16.8755 5.23852 0.00455439
275.728 17.2245 5.26113 0.0139136
275.598 16.9066 5.25317 0.00257054
275.868 17.0556 5.25644 0.0654595
275.782 17.0346 5.25076 0.170424
275.687 17.0147 5.24964 0.0750076
275.852 17.029 5.25273 0.135194
275.736 17.0154 5.24824 0.122266
275.779 17.3397 5.26112 0.00739709
275.791 17.0299 5.25074 0.170735
275.719 16.8959 5.24702 0.0294395
275.868 17.0556 5.25644 0.0654595
275.859 16.9035 5.25224 0.02766
275.782 17.0346 5.25076 0.170424
275.782 17.0346 5.25076 0.170424
275.793 17.2839 5.24937 0.039034
275.687 17.0147 5.24964 0.0750076
275.736 17.0154 5.24824 0.122266
275.736 17.0154 5.24824 0.122266
275.736 17.0154 5.24824 0.122266
275.791 17.0299 5.25074 0.170735
275.782 17.4589 5.24831 0.000322637
275.782 17.0346 5.25076 0.170424
275.782 17.0346 5.25076 0.170424
275.687 17.0147 5.24964 0.0750076
275.779 17.3397 5.26112 0.00739709
275.868 17.0556 5.25644 0.0654595
275.782 17.0346 5.25076 0.170424
275.782 17.0346 5.25076 0.170424
275.852 17.029 5.25273 0.135194
275.736 17.0154 5.24824 0.122266
275.791 17.0299 5.25074 0.170735
276.085 16.9989 5.25591 0.00216669
275.855 17.1668 5.25975 0.0360394
276.025 16.9027 5.25054 0.00656623
275.868 17.0556 5.25644 0.0654595
275.782 17.0346 5.25076 0.170424
276.054 17.0588 5.24975 0.0197409
275.736 17.0154 5.24824 0.122266
275.855 17.1668 5.25975 0.0360394
275.782 17.0346 5.25076 0.170424
275.852 17.029 5.25273 0.135194
275.736 17.0154 5.24824 0.122266
275.791 17.0299 5.25074 0.170735
275.791 17.0299 5.25074 0.170735
275.859 16.9035 5.25224 0.02766
275.782 17.0346 5.25076 0.170424
275.852 17.029 5.25273 0.135194
275.736 17.0154 5.24824 0.122266
275.814 16.8072 5.24502 0.00900727
275.782 17.0346 5.25076 0.170424
276.06 17.1698 5.25128 0.015027
275.736 17.0154 5.24824 0.122266
275.855 17.1668 5.25975 0.0360394
275.868 17.0556 5.25644 0.0654595
275.782 17.0346 5.25076 0.170424
275.687 17.0147 5.24964 0.0750076
275.736 17.0154 5.24824 0.122266
275.791 17.0299 5.25074 0.170735
275.855 17.1668 5.25975 0.0360394
275.855 17.1668 5.25975 0.0360394
275.782 17.0346 5.25076 0.170424
276.054 17.0588 5.24975 0.0197409
275.852 17.029 5.25273 0.135194
275.736 17.0154 5.24824 0.122266
275.791 17.0299 5.25074 0.170735
275.782 17.0346 5.25076 0.170424
275.782 17.0346 5.25076 0.170424
275.687 17.0147 5.24964 0.0750076
275.852 17.029 5.25273 0.135194
275.852 17.029 5.25273 0.135194
275.791 17.0299 5.25074 0.170735
275.791 17.0299 5.25074 0.170735
275.791 17.0299 5.25074 0.170735
275.719 16.8959 5.24702 0.0294395
275.782 17.0346 5.25076 0.170424
275.782 17.0346 5.25076 0.170424
