179.146 -9.74234 3.19891 0.160757
179.109 -10.0221 3.19262 0.0415741
179.313 -9.64 3.20544 0.00705149
179.146 -9.74234 3.19891 0.160757
179.146 -9.74234 3.19891 0.160757
179.356 -9.68434 3.2025 0.0788083
179.087 -9.88731 3.19501 0.199076
179.353 -9.87022 3.20675 0.0145696
179.054 -9.95725 3.19045 0.0291911
179.054 -9.95725 3.19045 0.0291911
179.087 -9.88731 3.19501 0.199076
179.127 -9.6434 3.19358 0.0383481
179.473 -9.90267 3.20345 0.0641981
179.146 -9.74234 3.19891 0.160757
179.146 -9.74234 3.19891 0.160757
179.054 -9.95725 3.19045 0.0291911
179.087 -9.88731 3.19501 0.199076
179.087 -9.88731 3.19501 0.199076
179.087 -9.88731 3.19501 0.199076
179.313 -9.64 3.20544 0.00705149
179.206 -9.85629 3.19016 0.0352163
179.146 -9.74234 3.19891 0.160757
179.146 -9.74234 3.19891 0.160757
179.109 -10.0221 3.19262 0.0415741
179.087 -9.88731 3.19501 0.199076
179.473 -9.90267 3.20345 0.0641981
179.146 -9.74234 3.19891 0.160757
179.146 -9.74234 3.19891 0.160757
179.122 -9.9301 3.1919 0.094933
179.356 -9.68434 3.2025 0.0788083
179.087 -9.88731 3.19501 0.199076
179.269 -9.83215 3.19115 0.0401553
179.206 -9.85629 3.19016 0.0352163
179.473 -9.90267 3.20345 0.0641981
179.1 -9.84605 3.19101 0.0797197
179.087 -9.88731 3.19501 0.199076
179.087 -9.88731 3.19501 0.199076
179.146 -9.63128 3.20175 0.0102703
179.269 -9.83215 3.19115 0.0401553
179.146 -9.74234 3.19891 0.160757
179.146 -9.74234 3.19891 0.160757
179.054 -9.95725 3.19045 0.0291911
179.087 -9.88731 3.19501 0.199076
178.91 -9.93671 3.197 0.00271323
179.146 -9.74234 3.19891 0.160757
179.146 -9.74234 3.19891 0.160757
179.293 -10.0951 3.203 0.00722915
179.122 -9.9301 3.1919 0.094933
179.122 -9.9301 3.1919 0.094933
179.1 -9.84605 3.19101 0.0797197
179.1 -9.84605 3.19101 0.0797197
179.087 -9.88731 3.19501 0.199076
179.127 -9.6434 3.19358 0.0383481
179.122 -9.9301 3.1919 0.094933
179.356 -9.68434 3.2025 0.0788083
179.087 -9.88731 3.19501 0.199076
179.146 -9.74234 3.19891 0.160757
179.122 -9.9301 3.1919 0.094933
179.201 -9.75148 3.20582 0.00466188
179.356 -9.68434 3.2025 0.0788083
179.127 -9.6434 3.19358 0.0383481
179.473 -9.90267 3.20345 0.0641981
179.1 -9.84605 3.19101 0.0797197
179.356 -9.68434 3.2025 0.0788083
179.313 -9.64 3.20544 0.00705149
179.146 -9.74234 3.19891 0.160757
179.1 -9.84605 3.19101 0.0797197
179.087 -9.88731 3.19501 0.199076
179.087 -9.88731 3.19501 0.199076
179.127 -9.6434 3.19358 0.0383481
179.122 -9.9301 3.1919 0.094933
179.122 -9.9301 3.1919 0.094933
179.356 -9.68434 3.2025 0.0788083
179.356 -9.68434 3.2025 0.0788083
179.087 -9.88731 3.19501 0.199076
179.206 -9.85629 3.19016 0.0352163
179.353 -9.87022 3.20675 0.0145696
179.1 -9.84605 3.19101 0.0797197
179.109 -10.0221 3.19262 0.0415741
179.146 -9.63128 3.20175 0.0102703
179.146 -9.74234 3.19891 0.160757
179.1 -9.84605 3.19101 0.0797197
179.356 -9.68434 3.2025 0.0788083
179.356 -9.68434 3.2025 0.0788083
179.087 -9.88731 3.19501 0.199076
179.492 -10.0336 3.20114 0.0152785
179.122 -9.9301 3.1919 0.094933
179.109 -10.0221 3.19262 0.0415741
179.293 -9.92772 3.20477 0.0331107
179.206 -9.85629 3.19016 0.0352163
179.146 -9.74234 3.19891 0.160757
179.054 -9.95725 3.19045 0.0291911
179.087 -9.88731 3.19501 0.199076
179.087 -9.88731 3.19501 0.199076
179.432 -9.89011 3.19313 0.0100362
179.146 -9.74234 3.19891 0.160757
179.293 -9.92772 3.20477 0.0331107
179.492 -10.0336 3.20114 0.0152785
179.353 -9.87022 3.20675 0.0145696
179.146 -9.74234 3.19891 0.160757
