123.254 19.2989 0.0694179 0.133895
123.537 19.3582 0.0695572 0.0507813
123.226 19.4775 0.0678089 0.205067
123.084 19.4986 0.0716167 0.0858628
123.579 19.3831 0.0732159 0.0192716
123.094 19.1851 0.0762838 0.00816247
123.213 19.6268 0.0650584 0.0324451
123.023 19.2136 0.0715128 0.00468794
123.084 19.4986 0.0716167 0.0858628
123.515 19.3002 0.0712297 0.0418612
123.344 19.6506 0.0724264 0.101502
123.226 19.4775 0.0678089 0.205067
123.168 19.5065 0.0749611 0.153452
123.254 19.2989 0.0694179 0.133895
123.226 19.4775 0.0678089 0.205067
123.084 19.4986 0.0716167 0.0858628
123.515 19.3002 0.0712297 0.0418612
123.537 19.3582 0.0695572 0.0507813
123.537 19.3582 0.0695572 0.0507813
123.226 19.4775 0.0678089 0.205067
123.168 19.5065 0.0749611 0.153452
123.254 19.2989 0.0694179 0.133895
123.242 19.5323 0.0637071 0.036086
123.084 19.4986 0.0716167 0.0858628
123.105 19.4189 0.0690918 0.0753763
123.344 19.6506 0.0724264 0.101502
123.537 19.3582 0.0695572 0.0507813
123.326 19.2751 0.0792443 0.017445
122.984 19.2345 0.0734949 0.00382822
123.254 19.2989 0.0694179 0.133895
123.537 19.3582 0.0695572 0.0507813
123.226 19.4775 0.0678089 0.205067
123.084 19.4986 0.0716167 0.0858628
123.105 19.4189 0.0690918 0.0753763
123.254 19.2989 0.0694179 0.133895
123.344 19.6506 0.0724264 0.101502
123.226 19.4775 0.0678089 0.205067
123.168 19.5065 0.0749611 0.153452
123.094 19.1851 0.0762838 0.00816247
123.094 19.1851 0.0762838 0.00816247
123.226 19.4775 0.0678089 0.205067
123.226 19.4775 0.0678089 0.205067
123.168 19.5065 0.0749611 0.153452
123.515 19.3002 0.0712297 0.0418612
123.242 19.5323 0.0637071 0.036086
123.537 19.3582 0.0695572 0.0507813
123.226 19.4775 0.0678089 0.205067
123.226 19.4775 0.0678089 0.205067
123.084 19.4986 0.0716167 0.0858628
123.084 19.4986 0.0716167 0.0858628
123.254 19.2989 0.0694179 0.133895
123.226 19.4775 0.0678089 0.205067
123.226 19.4775 0.0678089 0.205067
123.515 19.3002 0.0712297 0.0418612
123.515 19.3002 0.0712297 0.0418612
123.537 19.3582 0.0695572 0.0507813
123.084 19.4986 0.0716167 0.0858628
123.084 19.4986 0.0716167 0.0858628
123.168 19.5065 0.0749611 0.153452
123.105 19.4189 0.0690918 0.0753763
123.344 19.6506 0.0724264 0.101502
123.226 19.4775 0.0678089 0.205067
123.168 19.5065 0.0749611 0.153452
123.105 19.4189 0.0690918 0.0753763
123.344 19.6506 0.0724264 0.101502
123.242 19.5323 0.0637071 0.036086
123.226 19.4775 0.0678089 0.205067
123.168 19.5065 0.0749611 0.153452
123.344 19.6506 0.0724264 0.101502
123.434 19.154 0.0716442 0.0112538
123.084 19.4986 0.0716167 0.0858628
123.579 19.3831 0.0732159 0.0192716
123.344 19.6506 0.0724264 0.101502
123.226 19.4775 0.0678089 0.205067
123.084 19.4986 0.0716167 0.0858628
123.084 19.4986 0.0716167 0.0858628
123.105 19.4189 0.0690918 0.0753763
123.344 19.6506 0.0724264 0.101502
123.537 19.3582 0.0695572 0.0507813
123.537 19.3582 0.0695572 0.0507813
123.226 19.4775 0.0678089 0.205067
123.515 19.3002 0.0712297 0.0418612
123.537 19.3582 0.0695572 0.0507813
123.226 19.4775 0.0678089 0.205067
123.515 19.3002 0.0712297 0.0418612
123.344 19.6506 0.0724264 0.101502
123.242 19.5323 0.0637071 0.036086
123.084 19.4986 0.0716167 0.0858628
123.168 19.5065 0.0749611 0.153452
123.105 19.4189 0.0690918 0.0753763
123.254 19.2989 0.0694179 0.133895
123.254 19.2989 0.0694179 0.133895
123.242 19.5323 0.0637071 0.036086
123.226 19.4775 0.0678089 0.205067
123.226 19.4775 0.0678089 0.205067
123.226 19.4775 0.0678089 0.205067
123.084 19.4986 0.0716167 0.0858628
123.254 19.2989 0.0694179 0.133895
123.213 19.6268 0.0650584 0.0324451
123.226 19.4775 0.0678089 0.205067
