61.8362 14.9486 0.139731 0.2186
61.8362 14.9486 0.139731 0.2186
61.9659 14.8573 0.141961 0.0149436
61.8861 15.2346 0.136977 0.0657563
61.8861 15.2346 0.136977 0.0657563
61.6886 15.146 0.14608 0.0882471
61.8883 15.0119 0.14295 0.084017
61.9659 14.8573 0.141961 0.0149436
61.8861 15.2346 0.136977 0.0657563
62.0695 14.8074 0.139675 0.00223224
61.8805 15.076 0.140276 0.168601
61.8805 15.076 0.140276 0.168601
61.8805 15.076 0.140276 0.168601
61.9324 15.2168 0.133907 0.0318734
61.8362 14.9486 0.139731 0.2186
61.732 15.4212 0.139913 0.00831879
61.8805 15.076 0.140276 0.168601
61.8805 15.076 0.140276 0.168601
61.8362 14.9486 0.139731 0.2186
61.8861 15.2346 0.136977 0.0657563
61.5061 14.7804 0.1404 0.0259799
61.8805 15.076 0.140276 0.168601
61.8362 14.9486 0.139731 0.2186
61.9092 15.2608 0.136366 0.0367501
61.8805 15.076 0.140276 0.168601
61.8805 15.076 0.140276 0.168601
61.8362 14.9486 0.139731 0.2186
61.8362 14.9486 0.139731 0.2186
61.6886 15.146 0.14608 0.0882471
61.8883 15.0119 0.14295 0.084017
61.8362 14.9486 0.139731 0.2186
61.9092 15.2608 0.136366 0.0367501
61.8805 15.076 0.140276 0.168601
61.8362 14.9486 0.139731 0.2186
61.6886 15.146 0.14608 0.0882471
61.8805 15.076 0.140276 0.168601
61.8741 15.1864 0.131718 0.036063
61.5061 14.7804 0.1404 0.0259799
61.9807 15.0637 0.134936 0.0525985
61.9807 15.0637 0.134936 0.0525985
61.8883 15.0119 0.14295 0.084017
61.6413 14.7238 0.143181 0.0161389
61.9807 15.0637 0.134936 0.0525985
61.5829 14.8738 0.147075 0.0292298
61.8362 14.9486 0.139731 0.2186
61.9659 14.8573 0.141961 0.0149436
61.6886 15.146 0.14608 0.0882471
61.8805 15.076 0.140276 0.168601
61.5829 14.8738 0.147075 0.0292298
61.8362 14.9486 0.139731 0.2186
61.9659 14.8573 0.141961 0.0149436
61.9807 15.0637 0.134936 0.0525985
61.8883 15.0119 0.14295 0.084017
61.9659 14.8573 0.141961 0.0149436
61.9092 15.2608 0.136366 0.0367501
61.8805 15.076 0.140276 0.168601
61.8805 15.076 0.140276 0.168601
61.8362 14.9486 0.139731 0.2186
61.8861 15.2346 0.136977 0.0657563
62.0318 15.181 0.13289 0.00937191
61.9324 15.2168 0.133907 0.0318734
61.8362 14.9486 0.139731 0.2186
61.8362 14.9486 0.139731 0.2186
61.8362 14.9486 0.139731 0.2186
61.8362 14.9486 0.139731 0.2186
61.8805 15.076 0.140276 0.168601
61.8362 14.9486 0.139731 0.2186
61.8362 14.9486 0.139731 0.2186
61.5403 14.7484 0.141746 0.0197118
61.5403 14.7484 0.141746 0.0197118
61.8883 15.0119 0.14295 0.084017
61.9659 14.8573 0.141961 0.0149436
61.6886 15.146 0.14608 0.0882471
61.8805 15.076 0.140276 0.168601
61.8805 15.076 0.140276 0.168601
61.9324 15.2168 0.133907 0.0318734
61.8362 14.9486 0.139731 0.2186
61.915 15.0905 0.148972 0.00292928
61.9807 15.0637 0.134936 0.0525985
61.8883 15.0119 0.14295 0.084017
61.8362 14.9486 0.139731 0.2186
61.5061 14.7804 0.1404 0.0259799
61.5829 14.8738 0.147075 0.0292298
61.8362 14.9486 0.139731 0.2186
61.8362 14.9486 0.139731 0.2186
61.8861 15.2346 0.136977 0.0657563
61.8805 15.076 0.140276 0.168601
61.8883 15.0119 0.14295 0.084017
61.8883 15.0119 0.14295 0.084017
61.8362 14.9486 0.139731 0.2186
61.5403 14.7484 0.141746 0.0197118
61.9807 15.0637 0.134936 0.0525985
61.9324 15.2168 0.133907 0.0318734
61.8861 15.2346 0.136977 0.0657563
61.8805 15.076 0.140276 0.168601
61.8362 14.9486 0.139731 0.2186
61.8362 14.9486 0.139731 0.2186
61.9807 15.0637 0.134936 0.0525985
61.8883 15.0119 0.14295 0.084017
61.83 15.3189 0.143025 0.0195817
