140.731 -16.9814 3.36495 0.171602
140.643 -16.8801 3.37166 0.0299829
140.946 -16.8352 3.37234 0.0350023
140.859 -16.9943 3.36872 0.0991262
140.731 -16.9814 3.36495 0.171602
140.731 -16.9814 3.36495 0.171602
140.685 -17.1335 3.36406 0.0696532
140.967 -17.0303 3.36626 0.0257693
140.46 -17.0529 3.35896 0.0434071
140.717 -17.0734 3.36407 0.112073
140.684 -17.1004 3.36746 0.0723914
140.731 -16.9814 3.36495 0.171602
140.643 -16.8801 3.37166 0.0299829
140.717 -17.0734 3.36407 0.112073
140.684 -17.1004 3.36746 0.0723914
140.801 -17.2363 3.36778 0.0120682
140.717 -17.0734 3.36407 0.112073
140.684 -17.1004 3.36746 0.0723914
140.731 -16.9814 3.36495 0.171602
140.731 -16.9814 3.36495 0.171602
141.086 -16.8068 3.36724 0.00350664
140.717 -17.0734 3.36407 0.112073
140.865 -17.0613 3.36882 0.0669604
140.92 -16.9422 3.37486 0.0228996
140.684 -17.1004 3.36746 0.0723914
140.731 -16.9814 3.36495 0.171602
140.643 -16.8801 3.37166 0.0299829
140.946 -16.8352 3.37234 0.0350023
140.717 -17.0734 3.36407 0.112073
140.92 -16.9422 3.37486 0.0228996
140.859 -16.9943 3.36872 0.0991262
140.684 -17.1004 3.36746 0.0723914
140.731 -16.9814 3.36495 0.171602
140.801 -17.2363 3.36778 0.0120682
140.46 -17.0529 3.35896 0.0434071
140.946 -16.8352 3.37234 0.0350023
140.859 -16.9943 3.36872 0.0991262
140.699 -17.1349 3.36516 0.0679815
140.685 -17.1335 3.36406 0.0696532
140.643 -16.8801 3.37166 0.0299829
140.717 -17.0734 3.36407 0.112073
140.859 -16.9943 3.36872 0.0991262
140.731 -16.9814 3.36495 0.171602
140.982 -17.0071 3.36274 0.00732253
140.865 -17.0613 3.36882 0.0669604
140.684 -17.1004 3.36746 0.0723914
140.699 -17.1349 3.36516 0.0679815
140.8 -17.083 3.37138 0.039789
140.643 -16.8801 3.37166 0.0299829
140.624 -17.2534 3.36586 0.0101578
140.699 -17.1349 3.36516 0.0679815
140.685 -17.1335 3.36406 0.0696532
140.685 -17.1335 3.36406 0.0696532
140.717 -17.0734 3.36407 0.112073
140.859 -16.9943 3.36872 0.0991262
140.699 -17.1349 3.36516 0.0679815
140.731 -16.9814 3.36495 0.171602
140.685 -17.1335 3.36406 0.0696532
140.717 -17.0734 3.36407 0.112073
140.865 -17.0613 3.36882 0.0669604
140.699 -17.1349 3.36516 0.0679815
140.643 -16.8801 3.37166 0.0299829
140.717 -17.0734 3.36407 0.112073
140.717 -17.0734 3.36407 0.112073
140.865 -17.0613 3.36882 0.0669604
140.92 -16.9422 3.37486 0.0228996
140.699 -17.1349 3.36516 0.0679815
140.731 -16.9814 3.36495 0.171602
140.744 -17.1037 3.37144 0.0280884
140.946 -16.8352 3.37234 0.0350023
140.717 -17.0734 3.36407 0.112073
140.865 -17.0613 3.36882 0.0669604
140.859 -16.9943 3.36872 0.0991262
140.684 -17.1004 3.36746 0.0723914
140.774 -16.6885 3.36387 0.0203247
140.731 -16.9814 3.36495 0.171602
140.643 -16.8801 3.37166 0.0299829
140.46 -17.0529 3.35896 0.0434071
140.744 -17.1037 3.37144 0.0280884
140.717 -17.0734 3.36407 0.112073
140.865 -17.0613 3.36882 0.0669604
140.684 -17.1004 3.36746 0.0723914
140.731 -16.9814 3.36495 0.171602
140.8 -17.083 3.37138 0.039789
140.865 -17.0613 3.36882 0.0669604
140.699 -17.1349 3.36516 0.0679815
140.731 -16.9814 3.36495 0.171602
140.8 -17.083 3.37138 0.039789
140.717 -17.0734 3.36407 0.112073
140.717 -17.0734 3.36407 0.112073
140.859 -16.9943 3.36872 0.0991262
140.387 -16.9572 3.36758 0.0048267
140.8 -17.083 3.37138 0.039789
140.717 -17.0734 3.36407 0.112073
140.92 -16.9422 3.37486 0.0228996
141.008 -16.9125 3.37498 0.015011
140.685 -17.1335 3.36406 0.0696532
140.8 -17.083 3.37138 0.039789
140.967 -17.0303 3.36626 0.0257693
140.744 -17.1037 3.37144 0.0280884
