244.613 -18.1151 2.9181 0.0607955
244.578 -18.2631 2.92291 0.1476
244.429 -18.1432 2.92269 0.0557154
244.782 -18.3188 2.92762 0.0832184
244.503 -18.1618 2.91436 0.0310056
244.503 -18.1618 2.91436 0.0310056
244.788 -18.2041 2.92192 0.0451586
244.613 -18.1151 2.9181 0.0607955
244.58 -18.3045 2.92212 0.128485
244.58 -18.3045 2.92212 0.128485
244.578 -18.2631 2.92291 0.1476
244.578 -18.2631 2.92291 0.1476
244.429 -18.1432 2.92269 0.0557154
244.628 -17.9901 2.91883 0.0262406
244.827 -18.1015 2.92352 0.0258593
244.58 -18.3045 2.92212 0.128485
244.578 -18.2631 2.92291 0.1476
244.429 -18.1432 2.92269 0.0557154
244.562 -18.218 2.92633 0.0731886
244.782 -18.3188 2.92762 0.0832184
244.788 -18.2041 2.92192 0.0451586
244.613 -18.1151 2.9181 0.0607955
244.616 -18.1994 2.92745 0.0638241
244.428 -18.2716 2.92265 0.0663991
244.782 -18.3188 2.92762 0.0832184
244.76 -18.0601 2.92629 0.0288319
244.51 -17.9832 2.92064 0.0329106
244.613 -18.1151 2.9181 0.0607955
244.58 -18.3045 2.92212 0.128485
244.578 -18.2631 2.92291 0.1476
244.492 -18.0334 2.91508 0.0317201
244.51 -17.9832 2.92064 0.0329106
244.58 -18.3045 2.92212 0.128485
244.58 -18.3045 2.92212 0.128485
244.578 -18.2631 2.92291 0.1476
244.562 -18.218 2.92633 0.0731886
244.363 -17.9689 2.91823 0.0185815
244.51 -17.9832 2.92064 0.0329106
244.58 -18.3045 2.92212 0.128485
244.578 -18.2631 2.92291 0.1476
244.428 -18.2716 2.92265 0.0663991
244.562 -18.218 2.92633 0.0731886
244.782 -18.3188 2.92762 0.0832184
244.827 -18.1015 2.92352 0.0258593
244.616 -18.1994 2.92745 0.0638241
244.616 -18.1994 2.92745 0.0638241
244.429 -18.1432 2.92269 0.0557154
244.782 -18.3188 2.92762 0.0832184
244.827 -18.1015 2.92352 0.0258593
244.578 -18.2631 2.92291 0.1476
244.578 -18.2631 2.92291 0.1476
244.578 -18.2631 2.92291 0.1476
244.578 -18.2631 2.92291 0.1476
244.578 -18.2631 2.92291 0.1476
244.578 -18.2631 2.92291 0.1476
244.562 -18.218 2.92633 0.0731886
244.233 -18.2666 2.91698 0.0140547
244.51 -17.9832 2.92064 0.0329106
244.58 -18.3045 2.92212 0.128485
244.578 -18.2631 2.92291 0.1476
244.562 -18.218 2.92633 0.0731886
244.782 -18.3188 2.92762 0.0832184
244.613 -18.1151 2.9181 0.0607955
244.58 -18.3045 2.92212 0.128485
244.616 -18.1994 2.92745 0.0638241
244.578 -18.2631 2.92291 0.1476
244.578 -18.2631 2.92291 0.1476
244.428 -18.2716 2.92265 0.0663991
244.782 -18.3188 2.92762 0.0832184
244.51 -17.9832 2.92064 0.0329106
244.788 -18.2041 2.92192 0.0451586
244.827 -18.1015 2.92352 0.0258593
244.616 -18.1994 2.92745 0.0638241
244.428 -18.2716 2.92265 0.0663991
244.562 -18.218 2.92633 0.0731886
244.363 -17.9689 2.91823 0.0185815
244.503 -18.1618 2.91436 0.0310056
244.613 -18.1151 2.9181 0.0607955
244.616 -18.1994 2.92745 0.0638241
244.616 -18.1994 2.92745 0.0638241
244.954 -18.2414 2.92398 0.00781167
244.562 -18.218 2.92633 0.0731886
244.492 -18.0334 2.91508 0.0317201
244.373 -17.8725 2.91307 0.00476714
244.788 -18.2041 2.92192 0.0451586
244.58 -18.3045 2.92212 0.128485
244.578 -18.2631 2.92291 0.1476
244.428 -18.2716 2.92265 0.0663991
244.492 -18.0334 2.91508 0.0317201
244.76 -18.0601 2.92629 0.0288319
244.827 -18.1015 2.92352 0.0258593
244.58 -18.3045 2.92212 0.128485
244.58 -18.3045 2.92212 0.128485
244.428 -18.2716 2.92265 0.0663991
244.782 -18.3188 2.92762 0.0832184
244.782 -18.3188 2.92762 0.0832184
244.76 -18.0601 2.92629 0.0288319
244.613 -18.1151 2.9181 0.0607955
244.616 -18.1994 2.92745 0.0638241
244.616 -18.1994 2.92745 0.0638241
