68.8013 -43.734 3.8276 0.390641
68.8013 -43.734 3.8276 0.390641
68.922 -43.8961 3.8199 0.0613664
68.7552 -43.7351 3.83167 0.100493
68.8013 -43.734 3.8276 0.390641
68.8637 -43.7827 3.82854 0.246935
68.7052 -43.683 3.81522 0.000455647
68.8013 -43.734 3.8276 0.390641
68.9061 -43.8172 3.81891 0.03274
68.8637 -43.7827 3.82854 0.246935
68.8637 -43.7827 3.82854 0.246935
68.8637 -43.7827 3.82854 0.246935
68.8013 -43.734 3.8276 0.390641
68.8013 -43.734 3.8276 0.390641
68.922 -43.8961 3.8199 0.0613664
68.7552 -43.7351 3.83167 0.100493
68.7552 -43.7351 3.83167 0.100493
68.8637 -43.7827 3.82854 0.246935
68.5611 -43.6404 3.83173 0.00590138
68.8637 -43.7827 3.82854 0.246935
68.8013 -43.734 3.8276 0.390641
68.911 -43.5789 3.82902 0.0202592
68.922 -43.8961 3.8199 0.0613664
68.8637 -43.7827 3.82854 0.246935
68.9061 -43.8172 3.81891 0.03274
68.8013 -43.734 3.8276 0.390641
68.8013 -43.734 3.8276 0.390641
68.8637 -43.7827 3.82854 0.246935
68.8013 -43.734 3.8276 0.390641
68.7552 -43.7351 3.83167 0.100493
68.8013 -43.734 3.8276 0.390641
68.7552 -43.7351 3.83167 0.100493
68.8013 -43.734 3.8276 0.390641
68.8013 -43.734 3.8276 0.390641
68.9148 -43.9069 3.81727 0.0176291
68.8013 -43.734 3.8276 0.390641
68.922 -43.8961 3.8199 0.0613664
68.9537 -43.5211 3.82808 0.00255758
68.8637 -43.7827 3.82854 0.246935
68.922 -43.8961 3.8199 0.0613664
68.7552 -43.7351 3.83167 0.100493
68.8637 -43.7827 3.82854 0.246935
68.8013 -43.734 3.8276 0.390641
68.7552 -43.7351 3.83167 0.100493
68.7542 -43.7699 3.83398 0.0185511
68.7552 -43.7351 3.83167 0.100493
68.8013 -43.734 3.8276 0.390641
68.8013 -43.734 3.8276 0.390641
68.5717 -43.8001 3.82979 0.0284885
68.8637 -43.7827 3.82854 0.246935
68.8013 -43.734 3.8276 0.390641
68.8013 -43.734 3.8276 0.390641
68.8013 -43.734 3.8276 0.390641
68.922 -43.8961 3.8199 0.0613664
68.8637 -43.7827 3.82854 0.246935
68.8013 -43.734 3.8276 0.390641
68.8013 -43.734 3.8276 0.390641
68.7552 -43.7351 3.83167 0.100493
68.8013 -43.734 3.8276 0.390641
68.8013 -43.734 3.8276 0.390641
68.922 -43.8961 3.8199 0.0613664
68.8637 -43.7827 3.82854 0.246935
68.8013 -43.734 3.8276 0.390641
68.8013 -43.734 3.8276 0.390641
68.922 -43.8961 3.8199 0.0613664
68.8637 -43.7827 3.82854 0.246935
68.922 -43.8961 3.8199 0.0613664
68.7552 -43.7351 3.83167 0.100493
68.8637 -43.7827 3.82854 0.246935
68.8013 -43.734 3.8276 0.390641
68.8013 -43.734 3.8276 0.390641
68.8013 -43.734 3.8276 0.390641
68.911 -43.5789 3.82902 0.0202592
68.8637 -43.7827 3.82854 0.246935
68.8637 -43.7827 3.82854 0.246935
68.8013 -43.734 3.8276 0.390641
68.8013 -43.734 3.8276 0.390641
68.8013 -43.734 3.8276 0.390641
68.8637 -43.7827 3.82854 0.246935
68.5717 -43.8001 3.82979 0.0284885
68.8637 -43.7827 3.82854 0.246935
68.5717 -43.8001 3.82979 0.0284885
68.8753 -43.6728 3.83185 0.0519461
68.8637 -43.7827 3.82854 0.246935
68.5717 -43.8001 3.82979 0.0284885
68.8013 -43.734 3.8276 0.390641
68.8637 -43.7827 3.82854 0.246935
68.8013 -43.734 3.8276 0.390641
68.7552 -43.7351 3.83167 0.100493
68.7552 -43.7351 3.83167 0.100493
68.9148 -43.9069 3.81727 0.0176291
68.8013 -43.734 3.8276 0.390641
68.5717 -43.8001 3.82979 0.0284885
68.8753 -43.6728 3.83185 0.0519461
68.8637 -43.7827 3.82854 0.246935
68.9148 -43.9069 3.81727 0.0176291
68.8013 -43.734 3.8276 0.390641
68.8637 -43.7827 3.82854 0.246935
68.922 -43.8961 3.8199 0.0613664
68.8637 -43.7827 3.82854 0.246935
