76.2828 15.3313 0.107985 0.046051
76.3994 15.4874 0.0995853 0.124649
76.3074 15.4296 0.106981 0.095179
76.3341 15.3516 0.107724 0.0632709
76.3753 15.4527 0.103198 0.165939
76.3753 15.4527 0.103198 0.165939
76.2373 15.6495 0.0984029 0.0333449
76.3994 15.4874 0.0995853 0.124649
76.683 15.4569 0.107013 0.00513155
76.5215 15.3695 0.099267 0.0400693
76.3532 15.5164 0.096722 0.0598616
76.5374 15.4064 0.0981205 0.0332114
76.5228 15.6442 0.10466 0.0317352
76.2373 15.6495 0.0984029 0.0333449
76.3994 15.4874 0.0995853 0.124649
76.5215 15.3695 0.099267 0.0400693
76.3532 15.5164 0.096722 0.0598616
76.2942 15.5731 0.0947584 0.021232
76.5228 15.6442 0.10466 0.0317352
76.2828 15.3313 0.107985 0.046051
76.3994 15.4874 0.0995853 0.124649
76.3532 15.5164 0.096722 0.0598616
76.3753 15.4527 0.103198 0.165939
76.2473 15.7267 0.107182 0.00948773
76.3994 15.4874 0.0995853 0.124649
76.3994 15.4874 0.0995853 0.124649
76.3994 15.4874 0.0995853 0.124649
76.5102 15.3753 0.108521 0.0286387
76.1828 15.5689 0.104203 0.0519926
76.2828 15.3313 0.107985 0.046051
76.2828 15.3313 0.107985 0.046051
76.4824 15.2553 0.101522 0.0250911
76.3994 15.4874 0.0995853 0.124649
76.5215 15.3695 0.099267 0.0400693
76.3532 15.5164 0.096722 0.0598616
76.3753 15.4527 0.103198 0.165939
76.3993 15.266 0.0958241 0.0074045
76.5215 15.3695 0.099267 0.0400693
76.3341 15.3516 0.107724 0.0632709
76.5374 15.4064 0.0981205 0.0332114
76.3753 15.4527 0.103198 0.165939
76.2828 15.3313 0.107985 0.046051
76.5254 15.3393 0.110815 0.00870117
76.1957 15.6381 0.0970612 0.017793
76.3994 15.4874 0.0995853 0.124649
76.3074 15.4296 0.106981 0.095179
76.3341 15.3516 0.107724 0.0632709
76.0238 15.5288 0.102695 0.00651268
76.321 15.223 0.0949083 0.00223308
76.2538 15.5028 0.0952444 0.022131
76.3753 15.4527 0.103198 0.165939
76.3753 15.4527 0.103198 0.165939
76.3753 15.4527 0.103198 0.165939
76.1333 15.3471 0.106868 0.0192644
76.3994 15.4874 0.0995853 0.124649
76.5215 15.3695 0.099267 0.0400693
76.3074 15.4296 0.106981 0.095179
76.3341 15.3516 0.107724 0.0632709
76.1828 15.5689 0.104203 0.0519926
76.3753 15.4527 0.103198 0.165939
76.3753 15.4527 0.103198 0.165939
76.2828 15.3313 0.107985 0.046051
76.2373 15.6495 0.0984029 0.0333449
76.5215 15.3695 0.099267 0.0400693
76.3532 15.5164 0.096722 0.0598616
76.3532 15.5164 0.096722 0.0598616
76.3753 15.4527 0.103198 0.165939
76.4824 15.2553 0.101522 0.0250911
76.3994 15.4874 0.0995853 0.124649
76.5102 15.3753 0.108521 0.0286387
76.1828 15.5689 0.104203 0.0519926
76.2828 15.3313 0.107985 0.046051
76.4824 15.2553 0.101522 0.0250911
76.2473 15.7267 0.107182 0.00948773
76.3074 15.4296 0.106981 0.095179
76.3074 15.4296 0.106981 0.095179
76.398 15.1689 0.0964797 0.00200245
76.5228 15.6442 0.10466 0.0317352
76.3753 15.4527 0.103198 0.165939
76.4824 15.2553 0.101522 0.0250911
76.3074 15.4296 0.106981 0.095179
76.5374 15.4064 0.0981205 0.0332114
76.3753 15.4527 0.103198 0.165939
76.2373 15.6495 0.0984029 0.0333449
76.3994 15.4874 0.0995853 0.124649
76.3994 15.4874 0.0995853 0.124649
76.3994 15.4874 0.0995853 0.124649
76.3074 15.4296 0.106981 0.095179
76.3074 15.4296 0.106981 0.095179
76.5228 15.6442 0.10466 0.0317352
76.2373 15.6495 0.0984029 0.0333449
76.2373 15.6495 0.0984029 0.0333449
76.3994 15.4874 0.0995853 0.124649
76.3994 15.4874 0.0995853 0.124649
76.166 15.4874 0.0943382 0.00611506
76.2942 15.5731 0.0947584 0.021232
76.2174 15.5604 0.0912423 0.00178335
76.3753 15.4527 0.103198 0.165939
76.2828 15.3313 0.107985 0.046051
76.5215 15.3695 0.099267 0.0400693
