-36.2327 -76.1392 2.11903 0.104118
-36.4207 -75.9297 2.10578 0.0428251
-36.3147 -76.0569 2.1151 0.213519
-36.4034 -76.2117 2.11619 0.201351
-36.2327 -76.1392 2.11903 0.104118
-36.2327 -76.1392 2.11903 0.104118
-36.1752 -76.29 2.12246 0.0244569
-36.3147 -76.0569 2.1151 0.213519
-36.3147 -76.0569 2.1151 0.213519
-36.2327 -76.1392 2.11903 0.104118
-36.1752 -76.29 2.12246 0.0244569
-36.3315 -76.1635 2.11314 0.100051
-36.3147 -76.0569 2.1151 0.213519
-36.1454 -75.9072 2.1199 0.0153922
-36.4034 -76.2117 2.11619 0.201351
-36.4034 -76.2117 2.11619 0.201351
-36.2734 -76.1068 2.10961 0.0286667
-36.193 -76.2562 2.11031 0.00293579
-36.1752 -76.29 2.12246 0.0244569
-36.3315 -76.1635 2.11314 0.100051
-36.3315 -76.1635 2.11314 0.100051
-36.3315 -76.1635 2.11314 0.100051
-36.4034 -76.2117 2.11619 0.201351
-36.4207 -75.9297 2.10578 0.0428251
-36.2148 -75.8646 2.12067 0.021649
-36.3147 -76.0569 2.1151 0.213519
-36.4034 -76.2117 2.11619 0.201351
-36.2212 -76.3078 2.12024 0.0359892
-36.1294 -76.1832 2.11817 0.0210523
-36.3934 -76.5607 2.11954 0.002742
-36.087 -76.0968 2.12028 0.0129998
-36.2212 -76.3078 2.12024 0.0359892
-36.3315 -76.1635 2.11314 0.100051
-36.3315 -76.1635 2.11314 0.100051
-36.3147 -76.0569 2.1151 0.213519
-36.4034 -76.2117 2.11619 0.201351
-36.2327 -76.1392 2.11903 0.104118
-36.2788 -76.1786 2.12569 0.0661074
-36.2212 -76.3078 2.12024 0.0359892
-36.3147 -76.0569 2.1151 0.213519
-36.4034 -76.2117 2.11619 0.201351
-36.2788 -76.1786 2.12569 0.0661074
-36.3147 -76.0569 2.1151 0.213519
-36.3147 -76.0569 2.1151 0.213519
-36.4034 -76.2117 2.11619 0.201351
-36.4207 -75.9297 2.10578 0.0428251
-36.1294 -76.1832 2.11817 0.0210523
-36.3315 -76.1635 2.11314 0.100051
-36.3147 -76.0569 2.1151 0.213519
-36.4034 -76.2117 2.11619 0.201351
-36.4207 -75.9297 2.10578 0.0428251
-36.1294 -76.1832 2.11817 0.0210523
-36.3147 -76.0569 2.1151 0.213519
-36.4034 -76.2117 2.11619 0.201351
-36.2327 -76.1392 2.11903 0.104118
-36.2327 -76.1392 2.11903 0.104118
-36.3315 -76.1635 2.11314 0.100051
-36.4034 -76.2117 2.11619 0.201351
-36.2788 -76.1786 2.12569 0.0661074
-36.3147 -76.0569 2.1151 0.213519
-36.3147 -76.0569 2.1151 0.213519
-36.3147 -76.0569 2.1151 0.213519
-36.3147 -76.0569 2.1151 0.213519
-36.2746 -75.5818 2.1026 0.00114932
-36.4034 -76.2117 2.11619 0.201351
-35.9838 -76.2577 2.11243 0.000161494
-36.3147 -76.0569 2.1151 0.213519
-36.2481 -76.3854 2.12583 0.0211881
-36.4034 -76.2117 2.11619 0.201351
-36.2148 -75.8646 2.12067 0.021649
-36.3315 -76.1635 2.11314 0.100051
-36.3147 -76.0569 2.1151 0.213519
-36.3147 -76.0569 2.1151 0.213519
-36.4034 -76.2117 2.11619 0.201351
-36.4034 -76.2117 2.11619 0.201351
-36.2148 -75.8646 2.12067 0.021649
-36.3147 -76.0569 2.1151 0.213519
-36.1185 -76.1601 2.11917 0.0205767
-36.1281 -76.0918 2.10964 0.00464474
-36.3315 -76.1635 2.11314 0.100051
-36.2481 -76.3854 2.12583 0.0211881
-36.4034 -76.2117 2.11619 0.201351
-36.4034 -76.2117 2.11619 0.201351
-36.2327 -76.1392 2.11903 0.104118
-36.2788 -76.1786 2.12569 0.0661074
-36.2212 -76.3078 2.12024 0.0359892
-36.3147 -76.0569 2.1151 0.213519
-36.2481 -76.3854 2.12583 0.0211881
-36.2327 -76.1392 2.11903 0.104118
-36.1294 -76.1832 2.11817 0.0210523
-36.3147 -76.0569 2.1151 0.213519
-36.2481 -76.3854 2.12583 0.0211881
-36.4034 -76.2117 2.11619 0.201351
-36.2327 -76.1392 2.11903 0.104118
-36.3315 -76.1635 2.11314 0.100051
-36.4034 -76.2117 2.11619 0.201351
-36.4034 -76.2117 2.11619 0.201351
-36.2327 -76.1392 2.11903 0.104118
-36.1752 -76.29 2.12246 0.0244569
-36.3147 -76.0569 2.1151 0.213519
