273.002 -11.2788 4.01712 0.0588325
272.729 -11.3077 4.00915 0.451921
272.729 -11.3077 4.00915 0.451921
273.066 -11.3038 4.01271 0.0665347
273.178 -11.4336 4.02063 0.0530505
272.729 -11.3077 4.00915 0.451921
273.088 -11.4868 4.02188 0.044634
272.729 -11.3077 4.00915 0.451921
273.178 -11.4336 4.02063 0.0530505
273.002 -11.2788 4.01712 0.0588325
272.729 -11.3077 4.00915 0.451921
272.729 -11.3077 4.00915 0.451921
272.873 -11.7754 4.01078 0.0386482
273.044 -11.6369 4.01337 0.117597
272.729 -11.3077 4.00915 0.451921
272.729 -11.3077 4.00915 0.451921
273.088 -11.4868 4.02188 0.044634
272.729 -11.3077 4.00915 0.451921
272.873 -11.7754 4.01078 0.0386482
273.374 -11.3388 4.0202 0.00142567
273.044 -11.6369 4.01337 0.117597
273.088 -11.4868 4.02188 0.044634
273.066 -11.3038 4.01271 0.0665347
273.066 -11.3038 4.01271 0.0665347
272.873 -11.7754 4.01078 0.0386482
272.729 -11.3077 4.00915 0.451921
272.729 -11.3077 4.00915 0.451921
272.873 -11.7754 4.01078 0.0386482
273.002 -11.2788 4.01712 0.0588325
272.729 -11.3077 4.00915 0.451921
272.729 -11.3077 4.00915 0.451921
272.729 -11.3077 4.00915 0.451921
272.729 -11.3077 4.00915 0.451921
273.223 -11.3516 4.02302 0.0135232
272.729 -11.3077 4.00915 0.451921
273.083 -11.68 4.0191 0.0250314
273.066 -11.3038 4.01271 0.0665347
272.729 -11.3077 4.00915 0.451921
272.873 -11.7754 4.01078 0.0386482
272.729 -11.3077 4.00915 0.451921
272.83 -11.7476 4.01578 0.011878
273.083 -11.68 4.0191 0.0250314
272.729 -11.3077 4.00915 0.451921
272.729 -11.3077 4.00915 0.451921
272.729 -11.3077 4.00915 0.451921
272.729 -11.3077 4.00915 0.451921
273.178 -11.4336 4.02063 0.0530505
272.729 -11.3077 4.00915 0.451921
273.066 -11.3038 4.01271 0.0665347
273.178 -11.4336 4.02063 0.0530505
272.729 -11.3077 4.00915 0.451921
273.044 -11.6369 4.01337 0.117597
272.729 -11.3077 4.00915 0.451921
273.044 -11.6369 4.01337 0.117597
272.729 -11.3077 4.00915 0.451921
273.044 -11.6369 4.01337 0.117597
273.083 -11.68 4.0191 0.0250314
273.21 -11.5392 4.01912 0.0411835
272.729 -11.3077 4.00915 0.451921
273.066 -11.3038 4.01271 0.0665347
272.729 -11.3077 4.00915 0.451921
272.729 -11.3077 4.00915 0.451921
273.066 -11.3038 4.01271 0.0665347
272.729 -11.3077 4.00915 0.451921
272.729 -11.3077 4.00915 0.451921
272.729 -11.3077 4.00915 0.451921
272.729 -11.3077 4.00915 0.451921
273.178 -11.4336 4.02063 0.0530505
272.729 -11.3077 4.00915 0.451921
272.729 -11.3077 4.00915 0.451921
273.178 -11.4336 4.02063 0.0530505
272.729 -11.3077 4.00915 0.451921
273.044 -11.6369 4.01337 0.117597
273.066 -11.3038 4.01271 0.0665347
272.685 -11.3723 4.01564 0.0155188
273.044 -11.6369 4.01337 0.117597
272.729 -11.3077 4.00915 0.451921
273.002 -11.2788 4.01712 0.0588325
272.83 -11.7476 4.01578 0.011878
273.088 -11.4868 4.02188 0.044634
272.865 -11.4009 4.0218 0.00330944
273.178 -11.4336 4.02063 0.0530505
273.044 -11.6369 4.01337 0.117597
273.044 -11.6369 4.01337 0.117597
273.044 -11.6369 4.01337 0.117597
272.729 -11.3077 4.00915 0.451921
273.002 -11.2788 4.01712 0.0588325
273.21 -11.5392 4.01912 0.0411835
273.083 -11.68 4.0191 0.0250314
273.066 -11.3038 4.01271 0.0665347
272.873 -11.7754 4.01078 0.0386482
273.066 -11.3038 4.01271 0.0665347
272.729 -11.3077 4.00915 0.451921
272.729 -11.3077 4.00915 0.451921
272.729 -11.3077 4.00915 0.451921
272.729 -11.3077 4.00915 0.451921
273.002 -11.2788 4.01712 0.0588325
273.044 -11.6369 4.01337 0.117597
273.178 -11.4336 4.02063 0.0530505
273.066 -11.3038 4.01271 0.0665347
