187.771 -9.8597 3.17811 0.199864
187.771 -9.8597 3.17811 0.199864
187.771 -9.8597 3.17811 0.199864
187.79 -9.89646 3.17446 0.377433
187.771 -9.8597 3.17811 0.199864
187.937 -9.96086 3.1714 0.122108
187.79 -9.89646 3.17446 0.377433
187.771 -9.8597 3.17811 0.199864
187.937 -9.96086 3.1714 0.122108
187.937 -9.96086 3.1714 0.122108
187.833 -10.018 3.17885 0.0648453
187.937 -9.96086 3.1714 0.122108
187.771 -9.8597 3.17811 0.199864
187.779 -9.53624 3.1757 0.0300147
188.025 -9.86554 3.171 0.0781869
188.019 -10.0968 3.17687 0.042501
187.79 -9.89646 3.17446 0.377433
187.771 -9.8597 3.17811 0.199864
188.025 -9.86554 3.171 0.0781869
187.79 -9.89646 3.17446 0.377433
187.752 -9.98483 3.16726 0.0154482
187.79 -9.89646 3.17446 0.377433
187.79 -9.89646 3.17446 0.377433
187.79 -9.89646 3.17446 0.377433
187.79 -9.89646 3.17446 0.377433
187.79 -9.89646 3.17446 0.377433
187.833 -10.018 3.17885 0.0648453
188.025 -9.86554 3.171 0.0781869
188.019 -10.0968 3.17687 0.042501
187.79 -9.89646 3.17446 0.377433
187.771 -9.8597 3.17811 0.199864
188.019 -10.0968 3.17687 0.042501
187.79 -9.89646 3.17446 0.377433
187.771 -9.8597 3.17811 0.199864
187.79 -9.89646 3.17446 0.377433
187.79 -9.89646 3.17446 0.377433
187.79 -9.89646 3.17446 0.377433
187.79 -9.89646 3.17446 0.377433
187.937 -9.96086 3.1714 0.122108
188.019 -10.0968 3.17687 0.042501
187.79 -9.89646 3.17446 0.377433
188.025 -9.86554 3.171 0.0781869
187.771 -9.94423 3.1814 0.0170823
187.771 -9.94423 3.1814 0.0170823
188.211 -9.64405 3.17544 0.0281723
187.771 -9.8597 3.17811 0.199864
188.025 -9.86554 3.171 0.0781869
187.79 -9.89646 3.17446 0.377433
187.79 -9.89646 3.17446 0.377433
187.771 -9.8597 3.17811 0.199864
188.025 -9.86554 3.171 0.0781869
187.79 -9.89646 3.17446 0.377433
188.211 -9.64405 3.17544 0.0281723
187.79 -9.89646 3.17446 0.377433
187.833 -10.018 3.17885 0.0648453
188.025 -9.86554 3.171 0.0781869
187.79 -9.89646 3.17446 0.377433
187.79 -9.89646 3.17446 0.377433
187.79 -9.89646 3.17446 0.377433
187.771 -9.8597 3.17811 0.199864
187.771 -9.8597 3.17811 0.199864
187.79 -9.89646 3.17446 0.377433
187.79 -9.89646 3.17446 0.377433
187.771 -9.94423 3.1814 0.0170823
187.771 -9.8597 3.17811 0.199864
187.771 -9.8597 3.17811 0.199864
187.937 -9.96086 3.1714 0.122108
187.833 -10.018 3.17885 0.0648453
187.771 -9.8597 3.17811 0.199864
187.937 -9.96086 3.1714 0.122108
187.771 -9.8597 3.17811 0.199864
187.79 -9.89646 3.17446 0.377433
188.211 -9.64405 3.17544 0.0281723
187.79 -9.89646 3.17446 0.377433
187.771 -9.8597 3.17811 0.199864
188.211 -9.64405 3.17544 0.0281723
187.79 -9.89646 3.17446 0.377433
187.79 -9.89646 3.17446 0.377433
187.937 -9.96086 3.1714 0.122108
187.79 -9.89646 3.17446 0.377433
188.025 -9.86554 3.171 0.0781869
187.79 -9.89646 3.17446 0.377433
187.79 -9.89646 3.17446 0.377433
187.79 -9.89646 3.17446 0.377433
188.211 -9.64405 3.17544 0.0281723
188.211 -9.64405 3.17544 0.0281723
188.019 -10.0968 3.17687 0.042501
187.779 -9.53624 3.1757 0.0300147
187.79 -9.89646 3.17446 0.377433
187.79 -9.89646 3.17446 0.377433
187.79 -9.89646 3.17446 0.377433
187.771 -9.8597 3.17811 0.199864
188.019 -10.0968 3.17687 0.042501
187.771 -9.8597 3.17811 0.199864
188.211 -9.64405 3.17544 0.0281723
187.97 -10.1368 3.18031 0.0102829
187.79 -9.89646 3.17446 0.377433
187.79 -9.89646 3.17446 0.377433
188.025 -9.86554 3.171 0.0781869
187.79 -9.89646 3.17446 0.377433
