233.198 -14.5412 2.88997 0.202168
233.186 -14.6195 2.89312 0.163458
233.274 -14.4405 2.88968 0.134325
233.2 -14.7042 2.89511 0.0702486
233.198 -14.5412 2.88997 0.202168
233.198 -14.5412 2.88997 0.202168
233.274 -14.4405 2.88968 0.134325
233.382 -14.6634 2.88919 0.0583298
233.2 -14.7042 2.89511 0.0702486
233.198 -14.5412 2.88997 0.202168
233.187 -14.5705 2.88269 0.0125491
233.274 -14.4405 2.88968 0.134325
233.274 -14.4405 2.88968 0.134325
233.382 -14.6634 2.88919 0.0583298
233.2 -14.7042 2.89511 0.0702486
233.179 -14.4204 2.88988 0.1214
233.186 -14.6195 2.89312 0.163458
232.94 -14.7561 2.88599 0.00667323
233.382 -14.6634 2.88919 0.0583298
233.382 -14.6634 2.88919 0.0583298
233.179 -14.4204 2.88988 0.1214
233.179 -14.4204 2.88988 0.1214
233.186 -14.6195 2.89312 0.163458
233.186 -14.6195 2.89312 0.163458
233.382 -14.6634 2.88919 0.0583298
233.179 -14.4204 2.88988 0.1214
233.198 -14.5412 2.88997 0.202168
233.198 -14.5412 2.88997 0.202168
233.198 -14.5412 2.88997 0.202168
233.186 -14.6195 2.89312 0.163458
233.274 -14.4405 2.88968 0.134325
233.274 -14.4405 2.88968 0.134325
233.274 -14.4405 2.88968 0.134325
233.136 -14.3935 2.88948 0.0808003
233.011 -14.4308 2.89056 0.0347142
233.198 -14.5412 2.88997 0.202168
233.186 -14.6195 2.89312 0.163458
233.259 -14.5197 2.90084 0.0177423
233.136 -14.3935 2.88948 0.0808003
233.2 -14.7042 2.89511 0.0702486
233.179 -14.4204 2.88988 0.1214
233.186 -14.6195 2.89312 0.163458
233.274 -14.4405 2.88968 0.134325
233.136 -14.3935 2.88948 0.0808003
233.136 -14.3935 2.88948 0.0808003
233.011 -14.4308 2.89056 0.0347142
233 -14.533 2.89485 0.0115649
233.2 -14.7042 2.89511 0.0702486
233.198 -14.5412 2.88997 0.202168
233.198 -14.5412 2.88997 0.202168
233.198 -14.5412 2.88997 0.202168
233.186 -14.6195 2.89312 0.163458
233.274 -14.4405 2.88968 0.134325
233.274 -14.4405 2.88968 0.134325
233.2 -14.7042 2.89511 0.0702486
233.179 -14.4204 2.88988 0.1214
233.198 -14.5412 2.88997 0.202168
233.186 -14.6195 2.89312 0.163458
233.274 -14.4405 2.88968 0.134325
233.274 -14.4405 2.88968 0.134325
233.382 -14.6634 2.88919 0.0583298
233.198 -14.5412 2.88997 0.202168
233.198 -14.5412 2.88997 0.202168
233.186 -14.6195 2.89312 0.163458
233.274 -14.4405 2.88968 0.134325
233.556 -14.4099 2.90456 0.00437622
233.198 -14.5412 2.88997 0.202168
233.186 -14.6195 2.89312 0.163458
233.186 -14.6195 2.89312 0.163458
233.646 -14.9535 2.89856 0.000226082
233.136 -14.3935 2.88948 0.0808003
233.179 -14.4204 2.88988 0.1214
233.179 -14.4204 2.88988 0.1214
233.198 -14.5412 2.88997 0.202168
233.198 -14.5412 2.88997 0.202168
233.274 -14.4405 2.88968 0.134325
233.382 -14.6634 2.88919 0.0583298
233.2 -14.7042 2.89511 0.0702486
233.198 -14.5412 2.88997 0.202168
233.186 -14.6195 2.89312 0.163458
233.382 -14.6634 2.88919 0.0583298
233.2 -14.7042 2.89511 0.0702486
233.179 -14.4204 2.88988 0.1214
233.198 -14.5412 2.88997 0.202168
233.198 -14.5412 2.88997 0.202168
233.186 -14.6195 2.89312 0.163458
233.186 -14.6195 2.89312 0.163458
233.274 -14.4405 2.88968 0.134325
233.136 -14.3935 2.88948 0.0808003
233.179 -14.4204 2.88988 0.1214
233.186 -14.6195 2.89312 0.163458
233.274 -14.4405 2.88968 0.134325
233.011 -14.4308 2.89056 0.0347142
233.198 -14.5412 2.88997 0.202168
233.198 -14.5412 2.88997 0.202168
233.186 -14.6195 2.89312 0.163458
233.041 -14.8193 2.89138 0.00849011
233.011 -14.4308 2.89056 0.0347142
233 -14.533 2.89485 0.0115649
233.198 -14.5412 2.88997 0.202168
