-27.3191 -14.2543 0.913165 0.0858114
-27.3191 -14.2543 0.913165 0.0858114
-27.2425 -14.543 0.912983 0.036855
-27.2423 -14.3229 0.91439 0.201386
-27.1711 -14.39 0.913558 0.160145
-27.1874 -14.2493 0.912327 0.0844031
-27.3956 -14.3895 0.914179 0.0952695
-27.307 -14.356 0.913268 0.193427
-27.2423 -14.3229 0.91439 0.201386
-27.2423 -14.3229 0.91439 0.201386
-27.3191 -14.2543 0.913165 0.0858114
-27.0886 -14.3111 0.918389 0.00359593
-27.2425 -14.543 0.912983 0.036855
-27.2423 -14.3229 0.91439 0.201386
-27.1711 -14.39 0.913558 0.160145
-27.1711 -14.39 0.913558 0.160145
-27.3191 -14.2543 0.913165 0.0858114
-27.1874 -14.2493 0.912327 0.0844031
-27.307 -14.356 0.913268 0.193427
-27.307 -14.356 0.913268 0.193427
-27.1711 -14.39 0.913558 0.160145
-27.3191 -14.2543 0.913165 0.0858114
-27.3064 -14.524 0.92274 0.0101105
-27.1874 -14.2493 0.912327 0.0844031
-27.2016 -14.3153 0.909165 0.0417871
-27.307 -14.356 0.913268 0.193427
-27.2423 -14.3229 0.91439 0.201386
-27.3191 -14.2543 0.913165 0.0858114
-27.2016 -14.3153 0.909165 0.0417871
-27.307 -14.356 0.913268 0.193427
-27.2423 -14.3229 0.91439 0.201386
-27.3191 -14.2543 0.913165 0.0858114
-27.3191 -14.2543 0.913165 0.0858114
-27.1122 -14.2617 0.908191 0.0131558
-27.307 -14.356 0.913268 0.193427
-27.2423 -14.3229 0.91439 0.201386
-27.1874 -14.2493 0.912327 0.0844031
-27.3956 -14.3895 0.914179 0.0952695
-27.307 -14.356 0.913268 0.193427
-27.1711 -14.39 0.913558 0.160145
-27.3191 -14.2543 0.913165 0.0858114
-27.4229 -14.2558 0.915241 0.0214205
-27.307 -14.356 0.913268 0.193427
-27.307 -14.356 0.913268 0.193427
-27.2423 -14.3229 0.91439 0.201386
-27.1711 -14.39 0.913558 0.160145
-27.1363 -14.563 0.916679 0.0266974
-27.3064 -14.524 0.92274 0.0101105
-27.0886 -14.3111 0.918389 0.00359593
-27.307 -14.356 0.913268 0.193427
-27.307 -14.356 0.913268 0.193427
-27.2423 -14.3229 0.91439 0.201386
-27.1711 -14.39 0.913558 0.160145
-27.3191 -14.2543 0.913165 0.0858114
-27.3191 -14.2543 0.913165 0.0858114
-27.3956 -14.3895 0.914179 0.0952695
-27.2423 -14.3229 0.91439 0.201386
-27.2423 -14.3229 0.91439 0.201386
-27.2423 -14.3229 0.91439 0.201386
-27.1711 -14.39 0.913558 0.160145
-27.1363 -14.563 0.916679 0.0266974
-27.307 -14.356 0.913268 0.193427
-27.307 -14.356 0.913268 0.193427
-27.2423 -14.3229 0.91439 0.201386
-27.2423 -14.3229 0.91439 0.201386
-27.2423 -14.3229 0.91439 0.201386
-27.1711 -14.39 0.913558 0.160145
-27.1122 -14.2617 0.908191 0.0131558
-27.3956 -14.3895 0.914179 0.0952695
-27.2423 -14.3229 0.91439 0.201386
-27.1711 -14.39 0.913558 0.160145
-27.2016 -14.3153 0.909165 0.0417871
-27.307 -14.356 0.913268 0.193427
-27.2423 -14.3229 0.91439 0.201386
-27.3191 -14.2543 0.913165 0.0858114
-27.307 -14.356 0.913268 0.193427
-27.2423 -14.3229 0.91439 0.201386
-27.1122 -14.2617 0.908191 0.0131558
-27.2425 -14.543 0.912983 0.036855
-27.307 -14.356 0.913268 0.193427
-27.2423 -14.3229 0.91439 0.201386
-27.123 -14.6824 0.919549 0.00145046
-27.1874 -14.2493 0.912327 0.0844031
-27.2425 -14.543 0.912983 0.036855
-27.2425 -14.543 0.912983 0.036855
-27.307 -14.356 0.913268 0.193427
-27.2423 -14.3229 0.91439 0.201386
-27.3191 -14.2543 0.913165 0.0858114
-27.3956 -14.3895 0.914179 0.0952695
-27.307 -14.356 0.913268 0.193427
-27.2423 -14.3229 0.91439 0.201386
-27.1874 -14.2493 0.912327 0.0844031
-27.307 -14.356 0.913268 0.193427
-27.2423 -14.3229 0.91439 0.201386
-27.1711 -14.39 0.913558 0.160145
-27.1874 -14.2493 0.912327 0.0844031
-27.307 -14.356 0.913268 0.193427
-27.1711 -14.39 0.913558 0.160145
-27.4229 -14.2558 0.915241 0.0214205
-27.2016 -14.3153 0.909165 0.0417871
