-40.4083 -42.6358 1.47553 0.0785737
-40.1992 -43.014 1.47103 0.00928605
-40.4522 -42.7953 1.47972 0.0439401
-40.3998 -42.6715 1.47331 0.163506
-40.3998 -42.6715 1.47331 0.163506
-40.0695 -42.7282 1.47248 0.0157311
-40.5779 -42.6968 1.47303 0.0606709
-40.5779 -42.6968 1.47303 0.0606709
-40.2363 -42.7143 1.46886 0.108959
-40.2759 -42.8293 1.47144 0.129669
-40.3998 -42.6715 1.47331 0.163506
-40.4083 -42.6358 1.47553 0.0785737
-40.367 -42.551 1.47146 0.0887553
-39.9587 -42.8512 1.4721 0.00121215
-40.1958 -42.8059 1.47242 0.0801368
-40.2176 -42.8704 1.47169 0.0663108
-40.4721 -42.4102 1.46894 0.0174144
-40.367 -42.551 1.47146 0.0887553
-40.2588 -42.6249 1.45867 0.00804147
-40.1958 -42.8059 1.47242 0.0801368
-40.3998 -42.6715 1.47331 0.163506
-40.4083 -42.6358 1.47553 0.0785737
-40.367 -42.551 1.47146 0.0887553
-40.1958 -42.8059 1.47242 0.0801368
-40.3533 -42.5729 1.45617 0.00529539
-40.0405 -42.573 1.46116 0.000880399
-40.2363 -42.7143 1.46886 0.108959
-40.2759 -42.8293 1.47144 0.129669
-40.1958 -42.8059 1.47242 0.0801368
-40.2176 -42.8704 1.47169 0.0663108
-40.5779 -42.6968 1.47303 0.0606709
-40.2363 -42.7143 1.46886 0.108959
-40.4721 -42.4102 1.46894 0.0174144
-40.2759 -42.8293 1.47144 0.129669
-40.3998 -42.6715 1.47331 0.163506
-40.5779 -42.6968 1.47303 0.0606709
-40.1946 -42.6723 1.45883 0.00332946
-40.4522 -42.7953 1.47972 0.0439401
-40.3998 -42.6715 1.47331 0.163506
-40.5779 -42.6968 1.47303 0.0606709
-40.2363 -42.7143 1.46886 0.108959
-40.6087 -42.8554 1.46667 0.0192658
-40.1958 -42.8059 1.47242 0.0801368
-40.0695 -42.7282 1.47248 0.0157311
-40.2176 -42.8704 1.47169 0.0663108
-40.2176 -42.8704 1.47169 0.0663108
-40.4083 -42.6358 1.47553 0.0785737
-40.4721 -42.4102 1.46894 0.0174144
-40.367 -42.551 1.47146 0.0887553
-40.2759 -42.8293 1.47144 0.129669
-40.3998 -42.6715 1.47331 0.163506
-40.2176 -42.8704 1.47169 0.0663108
-40.2363 -42.7143 1.46886 0.108959
-40.6087 -42.8554 1.46667 0.0192658
-40.198 -43.062 1.48185 0.00722633
-40.2759 -42.8293 1.47144 0.129669
-40.3998 -42.6715 1.47331 0.163506
-40.4083 -42.6358 1.47553 0.0785737
-40.2363 -42.7143 1.46886 0.108959
-40.367 -42.551 1.47146 0.0887553
-40.2759 -42.8293 1.47144 0.129669
-40.1958 -42.8059 1.47242 0.0801368
-40.2176 -42.8704 1.47169 0.0663108
-40.5779 -42.6968 1.47303 0.0606709
-39.98 -42.8184 1.4743 0.00264154
-40.2759 -42.8293 1.47144 0.129669
-40.1958 -42.8059 1.47242 0.0801368
-40.0695 -42.7282 1.47248 0.0157311
-40.5779 -42.6968 1.47303 0.0606709
-40.0405 -42.573 1.46116 0.000880399
-40.367 -42.551 1.47146 0.0887553
-40.4522 -42.7953 1.47972 0.0439401
-40.3998 -42.6715 1.47331 0.163506
-40.2176 -42.8704 1.47169 0.0663108
-40.2363 -42.7143 1.46886 0.108959
-40.5535 -42.3289 1.45956 0.00364785
-40.4522 -42.7953 1.47972 0.0439401
-40.1958 -42.8059 1.47242 0.0801368
-40.5779 -42.6968 1.47303 0.0606709
-40.2363 -42.7143 1.46886 0.108959
-40.2588 -42.6249 1.45867 0.00804147
-40.3998 -42.6715 1.47331 0.163506
-40.5779 -42.6968 1.47303 0.0606709
-40.367 -42.551 1.47146 0.0887553
-40.2759 -42.8293 1.47144 0.129669
-40.3998 -42.6715 1.47331 0.163506
-40.2363 -42.7143 1.46886 0.108959
-40.2363 -42.7143 1.46886 0.108959
-40.2363 -42.7143 1.46886 0.108959
-40.367 -42.551 1.47146 0.0887553
-40.4522 -42.7953 1.47972 0.0439401
-40.3998 -42.6715 1.47331 0.163506
-40.3998 -42.6715 1.47331 0.163506
-40.2176 -42.8704 1.47169 0.0663108
-40.2363 -42.7143 1.46886 0.108959
-40.2759 -42.8293 1.47144 0.129669
-40.3998 -42.6715 1.47331 0.163506
-40.2176 -42.8704 1.47169 0.0663108
-40.5779 -42.6968 1.47303 0.0606709
-40.4994 -42.6487 1.47785 0.0252571
