270.462 -11.7775 3.91236 0.137506
270.709 -11.6633 3.91957 0.245064
270.698 -11.6365 3.92402 0.0690758
270.698 -11.6365 3.92402 0.0690758
270.592 -11.7909 3.90996 0.0495539
270.809 -11.7553 3.927 0.0659288
270.709 -11.6633 3.91957 0.245064
270.865 -11.8183 3.92904 0.0304261
270.495 -11.632 3.91485 0.152299
270.462 -11.7775 3.91236 0.137506
270.709 -11.6633 3.91957 0.245064
270.495 -11.632 3.91485 0.152299
270.363 -11.9659 3.91216 0.00467731
270.462 -11.7775 3.91236 0.137506
270.709 -11.6633 3.91957 0.245064
271.161 -11.8009 3.92987 0.0130252
270.981 -11.6737 3.92672 0.0819589
270.495 -11.632 3.91485 0.152299
270.709 -11.6633 3.91957 0.245064
270.865 -11.8183 3.92904 0.0304261
270.495 -11.632 3.91485 0.152299
270.592 -11.7909 3.90996 0.0495539
270.687 -11.6143 3.90996 0.0152263
270.709 -11.6633 3.91957 0.245064
270.709 -11.6633 3.91957 0.245064
270.495 -11.632 3.91485 0.152299
270.495 -11.632 3.91485 0.152299
270.462 -11.7775 3.91236 0.137506
270.788 -11.6059 3.91346 0.0187118
270.495 -11.632 3.91485 0.152299
270.462 -11.7775 3.91236 0.137506
270.462 -11.7775 3.91236 0.137506
270.462 -11.7775 3.91236 0.137506
270.709 -11.6633 3.91957 0.245064
270.865 -11.8183 3.92904 0.0304261
270.495 -11.632 3.91485 0.152299
270.462 -11.7775 3.91236 0.137506
270.709 -11.6633 3.91957 0.245064
270.709 -11.6633 3.91957 0.245064
270.709 -11.6633 3.91957 0.245064
270.495 -11.632 3.91485 0.152299
271.133 -11.714 3.93871 0.00151186
270.709 -11.6633 3.91957 0.245064
270.495 -11.632 3.91485 0.152299
270.495 -11.632 3.91485 0.152299
270.709 -11.6633 3.91957 0.245064
271.114 -11.8043 3.92184 0.00183252
270.495 -11.632 3.91485 0.152299
270.709 -11.6633 3.91957 0.245064
270.865 -11.8183 3.92904 0.0304261
270.698 -11.6365 3.92402 0.0690758
270.809 -11.7553 3.927 0.0659288
270.709 -11.6633 3.91957 0.245064
270.981 -11.6737 3.92672 0.0819589
270.698 -11.6365 3.92402 0.0690758
270.431 -11.5054 3.9157 0.0168803
270.687 -11.6143 3.90996 0.0152263
270.462 -11.7775 3.91236 0.137506
270.709 -11.6633 3.91957 0.245064
270.698 -11.6365 3.92402 0.0690758
270.495 -11.632 3.91485 0.152299
270.462 -11.7775 3.91236 0.137506
270.709 -11.6633 3.91957 0.245064
270.565 -11.9532 3.91608 0.0205804
270.981 -11.6737 3.92672 0.0819589
270.698 -11.6365 3.92402 0.0690758
270.809 -11.7553 3.927 0.0659288
270.462 -11.7775 3.91236 0.137506
271.161 -11.8009 3.92987 0.0130252
270.592 -11.7909 3.90996 0.0495539
270.462 -11.7775 3.91236 0.137506
270.462 -11.7775 3.91236 0.137506
270.565 -11.9532 3.91608 0.0205804
270.495 -11.632 3.91485 0.152299
270.709 -11.6633 3.91957 0.245064
270.709 -11.6633 3.91957 0.245064
270.981 -11.6737 3.92672 0.0819589
270.436 -12.0396 3.91297 0.0015155
270.809 -11.7553 3.927 0.0659288
270.709 -11.6633 3.91957 0.245064
270.981 -11.6737 3.92672 0.0819589
270.809 -11.7553 3.927 0.0659288
270.709 -11.6633 3.91957 0.245064
270.981 -11.6737 3.92672 0.0819589
270.698 -11.6365 3.92402 0.0690758
270.592 -11.7909 3.90996 0.0495539
270.709 -11.6633 3.91957 0.245064
270.495 -11.632 3.91485 0.152299
270.495 -11.632 3.91485 0.152299
270.687 -11.6143 3.90996 0.0152263
270.709 -11.6633 3.91957 0.245064
270.865 -11.8183 3.92904 0.0304261
270.495 -11.632 3.91485 0.152299
270.809 -11.7553 3.927 0.0659288
270.687 -11.6143 3.90996 0.0152263
270.788 -11.6059 3.91346 0.0187118
270.495 -11.632 3.91485 0.152299
270.709 -11.6633 3.91957 0.245064
270.981 -11.6737 3.92672 0.0819589
270.865 -11.8183 3.92904 0.0304261
