184.772 -10.2377 3.18678 0.336004
184.887 -10.3861 3.19001 0.0207673
184.772 -10.2377 3.18678 0.336004
184.772 -10.2377 3.18678 0.336004
184.736 -9.91441 3.18621 0.0253166
184.857 -10.1919 3.18704 0.322294
184.772 -10.2377 3.18678 0.336004
184.736 -9.91441 3.18621 0.0253166
184.857 -10.1919 3.18704 0.322294
184.772 -10.2377 3.18678 0.336004
184.772 -10.2377 3.18678 0.336004
184.772 -10.2377 3.18678 0.336004
184.857 -10.1919 3.18704 0.322294
184.857 -10.1919 3.18704 0.322294
184.781 -10.2681 3.18886 0.21188
184.736 -9.91441 3.18621 0.0253166
184.857 -10.1919 3.18704 0.322294
184.781 -10.2681 3.18886 0.21188
184.781 -10.2681 3.18886 0.21188
184.857 -10.1919 3.18704 0.322294
184.781 -10.2681 3.18886 0.21188
184.857 -10.1919 3.18704 0.322294
184.601 -9.98384 3.18656 0.0302644
184.781 -10.2681 3.18886 0.21188
184.857 -10.1919 3.18704 0.322294
184.772 -10.2377 3.18678 0.336004
184.781 -10.2681 3.18886 0.21188
184.772 -10.2377 3.18678 0.336004
184.781 -10.2681 3.18886 0.21188
184.527 -9.9842 3.1845 0.00921132
184.772 -10.2377 3.18678 0.336004
184.772 -10.2377 3.18678 0.336004
184.781 -10.2681 3.18886 0.21188
184.781 -10.2681 3.18886 0.21188
184.857 -10.1919 3.18704 0.322294
184.601 -9.98384 3.18656 0.0302644
184.772 -10.2377 3.18678 0.336004
184.772 -10.2377 3.18678 0.336004
184.772 -10.2377 3.18678 0.336004
184.781 -10.2681 3.18886 0.21188
184.857 -10.1919 3.18704 0.322294
184.781 -10.2681 3.18886 0.21188
184.781 -10.2681 3.18886 0.21188
184.772 -10.2377 3.18678 0.336004
184.772 -10.2377 3.18678 0.336004
184.781 -10.2681 3.18886 0.21188
184.857 -10.1919 3.18704 0.322294
184.772 -10.2377 3.18678 0.336004
184.857 -10.1919 3.18704 0.322294
184.772 -10.2377 3.18678 0.336004
184.857 -10.1919 3.18704 0.322294
184.772 -10.2377 3.18678 0.336004
184.857 -10.1919 3.18704 0.322294
184.772 -10.2377 3.18678 0.336004
184.857 -10.1919 3.18704 0.322294
184.772 -10.2377 3.18678 0.336004
184.781 -10.2681 3.18886 0.21188
184.857 -10.1919 3.18704 0.322294
184.857 -10.1919 3.18704 0.322294
184.601 -9.98384 3.18656 0.0302644
184.781 -10.2681 3.18886 0.21188
184.857 -10.1919 3.18704 0.322294
184.857 -10.1919 3.18704 0.322294
184.772 -10.2377 3.18678 0.336004
184.788 -9.91013 3.18567 0.0191187
184.772 -10.2377 3.18678 0.336004
184.857 -10.1919 3.18704 0.322294
184.772 -10.2377 3.18678 0.336004
184.736 -9.91441 3.18621 0.0253166
184.601 -9.98384 3.18656 0.0302644
184.772 -10.2377 3.18678 0.336004
184.772 -10.2377 3.18678 0.336004
184.736 -9.91441 3.18621 0.0253166
184.857 -10.1919 3.18704 0.322294
184.857 -10.1919 3.18704 0.322294
184.781 -10.2681 3.18886 0.21188
184.736 -9.91441 3.18621 0.0253166
184.857 -10.1919 3.18704 0.322294
184.781 -10.2681 3.18886 0.21188
184.857 -10.1919 3.18704 0.322294
184.772 -10.2377 3.18678 0.336004
184.857 -10.1919 3.18704 0.322294
184.772 -10.2377 3.18678 0.336004
184.857 -10.1919 3.18704 0.322294
184.857 -10.1919 3.18704 0.322294
184.781 -10.2681 3.18886 0.21188
184.772 -10.2377 3.18678 0.336004
184.599 -10.3642 3.18673 0.0181063
184.772 -10.2377 3.18678 0.336004
184.772 -10.2377 3.18678 0.336004
184.781 -10.2681 3.18886 0.21188
184.772 -10.2377 3.18678 0.336004
184.772 -10.2377 3.18678 0.336004
184.781 -10.2681 3.18886 0.21188
184.887 -10.3861 3.19001 0.0207673
184.772 -10.2377 3.18678 0.336004
184.781 -10.2681 3.18886 0.21188
184.857 -10.1919 3.18704 0.322294
184.857 -10.1919 3.18704 0.322294
184.772 -10.2377 3.18678 0.336004
