158.563 21.9848 0.0793682 0.0858929
158.267 22.0863 0.0827855 0.0459459
158.267 22.0863 0.0827855 0.0459459
158.437 22.0474 0.0878561 0.179269
158.437 22.0474 0.0878561 0.179269
158.426 22.1173 0.0813241 0.144773
158.426 22.1173 0.0813241 0.144773
158.405 22.1585 0.0828456 0.109266
158.437 22.0474 0.0878561 0.179269
158.437 22.0474 0.0878561 0.179269
158.429 22.1586 0.0841873 0.120705
158.405 22.1585 0.0828456 0.109266
158.482 21.8163 0.0862747 0.089844
158.437 22.0474 0.0878561 0.179269
158.429 22.1586 0.0841873 0.120705
158.405 22.1585 0.0828456 0.109266
158.563 21.9848 0.0793682 0.0858929
158.437 22.0474 0.0878561 0.179269
158.373 22.1173 0.079272 0.0432894
158.429 22.1586 0.0841873 0.120705
158.426 22.1173 0.0813241 0.144773
158.405 22.1585 0.0828456 0.109266
158.563 21.9848 0.0793682 0.0858929
158.437 22.0474 0.0878561 0.179269
158.634 22.0557 0.074761 0.00392627
158.405 22.1585 0.0828456 0.109266
158.482 21.8163 0.0862747 0.089844
158.36 22.292 0.0796894 0.00334734
158.437 22.0474 0.0878561 0.179269
158.426 22.1173 0.0813241 0.144773
158.563 21.9848 0.0793682 0.0858929
158.437 22.0474 0.0878561 0.179269
158.437 22.0474 0.0878561 0.179269
158.437 22.0474 0.0878561 0.179269
158.579 21.8445 0.0818233 0.0439976
158.21 21.7167 0.0872962 0.00207837
158.426 22.1173 0.0813241 0.144773
158.563 21.9848 0.0793682 0.0858929
158.563 21.9848 0.0793682 0.0858929
158.437 22.0474 0.0878561 0.179269
158.429 22.1586 0.0841873 0.120705
158.429 22.1586 0.0841873 0.120705
158.693 21.8448 0.0815531 0.00807041
158.426 22.1173 0.0813241 0.144773
158.405 22.1585 0.0828456 0.109266
158.482 21.8163 0.0862747 0.089844
158.437 22.0474 0.0878561 0.179269
158.437 22.0474 0.0878561 0.179269
158.429 22.1586 0.0841873 0.120705
158.693 21.8448 0.0815531 0.00807041
158.405 22.1585 0.0828456 0.109266
158.482 21.8163 0.0862747 0.089844
158.312 21.9111 0.0817414 0.0504449
158.437 22.0474 0.0878561 0.179269
158.579 21.8445 0.0818233 0.0439976
158.426 22.1173 0.0813241 0.144773
158.563 21.9848 0.0793682 0.0858929
158.437 22.0474 0.0878561 0.179269
158.429 22.1586 0.0841873 0.120705
158.426 22.1173 0.0813241 0.144773
158.426 22.1173 0.0813241 0.144773
158.405 22.1585 0.0828456 0.109266
158.405 22.1585 0.0828456 0.109266
158.563 21.9848 0.0793682 0.0858929
158.437 22.0474 0.0878561 0.179269
158.373 22.1173 0.079272 0.0432894
158.426 22.1173 0.0813241 0.144773
158.426 22.1173 0.0813241 0.144773
158.367 22.0697 0.0917022 0.0191627
158.267 22.0863 0.0827855 0.0459459
158.608 22.085 0.0759612 0.0115072
158.579 21.8445 0.0818233 0.0439976
158.429 22.1586 0.0841873 0.120705
158.405 22.1585 0.0828456 0.109266
158.563 21.9848 0.0793682 0.0858929
158.437 22.0474 0.0878561 0.179269
158.579 21.8445 0.0818233 0.0439976
158.426 22.1173 0.0813241 0.144773
158.482 21.8163 0.0862747 0.089844
158.312 21.9111 0.0817414 0.0504449
158.437 22.0474 0.0878561 0.179269
158.429 22.1586 0.0841873 0.120705
158.405 22.1585 0.0828456 0.109266
158.482 21.8163 0.0862747 0.089844
158.482 21.8163 0.0862747 0.089844
158.602 21.7339 0.0844277 0.00625805
158.373 22.1173 0.079272 0.0432894
158.373 22.1173 0.079272 0.0432894
158.426 22.1173 0.0813241 0.144773
158.405 22.1585 0.0828456 0.109266
158.563 21.9848 0.0793682 0.0858929
158.563 21.9848 0.0793682 0.0858929
158.437 22.0474 0.0878561 0.179269
158.426 22.1173 0.0813241 0.144773
158.482 21.8163 0.0862747 0.089844
158.267 22.0863 0.0827855 0.0459459
158.437 22.0474 0.0878561 0.179269
158.579 21.8445 0.0818233 0.0439976
158.429 22.1586 0.0841873 0.120705
158.482 21.8163 0.0862747 0.089844
