26.4682 9.99521 0.158609 0.18481
26.3717 9.92402 0.157917 0.329039
26.2577 9.87982 0.15619 0.0673152
26.3717 9.92402 0.157917 0.329039
26.3652 9.83688 0.157082 0.192513
26.4682 9.99521 0.158609 0.18481
26.3717 9.92402 0.157917 0.329039
26.3109 10.0151 0.155391 0.0808903
26.2577 9.87982 0.15619 0.0673152
26.3717 9.92402 0.157917 0.329039
26.0356 9.91238 0.165619 0.00408954
26.3717 9.92402 0.157917 0.329039
26.3717 9.92402 0.157917 0.329039
26.3652 9.83688 0.157082 0.192513
26.3717 9.92402 0.157917 0.329039
26.3717 9.92402 0.157917 0.329039
26.6092 9.79545 0.152501 0.034319
26.3717 9.92402 0.157917 0.329039
26.3717 9.92402 0.157917 0.329039
26.3652 9.83688 0.157082 0.192513
26.4682 9.99521 0.158609 0.18481
26.3717 9.92402 0.157917 0.329039
26.3717 9.92402 0.157917 0.329039
26.1022 10.0936 0.162188 0.00739163
26.4682 9.99521 0.158609 0.18481
26.3717 9.92402 0.157917 0.329039
26.3717 9.92402 0.157917 0.329039
26.3109 10.0151 0.155391 0.0808903
26.4682 9.99521 0.158609 0.18481
26.3652 9.83688 0.157082 0.192513
26.3652 9.83688 0.157082 0.192513
26.4682 9.99521 0.158609 0.18481
26.3717 9.92402 0.157917 0.329039
26.2577 9.87982 0.15619 0.0673152
26.4682 9.99521 0.158609 0.18481
26.3717 9.92402 0.157917 0.329039
26.3717 9.92402 0.157917 0.329039
26.3652 9.83688 0.157082 0.192513
26.4682 9.99521 0.158609 0.18481
26.4682 9.99521 0.158609 0.18481
26.5369 9.83642 0.151133 0.0552583
26.3109 10.0151 0.155391 0.0808903
26.2577 9.87982 0.15619 0.0673152
26.3717 9.92402 0.157917 0.329039
26.3717 9.92402 0.157917 0.329039
26.3717 9.92402 0.157917 0.329039
26.6092 9.79545 0.152501 0.034319
26.3717 9.92402 0.157917 0.329039
26.5555 9.81913 0.159434 0.0216872
26.3652 9.83688 0.157082 0.192513
26.4682 9.99521 0.158609 0.18481
26.5555 9.81913 0.159434 0.0216872
26.6092 9.79545 0.152501 0.034319
26.2577 9.87982 0.15619 0.0673152
26.3717 9.92402 0.157917 0.329039
26.4682 9.99521 0.158609 0.18481
26.3717 9.92402 0.157917 0.329039
26.5369 9.83642 0.151133 0.0552583
26.6092 9.79545 0.152501 0.034319
26.3717 9.92402 0.157917 0.329039
26.3109 10.0151 0.155391 0.0808903
26.3717 9.92402 0.157917 0.329039
26.3717 9.92402 0.157917 0.329039
26.6092 9.79545 0.152501 0.034319
26.3717 9.92402 0.157917 0.329039
26.2577 9.87982 0.15619 0.0673152
26.3717 9.92402 0.157917 0.329039
26.2577 9.87982 0.15619 0.0673152
26.3717 9.92402 0.157917 0.329039
26.4682 9.99521 0.158609 0.18481
26.3652 9.83688 0.157082 0.192513
26.3717 9.92402 0.157917 0.329039
26.3652 9.83688 0.157082 0.192513
26.3717 9.92402 0.157917 0.329039
26.3717 9.92402 0.157917 0.329039
26.3717 9.92402 0.157917 0.329039
26.3717 9.92402 0.157917 0.329039
26.4682 9.99521 0.158609 0.18481
26.3652 9.83688 0.157082 0.192513
26.5369 9.83642 0.151133 0.0552583
26.4682 9.99521 0.158609 0.18481
26.3717 9.92402 0.157917 0.329039
26.3109 10.0151 0.155391 0.0808903
26.4682 9.99521 0.158609 0.18481
26.3717 9.92402 0.157917 0.329039
26.3652 9.83688 0.157082 0.192513
26.4682 9.99521 0.158609 0.18481
26.3717 9.92402 0.157917 0.329039
26.3717 9.92402 0.157917 0.329039
26.3652 9.83688 0.157082 0.192513
26.4682 9.99521 0.158609 0.18481
26.3717 9.92402 0.157917 0.329039
26.3652 9.83688 0.157082 0.192513
26.3652 9.83688 0.157082 0.192513
26.3717 9.92402 0.157917 0.329039
26.3652 9.83688 0.157082 0.192513
26.5369 9.83642 0.151133 0.0552583
26.3109 10.0151 0.155391 0.0808903
26.6092 9.79545 0.152501 0.034319
26.3717 9.92402 0.157917 0.329039
