100.154 17.2185 0.0678163 0.0834079
100.154 17.2185 0.0678163 0.0834079
100.144 17.4144 0.0672398 0.182983
100.27 17.3131 0.0745765 0.179795
100.271 17.1898 0.0728178 0.0777331
100.266 17.5355 0.0714378 0.165257
100.144 17.4144 0.0672398 0.182983
100.27 17.4792 0.0668379 0.116293
100.27 17.3131 0.0745765 0.179795
100.266 17.5355 0.0714378 0.165257
100.144 17.4144 0.0672398 0.182983
100.144 17.4144 0.0672398 0.182983
100.27 17.3131 0.0745765 0.179795
100.266 17.5355 0.0714378 0.165257
100.154 17.2185 0.0678163 0.0834079
100.144 17.4144 0.0672398 0.182983
100.27 17.4792 0.0668379 0.116293
100.271 17.1898 0.0728178 0.0777331
100.271 17.1898 0.0728178 0.0777331
100.266 17.5355 0.0714378 0.165257
100.444 17.4699 0.0736479 0.0200327
100.385 17.2331 0.071662 0.0360685
100.432 17.2392 0.0725856 0.0170599
100.27 17.3131 0.0745765 0.179795
100.27 17.3131 0.0745765 0.179795
100.271 17.1898 0.0728178 0.0777331
100.266 17.5355 0.0714378 0.165257
100.154 17.2185 0.0678163 0.0834079
100.27 17.4792 0.0668379 0.116293
100.27 17.4792 0.0668379 0.116293
100.271 17.1898 0.0728178 0.0777331
100.266 17.5355 0.0714378 0.165257
100.111 17.7301 0.0754299 0.0178121
100.144 17.4144 0.0672398 0.182983
100.27 17.4792 0.0668379 0.116293
100.27 17.3131 0.0745765 0.179795
100.266 17.5355 0.0714378 0.165257
100.111 17.7301 0.0754299 0.0178121
100.335 17.6768 0.0640695 0.00508284
100.27 17.3131 0.0745765 0.179795
100.27 17.3131 0.0745765 0.179795
100.271 17.1898 0.0728178 0.0777331
100.266 17.5355 0.0714378 0.165257
100.266 17.5355 0.0714378 0.165257
100.144 17.4144 0.0672398 0.182983
100.144 17.4144 0.0672398 0.182983
100.27 17.3131 0.0745765 0.179795
100.266 17.5355 0.0714378 0.165257
100.144 17.4144 0.0672398 0.182983
100.144 17.4144 0.0672398 0.182983
100.27 17.3131 0.0745765 0.179795
100.266 17.5355 0.0714378 0.165257
100.266 17.5355 0.0714378 0.165257
100.266 17.5355 0.0714378 0.165257
100.266 17.5355 0.0714378 0.165257
100.144 17.4144 0.0672398 0.182983
100.27 17.3131 0.0745765 0.179795
100.271 17.1898 0.0728178 0.0777331
100.266 17.5355 0.0714378 0.165257
100.385 17.2331 0.071662 0.0360685
100.27 17.3131 0.0745765 0.179795
100.27 17.3131 0.0745765 0.179795
100.309 17.5474 0.0798421 0.0125575
100.154 17.2185 0.0678163 0.0834079
100.144 17.4144 0.0672398 0.182983
100.445 17.6109 0.0683392 0.00919439
100.27 17.4792 0.0668379 0.116293
100.606 17.4817 0.0704371 0.000904355
100.266 17.5355 0.0714378 0.165257
100.144 17.4144 0.0672398 0.182983
100.27 17.4792 0.0668379 0.116293
100.271 17.1898 0.0728178 0.0777331
100.266 17.5355 0.0714378 0.165257
100.144 17.4144 0.0672398 0.182983
100.27 17.4792 0.0668379 0.116293
100.271 17.1898 0.0728178 0.0777331
100.266 17.5355 0.0714378 0.165257
100.154 17.2185 0.0678163 0.0834079
100.27 17.4792 0.0668379 0.116293
100.271 17.1898 0.0728178 0.0777331
100.329 17.7536 0.0714725 0.00484525
100.154 17.2185 0.0678163 0.0834079
100.27 17.4792 0.0668379 0.116293
100.27 17.3131 0.0745765 0.179795
100.271 17.1898 0.0728178 0.0777331
100.266 17.5355 0.0714378 0.165257
100.154 17.2185 0.0678163 0.0834079
100.144 17.4144 0.0672398 0.182983
100.144 17.4144 0.0672398 0.182983
100.144 17.4144 0.0672398 0.182983
100.27 17.3131 0.0745765 0.179795
100.266 17.5355 0.0714378 0.165257
100.424 17.3033 0.0741408 0.0238982
100.144 17.4144 0.0672398 0.182983
100.27 17.3131 0.0745765 0.179795
100.266 17.5355 0.0714378 0.165257
100.111 17.7301 0.0754299 0.0178121
100.144 17.4144 0.0672398 0.182983
100.432 17.2392 0.0725856 0.0170599
100.309 17.5474 0.0798421 0.0125575
