56.5523 12.8935 0.133167 0.0672125
56.5139 13.115 0.13766 0.306425
56.5653 12.9997 0.133178 0.138158
56.5139 13.115 0.13766 0.306425
56.365 13.0917 0.137939 0.121133
56.5139 13.115 0.13766 0.306425
56.6328 12.8927 0.130332 0.0169309
56.5523 12.8935 0.133167 0.0672125
56.5139 13.115 0.13766 0.306425
56.365 13.0917 0.137939 0.121133
56.5523 12.8935 0.133167 0.0672125
56.5139 13.115 0.13766 0.306425
56.5559 12.9659 0.132322 0.0812029
56.5523 12.8935 0.133167 0.0672125
56.5139 13.115 0.13766 0.306425
56.5653 12.9997 0.133178 0.138158
56.5523 12.8935 0.133167 0.0672125
56.5139 13.115 0.13766 0.306425
56.2576 13.0516 0.136524 0.011403
56.5139 13.115 0.13766 0.306425
56.5559 12.9659 0.132322 0.0812029
56.365 13.0917 0.137939 0.121133
56.5139 13.115 0.13766 0.306425
56.4699 12.9713 0.140719 0.0823124
56.4334 13.131 0.132499 0.0192251
56.7541 12.9989 0.132217 0.0269969
56.365 13.0917 0.137939 0.121133
56.5139 13.115 0.13766 0.306425
56.4699 12.9713 0.140719 0.0823124
56.5523 12.8935 0.133167 0.0672125
56.5139 13.115 0.13766 0.306425
56.6328 12.8927 0.130332 0.0169309
56.4699 12.9713 0.140719 0.0823124
56.4334 13.131 0.132499 0.0192251
56.5139 13.115 0.13766 0.306425
56.5559 12.9659 0.132322 0.0812029
56.6369 13.2348 0.14261 0.00824894
56.4699 12.9713 0.140719 0.0823124
56.5523 12.8935 0.133167 0.0672125
56.5559 12.9659 0.132322 0.0812029
56.6328 12.8927 0.130332 0.0169309
56.5653 12.9997 0.133178 0.138158
56.4699 12.9713 0.140719 0.0823124
56.4699 12.9713 0.140719 0.0823124
56.7541 12.9989 0.132217 0.0269969
56.3365 13.2316 0.137715 0.024243
56.5139 13.115 0.13766 0.306425
56.4699 12.9713 0.140719 0.0823124
56.5139 13.115 0.13766 0.306425
56.5653 12.9997 0.133178 0.138158
56.7758 13.2477 0.137173 0.004526
56.5139 13.115 0.13766 0.306425
56.5653 12.9997 0.133178 0.138158
56.365 13.0917 0.137939 0.121133
56.365 13.0917 0.137939 0.121133
56.5523 12.8935 0.133167 0.0672125
56.5559 12.9659 0.132322 0.0812029
56.5653 12.9997 0.133178 0.138158
56.365 13.0917 0.137939 0.121133
56.5139 13.115 0.13766 0.306425
56.5653 12.9997 0.133178 0.138158
56.5139 13.115 0.13766 0.306425
56.5139 13.115 0.13766 0.306425
56.365 13.0917 0.137939 0.121133
56.3365 13.2316 0.137715 0.024243
56.5139 13.115 0.13766 0.306425
56.4699 12.9713 0.140719 0.0823124
56.5139 13.115 0.13766 0.306425
56.5139 13.115 0.13766 0.306425
56.5139 13.115 0.13766 0.306425
56.5559 12.9659 0.132322 0.0812029
56.4699 12.9713 0.140719 0.0823124
56.5653 12.9997 0.133178 0.138158
56.5139 13.115 0.13766 0.306425
56.5653 12.9997 0.133178 0.138158
56.5523 12.8935 0.133167 0.0672125
56.5139 13.115 0.13766 0.306425
56.365 13.0917 0.137939 0.121133
56.5139 13.115 0.13766 0.306425
56.5559 12.9659 0.132322 0.0812029
56.4699 12.9713 0.140719 0.0823124
56.5334 13.2843 0.133927 0.00980356
56.5139 13.115 0.13766 0.306425
56.5653 12.9997 0.133178 0.138158
56.7758 13.2477 0.137173 0.004526
56.4699 12.9713 0.140719 0.0823124
56.5139 13.115 0.13766 0.306425
56.5139 13.115 0.13766 0.306425
56.365 13.0917 0.137939 0.121133
56.365 13.0917 0.137939 0.121133
56.5139 13.115 0.13766 0.306425
56.5559 12.9659 0.132322 0.0812029
56.4966 13.144 0.142971 0.0480963
56.5139 13.115 0.13766 0.306425
56.5139 13.115 0.13766 0.306425
56.5653 12.9997 0.133178 0.138158
56.5139 13.115 0.13766 0.306425
56.5139 13.115 0.13766 0.306425
56.5139 13.115 0.13766 0.306425
56.5653 12.9997 0.133178 0.138158
