167.076 23.0818 0.0797193 0.123688
167.114 22.9529 0.0869447 0.14483
167.163 22.9781 0.0870763 0.173906
166.984 22.9821 0.0830557 0.0727767
167.076 23.0818 0.0797193 0.123688
167.114 22.9529 0.0869447 0.14483
167.163 22.9781 0.0870763 0.173906
167.251 23.2227 0.0868344 0.141314
167.251 23.2227 0.0868344 0.141314
167.241 23.2129 0.0899263 0.0417556
167.114 22.9529 0.0869447 0.14483
167.163 22.9781 0.0870763 0.173906
166.889 23.0874 0.0875173 0.0588678
166.984 22.9821 0.0830557 0.0727767
167.241 23.2129 0.0899263 0.0417556
167.114 22.9529 0.0869447 0.14483
167.163 22.9781 0.0870763 0.173906
167.251 23.2227 0.0868344 0.141314
166.984 22.9821 0.0830557 0.0727767
167.306 23.0006 0.0873271 0.0398706
167.241 23.2129 0.0899263 0.0417556
167.255 23.0254 0.0918447 0.007758
167.163 22.9781 0.0870763 0.173906
166.889 23.0874 0.0875173 0.0588678
166.984 22.9821 0.0830557 0.0727767
167.253 23.0345 0.0933672 0.00222383
166.896 23.1611 0.0875912 0.06657
166.889 23.0874 0.0875173 0.0588678
166.984 22.9821 0.0830557 0.0727767
167.138 22.8724 0.0828753 0.0358063
167.114 22.9529 0.0869447 0.14483
167.163 22.9781 0.0870763 0.173906
166.889 23.0874 0.0875173 0.0588678
166.984 22.9821 0.0830557 0.0727767
167.076 23.0818 0.0797193 0.123688
167.138 22.8724 0.0828753 0.0358063
167.114 22.9529 0.0869447 0.14483
167.114 22.9529 0.0869447 0.14483
167.163 22.9781 0.0870763 0.173906
167.251 23.2227 0.0868344 0.141314
167.076 23.0818 0.0797193 0.123688
167.114 22.9529 0.0869447 0.14483
167.114 22.9529 0.0869447 0.14483
167.163 22.9781 0.0870763 0.173906
167.251 23.2227 0.0868344 0.141314
167.251 23.2227 0.0868344 0.141314
167.203 22.8716 0.0791762 0.011274
167.306 23.0006 0.0873271 0.0398706
167.239 23.0231 0.09071 0.0230144
167.163 22.9781 0.0870763 0.173906
166.889 23.0874 0.0875173 0.0588678
167.076 23.0818 0.0797193 0.123688
167.076 23.0818 0.0797193 0.123688
167.076 23.0818 0.0797193 0.123688
166.794 23.2124 0.0867461 0.00462112
167.114 22.9529 0.0869447 0.14483
166.896 23.1611 0.0875912 0.06657
166.889 23.0874 0.0875173 0.0588678
167.251 23.2227 0.0868344 0.141314
167.076 23.0818 0.0797193 0.123688
167.241 23.2129 0.0899263 0.0417556
166.896 23.1611 0.0875912 0.06657
167.163 22.9781 0.0870763 0.173906
167.163 22.9781 0.0870763 0.173906
167.251 23.2227 0.0868344 0.141314
167.251 23.2227 0.0868344 0.141314
167.076 23.0818 0.0797193 0.123688
167.138 22.8724 0.0828753 0.0358063
167.114 22.9529 0.0869447 0.14483
167.163 22.9781 0.0870763 0.173906
167.163 22.9781 0.0870763 0.173906
167.251 23.2227 0.0868344 0.141314
167.253 23.0345 0.0933672 0.00222383
167.114 22.9529 0.0869447 0.14483
166.896 23.1611 0.0875912 0.06657
167.163 22.9781 0.0870763 0.173906
167.163 22.9781 0.0870763 0.173906
167.251 23.2227 0.0868344 0.141314
167.306 23.0006 0.0873271 0.0398706
167.114 22.9529 0.0869447 0.14483
167.255 23.0254 0.0918447 0.007758
167.251 23.2227 0.0868344 0.141314
167.306 23.0006 0.0873271 0.0398706
167.114 22.9529 0.0869447 0.14483
167.114 22.9529 0.0869447 0.14483
167.163 22.9781 0.0870763 0.173906
167.163 22.9781 0.0870763 0.173906
167.163 22.9781 0.0870763 0.173906
167.251 23.2227 0.0868344 0.141314
167.251 23.2227 0.0868344 0.141314
167.076 23.0818 0.0797193 0.123688
167.076 23.0818 0.0797193 0.123688
166.896 23.1611 0.0875912 0.06657
167.163 22.9781 0.0870763 0.173906
166.765 23.0796 0.0908562 0.00209904
167.076 23.0818 0.0797193 0.123688
166.816 23.1206 0.0805512 0.000977749
166.945 23.0453 0.0786541 0.006411
167.239 23.0231 0.09071 0.0230144
167.114 22.9529 0.0869447 0.14483
