-3.74995 2.60588 0.345665 0.148748
-3.7943 2.44006 0.350223 0.173521
-3.81948 2.44771 0.345105 0.0740031
-3.78925 2.55392 0.353385 0.0875472
-3.74827 2.69137 0.347222 0.0678338
-3.94525 2.49776 0.353986 0.0542901
-3.8274 2.4719 0.347869 0.18448
-3.74995 2.60588 0.345665 0.148748
-3.7943 2.44006 0.350223 0.173521
-3.78698 2.39486 0.345299 0.0536758
-3.78925 2.55392 0.353385 0.0875472
-3.8274 2.4719 0.347869 0.18448
-3.74995 2.60588 0.345665 0.148748
-3.74995 2.60588 0.345665 0.148748
-3.7943 2.44006 0.350223 0.173521
-3.90256 2.72285 0.356409 0.00192346
-3.74827 2.69137 0.347222 0.0678338
-3.94525 2.49776 0.353986 0.0542901
-3.8274 2.4719 0.347869 0.18448
-3.74995 2.60588 0.345665 0.148748
-3.7943 2.44006 0.350223 0.173521
-3.7943 2.44006 0.350223 0.173521
-3.81948 2.44771 0.345105 0.0740031
-3.57376 2.60284 0.343204 0.0297626
-3.78925 2.55392 0.353385 0.0875472
-3.74827 2.69137 0.347222 0.0678338
-3.8274 2.4719 0.347869 0.18448
-3.7943 2.44006 0.350223 0.173521
-3.78698 2.39486 0.345299 0.0536758
-3.94525 2.49776 0.353986 0.0542901
-3.8274 2.4719 0.347869 0.18448
-3.8274 2.4719 0.347869 0.18448
-3.7943 2.44006 0.350223 0.173521
-3.81948 2.44771 0.345105 0.0740031
-3.57376 2.60284 0.343204 0.0297626
-3.94525 2.49776 0.353986 0.0542901
-3.82318 2.68897 0.348062 0.0627002
-3.7943 2.44006 0.350223 0.173521
-3.78925 2.55392 0.353385 0.0875472
-3.8274 2.4719 0.347869 0.18448
-3.8274 2.4719 0.347869 0.18448
-3.74995 2.60588 0.345665 0.148748
-3.74995 2.60588 0.345665 0.148748
-3.81948 2.44771 0.345105 0.0740031
-3.78925 2.55392 0.353385 0.0875472
-3.82318 2.68897 0.348062 0.0627002
-3.54062 2.75958 0.340605 0.00117016
-3.7943 2.44006 0.350223 0.173521
-3.81948 2.44771 0.345105 0.0740031
-3.8274 2.4719 0.347869 0.18448
-3.8274 2.4719 0.347869 0.18448
-3.82318 2.68897 0.348062 0.0627002
-3.74995 2.60588 0.345665 0.148748
-3.78698 2.39486 0.345299 0.0536758
-3.74827 2.69137 0.347222 0.0678338
-3.54062 2.75958 0.340605 0.00117016
-3.7943 2.44006 0.350223 0.173521
-3.7943 2.44006 0.350223 0.173521
-3.81948 2.44771 0.345105 0.0740031
-3.81948 2.44771 0.345105 0.0740031
-3.78698 2.39486 0.345299 0.0536758
-3.8274 2.4719 0.347869 0.18448
-3.74995 2.60588 0.345665 0.148748
-3.7943 2.44006 0.350223 0.173521
-3.81948 2.44771 0.345105 0.0740031
-3.94525 2.49776 0.353986 0.0542901
-3.74995 2.60588 0.345665 0.148748
-4.08407 2.60896 0.35502 0.00257054
-3.78925 2.55392 0.353385 0.0875472
-3.8274 2.4719 0.347869 0.18448
-3.74995 2.60588 0.345665 0.148748
-3.81948 2.44771 0.345105 0.0740031
-3.81948 2.44771 0.345105 0.0740031
-3.94525 2.49776 0.353986 0.0542901
-3.8274 2.4719 0.347869 0.18448
-3.7943 2.44006 0.350223 0.173521
-3.81948 2.44771 0.345105 0.0740031
-3.78698 2.39486 0.345299 0.0536758
-3.94525 2.49776 0.353986 0.0542901
-3.8274 2.4719 0.347869 0.18448
-3.8274 2.4719 0.347869 0.18448
-3.8274 2.4719 0.347869 0.18448
-3.8274 2.4719 0.347869 0.18448
-3.8274 2.4719 0.347869 0.18448
-3.7943 2.44006 0.350223 0.173521
-3.78925 2.55392 0.353385 0.0875472
-3.82318 2.68897 0.348062 0.0627002
-3.74995 2.60588 0.345665 0.148748
-3.81948 2.44771 0.345105 0.0740031
-3.78925 2.55392 0.353385 0.0875472
-3.8274 2.4719 0.347869 0.18448
-3.8274 2.4719 0.347869 0.18448
-3.74995 2.60588 0.345665 0.148748
-3.74995 2.60588 0.345665 0.148748
-3.81948 2.44771 0.345105 0.0740031
-3.94525 2.49776 0.353986 0.0542901
-3.8274 2.4719 0.347869 0.18448
-3.8274 2.4719 0.347869 0.18448
-3.74995 2.60588 0.345665 0.148748
-3.81948 2.44771 0.345105 0.0740031
