187.019 -10.4626 3.17232 0.125192
187.235 -10.4865 3.18031 0.0113324
186.994 -10.4292 3.16725 0.0397213
187.071 -10.5939 3.17045 0.0865049
186.812 -10.3968 3.17417 0.00962335
186.972 -10.7879 3.17398 0.00901023
186.951 -10.6885 3.17059 0.0749816
186.806 -10.3857 3.17198 0.0197934
186.945 -10.553 3.1714 0.164699
186.945 -10.553 3.1714 0.164699
187.044 -10.4142 3.1762 0.0453597
186.922 -10.5128 3.16677 0.091751
187.009 -10.464 3.17312 0.121381
187.009 -10.464 3.17312 0.121381
186.887 -10.5928 3.17642 0.013815
186.887 -10.5928 3.17642 0.013815
186.945 -10.553 3.1714 0.164699
186.945 -10.553 3.1714 0.164699
186.996 -10.4203 3.17442 0.0696051
186.922 -10.5128 3.16677 0.091751
186.951 -10.6885 3.17059 0.0749816
187.019 -10.4626 3.17232 0.125192
187.071 -10.5939 3.17045 0.0865049
186.945 -10.553 3.1714 0.164699
186.922 -10.5128 3.16677 0.091751
186.951 -10.6885 3.17059 0.0749816
187.235 -10.4865 3.18031 0.0113324
187.018 -10.2798 3.16878 0.00600737
186.945 -10.553 3.1714 0.164699
187.044 -10.4142 3.1762 0.0453597
186.922 -10.5128 3.16677 0.091751
186.951 -10.6885 3.17059 0.0749816
187.045 -10.6655 3.17964 0.00513491
186.718 -10.7057 3.16951 0.0110687
187.151 -10.589 3.16945 0.0212969
186.972 -10.7879 3.17398 0.00901023
186.951 -10.6885 3.17059 0.0749816
187.019 -10.4626 3.17232 0.125192
187.235 -10.4865 3.18031 0.0113324
186.924 -10.4006 3.17877 0.00320168
186.994 -10.4292 3.16725 0.0397213
187.071 -10.5939 3.17045 0.0865049
186.945 -10.553 3.1714 0.164699
186.996 -10.4203 3.17442 0.0696051
186.951 -10.6885 3.17059 0.0749816
187.019 -10.4626 3.17232 0.125192
187.071 -10.5939 3.17045 0.0865049
186.945 -10.553 3.1714 0.164699
187.044 -10.4142 3.1762 0.0453597
186.951 -10.6885 3.17059 0.0749816
187.019 -10.4626 3.17232 0.125192
187.071 -10.5939 3.17045 0.0865049
186.945 -10.553 3.1714 0.164699
186.945 -10.553 3.1714 0.164699
186.922 -10.5128 3.16677 0.091751
187.019 -10.4626 3.17232 0.125192
186.718 -10.7057 3.16951 0.0110687
187.071 -10.5939 3.17045 0.0865049
186.945 -10.553 3.1714 0.164699
187.009 -10.464 3.17312 0.121381
187.045 -10.6655 3.17964 0.00513491
187.151 -10.589 3.16945 0.0212969
186.996 -10.4203 3.17442 0.0696051
187.009 -10.464 3.17312 0.121381
186.717 -10.3891 3.16918 0.012173
186.812 -10.3968 3.17417 0.00962335
186.945 -10.553 3.1714 0.164699
187.044 -10.4142 3.1762 0.0453597
186.922 -10.5128 3.16677 0.091751
187.009 -10.464 3.17312 0.121381
187.019 -10.4626 3.17232 0.125192
187.071 -10.5939 3.17045 0.0865049
186.945 -10.553 3.1714 0.164699
186.945 -10.553 3.1714 0.164699
186.922 -10.5128 3.16677 0.091751
187.019 -10.4626 3.17232 0.125192
186.887 -10.5928 3.17642 0.013815
186.994 -10.4292 3.16725 0.0397213
187.071 -10.5939 3.17045 0.0865049
186.945 -10.553 3.1714 0.164699
186.996 -10.4203 3.17442 0.0696051
186.996 -10.4203 3.17442 0.0696051
186.922 -10.5128 3.16677 0.091751
187.009 -10.464 3.17312 0.121381
187.019 -10.4626 3.17232 0.125192
187.019 -10.4626 3.17232 0.125192
187.069 -10.8145 3.17317 0.00604615
187.071 -10.5939 3.17045 0.0865049
187.044 -10.4142 3.1762 0.0453597
187.009 -10.464 3.17312 0.121381
187.019 -10.4626 3.17232 0.125192
187.019 -10.4626 3.17232 0.125192
187.071 -10.5939 3.17045 0.0865049
186.996 -10.4203 3.17442 0.0696051
186.922 -10.5128 3.16677 0.091751
187.019 -10.4626 3.17232 0.125192
187.071 -10.5939 3.17045 0.0865049
187.044 -10.4142 3.1762 0.0453597
187.044 -10.4142 3.1762 0.0453597
186.922 -10.5128 3.16677 0.091751
