94.5392 16.848 0.0833143 0.00708643
94.5284 16.7405 0.0778184 0.00560586
94.4781 16.868 0.0793084 0.028631
94.3222 17.1535 0.0727658 0.0756882
94.3204 16.9636 0.0715987 0.0672441
94.2438 16.9741 0.0722679 0.0538587
94.3695 17.2597 0.0624327 0.00323326
94.5796 17.1233 0.0818583 0.0186148
94.4079 16.8964 0.0671886 0.0240333
94.4222 16.991 0.0767809 0.0928931
94.271 17.1417 0.0740619 0.0738232
94.3157 16.9238 0.0723748 0.05924
94.3222 17.1535 0.0727658 0.0756882
94.2283 17.2474 0.0747897 0.0325163
94.3204 16.9636 0.0715987 0.0672441
94.2438 16.9741 0.0722679 0.0538587
94.2457 17.0101 0.0697433 0.040856
94.4222 16.991 0.0767809 0.0928931
94.271 17.1417 0.0740619 0.0738232
94.3105 16.8745 0.079321 0.0410254
94.2682 16.8556 0.0691801 0.018379
94.1949 16.9568 0.0848223 0.0183255
94.3222 17.1535 0.0727658 0.0756882
94.2283 17.2474 0.0747897 0.0325163
94.3204 16.9636 0.0715987 0.0672441
94.4728 16.8797 0.0810263 0.0250979
94.5245 16.8605 0.078651 0.0214806
94.4222 16.991 0.0767809 0.0928931
94.4222 16.991 0.0767809 0.0928931
94.271 17.1417 0.0740619 0.0738232
94.271 17.1417 0.0740619 0.0738232
94.3157 16.9238 0.0723748 0.05924
94.3222 17.1535 0.0727658 0.0756882
94.3204 16.9636 0.0715987 0.0672441
94.3204 16.9636 0.0715987 0.0672441
94.2438 16.9741 0.0722679 0.0538587
94.5796 17.1233 0.0818583 0.0186148
94.3877 16.8849 0.0804053 0.0394888
94.5392 16.848 0.0833143 0.00708643
94.271 17.1417 0.0740619 0.0738232
94.4781 16.868 0.0793084 0.028631
94.3934 16.7013 0.0783289 0.00542226
94.3204 16.9636 0.0715987 0.0672441
94.2438 16.9741 0.0722679 0.0538587
94.5328 16.8149 0.0810886 0.00866868
94.2457 17.0101 0.0697433 0.040856
94.4079 16.8964 0.0671886 0.0240333
94.3782 16.9749 0.0693639 0.0556186
94.237 16.8729 0.0642788 0.00465332
94.3157 16.9238 0.0723748 0.05924
94.3157 16.9238 0.0723748 0.05924
94.3222 17.1535 0.0727658 0.0756882
94.3421 16.8358 0.0715468 0.0289887
94.3421 16.8358 0.0715468 0.0289887
94.2283 17.2474 0.0747897 0.0325163
94.2283 17.2474 0.0747897 0.0325163
94.3204 16.9636 0.0715987 0.0672441
94.4728 16.8797 0.0810263 0.0250979
94.3347 17.5329 0.0808949 0.000644918
94.565 16.9481 0.0761572 0.0353861
94.3877 16.8849 0.0804053 0.0394888
94.3877 16.8849 0.0804053 0.0394888
94.4222 16.991 0.0767809 0.0928931
94.3782 16.9749 0.0693639 0.0556186
94.5284 16.7405 0.0778184 0.00560586
94.4781 16.868 0.0793084 0.028631
94.2682 16.8556 0.0691801 0.018379
94.3421 16.8358 0.0715468 0.0289887
94.3421 16.8358 0.0715468 0.0289887
94.2283 17.2474 0.0747897 0.0325163
94.2438 16.9741 0.0722679 0.0538587
94.4728 16.8797 0.0810263 0.0250979
94.2457 17.0101 0.0697433 0.040856
94.4222 16.991 0.0767809 0.0928931
94.3782 16.9749 0.0693639 0.0556186
94.3782 16.9749 0.0693639 0.0556186
94.3782 16.9749 0.0693639 0.0556186
94.3527 16.7996 0.0718621 0.020783
94.2682 16.8556 0.0691801 0.018379
94.3204 16.9636 0.0715987 0.0672441
94.3204 16.9636 0.0715987 0.0672441
94.565 16.9481 0.0761572 0.0353861
94.6472 17.0633 0.0836241 0.00572844
94.2457 17.0101 0.0697433 0.040856
94.4511 17.1604 0.0886656 0.00669586
94.3877 16.8849 0.0804053 0.0394888
94.4079 16.8964 0.0671886 0.0240333
94.5284 16.7405 0.0778184 0.00560586
94.271 17.1417 0.0740619 0.0738232
94.4481 16.7204 0.0756429 0.00749793
94.3105 16.8745 0.079321 0.0410254
94.3157 16.9238 0.0723748 0.05924
94.3222 17.1535 0.0727658 0.0756882
94.3421 16.8358 0.0715468 0.0289887
94.3204 16.9636 0.0715987 0.0672441
94.2438 16.9741 0.0722679 0.0538587
94.1994 16.733 0.0814314 0.00379986
94.5245 16.8605 0.078651 0.0214806
94.4222 16.991 0.0767809 0.0928931
94.4222 16.991 0.0767809 0.0928931
