-4.47089 -94.27 3.09048 0.0294544
-4.58228 -94.5311 3.08766 0.131895
-4.58228 -94.5311 3.08766 0.131895
-4.47302 -94.331 3.09544 0.120781
-4.32569 -94.4813 3.09688 0.0842802
-4.35201 -94.3546 3.09533 0.0746339
-4.51189 -94.4479 3.09721 0.157279
-4.47089 -94.27 3.09048 0.0294544
-4.58228 -94.5311 3.08766 0.131895
-4.61901 -94.3718 3.08838 0.0797168
-4.61901 -94.3718 3.08838 0.0797168
-4.35201 -94.3546 3.09533 0.0746339
-4.56876 -94.5899 3.09951 0.0298031
-4.58228 -94.5311 3.08766 0.131895
-4.58228 -94.5311 3.08766 0.131895
-4.61901 -94.3718 3.08838 0.0797168
-4.32569 -94.4813 3.09688 0.0842802
-4.35201 -94.3546 3.09533 0.0746339
-4.51748 -94.2039 3.09871 0.0198309
-4.27981 -94.2747 3.09645 0.0195644
-4.51189 -94.4479 3.09721 0.157279
-4.51189 -94.4479 3.09721 0.157279
-4.36369 -94.2481 3.09464 0.0268722
-4.47302 -94.331 3.09544 0.120781
-4.61204 -94.2419 3.10695 0.000128288
-4.29705 -94.2656 3.1021 0.0123048
-4.61901 -94.3718 3.08838 0.0797168
-4.32569 -94.4813 3.09688 0.0842802
-4.32569 -94.4813 3.09688 0.0842802
-4.46607 -94.2798 3.09645 0.0712937
-4.56876 -94.5899 3.09951 0.0298031
-4.51189 -94.4479 3.09721 0.157279
-4.58228 -94.5311 3.08766 0.131895
-4.47302 -94.331 3.09544 0.120781
-4.32569 -94.4813 3.09688 0.0842802
-4.46607 -94.2798 3.09645 0.0712937
-4.46483 -94.2545 3.09177 0.0334695
-4.27981 -94.2747 3.09645 0.0195644
-4.51189 -94.4479 3.09721 0.157279
-4.58228 -94.5311 3.08766 0.131895
-4.47302 -94.331 3.09544 0.120781
-4.47302 -94.331 3.09544 0.120781
-4.46607 -94.2798 3.09645 0.0712937
-4.46607 -94.2798 3.09645 0.0712937
-4.75706 -94.7139 3.09624 0.00539959
-4.58228 -94.5311 3.08766 0.131895
-4.36369 -94.2481 3.09464 0.0268722
-4.61901 -94.3718 3.08838 0.0797168
-4.35201 -94.3546 3.09533 0.0746339
-4.56876 -94.5899 3.09951 0.0298031
-4.58228 -94.5311 3.08766 0.131895
-4.58228 -94.5311 3.08766 0.131895
-4.58228 -94.5311 3.08766 0.131895
-4.47302 -94.331 3.09544 0.120781
-4.46607 -94.2798 3.09645 0.0712937
-4.46607 -94.2798 3.09645 0.0712937
-4.73784 -94.3289 3.09052 0.0467366
-4.51189 -94.4479 3.09721 0.157279
-4.47302 -94.331 3.09544 0.120781
-4.32569 -94.4813 3.09688 0.0842802
-4.35201 -94.3546 3.09533 0.0746339
-4.56876 -94.5899 3.09951 0.0298031
-4.51189 -94.4479 3.09721 0.157279
-4.58228 -94.5311 3.08766 0.131895
-4.47302 -94.331 3.09544 0.120781
-4.32569 -94.4813 3.09688 0.0842802
-4.73784 -94.3289 3.09052 0.0467366
-4.73784 -94.3289 3.09052 0.0467366
-4.51189 -94.4479 3.09721 0.157279
-4.58228 -94.5311 3.08766 0.131895
-4.47302 -94.331 3.09544 0.120781
-4.32569 -94.4813 3.09688 0.0842802
-4.35201 -94.3546 3.09533 0.0746339
-4.51189 -94.4479 3.09721 0.157279
-4.51189 -94.4479 3.09721 0.157279
-4.58228 -94.5311 3.08766 0.131895
-4.61901 -94.3718 3.08838 0.0797168
-4.35201 -94.3546 3.09533 0.0746339
-4.73784 -94.3289 3.09052 0.0467366
-4.73784 -94.3289 3.09052 0.0467366
-4.51189 -94.4479 3.09721 0.157279
-4.47302 -94.331 3.09544 0.120781
-4.46607 -94.2798 3.09645 0.0712937
-4.46483 -94.2545 3.09177 0.0334695
-4.56876 -94.5899 3.09951 0.0298031
-4.51189 -94.4479 3.09721 0.157279
-4.51189 -94.4479 3.09721 0.157279
-4.58228 -94.5311 3.08766 0.131895
-4.47302 -94.331 3.09544 0.120781
-4.61901 -94.3718 3.08838 0.0797168
-4.61901 -94.3718 3.08838 0.0797168
-4.46607 -94.2798 3.09645 0.0712937
-4.51748 -94.2039 3.09871 0.0198309
-4.46483 -94.2545 3.09177 0.0334695
-4.51189 -94.4479 3.09721 0.157279
-4.58228 -94.5311 3.08766 0.131895
-4.36369 -94.2481 3.09464 0.0268722
-4.47302 -94.331 3.09544 0.120781
-4.61901 -94.3718 3.08838 0.0797168
-4.32569 -94.4813 3.09688 0.0842802
