85.3363 -34.3368 3.60535 0.12347
85.4385 -34.319 3.60652 0.0962117
85.5831 -34.4101 3.59985 0.129855
85.2771 -34.3877 3.60392 0.0857677
85.4992 -34.2235 3.60321 0.183921
85.3363 -34.3368 3.60535 0.12347
85.2654 -34.2574 3.60412 0.0817727
85.6365 -34.2566 3.60356 0.0340904
85.4992 -34.2235 3.60321 0.183921
85.4992 -34.2235 3.60321 0.183921
85.4992 -34.2235 3.60321 0.183921
85.4385 -34.319 3.60652 0.0962117
85.2654 -34.2574 3.60412 0.0817727
85.6795 -34.3106 3.60068 0.0155986
85.6365 -34.2566 3.60356 0.0340904
85.4992 -34.2235 3.60321 0.183921
85.4992 -34.2235 3.60321 0.183921
85.3363 -34.3368 3.60535 0.12347
85.2654 -34.2574 3.60412 0.0817727
85.5831 -34.4101 3.59985 0.129855
85.3194 -34.1226 3.60626 0.0336681
85.4992 -34.2235 3.60321 0.183921
85.3363 -34.3368 3.60535 0.12347
85.3363 -34.3368 3.60535 0.12347
85.4385 -34.319 3.60652 0.0962117
85.2654 -34.2574 3.60412 0.0817727
85.5831 -34.4101 3.59985 0.129855
85.2771 -34.3877 3.60392 0.0857677
85.4992 -34.2235 3.60321 0.183921
85.4992 -34.2235 3.60321 0.183921
85.4992 -34.2235 3.60321 0.183921
85.4385 -34.319 3.60652 0.0962117
85.6425 -34.1881 3.60067 0.00701284
85.2771 -34.3877 3.60392 0.0857677
85.5349 -34.0388 3.60828 0.00466651
85.4992 -34.2235 3.60321 0.183921
85.4992 -34.2235 3.60321 0.183921
85.4992 -34.2235 3.60321 0.183921
85.6219 -34.3244 3.59983 0.0488689
85.6219 -34.3244 3.59983 0.0488689
85.4385 -34.319 3.60652 0.0962117
85.3194 -34.1226 3.60626 0.0336681
85.4377 -34.1245 3.59996 0.00941557
85.3363 -34.3368 3.60535 0.12347
85.4385 -34.319 3.60652 0.0962117
85.3378 -34.2519 3.5974 0.0146536
85.5831 -34.4101 3.59985 0.129855
85.4992 -34.2235 3.60321 0.183921
85.6219 -34.3244 3.59983 0.0488689
85.3363 -34.3368 3.60535 0.12347
85.305 -34.4515 3.60397 0.0602552
85.4385 -34.319 3.60652 0.0962117
85.4385 -34.319 3.60652 0.0962117
85.3194 -34.1226 3.60626 0.0336681
85.2771 -34.3877 3.60392 0.0857677
85.3363 -34.3368 3.60535 0.12347
85.4385 -34.319 3.60652 0.0962117
85.4385 -34.319 3.60652 0.0962117
85.4385 -34.319 3.60652 0.0962117
85.2654 -34.2574 3.60412 0.0817727
85.4377 -34.1245 3.59996 0.00941557
85.4992 -34.2235 3.60321 0.183921
85.305 -34.4515 3.60397 0.0602552
85.3573 -34.0538 3.6032 0.00775959
85.5831 -34.4101 3.59985 0.129855
85.6795 -34.3106 3.60068 0.0155986
85.4992 -34.2235 3.60321 0.183921
85.3363 -34.3368 3.60535 0.12347
85.4385 -34.319 3.60652 0.0962117
85.5831 -34.4101 3.59985 0.129855
85.4992 -34.2235 3.60321 0.183921
85.3363 -34.3368 3.60535 0.12347
85.3363 -34.3368 3.60535 0.12347
85.4385 -34.319 3.60652 0.0962117
85.5831 -34.4101 3.59985 0.129855
85.5831 -34.4101 3.59985 0.129855
85.4992 -34.2235 3.60321 0.183921
85.6219 -34.3244 3.59983 0.0488689
85.305 -34.4515 3.60397 0.0602552
85.5831 -34.4101 3.59985 0.129855
85.2771 -34.3877 3.60392 0.0857677
85.2771 -34.3877 3.60392 0.0857677
85.3363 -34.3368 3.60535 0.12347
85.2654 -34.2574 3.60412 0.0817727
85.5831 -34.4101 3.59985 0.129855
85.2771 -34.3877 3.60392 0.0857677
85.4992 -34.2235 3.60321 0.183921
85.3363 -34.3368 3.60535 0.12347
85.4385 -34.319 3.60652 0.0962117
85.2654 -34.2574 3.60412 0.0817727
85.5831 -34.4101 3.59985 0.129855
85.6365 -34.2566 3.60356 0.0340904
85.4992 -34.2235 3.60321 0.183921
85.3363 -34.3368 3.60535 0.12347
85.2654 -34.2574 3.60412 0.0817727
85.2654 -34.2574 3.60412 0.0817727
85.5831 -34.4101 3.59985 0.129855
85.4992 -34.2235 3.60321 0.183921
85.4992 -34.2235 3.60321 0.183921
85.3363 -34.3368 3.60535 0.12347
