7.85941 -94.8014 3.4138 0.0410591
7.55336 -94.5186 3.41084 0.00676926
7.92416 -94.5545 3.41094 0.103267
7.92416 -94.5545 3.41094 0.103267
7.63907 -94.499 3.41356 0.0109093
7.84391 -94.6049 3.40322 0.0574965
7.94516 -94.7414 3.41225 0.0934997
8.09888 -94.6345 3.40761 0.0369372
7.7714 -94.4927 3.40745 0.0469691
7.75361 -94.9082 3.40641 0.063473
8.0681 -94.6316 3.41693 0.0311849
7.92416 -94.5545 3.41094 0.103267
7.84391 -94.6049 3.40322 0.0574965
7.84391 -94.6049 3.40322 0.0574965
7.66362 -94.765 3.41041 0.0396061
7.7992 -95.0432 3.40537 0.0188862
7.70878 -94.9448 3.40322 0.0473121
8.04103 -94.5939 3.4126 0.0736806
7.92839 -95.06 3.402 0.0113062
7.7714 -94.4927 3.40745 0.0469691
7.8225 -94.389 3.40681 0.0132065
8.29637 -94.5967 3.41038 0.00304819
7.82126 -94.3653 3.40665 0.00879513
7.85941 -94.8014 3.4138 0.0410591
7.63907 -94.499 3.41356 0.0109093
7.7992 -95.0432 3.40537 0.0188862
7.94516 -94.7414 3.41225 0.0934997
8.04103 -94.5939 3.4126 0.0736806
7.8648 -94.5891 3.41472 0.0660518
8.01453 -94.944 3.4045 0.0249532
7.91405 -94.7508 3.40198 0.0605577
7.91405 -94.7508 3.40198 0.0605577
7.85941 -94.8014 3.4138 0.0410591
7.92416 -94.5545 3.41094 0.103267
7.84391 -94.6049 3.40322 0.0574965
7.79032 -94.3795 3.41381 0.0158617
7.70878 -94.9448 3.40322 0.0473121
8.04103 -94.5939 3.4126 0.0736806
8.09888 -94.6345 3.40761 0.0369372
8.01453 -94.944 3.4045 0.0249532
7.82126 -94.3653 3.40665 0.00879513
7.62583 -95.0148 3.3956 0.00733819
7.92416 -94.5545 3.41094 0.103267
7.84391 -94.6049 3.40322 0.0574965
7.66362 -94.765 3.41041 0.0396061
7.94516 -94.7414 3.41225 0.0934997
7.81836 -95.025 3.40559 0.0237734
7.92839 -95.06 3.402 0.0113062
7.73465 -94.5443 3.39918 0.00754438
7.75361 -94.9082 3.40641 0.063473
7.91405 -94.7508 3.40198 0.0605577
7.82126 -94.3653 3.40665 0.00879513
7.92416 -94.5545 3.41094 0.103267
7.92416 -94.5545 3.41094 0.103267
7.84391 -94.6049 3.40322 0.0574965
7.84391 -94.6049 3.40322 0.0574965
7.66362 -94.765 3.41041 0.0396061
7.70878 -94.9448 3.40322 0.0473121
8.04103 -94.5939 3.4126 0.0736806
7.7714 -94.4927 3.40745 0.0469691
7.91405 -94.7508 3.40198 0.0605577
7.92416 -94.5545 3.41094 0.103267
7.84391 -94.6049 3.40322 0.0574965
7.66362 -94.765 3.41041 0.0396061
7.94516 -94.7414 3.41225 0.0934997
8.09888 -94.6345 3.40761 0.0369372
7.8648 -94.5891 3.41472 0.0660518
7.7714 -94.4927 3.40745 0.0469691
8.01453 -94.944 3.4045 0.0249532
7.73465 -94.5443 3.39918 0.00754438
7.85941 -94.8014 3.4138 0.0410591
7.55336 -94.5186 3.41084 0.00676926
7.62583 -95.0148 3.3956 0.00733819
7.92416 -94.5545 3.41094 0.103267
7.63907 -94.499 3.41356 0.0109093
7.79032 -94.3795 3.41381 0.0158617
7.94516 -94.7414 3.41225 0.0934997
7.94516 -94.7414 3.41225 0.0934997
8.04103 -94.5939 3.4126 0.0736806
7.7714 -94.4927 3.40745 0.0469691
7.75361 -94.9082 3.40641 0.063473
8.0681 -94.6316 3.41693 0.0311849
8.13443 -94.7341 3.40313 0.00893946
7.84391 -94.6049 3.40322 0.0574965
7.94516 -94.7414 3.41225 0.0934997
8.04103 -94.5939 3.4126 0.0736806
8.04103 -94.5939 3.4126 0.0736806
7.81836 -95.025 3.40559 0.0237734
7.7714 -94.4927 3.40745 0.0469691
8.01453 -94.944 3.4045 0.0249532
7.75361 -94.9082 3.40641 0.063473
7.91405 -94.7508 3.40198 0.0605577
7.92416 -94.5545 3.41094 0.103267
7.66674 -94.4471 3.40571 0.0124316
7.70878 -94.9448 3.40322 0.0473121
8.04103 -94.5939 3.4126 0.0736806
7.8648 -94.5891 3.41472 0.0660518
7.75361 -94.9082 3.40641 0.063473
7.75361 -94.9082 3.40641 0.063473
7.91405 -94.7508 3.40198 0.0605577
