-37.0553 -30.2083 1.25387 0.202773
-37.0324 -30.0613 1.25345 0.163369
-37.0324 -30.0613 1.25345 0.163369
-37.0448 -29.8689 1.24102 0.0452642
-37.3309 -30.0219 1.2523 0.113951
-37.1579 -30.3609 1.25672 0.048053
-37.0553 -30.2083 1.25387 0.202773
-37.1903 -30.19 1.24616 0.139302
-37.1048 -29.849 1.2525 0.0225145
-37.3309 -30.0219 1.2523 0.113951
-37.0553 -30.2083 1.25387 0.202773
-37.1903 -30.19 1.24616 0.139302
-37.135 -29.6437 1.24252 0.00392471
-37.0553 -30.2083 1.25387 0.202773
-37.1211 -29.8734 1.23808 0.014186
-37.1903 -30.19 1.24616 0.139302
-37.0324 -30.0613 1.25345 0.163369
-37.1048 -29.849 1.2525 0.0225145
-37.0553 -30.2083 1.25387 0.202773
-37.1903 -30.19 1.24616 0.139302
-37.085 -30.4447 1.25575 0.0105633
-37.1579 -30.3609 1.25672 0.048053
-37.1903 -30.19 1.24616 0.139302
-37.1048 -29.849 1.2525 0.0225145
-37.3309 -30.0219 1.2523 0.113951
-37.0553 -30.2083 1.25387 0.202773
-37.1903 -30.19 1.24616 0.139302
-37.1048 -29.849 1.2525 0.0225145
-37.1048 -29.849 1.2525 0.0225145
-37.1158 -30.1587 1.25722 0.0904648
-37.3309 -30.0219 1.2523 0.113951
-37.0553 -30.2083 1.25387 0.202773
-37.1903 -30.19 1.24616 0.139302
-37.0324 -30.0613 1.25345 0.163369
-37.0324 -30.0613 1.25345 0.163369
-37.1048 -29.849 1.2525 0.0225145
-37.1579 -30.3609 1.25672 0.048053
-37.1903 -30.19 1.24616 0.139302
-37.0324 -30.0613 1.25345 0.163369
-37.3309 -30.0219 1.2523 0.113951
-37.0553 -30.2083 1.25387 0.202773
-37.0324 -30.0613 1.25345 0.163369
-37.0892 -30.2204 1.26022 0.0156096
-37.3457 -30.2376 1.24642 0.020017
-37.1903 -30.19 1.24616 0.139302
-37.1158 -30.1587 1.25722 0.0904648
-37.0553 -30.2083 1.25387 0.202773
-37.0553 -30.2083 1.25387 0.202773
-37.0324 -30.0613 1.25345 0.163369
-37.1158 -30.1587 1.25722 0.0904648
-37.0553 -30.2083 1.25387 0.202773
-37.0324 -30.0613 1.25345 0.163369
-37.0324 -30.0613 1.25345 0.163369
-37.1048 -29.849 1.2525 0.0225145
-37.0553 -30.2083 1.25387 0.202773
-37.0553 -30.2083 1.25387 0.202773
-37.0553 -30.2083 1.25387 0.202773
-37.0324 -30.0613 1.25345 0.163369
-37.0324 -30.0613 1.25345 0.163369
-37.3309 -30.0219 1.2523 0.113951
-37.0553 -30.2083 1.25387 0.202773
-37.0553 -30.2083 1.25387 0.202773
-37.0553 -30.2083 1.25387 0.202773
-37.1903 -30.19 1.24616 0.139302
-37.0448 -29.8689 1.24102 0.0452642
-37.2351 -29.7784 1.25199 0.00517668
-37.0553 -30.2083 1.25387 0.202773
-37.0324 -30.0613 1.25345 0.163369
-37.0324 -30.0613 1.25345 0.163369
-37.1158 -30.1587 1.25722 0.0904648
-37.0553 -30.2083 1.25387 0.202773
-37.0324 -30.0613 1.25345 0.163369
-37.0324 -30.0613 1.25345 0.163369
-37.4646 -29.9792 1.24983 0.0120023
-37.0553 -30.2083 1.25387 0.202773
-37.0553 -30.2083 1.25387 0.202773
-37.0324 -30.0613 1.25345 0.163369
-37.0324 -30.0613 1.25345 0.163369
-37.1579 -30.3609 1.25672 0.048053
-37.1579 -30.3609 1.25672 0.048053
-37.1903 -30.19 1.24616 0.139302
-37.4646 -29.9792 1.24983 0.0120023
-37.3309 -30.0219 1.2523 0.113951
-37.0553 -30.2083 1.25387 0.202773
-37.0324 -30.0613 1.25345 0.163369
-37.3309 -30.0219 1.2523 0.113951
-37.3309 -30.0219 1.2523 0.113951
-37.0553 -30.2083 1.25387 0.202773
-37.0553 -30.2083 1.25387 0.202773
-37.0853 -30.3051 1.25988 0.0180109
-37.1903 -30.19 1.24616 0.139302
-37.0892 -30.2204 1.26022 0.0156096
-37.3309 -30.0219 1.2523 0.113951
-37.0553 -30.2083 1.25387 0.202773
-37.0553 -30.2083 1.25387 0.202773
-37.1903 -30.19 1.24616 0.139302
-37.4646 -29.9792 1.24983 0.0120023
-37.0553 -30.2083 1.25387 0.202773
-37.1903 -30.19 1.24616 0.139302
-37.085 -30.4447 1.25575 0.0105633
