67.0984 15.9304 0.138765 0.136982
67.318 15.8699 0.133217 0.0394678
67.0614 15.7285 0.142408 0.178197
67.2544 15.7469 0.147631 0.0335196
67.1548 15.7717 0.135007 0.128615
67.1694 15.6429 0.148677 0.0357813
67.2291 15.6191 0.137097 0.0561433
67.2328 15.9134 0.139312 0.0932886
67.237 15.9899 0.124887 0.00404798
67.1548 15.7717 0.135007 0.128615
66.9118 16.0653 0.139394 0.0213102
67.0614 15.7285 0.142408 0.178197
67.1488 16.1212 0.132759 0.0127015
67.1548 15.7717 0.135007 0.128615
67.2838 15.8332 0.144506 0.0472569
67.2291 15.6191 0.137097 0.0561433
67.0614 15.7285 0.142408 0.178197
67.2328 15.9134 0.139312 0.0932886
67.2328 15.9134 0.139312 0.0932886
67.1548 15.7717 0.135007 0.128615
67.2291 15.6191 0.137097 0.0561433
67.0614 15.7285 0.142408 0.178197
67.0614 15.7285 0.142408 0.178197
67.2328 15.9134 0.139312 0.0932886
67.1548 15.7717 0.135007 0.128615
67.318 15.8699 0.133217 0.0394678
67.2291 15.6191 0.137097 0.0561433
67.2328 15.9134 0.139312 0.0932886
67.2328 15.9134 0.139312 0.0932886
67.0984 15.9304 0.138765 0.136982
67.1548 15.7717 0.135007 0.128615
67.1548 15.7717 0.135007 0.128615
67.0614 15.7285 0.142408 0.178197
67.1788 15.5313 0.144573 0.0295489
67.2328 15.9134 0.139312 0.0932886
67.1548 15.7717 0.135007 0.128615
67.1548 15.7717 0.135007 0.128615
67.1694 15.6429 0.148677 0.0357813
67.2291 15.6191 0.137097 0.0561433
67.1788 15.5313 0.144573 0.0295489
67.0984 15.9304 0.138765 0.136982
67.2838 15.8332 0.144506 0.0472569
67.0614 15.7285 0.142408 0.178197
67.0614 15.7285 0.142408 0.178197
67.2328 15.9134 0.139312 0.0932886
67.0984 15.9304 0.138765 0.136982
67.2838 15.8332 0.144506 0.0472569
67.0614 15.7285 0.142408 0.178197
67.2328 15.9134 0.139312 0.0932886
67.0984 15.9304 0.138765 0.136982
67.1548 15.7717 0.135007 0.128615
67.318 15.8699 0.133217 0.0394678
67.0614 15.7285 0.142408 0.178197
67.3441 16.0372 0.129032 0.00548179
67.0984 15.9304 0.138765 0.136982
67.1548 15.7717 0.135007 0.128615
67.1455 15.7356 0.131945 0.0641095
67.2768 15.6465 0.131032 0.0178472
67.0984 15.9304 0.138765 0.136982
67.0984 15.9304 0.138765 0.136982
67.1548 15.7717 0.135007 0.128615
67.1548 15.7717 0.135007 0.128615
67.318 15.8699 0.133217 0.0394678
67.0614 15.7285 0.142408 0.178197
67.1788 15.5313 0.144573 0.0295489
67.0984 15.9304 0.138765 0.136982
67.1548 15.7717 0.135007 0.128615
66.9118 16.0653 0.139394 0.0213102
67.1455 15.7356 0.131945 0.0641095
67.1455 15.7356 0.131945 0.0641095
67.4215 15.9326 0.139106 0.0111649
67.2328 15.9134 0.139312 0.0932886
67.0984 15.9304 0.138765 0.136982
66.9118 16.0653 0.139394 0.0213102
67.2838 15.8332 0.144506 0.0472569
67.2291 15.6191 0.137097 0.0561433
67.2328 15.9134 0.139312 0.0932886
67.0984 15.9304 0.138765 0.136982
67.1548 15.7717 0.135007 0.128615
67.2838 15.8332 0.144506 0.0472569
67.1455 15.7356 0.131945 0.0641095
67.2291 15.6191 0.137097 0.0561433
67.2328 15.9134 0.139312 0.0932886
67.1548 15.7717 0.135007 0.128615
67.2838 15.8332 0.144506 0.0472569
67.3248 15.6205 0.135303 0.0221409
67.2328 15.9134 0.139312 0.0932886
67.0984 15.9304 0.138765 0.136982
67.1548 15.7717 0.135007 0.128615
67.2291 15.6191 0.137097 0.0561433
67.2291 15.6191 0.137097 0.0561433
67.2328 15.9134 0.139312 0.0932886
67.0984 15.9304 0.138765 0.136982
67.0984 15.9304 0.138765 0.136982
67.1548 15.7717 0.135007 0.128615
67.1455 15.7356 0.131945 0.0641095
67.2291 15.6191 0.137097 0.0561433
66.5004 15.9315 0.136767 4.45046e-05
67.1488 16.1212 0.132759 0.0127015
67.318 15.8699 0.133217 0.0394678
