113.111 -22.7531 3.4054 0.493584
113.111 -22.7531 3.4054 0.493584
112.82 -22.7026 3.39734 0.0120234
113.111 -22.7531 3.4054 0.493584
112.976 -22.8808 3.40026 0.0420239
113.028 -23.0403 3.40452 0.0367161
112.82 -22.7026 3.39734 0.0120234
113.111 -22.7531 3.4054 0.493584
113.178 -22.9858 3.40569 0.12164
113.111 -22.7531 3.4054 0.493584
112.976 -22.8808 3.40026 0.0420239
112.867 -22.8004 3.40198 0.0685556
113.111 -22.7531 3.4054 0.493584
113.028 -23.0403 3.40452 0.0367161
113.111 -22.7531 3.4054 0.493584
113.111 -22.7531 3.4054 0.493584
113.111 -22.7531 3.4054 0.493584
113.624 -22.7548 3.41706 0.0192669
113.111 -22.7531 3.4054 0.493584
113.111 -22.7531 3.4054 0.493584
113.111 -22.7531 3.4054 0.493584
113.382 -23.0744 3.41025 0.0431361
112.867 -22.8004 3.40198 0.0685556
113.091 -23.0739 3.40555 0.0340132
113.111 -22.7531 3.4054 0.493584
113.111 -22.7531 3.4054 0.493584
112.867 -22.8004 3.40198 0.0685556
113.111 -22.7531 3.4054 0.493584
113.111 -22.7531 3.4054 0.493584
113.382 -23.0744 3.41025 0.0431361
113.382 -23.0744 3.41025 0.0431361
113.382 -23.0744 3.41025 0.0431361
112.867 -22.8004 3.40198 0.0685556
113.111 -22.7531 3.4054 0.493584
113.111 -22.7531 3.4054 0.493584
113.074 -23.0364 3.40065 0.00627203
112.976 -22.7731 3.39637 0.00786528
112.885 -23.0358 3.40804 0.0130101
113.091 -23.0739 3.40555 0.0340132
113.111 -22.7531 3.4054 0.493584
112.976 -22.8808 3.40026 0.0420239
113.624 -22.7548 3.41706 0.0192669
113.111 -22.7531 3.4054 0.493584
113.111 -22.7531 3.4054 0.493584
113.111 -22.7531 3.4054 0.493584
113.111 -22.7531 3.4054 0.493584
113.419 -23.1662 3.41488 0.0137721
113.091 -23.0739 3.40555 0.0340132
113.624 -22.7548 3.41706 0.0192669
112.867 -22.8004 3.40198 0.0685556
113.111 -22.7531 3.4054 0.493584
113.051 -22.9406 3.41756 0.00831839
113.624 -22.7548 3.41706 0.0192669
112.992 -23.0589 3.39892 0.00150609
113.178 -22.9858 3.40569 0.12164
113.111 -22.7531 3.4054 0.493584
113.178 -22.9858 3.40569 0.12164
113.111 -22.7531 3.4054 0.493584
113.111 -22.7531 3.4054 0.493584
113.178 -22.9858 3.40569 0.12164
113.111 -22.7531 3.4054 0.493584
113.178 -22.9858 3.40569 0.12164
113.111 -22.7531 3.4054 0.493584
113.111 -22.7531 3.4054 0.493584
113.178 -22.9858 3.40569 0.12164
113.419 -23.1662 3.41488 0.0137721
113.111 -22.7531 3.4054 0.493584
113.111 -22.7531 3.4054 0.493584
113.382 -23.0744 3.41025 0.0431361
113.111 -22.7531 3.4054 0.493584
113.111 -22.7531 3.4054 0.493584
113.419 -23.1662 3.41488 0.0137721
113.158 -23.1247 3.40504 0.0102422
113.091 -23.0739 3.40555 0.0340132
112.976 -22.8808 3.40026 0.0420239
113.111 -22.7531 3.4054 0.493584
112.908 -22.932 3.40079 0.0241704
113.111 -22.7531 3.4054 0.493584
113.178 -22.9858 3.40569 0.12164
113.111 -22.7531 3.4054 0.493584
113.111 -22.7531 3.4054 0.493584
113.111 -22.7531 3.4054 0.493584
112.908 -22.932 3.40079 0.0241704
113.111 -22.7531 3.4054 0.493584
113.111 -22.7531 3.4054 0.493584
113.028 -23.0403 3.40452 0.0367161
113.028 -23.0403 3.40452 0.0367161
113.111 -22.7531 3.4054 0.493584
113.419 -23.1662 3.41488 0.0137721
113.111 -22.7531 3.4054 0.493584
113.111 -22.7531 3.4054 0.493584
113.074 -23.0364 3.40065 0.00627203
113.178 -22.9858 3.40569 0.12164
113.111 -22.7531 3.4054 0.493584
113.382 -23.0744 3.41025 0.0431361
113.142 -22.9766 3.3992 0.0037969
113.111 -22.7531 3.4054 0.493584
113.111 -22.7531 3.4054 0.493584
113.111 -22.7531 3.4054 0.493584
113.028 -23.0403 3.40452 0.0367161
