92.2665 -29.6747 3.4818 0.23279
92.2193 -29.7455 3.48546 0.0318679
92.4128 -29.5812 3.48168 0.244636
92.2665 -29.6747 3.4818 0.23279
92.2665 -29.6747 3.4818 0.23279
92.4621 -29.4715 3.48337 0.13153
92.304 -29.4196 3.4883 0.0662103
92.4128 -29.5812 3.48168 0.244636
92.4128 -29.5812 3.48168 0.244636
92.2665 -29.6747 3.4818 0.23279
92.2665 -29.6747 3.4818 0.23279
92.4621 -29.4715 3.48337 0.13153
92.4128 -29.5812 3.48168 0.244636
92.2665 -29.6747 3.4818 0.23279
92.2922 -29.2764 3.48565 0.019676
92.304 -29.4196 3.4883 0.0662103
92.2665 -29.6747 3.4818 0.23279
92.2665 -29.6747 3.4818 0.23279
92.4621 -29.4715 3.48337 0.13153
92.4128 -29.5812 3.48168 0.244636
92.2665 -29.6747 3.4818 0.23279
92.304 -29.4196 3.4883 0.0662103
92.4128 -29.5812 3.48168 0.244636
92.2665 -29.6747 3.4818 0.23279
92.2665 -29.6747 3.4818 0.23279
92.2665 -29.6747 3.4818 0.23279
92.2665 -29.6747 3.4818 0.23279
92.2705 -29.5267 3.47897 0.10737
92.4621 -29.4715 3.48337 0.13153
92.4128 -29.5812 3.48168 0.244636
92.2665 -29.6747 3.4818 0.23279
92.2705 -29.5267 3.47897 0.10737
92.304 -29.4196 3.4883 0.0662103
92.4128 -29.5812 3.48168 0.244636
92.3293 -29.5061 3.49162 0.00680395
92.4621 -29.4715 3.48337 0.13153
92.2665 -29.6747 3.4818 0.23279
92.2665 -29.6747 3.4818 0.23279
92.2665 -29.6747 3.4818 0.23279
92.4621 -29.4715 3.48337 0.13153
92.304 -29.4196 3.4883 0.0662103
92.2665 -29.6747 3.4818 0.23279
92.4621 -29.4715 3.48337 0.13153
92.4621 -29.4715 3.48337 0.13153
92.4128 -29.5812 3.48168 0.244636
92.2665 -29.6747 3.4818 0.23279
92.4621 -29.4715 3.48337 0.13153
92.4128 -29.5812 3.48168 0.244636
92.4407 -29.5742 3.4788 0.0660711
92.2705 -29.5267 3.47897 0.10737
92.4621 -29.4715 3.48337 0.13153
92.2519 -29.3863 3.4902 0.0130571
92.2705 -29.5267 3.47897 0.10737
92.4128 -29.5812 3.48168 0.244636
92.4128 -29.5812 3.48168 0.244636
92.2665 -29.6747 3.4818 0.23279
92.304 -29.4196 3.4883 0.0662103
92.304 -29.4196 3.4883 0.0662103
92.2665 -29.6747 3.4818 0.23279
92.2665 -29.6747 3.4818 0.23279
92.304 -29.4196 3.4883 0.0662103
92.4128 -29.5812 3.48168 0.244636
92.2705 -29.5267 3.47897 0.10737
92.304 -29.4196 3.4883 0.0662103
92.4128 -29.5812 3.48168 0.244636
92.4128 -29.5812 3.48168 0.244636
92.2665 -29.6747 3.4818 0.23279
92.4621 -29.4715 3.48337 0.13153
92.4128 -29.5812 3.48168 0.244636
92.4128 -29.5812 3.48168 0.244636
92.4407 -29.5742 3.4788 0.0660711
92.2665 -29.6747 3.4818 0.23279
92.2705 -29.5267 3.47897 0.10737
92.3907 -29.4158 3.48963 0.030059
92.304 -29.4196 3.4883 0.0662103
92.4128 -29.5812 3.48168 0.244636
92.2665 -29.6747 3.4818 0.23279
92.2705 -29.5267 3.47897 0.10737
92.304 -29.4196 3.4883 0.0662103
92.4836 -29.5947 3.48962 0.011321
92.2665 -29.6747 3.4818 0.23279
92.4128 -29.5812 3.48168 0.244636
92.2665 -29.6747 3.4818 0.23279
92.4621 -29.4715 3.48337 0.13153
92.304 -29.4196 3.4883 0.0662103
92.2665 -29.6747 3.4818 0.23279
92.4621 -29.4715 3.48337 0.13153
92.4128 -29.5812 3.48168 0.244636
92.4407 -29.5742 3.4788 0.0660711
92.2665 -29.6747 3.4818 0.23279
92.2665 -29.6747 3.4818 0.23279
92.304 -29.4196 3.4883 0.0662103
92.2665 -29.6747 3.4818 0.23279
92.4621 -29.4715 3.48337 0.13153
92.4128 -29.5812 3.48168 0.244636
92.2665 -29.6747 3.4818 0.23279
92.4621 -29.4715 3.48337 0.13153
92.4128 -29.5812 3.48168 0.244636
92.2665 -29.6747 3.4818 0.23279
92.4621 -29.4715 3.48337 0.13153
