60.2437 14.1494 0.0956429 0.0902697
60.2939 14.3244 0.0959812 0.167376
60.4818 14.1156 0.0967592 0.271957
60.2939 14.3244 0.0959812 0.167376
60.2939 14.3244 0.0959812 0.167376
60.0804 14.389 0.103758 0.0230884
60.4818 14.1156 0.0967592 0.271957
60.4818 14.1156 0.0967592 0.271957
60.2437 14.1494 0.0956429 0.0902697
60.4205 14.1265 0.105723 0.0484052
60.4818 14.1156 0.0967592 0.271957
60.4818 14.1156 0.0967592 0.271957
60.4818 14.1156 0.0967592 0.271957
60.021 14.3227 0.0998149 0.00690632
60.2437 14.1494 0.0956429 0.0902697
60.4787 14.157 0.0938943 0.176495
60.5021 14.3743 0.107709 0.00744492
60.4127 14.5135 0.0998783 0.0584925
60.4818 14.1156 0.0967592 0.271957
60.1575 14.0914 0.104657 0.0348566
60.2939 14.3244 0.0959812 0.167376
60.4818 14.1156 0.0967592 0.271957
60.4205 14.1265 0.105723 0.0484052
60.4787 14.157 0.0938943 0.176495
60.2437 14.1494 0.0956429 0.0902697
60.2939 14.3244 0.0959812 0.167376
60.4818 14.1156 0.0967592 0.271957
60.2437 14.1494 0.0956429 0.0902697
60.4787 14.157 0.0938943 0.176495
60.4818 14.1156 0.0967592 0.271957
60.2437 14.1494 0.0956429 0.0902697
60.4787 14.157 0.0938943 0.176495
60.4787 14.157 0.0938943 0.176495
60.2437 14.1494 0.0956429 0.0902697
60.2437 14.1494 0.0956429 0.0902697
60.4787 14.157 0.0938943 0.176495
60.4787 14.157 0.0938943 0.176495
60.3057 14.3328 0.0925098 0.0272527
60.4818 14.1156 0.0967592 0.271957
60.2939 14.3244 0.0959812 0.167376
60.2939 14.3244 0.0959812 0.167376
60.4787 14.157 0.0938943 0.176495
60.2437 14.1494 0.0956429 0.0902697
60.2437 14.1494 0.0956429 0.0902697
60.4127 14.5135 0.0998783 0.0584925
60.2939 14.3244 0.0959812 0.167376
60.3057 14.3328 0.0925098 0.0272527
60.4818 14.1156 0.0967592 0.271957
60.5021 14.3743 0.107709 0.00744492
60.1559 14.0676 0.104265 0.0284681
60.2939 14.3244 0.0959812 0.167376
60.4787 14.157 0.0938943 0.176495
60.4352 14.3814 0.0898952 0.00677938
60.2939 14.3244 0.0959812 0.167376
60.4787 14.157 0.0938943 0.176495
60.4818 14.1156 0.0967592 0.271957
60.2437 14.1494 0.0956429 0.0902697
60.4787 14.157 0.0938943 0.176495
60.4818 14.1156 0.0967592 0.271957
60.5021 14.3743 0.107709 0.00744492
60.2463 14.5371 0.103487 0.02158
60.4205 14.1265 0.105723 0.0484052
60.4787 14.157 0.0938943 0.176495
60.1575 14.0914 0.104657 0.0348566
60.4205 14.1265 0.105723 0.0484052
60.4787 14.157 0.0938943 0.176495
60.4787 14.157 0.0938943 0.176495
60.1559 14.0676 0.104265 0.0284681
60.2939 14.3244 0.0959812 0.167376
60.2939 14.3244 0.0959812 0.167376
60.4787 14.157 0.0938943 0.176495
60.2437 14.1494 0.0956429 0.0902697
60.0804 14.389 0.103758 0.0230884
60.4818 14.1156 0.0967592 0.271957
60.2939 14.3244 0.0959812 0.167376
60.4787 14.157 0.0938943 0.176495
60.4818 14.1156 0.0967592 0.271957
60.4818 14.1156 0.0967592 0.271957
60.2939 14.3244 0.0959812 0.167376
60.3057 14.3328 0.0925098 0.0272527
60.4205 14.1265 0.105723 0.0484052
60.4818 14.1156 0.0967592 0.271957
60.1559 14.0676 0.104265 0.0284681
60.2437 14.1494 0.0956429 0.0902697
60.2939 14.3244 0.0959812 0.167376
60.4787 14.157 0.0938943 0.176495
60.4818 14.1156 0.0967592 0.271957
60.2437 14.1494 0.0956429 0.0902697
60.2939 14.3244 0.0959812 0.167376
60.4787 14.157 0.0938943 0.176495
60.4787 14.157 0.0938943 0.176495
60.4818 14.1156 0.0967592 0.271957
60.4818 14.1156 0.0967592 0.271957
60.1559 14.0676 0.104265 0.0284681
60.2437 14.1494 0.0956429 0.0902697
60.2939 14.3244 0.0959812 0.167376
60.4818 14.1156 0.0967592 0.271957
60.4205 14.1265 0.105723 0.0484052
60.2939 14.3244 0.0959812 0.167376
60.4818 14.1156 0.0967592 0.271957
