72.353 16.2577 0.118675 0.0871672
72.4005 16.1826 0.121499 0.0781018
72.3952 16.1595 0.107305 0.0118683
72.3051 16.4572 0.116214 0.03116
72.5423 16.3391 0.114742 0.181977
72.5423 16.3391 0.114742 0.181977
72.353 16.2577 0.118675 0.0871672
72.353 16.2577 0.118675 0.0871672
72.6693 16.2844 0.124409 0.0563903
72.3079 16.239 0.114585 0.0392162
72.5423 16.3391 0.114742 0.181977
72.5423 16.3391 0.114742 0.181977
72.5423 16.3391 0.114742 0.181977
72.4415 16.5431 0.122806 0.0389682
72.4415 16.5431 0.122806 0.0389682
72.4594 16.2452 0.128371 0.0309588
72.5204 16.4453 0.125963 0.0511886
72.6693 16.2844 0.124409 0.0563903
72.3051 16.4572 0.116214 0.03116
72.4594 16.2452 0.128371 0.0309588
72.4594 16.2452 0.128371 0.0309588
72.4005 16.1826 0.121499 0.0781018
72.4152 16.2346 0.125025 0.0635016
72.5011 16.0174 0.117167 0.0298251
72.4005 16.1826 0.121499 0.0781018
72.4234 16.3724 0.122805 0.105084
72.4152 16.2346 0.125025 0.0635016
72.5423 16.3391 0.114742 0.181977
72.353 16.2577 0.118675 0.0871672
72.4234 16.3724 0.122805 0.105084
72.5423 16.3391 0.114742 0.181977
72.5423 16.3391 0.114742 0.181977
72.602 16.3375 0.127962 0.0310921
72.6265 16.3179 0.129793 0.013806
72.6693 16.2844 0.124409 0.0563903
72.577 16.1396 0.128077 0.0155483
72.5423 16.3391 0.114742 0.181977
72.5423 16.3391 0.114742 0.181977
72.353 16.2577 0.118675 0.0871672
72.4234 16.3724 0.122805 0.105084
72.4234 16.3724 0.122805 0.105084
72.5423 16.3391 0.114742 0.181977
72.353 16.2577 0.118675 0.0871672
72.6693 16.2844 0.124409 0.0563903
72.2512 16.6323 0.113618 0.00162397
72.4152 16.2346 0.125025 0.0635016
72.4594 16.2452 0.128371 0.0309588
72.4005 16.1826 0.121499 0.0781018
72.3051 16.4572 0.116214 0.03116
72.4415 16.5431 0.122806 0.0389682
72.5385 16.2445 0.104568 0.0155388
72.353 16.2577 0.118675 0.0871672
72.6693 16.2844 0.124409 0.0563903
72.1696 16.354 0.121835 0.00942174
72.5423 16.3391 0.114742 0.181977
72.6265 16.3179 0.129793 0.013806
72.353 16.2577 0.118675 0.0871672
72.4234 16.3724 0.122805 0.105084
72.4234 16.3724 0.122805 0.105084
72.4234 16.3724 0.122805 0.105084
72.4234 16.3724 0.122805 0.105084
72.5423 16.3391 0.114742 0.181977
72.5423 16.3391 0.114742 0.181977
72.5011 16.0174 0.117167 0.0298251
72.4005 16.1826 0.121499 0.0781018
72.6693 16.2844 0.124409 0.0563903
72.3051 16.4572 0.116214 0.03116
72.4152 16.2346 0.125025 0.0635016
72.5423 16.3391 0.114742 0.181977
72.4594 16.2452 0.128371 0.0309588
72.4005 16.1826 0.121499 0.0781018
72.3079 16.239 0.114585 0.0392162
72.3775 16.6063 0.124612 0.0109885
72.4234 16.3724 0.122805 0.105084
72.4152 16.2346 0.125025 0.0635016
72.4594 16.2452 0.128371 0.0309588
72.4356 16.5272 0.132231 0.00358628
72.4005 16.1826 0.121499 0.0781018
72.4234 16.3724 0.122805 0.105084
72.3051 16.4572 0.116214 0.03116
72.4415 16.5431 0.122806 0.0389682
72.5204 16.4453 0.125963 0.0511886
72.3079 16.239 0.114585 0.0392162
72.4234 16.3724 0.122805 0.105084
72.4234 16.3724 0.122805 0.105084
72.4152 16.2346 0.125025 0.0635016
72.5423 16.3391 0.114742 0.181977
72.5423 16.3391 0.114742 0.181977
72.4415 16.5431 0.122806 0.0389682
72.5385 16.2445 0.104568 0.0155388
72.6693 16.2844 0.124409 0.0563903
72.3581 16.1639 0.109167 0.0151279
72.5423 16.3391 0.114742 0.181977
72.6265 16.3179 0.129793 0.013806
72.8193 16.4106 0.127567 0.00363071
72.353 16.2577 0.118675 0.0871672
72.3079 16.239 0.114585 0.0392162
72.5423 16.3391 0.114742 0.181977
72.4356 16.5272 0.132231 0.00358628
72.6693 16.2844 0.124409 0.0563903
