238.951 28.5797 0.0713803 0.198086
238.951 28.5797 0.0713803 0.198086
238.869 28.7057 0.0689788 0.0106018
238.849 28.2881 0.0719842 0.0724991
239.021 28.6076 0.0709402 0.0800972
238.769 28.4537 0.071064 0.111412
238.787 28.6314 0.0707387 0.0324276
239.014 28.5113 0.0714908 0.227907
239.014 28.5113 0.0714908 0.227907
238.769 28.4537 0.071064 0.111412
238.869 28.7057 0.0689788 0.0106018
239.014 28.5113 0.0714908 0.227907
239.014 28.5113 0.0714908 0.227907
238.849 28.2881 0.0719842 0.0724991
238.769 28.4537 0.071064 0.111412
238.727 28.4652 0.0706963 0.0423398
239.014 28.5113 0.0714908 0.227907
238.887 28.6046 0.0705551 0.127116
238.951 28.5797 0.0713803 0.198086
238.951 28.5797 0.0713803 0.198086
238.951 28.5797 0.0713803 0.198086
238.78 28.28 0.0769212 0.0429236
238.951 28.5797 0.0713803 0.198086
238.951 28.5797 0.0713803 0.198086
238.68 28.6083 0.0715222 0.00652416
238.624 28.4083 0.0791205 0.00286917
239.021 28.6076 0.0709402 0.0800972
238.951 28.5797 0.0713803 0.198086
239.014 28.5113 0.0714908 0.227907
238.849 28.2881 0.0719842 0.0724991
238.769 28.4537 0.071064 0.111412
238.951 28.5797 0.0713803 0.198086
239.014 28.5113 0.0714908 0.227907
239.014 28.5113 0.0714908 0.227907
238.887 28.6046 0.0705551 0.127116
238.727 28.4652 0.0706963 0.0423398
238.951 28.5797 0.0713803 0.198086
239.014 28.5113 0.0714908 0.227907
239.014 28.5113 0.0714908 0.227907
239.021 28.6076 0.0709402 0.0800972
238.68 28.6083 0.0715222 0.00652416
238.849 28.2881 0.0719842 0.0724991
238.727 28.4652 0.0706963 0.0423398
238.951 28.5797 0.0713803 0.198086
238.849 28.2881 0.0719842 0.0724991
238.769 28.4537 0.071064 0.111412
238.951 28.5797 0.0713803 0.198086
239.014 28.5113 0.0714908 0.227907
239.021 28.6076 0.0709402 0.0800972
238.951 28.5797 0.0713803 0.198086
238.849 28.2881 0.0719842 0.0724991
238.727 28.4652 0.0706963 0.0423398
238.951 28.5797 0.0713803 0.198086
239.014 28.5113 0.0714908 0.227907
238.887 28.6046 0.0705551 0.127116
238.951 28.5797 0.0713803 0.198086
238.951 28.5797 0.0713803 0.198086
238.662 28.4957 0.0803649 0.0012727
238.887 28.6046 0.0705551 0.127116
238.951 28.5797 0.0713803 0.198086
238.951 28.5797 0.0713803 0.198086
239.014 28.5113 0.0714908 0.227907
239.021 28.6076 0.0709402 0.0800972
238.769 28.4537 0.071064 0.111412
238.951 28.5797 0.0713803 0.198086
239.014 28.5113 0.0714908 0.227907
239.021 28.6076 0.0709402 0.0800972
238.951 28.5797 0.0713803 0.198086
238.951 28.5797 0.0713803 0.198086
238.951 28.5797 0.0713803 0.198086
238.629 28.2309 0.0736712 0.000755363
239.021 28.6076 0.0709402 0.0800972
238.951 28.5797 0.0713803 0.198086
239.014 28.5113 0.0714908 0.227907
239.014 28.5113 0.0714908 0.227907
239.014 28.5113 0.0714908 0.227907
238.849 28.2881 0.0719842 0.0724991
238.849 28.2881 0.0719842 0.0724991
238.887 28.6046 0.0705551 0.127116
239.021 28.6076 0.0709402 0.0800972
239.09 28.6523 0.0708347 0.0131946
239.014 28.5113 0.0714908 0.227907
238.849 28.2881 0.0719842 0.0724991
238.887 28.6046 0.0705551 0.127116
238.951 28.5797 0.0713803 0.198086
239.014 28.5113 0.0714908 0.227907
238.78 28.28 0.0769212 0.0429236
238.769 28.4537 0.071064 0.111412
238.951 28.5797 0.0713803 0.198086
239.014 28.5113 0.0714908 0.227907
239.014 28.5113 0.0714908 0.227907
238.887 28.6046 0.0705551 0.127116
238.951 28.5797 0.0713803 0.198086
238.849 28.2881 0.0719842 0.0724991
238.78 28.28 0.0769212 0.0429236
238.769 28.4537 0.071064 0.111412
238.951 28.5797 0.0713803 0.198086
238.951 28.5797 0.0713803 0.198086
238.951 28.5797 0.0713803 0.198086
239.014 28.5113 0.0714908 0.227907
