163.843 -12.3507 3.28077 0.0535439
163.687 -12.5161 3.27313 0.0117329
163.828 -12.4469 3.27605 0.0945121
163.657 -12.2089 3.27385 0.0115398
164.043 -12.5698 3.27626 0.031988
163.788 -12.3092 3.276 0.086905
163.883 -12.354 3.27326 0.137245
163.883 -12.354 3.27326 0.137245
164.087 -12.3535 3.28266 0.14682
163.828 -12.4469 3.27605 0.0945121
163.828 -12.4469 3.27605 0.0945121
164.243 -12.315 3.28603 0.0375169
163.788 -12.3092 3.276 0.086905
164.139 -12.4787 3.27602 0.0352773
163.883 -12.354 3.27326 0.137245
164.087 -12.3535 3.28266 0.14682
163.717 -12.6225 3.27284 0.00326936
163.828 -12.4469 3.27605 0.0945121
164.194 -12.6063 3.27752 0.00568394
163.79 -12.4513 3.27396 0.0670975
163.843 -12.3507 3.28077 0.0535439
164.076 -12.312 3.28449 0.079279
164.076 -12.312 3.28449 0.079279
163.744 -12.4721 3.2777 0.0221913
164.139 -12.4787 3.27602 0.0352773
163.843 -12.3507 3.28077 0.0535439
164.087 -12.3535 3.28266 0.14682
164.171 -12.5167 3.28073 0.0519694
163.924 -12.3128 3.26971 0.034622
164.043 -12.5698 3.27626 0.031988
163.79 -12.4513 3.27396 0.0670975
163.843 -12.3507 3.28077 0.0535439
164.158 -12.2569 3.27176 0.0043255
164.087 -12.3535 3.28266 0.14682
164.076 -12.312 3.28449 0.079279
163.744 -12.4721 3.2777 0.0221913
163.79 -12.4513 3.27396 0.0670975
163.883 -12.354 3.27326 0.137245
164.087 -12.3535 3.28266 0.14682
164.076 -12.312 3.28449 0.079279
163.828 -12.4469 3.27605 0.0945121
164.171 -12.5167 3.28073 0.0519694
164.243 -12.315 3.28603 0.0375169
164.243 -12.315 3.28603 0.0375169
163.744 -12.4721 3.2777 0.0221913
163.883 -12.354 3.27326 0.137245
163.883 -12.354 3.27326 0.137245
164.087 -12.3535 3.28266 0.14682
164.087 -12.3535 3.28266 0.14682
163.828 -12.4469 3.27605 0.0945121
163.924 -12.3128 3.26971 0.034622
164.043 -12.5698 3.27626 0.031988
163.788 -12.3092 3.276 0.086905
163.883 -12.354 3.27326 0.137245
164.087 -12.3535 3.28266 0.14682
164.076 -12.312 3.28449 0.079279
164.076 -12.312 3.28449 0.079279
164.194 -12.6063 3.27752 0.00568394
163.883 -12.354 3.27326 0.137245
163.883 -12.354 3.27326 0.137245
163.883 -12.354 3.27326 0.137245
164.048 -12.618 3.28044 0.0231826
164.076 -12.312 3.28449 0.079279
164.171 -12.5167 3.28073 0.0519694
163.924 -12.3128 3.26971 0.034622
163.657 -12.2089 3.27385 0.0115398
163.883 -12.354 3.27326 0.137245
163.883 -12.354 3.27326 0.137245
164.087 -12.3535 3.28266 0.14682
163.828 -12.4469 3.27605 0.0945121
164.043 -12.5698 3.27626 0.031988
163.79 -12.4513 3.27396 0.0670975
164.276 -12.3854 3.27794 0.0136532
164.087 -12.3535 3.28266 0.14682
163.739 -12.5761 3.28005 0.00282384
163.924 -12.3128 3.26971 0.034622
163.924 -12.3128 3.26971 0.034622
163.79 -12.4513 3.27396 0.0670975
164.276 -12.3854 3.27794 0.0136532
164.076 -12.312 3.28449 0.079279
164.171 -12.5167 3.28073 0.0519694
163.788 -12.3092 3.276 0.086905
163.843 -12.3507 3.28077 0.0535439
164.076 -12.312 3.28449 0.079279
164.171 -12.5167 3.28073 0.0519694
163.924 -12.3128 3.26971 0.034622
163.744 -12.4721 3.2777 0.0221913
163.79 -12.4513 3.27396 0.0670975
163.587 -12.4848 3.27801 0.0006408
164.076 -12.312 3.28449 0.079279
164.171 -12.5167 3.28073 0.0519694
163.788 -12.3092 3.276 0.086905
163.883 -12.354 3.27326 0.137245
163.883 -12.354 3.27326 0.137245
164.087 -12.3535 3.28266 0.14682
164.087 -12.3535 3.28266 0.14682
164.087 -12.3535 3.28266 0.14682
163.828 -12.4469 3.27605 0.0945121
163.924 -12.3128 3.26971 0.034622
163.788 -12.3092 3.276 0.086905
