25.9458 7.75266 0.234856 0.127231
25.8439 7.74388 0.243687 0.273741
25.7556 7.78453 0.244113 0.210873
25.9858 7.71734 0.244634 0.0188132
25.9458 7.75266 0.234856 0.127231
25.9458 7.75266 0.234856 0.127231
25.9458 7.75266 0.234856 0.127231
25.8439 7.74388 0.243687 0.273741
25.7021 7.67409 0.239714 0.11916
25.7556 7.78453 0.244113 0.210873
25.7556 7.78453 0.244113 0.210873
25.8439 7.74388 0.243687 0.273741
25.7021 7.67409 0.239714 0.11916
25.9458 7.75266 0.234856 0.127231
25.7021 7.67409 0.239714 0.11916
25.7556 7.78453 0.244113 0.210873
25.9458 7.75266 0.234856 0.127231
25.7021 7.67409 0.239714 0.11916
25.7556 7.78453 0.244113 0.210873
25.7556 7.78453 0.244113 0.210873
25.8787 7.88988 0.24485 0.0162572
25.8439 7.74388 0.243687 0.273741
25.7021 7.67409 0.239714 0.11916
25.694 7.59886 0.240817 0.092136
25.9458 7.75266 0.234856 0.127231
25.8439 7.74388 0.243687 0.273741
25.8439 7.74388 0.243687 0.273741
25.8439 7.74388 0.243687 0.273741
25.7021 7.67409 0.239714 0.11916
25.9727 7.93638 0.240582 0.0108549
25.9458 7.75266 0.234856 0.127231
25.8439 7.74388 0.243687 0.273741
25.7556 7.78453 0.244113 0.210873
25.694 7.59886 0.240817 0.092136
25.9458 7.75266 0.234856 0.127231
25.8439 7.74388 0.243687 0.273741
25.8439 7.74388 0.243687 0.273741
25.82 7.52181 0.243687 0.0584168
25.8439 7.74388 0.243687 0.273741
25.7556 7.78453 0.244113 0.210873
25.7556 7.78453 0.244113 0.210873
25.7556 7.78453 0.244113 0.210873
25.694 7.59886 0.240817 0.092136
25.694 7.59886 0.240817 0.092136
25.8439 7.74388 0.243687 0.273741
25.7556 7.78453 0.244113 0.210873
25.82 7.52181 0.243687 0.0584168
25.694 7.59886 0.240817 0.092136
25.8439 7.74388 0.243687 0.273741
25.82 7.52181 0.243687 0.0584168
25.9458 7.75266 0.234856 0.127231
25.8439 7.74388 0.243687 0.273741
25.7556 7.78453 0.244113 0.210873
25.7556 7.78453 0.244113 0.210873
25.7556 7.78453 0.244113 0.210873
25.694 7.59886 0.240817 0.092136
25.694 7.59886 0.240817 0.092136
25.694 7.59886 0.240817 0.092136
25.7021 7.67409 0.239714 0.11916
25.7556 7.78453 0.244113 0.210873
25.9458 7.75266 0.234856 0.127231
25.8439 7.74388 0.243687 0.273741
25.9648 7.89651 0.233639 0.00821797
25.8439 7.74388 0.243687 0.273741
25.9648 7.89651 0.233639 0.00821797
25.8439 7.74388 0.243687 0.273741
25.8439 7.74388 0.243687 0.273741
25.7556 7.78453 0.244113 0.210873
25.5565 7.60412 0.245919 0.014007
25.8439 7.74388 0.243687 0.273741
25.82 7.52181 0.243687 0.0584168
25.8439 7.74388 0.243687 0.273741
25.7021 7.67409 0.239714 0.11916
25.7623 7.49618 0.245452 0.0187507
25.8439 7.74388 0.243687 0.273741
25.8439 7.74388 0.243687 0.273741
25.7556 7.78453 0.244113 0.210873
25.7556 7.78453 0.244113 0.210873
25.7556 7.78453 0.244113 0.210873
25.9458 7.75266 0.234856 0.127231
25.7021 7.67409 0.239714 0.11916
25.9648 7.89651 0.233639 0.00821797
25.9458 7.75266 0.234856 0.127231
25.7021 7.67409 0.239714 0.11916
25.873 7.97814 0.243178 0.00411744
25.5565 7.60412 0.245919 0.014007
25.5565 7.60412 0.245919 0.014007
25.7021 7.67409 0.239714 0.11916
25.9727 7.93638 0.240582 0.0108549
25.8439 7.74388 0.243687 0.273741
25.7556 7.78453 0.244113 0.210873
25.7556 7.78453 0.244113 0.210873
25.9458 7.75266 0.234856 0.127231
25.8439 7.74388 0.243687 0.273741
25.7556 7.78453 0.244113 0.210873
25.9458 7.75266 0.234856 0.127231
25.7021 7.67409 0.239714 0.11916
25.9648 7.89651 0.233639 0.00821797
25.8685 7.40009 0.240295 0.00406463
25.7021 7.67409 0.239714 0.11916
