-35.0629 -76.8548 2.10439 0.0258032
-34.8852 -77.0155 2.11602 0.0892658
-34.7508 -77.1409 2.11583 0.0639559
-34.5432 -76.9417 2.11003 0.048163
-34.7475 -76.7808 2.10453 0.10863
-35.0386 -76.7135 2.11391 0.0123948
-35.0386 -76.7135 2.11391 0.0123948
-34.793 -77.185 2.11709 0.0403342
-34.8852 -77.0155 2.11602 0.0892658
-34.701 -77.0837 2.11833 0.057605
-34.799 -77.0401 2.11481 0.12492
-34.799 -77.0401 2.11481 0.12492
-34.7475 -76.7808 2.10453 0.10863
-34.9435 -76.8914 2.10652 0.0968067
-35.081 -77.038 2.11556 0.0148838
-34.8852 -77.0155 2.11602 0.0892658
-34.799 -77.0401 2.11481 0.12492
-34.799 -77.0401 2.11481 0.12492
-34.5432 -76.9417 2.11003 0.048163
-34.7475 -76.7808 2.10453 0.10863
-34.7475 -76.7808 2.10453 0.10863
-34.9435 -76.8914 2.10652 0.0968067
-35.081 -77.038 2.11556 0.0148838
-34.8852 -77.0155 2.11602 0.0892658
-34.8852 -77.0155 2.11602 0.0892658
-34.799 -77.0401 2.11481 0.12492
-34.799 -77.0401 2.11481 0.12492
-34.5432 -76.9417 2.11003 0.048163
-34.7475 -76.7808 2.10453 0.10863
-34.7591 -76.9633 2.12281 0.0129925
-34.793 -77.185 2.11709 0.0403342
-34.7407 -77.1142 2.1144 0.0818949
-34.7407 -77.1142 2.1144 0.0818949
-34.799 -77.0401 2.11481 0.12492
-34.5432 -76.9417 2.11003 0.048163
-34.7475 -76.7808 2.10453 0.10863
-34.9435 -76.8914 2.10652 0.0968067
-34.7991 -77.0549 2.12468 0.00668458
-35.0629 -76.8548 2.10439 0.0258032
-34.7407 -77.1142 2.1144 0.0818949
-34.8852 -77.0155 2.11602 0.0892658
-34.7508 -77.1409 2.11583 0.0639559
-34.799 -77.0401 2.11481 0.12492
-34.7475 -76.7808 2.10453 0.10863
-34.9435 -76.8914 2.10652 0.0968067
-34.8109 -77.081 2.12057 0.0342446
-34.8109 -77.081 2.12057 0.0342446
-34.8707 -77.1231 2.12171 0.0170954
-34.701 -77.0837 2.11833 0.057605
-34.701 -77.0837 2.11833 0.057605
-34.7508 -77.1409 2.11583 0.0639559
-34.5432 -76.9417 2.11003 0.048163
-34.7468 -77.0271 2.1199 0.0466787
-34.9435 -76.8914 2.10652 0.0968067
-34.7591 -76.9633 2.12281 0.0129925
-35.0629 -76.8548 2.10439 0.0258032
-34.7407 -77.1142 2.1144 0.0818949
-34.7508 -77.1409 2.11583 0.0639559
-34.799 -77.0401 2.11481 0.12492
-34.7475 -76.7808 2.10453 0.10863
-34.7475 -76.7808 2.10453 0.10863
-34.9435 -76.8914 2.10652 0.0968067
-34.7591 -76.9633 2.12281 0.0129925
-34.8555 -76.501 2.11157 0.00480547
-34.8852 -77.0155 2.11602 0.0892658
-35.1324 -77.213 2.1163 0.0018792
-34.799 -77.0401 2.11481 0.12492
-34.7475 -76.7808 2.10453 0.10863
-34.7468 -77.0271 2.1199 0.0466787
-34.9435 -76.8914 2.10652 0.0968067
-34.7591 -76.9633 2.12281 0.0129925
-34.9433 -76.987 2.12102 0.0144067
-34.7407 -77.1142 2.1144 0.0818949
-34.8852 -77.0155 2.11602 0.0892658
-34.7508 -77.1409 2.11583 0.0639559
-34.799 -77.0401 2.11481 0.12492
-34.7475 -76.7808 2.10453 0.10863
-34.9435 -76.8914 2.10652 0.0968067
-34.9435 -76.8914 2.10652 0.0968067
-35.0386 -76.7135 2.11391 0.0123948
-34.7407 -77.1142 2.1144 0.0818949
-34.7508 -77.1409 2.11583 0.0639559
-34.7475 -76.7808 2.10453 0.10863
-34.7475 -76.7808 2.10453 0.10863
-34.8109 -77.081 2.12057 0.0342446
-34.7407 -77.1142 2.1144 0.0818949
-34.7407 -77.1142 2.1144 0.0818949
-34.8852 -77.0155 2.11602 0.0892658
-34.7508 -77.1409 2.11583 0.0639559
-34.799 -77.0401 2.11481 0.12492
-34.799 -77.0401 2.11481 0.12492
-34.799 -77.0401 2.11481 0.12492
-34.7468 -77.0271 2.1199 0.0466787
-35.0386 -76.7135 2.11391 0.0123948
-34.8751 -76.9105 2.09619 0.00240211
-34.793 -77.185 2.11709 0.0403342
-34.8852 -77.0155 2.11602 0.0892658
-34.701 -77.0837 2.11833 0.057605
-34.799 -77.0401 2.11481 0.12492
-35.0203 -76.9834 2.12409 0.00150451
