-38.9649 -60.645 1.71844 0.22151
-38.9531 -60.5439 1.71944 0.207177
-39.1047 -60.4503 1.71296 0.248361
-39.0001 -60.4125 1.71371 0.122815
-38.9531 -60.5439 1.71944 0.207177
-38.9531 -60.5439 1.71944 0.207177
-39.0959 -60.1914 1.70898 0.00330701
-38.8961 -60.222 1.71449 0.00253286
-39.2346 -60.3086 1.71697 0.0320214
-39.2346 -60.3086 1.71697 0.0320214
-39.1047 -60.4503 1.71296 0.248361
-39.0081 -60.7375 1.7149 0.0730603
-39.0001 -60.4125 1.71371 0.122815
-38.9531 -60.5439 1.71944 0.207177
-39.2262 -60.4985 1.72282 0.0219801
-39.0001 -60.4125 1.71371 0.122815
-38.9649 -60.645 1.71844 0.22151
-38.9649 -60.645 1.71844 0.22151
-39.2346 -60.3086 1.71697 0.0320214
-39.1047 -60.4503 1.71296 0.248361
-39.0959 -60.1914 1.70898 0.00330701
-39.0001 -60.4125 1.71371 0.122815
-39.3049 -60.6876 1.72124 0.0215717
-39.3049 -60.6876 1.72124 0.0215717
-38.9649 -60.645 1.71844 0.22151
-39.1047 -60.4503 1.71296 0.248361
-39.0001 -60.4125 1.71371 0.122815
-38.9649 -60.645 1.71844 0.22151
-38.9531 -60.5439 1.71944 0.207177
-38.9531 -60.5439 1.71944 0.207177
-39.2346 -60.3086 1.71697 0.0320214
-39.4176 -60.3735 1.71857 0.00254216
-38.9649 -60.645 1.71844 0.22151
-38.9649 -60.645 1.71844 0.22151
-39.1047 -60.4503 1.71296 0.248361
-38.9649 -60.645 1.71844 0.22151
-38.9531 -60.5439 1.71944 0.207177
-39.1047 -60.4503 1.71296 0.248361
-39.1047 -60.4503 1.71296 0.248361
-38.9649 -60.645 1.71844 0.22151
-38.9531 -60.5439 1.71944 0.207177
-39.0959 -60.1914 1.70898 0.00330701
-39.0001 -60.4125 1.71371 0.122815
-38.9531 -60.5439 1.71944 0.207177
-39.1047 -60.4503 1.71296 0.248361
-38.9649 -60.645 1.71844 0.22151
-38.9649 -60.645 1.71844 0.22151
-39.2346 -60.3086 1.71697 0.0320214
-39.1047 -60.4503 1.71296 0.248361
-39.1047 -60.4503 1.71296 0.248361
-39.0001 -60.4125 1.71371 0.122815
-38.9649 -60.645 1.71844 0.22151
-39.1047 -60.4503 1.71296 0.248361
-39.1047 -60.4503 1.71296 0.248361
-38.9649 -60.645 1.71844 0.22151
-38.9531 -60.5439 1.71944 0.207177
-39.1047 -60.4503 1.71296 0.248361
-39.1047 -60.4503 1.71296 0.248361
-38.9649 -60.645 1.71844 0.22151
-38.9531 -60.5439 1.71944 0.207177
-39.1047 -60.4503 1.71296 0.248361
-39.3049 -60.6876 1.72124 0.0215717
-38.9531 -60.5439 1.71944 0.207177
-39.1047 -60.4503 1.71296 0.248361
-38.9649 -60.645 1.71844 0.22151
-38.9531 -60.5439 1.71944 0.207177
-39.1047 -60.4503 1.71296 0.248361
-39.0001 -60.4125 1.71371 0.122815
-38.9649 -60.645 1.71844 0.22151
-39.2262 -60.4985 1.72282 0.0219801
-39.3049 -60.6876 1.72124 0.0215717
-38.9531 -60.5439 1.71944 0.207177
-39.1047 -60.4503 1.71296 0.248361
-39.1047 -60.4503 1.71296 0.248361
-38.9649 -60.645 1.71844 0.22151
-39.1047 -60.4503 1.71296 0.248361
-39.0081 -60.7375 1.7149 0.0730603
-38.9531 -60.5439 1.71944 0.207177
-38.9531 -60.5439 1.71944 0.207177
-38.9531 -60.5439 1.71944 0.207177
-38.9531 -60.5439 1.71944 0.207177
-39.0081 -60.7375 1.7149 0.0730603
-39.0001 -60.4125 1.71371 0.122815
-38.9531 -60.5439 1.71944 0.207177
-38.9531 -60.5439 1.71944 0.207177
-39.1047 -60.4503 1.71296 0.248361
-39.1047 -60.4503 1.71296 0.248361
-39.0001 -60.4125 1.71371 0.122815
-38.9649 -60.645 1.71844 0.22151
-38.9531 -60.5439 1.71944 0.207177
-38.9531 -60.5439 1.71944 0.207177
-39.1047 -60.4503 1.71296 0.248361
-39.0081 -60.7375 1.7149 0.0730603
-39.0001 -60.4125 1.71371 0.122815
-39.0001 -60.4125 1.71371 0.122815
-38.9531 -60.5439 1.71944 0.207177
-39.1047 -60.4503 1.71296 0.248361
-39.0081 -60.7375 1.7149 0.0730603
-38.9649 -60.645 1.71844 0.22151
-39.2346 -60.3086 1.71697 0.0320214
