83.9591 -33.0366 3.60025 0.113756
83.9259 -33.0409 3.60517 0.350905
84.1462 -33.1229 3.60354 0.137243
83.9259 -33.0409 3.60517 0.350905
83.7795 -33.0485 3.60748 0.0147839
83.9591 -33.0366 3.60025 0.113756
83.8754 -32.946 3.60242 0.106313
83.9259 -33.0409 3.60517 0.350905
84.2369 -33.0992 3.60856 0.00516451
83.9591 -33.0366 3.60025 0.113756
84.1462 -33.1229 3.60354 0.137243
83.9851 -32.7835 3.60193 0.0200998
83.9591 -33.0366 3.60025 0.113756
84.1462 -33.1229 3.60354 0.137243
83.9259 -33.0409 3.60517 0.350905
84.1462 -33.1229 3.60354 0.137243
83.9259 -33.0409 3.60517 0.350905
84.0256 -32.6384 3.61302 0.0214128
83.9259 -33.0409 3.60517 0.350905
83.9591 -33.0366 3.60025 0.113756
84.2519 -32.8815 3.60339 0.0322738
83.9259 -33.0409 3.60517 0.350905
84.1462 -33.1229 3.60354 0.137243
83.8192 -33.1301 3.60421 0.0238569
83.9259 -33.0409 3.60517 0.350905
84.1462 -33.1229 3.60354 0.137243
83.9259 -33.0409 3.60517 0.350905
83.9259 -33.0409 3.60517 0.350905
83.9591 -33.0366 3.60025 0.113756
84.0256 -32.6384 3.61302 0.0214128
83.9259 -33.0409 3.60517 0.350905
83.9042 -33.2289 3.60553 0.00732793
83.8192 -33.1301 3.60421 0.0238569
83.9259 -33.0409 3.60517 0.350905
83.9588 -33.2132 3.6002 0.0335067
84.0256 -32.6384 3.61302 0.0214128
83.8754 -32.946 3.60242 0.106313
83.9591 -33.0366 3.60025 0.113756
83.9259 -33.0409 3.60517 0.350905
83.9259 -33.0409 3.60517 0.350905
84.0361 -32.5593 3.61528 0.00173769
83.9259 -33.0409 3.60517 0.350905
83.9591 -33.0366 3.60025 0.113756
83.8754 -32.946 3.60242 0.106313
83.9591 -33.0366 3.60025 0.113756
83.9259 -33.0409 3.60517 0.350905
84.1462 -33.1229 3.60354 0.137243
83.9588 -33.2132 3.6002 0.0335067
83.9259 -33.0409 3.60517 0.350905
83.9469 -32.9405 3.61303 0.0156699
84.1462 -33.1229 3.60354 0.137243
84.0818 -32.8206 3.61596 0.00187867
83.9259 -33.0409 3.60517 0.350905
83.77 -33.0695 3.60216 0.0107008
83.9259 -33.0409 3.60517 0.350905
83.8377 -32.914 3.61095 0.0368055
83.9259 -33.0409 3.60517 0.350905
84.1462 -33.1229 3.60354 0.137243
83.7795 -33.0485 3.60748 0.0147839
83.9259 -33.0409 3.60517 0.350905
83.9591 -33.0366 3.60025 0.113756
84.0256 -32.6384 3.61302 0.0214128
83.7795 -33.0485 3.60748 0.0147839
83.8754 -32.946 3.60242 0.106313
83.9684 -32.9185 3.61349 0.014604
83.8377 -32.914 3.61095 0.0368055
83.9259 -33.0409 3.60517 0.350905
84.1462 -33.1229 3.60354 0.137243
83.8754 -32.946 3.60242 0.106313
83.8318 -32.9106 3.60105 0.0129377
83.9684 -32.9185 3.61349 0.014604
83.9259 -33.0409 3.60517 0.350905
83.9259 -33.0409 3.60517 0.350905
84.1462 -33.1229 3.60354 0.137243
83.9259 -33.0409 3.60517 0.350905
84.1462 -33.1229 3.60354 0.137243
84.2519 -32.8815 3.60339 0.0322738
83.9851 -32.7835 3.60193 0.0200998
83.8754 -32.946 3.60242 0.106313
83.9259 -33.0409 3.60517 0.350905
83.9259 -33.0409 3.60517 0.350905
83.9259 -33.0409 3.60517 0.350905
83.8192 -33.1301 3.60421 0.0238569
83.9259 -33.0409 3.60517 0.350905
83.9591 -33.0366 3.60025 0.113756
83.9591 -33.0366 3.60025 0.113756
84.0818 -32.8206 3.61596 0.00187867
83.9469 -32.9405 3.61303 0.0156699
83.9591 -33.0366 3.60025 0.113756
84.1462 -33.1229 3.60354 0.137243
83.8192 -33.1301 3.60421 0.0238569
83.9259 -33.0409 3.60517 0.350905
83.9259 -33.0409 3.60517 0.350905
84.1462 -33.1229 3.60354 0.137243
83.9259 -33.0409 3.60517 0.350905
83.7513 -33.1022 3.60836 0.00170294
83.8754 -32.946 3.60242 0.106313
83.8548 -32.6884 3.60565 0.00843319
83.8318 -32.9106 3.60105 0.0129377
84.1462 -33.1229 3.60354 0.137243
