260.621 28.6294 6.12739 0.128469
260.523 28.6011 6.13411 0.117861
260.619 28.4548 6.14054 0.0582398
260.635 28.6564 6.13255 0.148289
260.635 28.6564 6.13255 0.148289
260.588 28.5029 6.13628 0.210001
260.581 28.495 6.13828 0.135602
260.621 28.6294 6.12739 0.128469
260.635 28.6564 6.13255 0.148289
260.523 28.6011 6.13411 0.117861
260.588 28.5029 6.13628 0.210001
260.72 28.4911 6.12227 0.0343066
260.635 28.6564 6.13255 0.148289
260.911 28.6079 6.13799 0.000855752
260.587 28.2645 6.1407 0.00954592
260.581 28.495 6.13828 0.135602
260.621 28.6294 6.12739 0.128469
260.523 28.6011 6.13411 0.117861
260.588 28.5029 6.13628 0.210001
260.621 28.6294 6.12739 0.128469
260.635 28.6564 6.13255 0.148289
260.523 28.6011 6.13411 0.117861
260.523 28.6011 6.13411 0.117861
260.588 28.5029 6.13628 0.210001
260.588 28.5029 6.13628 0.210001
260.581 28.495 6.13828 0.135602
260.619 28.4548 6.14054 0.0582398
260.635 28.6564 6.13255 0.148289
260.765 28.6086 6.13856 0.0152776
260.588 28.5029 6.13628 0.210001
260.588 28.5029 6.13628 0.210001
260.619 28.4548 6.14054 0.0582398
260.621 28.6294 6.12739 0.128469
260.465 28.6657 6.13514 0.0270103
260.523 28.6011 6.13411 0.117861
260.588 28.5029 6.13628 0.210001
260.581 28.495 6.13828 0.135602
260.581 28.495 6.13828 0.135602
260.621 28.6294 6.12739 0.128469
260.523 28.6011 6.13411 0.117861
260.587 28.2645 6.1407 0.00954592
260.621 28.6294 6.12739 0.128469
260.635 28.6564 6.13255 0.148289
260.588 28.5029 6.13628 0.210001
260.581 28.495 6.13828 0.135602
260.621 28.6294 6.12739 0.128469
260.635 28.6564 6.13255 0.148289
260.588 28.5029 6.13628 0.210001
260.588 28.5029 6.13628 0.210001
260.548 28.4194 6.12919 0.0578565
260.635 28.6564 6.13255 0.148289
260.588 28.5029 6.13628 0.210001
260.619 28.4548 6.14054 0.0582398
260.621 28.6294 6.12739 0.128469
260.635 28.6564 6.13255 0.148289
260.465 28.6657 6.13514 0.0270103
260.523 28.6011 6.13411 0.117861
260.523 28.6011 6.13411 0.117861
260.581 28.495 6.13828 0.135602
260.581 28.495 6.13828 0.135602
260.621 28.6294 6.12739 0.128469
260.635 28.6564 6.13255 0.148289
260.465 28.6657 6.13514 0.0270103
260.588 28.5029 6.13628 0.210001
260.619 28.4548 6.14054 0.0582398
260.405 28.4829 6.1276 0.00291747
260.621 28.6294 6.12739 0.128469
260.635 28.6564 6.13255 0.148289
260.523 28.6011 6.13411 0.117861
260.501 28.2196 6.14515 0.000976646
260.635 28.6564 6.13255 0.148289
260.523 28.6011 6.13411 0.117861
260.523 28.6011 6.13411 0.117861
260.523 28.6011 6.13411 0.117861
260.588 28.5029 6.13628 0.210001
260.619 28.4548 6.14054 0.0582398
260.635 28.6564 6.13255 0.148289
260.588 28.5029 6.13628 0.210001
260.581 28.495 6.13828 0.135602
260.581 28.495 6.13828 0.135602
260.72 28.4911 6.12227 0.0343066
260.621 28.6294 6.12739 0.128469
260.465 28.6657 6.13514 0.0270103
260.588 28.5029 6.13628 0.210001
260.619 28.4548 6.14054 0.0582398
260.621 28.6294 6.12739 0.128469
260.635 28.6564 6.13255 0.148289
260.588 28.5029 6.13628 0.210001
260.619 28.4548 6.14054 0.0582398
260.635 28.6564 6.13255 0.148289
260.588 28.5029 6.13628 0.210001
260.581 28.495 6.13828 0.135602
260.621 28.6294 6.12739 0.128469
260.635 28.6564 6.13255 0.148289
260.588 28.5029 6.13628 0.210001
260.509 28.2696 6.13135 0.00517823
260.635 28.6564 6.13255 0.148289
260.588 28.5029 6.13628 0.210001
260.581 28.495 6.13828 0.135602
260.635 28.6564 6.13255 0.148289
