107.781 -24.7942 3.43142 0.11767
107.727 -24.9706 3.4276 0.0666155
107.597 -24.8755 3.42908 0.0725051
107.905 -24.9632 3.43352 0.0639197
107.732 -24.7641 3.42375 0.0657872
107.578 -24.636 3.42901 0.0431041
107.532 -24.8522 3.42188 0.0330926
107.923 -24.6364 3.43178 0.0482875
107.781 -24.7942 3.43142 0.11767
107.781 -24.7942 3.43142 0.11767
107.721 -24.6428 3.42555 0.0578606
107.648 -24.4171 3.42143 0.00452311
107.597 -24.8755 3.42908 0.0725051
107.516 -24.7524 3.42441 0.04152
107.732 -24.7641 3.42375 0.0657872
107.578 -24.636 3.42901 0.0431041
107.445 -24.7905 3.42768 0.0263218
107.639 -24.6425 3.41149 0.00153805
107.781 -24.7942 3.43142 0.11767
107.781 -24.7942 3.43142 0.11767
107.597 -24.8755 3.42908 0.0725051
107.597 -24.8755 3.42908 0.0725051
107.905 -24.9632 3.43352 0.0639197
107.935 -24.555 3.42658 0.0165652
107.567 -24.7479 3.4365 0.0256077
107.946 -24.9567 3.4318 0.052318
107.781 -24.7942 3.43142 0.11767
107.843 -24.6577 3.41488 0.00236059
107.509 -24.7206 3.43621 0.0144724
107.732 -24.7641 3.42375 0.0657872
107.833 -24.6412 3.42047 0.015827
107.923 -24.6364 3.43178 0.0482875
107.923 -24.6364 3.43178 0.0482875
107.781 -24.7942 3.43142 0.11767
107.843 -24.6577 3.41488 0.00236059
107.93 -24.6188 3.4201 0.00616664
107.516 -24.7524 3.42441 0.04152
107.516 -24.7524 3.42441 0.04152
107.837 -24.6491 3.44124 0.0207005
107.923 -24.6364 3.43178 0.0482875
107.781 -24.7942 3.43142 0.11767
107.727 -24.9706 3.4276 0.0666155
107.905 -24.9632 3.43352 0.0639197
107.732 -24.7641 3.42375 0.0657872
107.578 -24.636 3.42901 0.0431041
107.445 -24.7905 3.42768 0.0263218
107.923 -24.6364 3.43178 0.0482875
107.603 -25.018 3.42553 0.0321329
107.781 -24.7942 3.43142 0.11767
107.597 -24.8755 3.42908 0.0725051
107.905 -24.9632 3.43352 0.0639197
107.516 -24.7524 3.42441 0.04152
107.578 -24.636 3.42901 0.0431041
107.445 -24.7905 3.42768 0.0263218
107.532 -24.8522 3.42188 0.0330926
107.946 -24.9567 3.4318 0.052318
107.721 -24.6428 3.42555 0.0578606
107.597 -24.8755 3.42908 0.0725051
107.516 -24.7524 3.42441 0.04152
107.837 -24.6491 3.44124 0.0207005
107.658 -24.5633 3.42534 0.0323038
107.603 -25.018 3.42553 0.0321329
107.603 -25.018 3.42553 0.0321329
107.727 -24.9706 3.4276 0.0666155
107.905 -24.9632 3.43352 0.0639197
107.837 -24.6491 3.44124 0.0207005
107.923 -24.6364 3.43178 0.0482875
107.946 -24.9567 3.4318 0.052318
107.781 -24.7942 3.43142 0.11767
107.721 -24.6428 3.42555 0.0578606
107.641 -25.0999 3.4455 0.00125004
107.905 -24.9632 3.43352 0.0639197
107.905 -24.9632 3.43352 0.0639197
107.833 -24.6412 3.42047 0.015827
107.567 -24.7479 3.4365 0.0256077
107.923 -24.6364 3.43178 0.0482875
107.946 -24.9567 3.4318 0.052318
107.781 -24.7942 3.43142 0.11767
107.535 -24.5511 3.4155 0.00377756
107.597 -24.8755 3.42908 0.0725051
107.516 -24.7524 3.42441 0.04152
107.732 -24.7641 3.42375 0.0657872
107.732 -24.7641 3.42375 0.0657872
107.445 -24.7905 3.42768 0.0263218
107.567 -24.7479 3.4365 0.0256077
107.946 -24.9567 3.4318 0.052318
107.721 -24.6428 3.42555 0.0578606
107.597 -24.8755 3.42908 0.0725051
108.037 -24.9637 3.43621 0.0299405
107.732 -24.7641 3.42375 0.0657872
107.578 -24.636 3.42901 0.0431041
107.578 -24.636 3.42901 0.0431041
107.658 -24.5633 3.42534 0.0323038
107.923 -24.6364 3.43178 0.0482875
107.781 -24.7942 3.43142 0.11767
107.781 -24.7942 3.43142 0.11767
107.727 -24.9706 3.4276 0.0666155
107.597 -24.8755 3.42908 0.0725051
107.516 -24.7524 3.42441 0.04152
107.516 -24.7524 3.42441 0.04152
