19.9979 -89.6382 3.70887 0.0518885
20.1341 -89.6841 3.71513 0.0854057
19.8347 -89.6212 3.70774 0.100124
19.8256 -89.5806 3.70758 0.0795922
19.8256 -89.5806 3.70758 0.0795922
19.7966 -89.6652 3.7155 0.109553
19.8787 -89.8003 3.71305 0.19132
19.8256 -89.5806 3.70758 0.0795922
19.9979 -89.6382 3.70887 0.0518885
19.7966 -89.6652 3.7155 0.109553
19.8787 -89.8003 3.71305 0.19132
19.8787 -89.8003 3.71305 0.19132
19.8775 -90.0545 3.71584 0.00583846
19.8256 -89.5806 3.70758 0.0795922
19.7966 -89.6652 3.7155 0.109553
19.7966 -89.6652 3.7155 0.109553
19.7047 -89.913 3.7087 0.0327136
19.9519 -89.5532 3.71785 0.0733692
19.9979 -89.6382 3.70887 0.0518885
19.4449 -89.7012 3.709 0.00462186
19.7966 -89.6652 3.7155 0.109553
19.8787 -89.8003 3.71305 0.19132
19.8347 -89.6212 3.70774 0.100124
19.8213 -89.9934 3.70449 0.0021137
19.9979 -89.6382 3.70887 0.0518885
20.1341 -89.6841 3.71513 0.0854057
19.8787 -89.8003 3.71305 0.19132
19.8347 -89.6212 3.70774 0.100124
19.8347 -89.6212 3.70774 0.100124
19.921 -89.3998 3.71884 0.00624761
19.678 -89.8629 3.70755 0.0418896
19.7776 -89.4058 3.71485 0.0102093
19.8787 -89.8003 3.71305 0.19132
19.9519 -89.5532 3.71785 0.0733692
19.6316 -89.692 3.71454 0.0201701
19.7966 -89.6652 3.7155 0.109553
19.8787 -89.8003 3.71305 0.19132
20.0523 -89.4915 3.70997 0.015372
19.9979 -89.6382 3.70887 0.0518885
19.678 -89.8629 3.70755 0.0418896
19.7966 -89.6652 3.7155 0.109553
19.7966 -89.6652 3.7155 0.109553
20.1341 -89.6841 3.71513 0.0854057
20.1341 -89.6841 3.71513 0.0854057
19.8787 -89.8003 3.71305 0.19132
19.5436 -89.5715 3.71139 0.00958803
19.736 -89.6872 3.71552 0.0600699
19.736 -89.6872 3.71552 0.0600699
19.7966 -89.6652 3.7155 0.109553
19.7966 -89.6652 3.7155 0.109553
19.7966 -89.6652 3.7155 0.109553
19.7966 -89.6652 3.7155 0.109553
19.7966 -89.6652 3.7155 0.109553
19.8787 -89.8003 3.71305 0.19132
20.0523 -89.4915 3.70997 0.015372
19.9979 -89.6382 3.70887 0.0518885
19.9979 -89.6382 3.70887 0.0518885
19.678 -89.8629 3.70755 0.0418896
19.736 -89.6872 3.71552 0.0600699
19.7966 -89.6652 3.7155 0.109553
19.8787 -89.8003 3.71305 0.19132
19.8787 -89.8003 3.71305 0.19132
19.9519 -89.5532 3.71785 0.0733692
19.9979 -89.6382 3.70887 0.0518885
19.7966 -89.6652 3.7155 0.109553
20.1341 -89.6841 3.71513 0.0854057
20.1341 -89.6841 3.71513 0.0854057
19.5859 -89.7559 3.6983 0.00110872
19.9519 -89.5532 3.71785 0.0733692
19.678 -89.8629 3.70755 0.0418896
19.5859 -89.7559 3.6983 0.00110872
19.8787 -89.8003 3.71305 0.19132
19.8787 -89.8003 3.71305 0.19132
19.8256 -89.5806 3.70758 0.0795922
19.678 -89.8629 3.70755 0.0418896
19.7966 -89.6652 3.7155 0.109553
20.1341 -89.6841 3.71513 0.0854057
19.8787 -89.8003 3.71305 0.19132
19.8256 -89.5806 3.70758 0.0795922
19.8256 -89.5806 3.70758 0.0795922
20.1341 -89.6841 3.71513 0.0854057
19.7047 -89.913 3.7087 0.0327136
19.8787 -89.8003 3.71305 0.19132
19.8787 -89.8003 3.71305 0.19132
19.9708 -89.4697 3.7059 0.00400668
19.9979 -89.6382 3.70887 0.0518885
19.678 -89.8629 3.70755 0.0418896
19.7776 -89.4058 3.71485 0.0102093
19.8787 -89.8003 3.71305 0.19132
19.8347 -89.6212 3.70774 0.100124
19.678 -89.8629 3.70755 0.0418896
20.1341 -89.6841 3.71513 0.0854057
19.8787 -89.8003 3.71305 0.19132
19.8787 -89.8003 3.71305 0.19132
19.6316 -89.692 3.71454 0.0201701
19.678 -89.8629 3.70755 0.0418896
19.736 -89.6872 3.71552 0.0600699
19.7966 -89.6652 3.7155 0.109553
20.1341 -89.6841 3.71513 0.0854057
19.8347 -89.6212 3.70774 0.100124
