110.375 -23.9085 3.4285 0.0951392
110.174 -24.101 3.41597 0.125982
110.174 -24.101 3.41597 0.125982
110.073 -24.076 3.42066 0.10746
110.105 -23.9458 3.41998 0.150615
110.105 -23.9458 3.41998 0.150615
110.366 -23.7081 3.41244 0.0160112
110.375 -23.9085 3.4285 0.0951392
110.375 -23.9085 3.4285 0.0951392
110.311 -23.6479 3.41373 0.0155179
110.073 -24.076 3.42066 0.10746
110.105 -23.9458 3.41998 0.150615
110.159 -24.0088 3.40866 0.0436679
110.375 -23.9085 3.4285 0.0951392
110.174 -24.101 3.41597 0.125982
110.174 -24.101 3.41597 0.125982
109.944 -23.8926 3.40951 0.0258137
109.947 -23.8849 3.42252 0.0326842
110.375 -23.9085 3.4285 0.0951392
110.174 -24.101 3.41597 0.125982
110.073 -24.076 3.42066 0.10746
110.029 -23.7412 3.42422 0.0251305
110.159 -24.0088 3.40866 0.0436679
110.375 -23.9085 3.4285 0.0951392
110.248 -23.4788 3.42291 0.00309516
110.073 -24.076 3.42066 0.10746
110.105 -23.9458 3.41998 0.150615
110.159 -24.0088 3.40866 0.0436679
110.375 -23.9085 3.4285 0.0951392
110.174 -24.101 3.41597 0.125982
110.174 -24.101 3.41597 0.125982
110.174 -24.101 3.41597 0.125982
110.105 -23.9458 3.41998 0.150615
110.105 -23.9458 3.41998 0.150615
110.056 -23.6245 3.41075 0.0079823
110.375 -23.9085 3.4285 0.0951392
110.086 -23.766 3.41314 0.0476922
109.92 -23.4492 3.41809 0.000408322
110.174 -24.101 3.41597 0.125982
110.073 -24.076 3.42066 0.10746
110.029 -23.7412 3.42422 0.0251305
110.056 -23.6245 3.41075 0.0079823
110.375 -23.9085 3.4285 0.0951392
110.174 -24.101 3.41597 0.125982
109.92 -23.6683 3.42241 0.00579477
110.105 -23.9458 3.41998 0.150615
110.105 -23.9458 3.41998 0.150615
110.105 -23.9458 3.41998 0.150615
109.996 -23.9951 3.41324 0.0671936
110.174 -24.101 3.41597 0.125982
110.174 -24.101 3.41597 0.125982
110.073 -24.076 3.42066 0.10746
110.105 -23.9458 3.41998 0.150615
109.996 -23.9951 3.41324 0.0671936
109.928 -23.7174 3.41844 0.0147325
110.174 -24.101 3.41597 0.125982
109.944 -23.8926 3.40951 0.0258137
110.149 -23.6048 3.41009 0.00638069
109.996 -23.9951 3.41324 0.0671936
110.347 -23.5872 3.41702 0.0105882
110.082 -23.7111 3.40301 0.00238601
110.311 -23.6479 3.41373 0.0155179
110.073 -24.076 3.42066 0.10746
109.944 -23.8926 3.40951 0.0258137
110.105 -23.9458 3.41998 0.150615
110.105 -23.9458 3.41998 0.150615
109.928 -23.7174 3.41844 0.0147325
110.375 -23.9085 3.4285 0.0951392
110.086 -23.766 3.41314 0.0476922
110.174 -24.101 3.41597 0.125982
110.174 -24.101 3.41597 0.125982
110.033 -24.0929 3.42577 0.0408408
110.105 -23.9458 3.41998 0.150615
110.105 -23.9458 3.41998 0.150615
109.996 -23.9951 3.41324 0.0671936
109.929 -24.3045 3.41578 0.00797227
110.033 -24.0929 3.42577 0.0408408
110.105 -23.9458 3.41998 0.150615
109.996 -23.9951 3.41324 0.0671936
109.996 -23.9951 3.41324 0.0671936
110.375 -23.9085 3.4285 0.0951392
109.929 -24.3045 3.41578 0.00797227
110.174 -24.101 3.41597 0.125982
110.179 -24.2863 3.41221 0.0196053
110.179 -24.2863 3.41221 0.0196053
110.105 -23.9458 3.41998 0.150615
110.105 -23.9458 3.41998 0.150615
110.029 -23.7412 3.42422 0.0251305
110.375 -23.9085 3.4285 0.0951392
109.816 -23.8776 3.41078 0.00943299
110.073 -24.076 3.42066 0.10746
110.105 -23.9458 3.41998 0.150615
109.996 -23.9951 3.41324 0.0671936
110.347 -23.5872 3.41702 0.0105882
110.179 -24.2863 3.41221 0.0196053
110.105 -23.9458 3.41998 0.150615
110.159 -24.0088 3.40866 0.0436679
109.996 -23.9951 3.41324 0.0671936
109.996 -23.9951 3.41324 0.0671936
110.375 -23.9085 3.4285 0.0951392
