41.4068 11.8807 0.149584 0.0381624
41.5781 11.9207 0.149912 0.176397
41.5244 11.9001 0.147674 0.166422
41.7249 11.9428 0.145878 0.180057
41.7232 11.886 0.144789 0.1848
41.7707 11.956 0.142517 0.0705585
41.7249 11.9428 0.145878 0.180057
41.7232 11.886 0.144789 0.1848
41.5781 11.9207 0.149912 0.176397
41.7707 11.956 0.142517 0.0705585
41.5244 11.9001 0.147674 0.166422
41.7249 11.9428 0.145878 0.180057
41.7212 12.0459 0.145583 0.0732417
41.5781 11.9207 0.149912 0.176397
41.7707 11.956 0.142517 0.0705585
41.5244 11.9001 0.147674 0.166422
41.7212 12.0459 0.145583 0.0732417
41.7232 11.886 0.144789 0.1848
41.5781 11.9207 0.149912 0.176397
41.5244 11.9001 0.147674 0.166422
41.6384 12.1317 0.144734 0.0133881
41.7249 11.9428 0.145878 0.180057
41.7232 11.886 0.144789 0.1848
41.7232 11.886 0.144789 0.1848
41.7232 11.886 0.144789 0.1848
41.5781 11.9207 0.149912 0.176397
41.5781 11.9207 0.149912 0.176397
41.5244 11.9001 0.147674 0.166422
41.3241 11.9293 0.152222 0.00875517
41.7212 12.0459 0.145583 0.0732417
41.7232 11.886 0.144789 0.1848
41.5781 11.9207 0.149912 0.176397
41.5781 11.9207 0.149912 0.176397
41.7249 11.9428 0.145878 0.180057
41.7249 11.9428 0.145878 0.180057
41.5113 12.0634 0.146025 0.0293234
41.5781 11.9207 0.149912 0.176397
41.5781 11.9207 0.149912 0.176397
41.5781 11.9207 0.149912 0.176397
41.5244 11.9001 0.147674 0.166422
41.7249 11.9428 0.145878 0.180057
41.7232 11.886 0.144789 0.1848
41.5781 11.9207 0.149912 0.176397
41.5244 11.9001 0.147674 0.166422
41.7249 11.9428 0.145878 0.180057
41.7212 12.0459 0.145583 0.0732417
41.7232 11.886 0.144789 0.1848
41.5781 11.9207 0.149912 0.176397
41.7249 11.9428 0.145878 0.180057
41.5113 12.0634 0.146025 0.0293234
41.7232 11.886 0.144789 0.1848
41.7232 11.886 0.144789 0.1848
41.7232 11.886 0.144789 0.1848
41.7232 11.886 0.144789 0.1848
41.7707 11.956 0.142517 0.0705585
41.7249 11.9428 0.145878 0.180057
41.4068 11.8807 0.149584 0.0381624
41.4068 11.8807 0.149584 0.0381624
41.4068 11.8807 0.149584 0.0381624
41.5781 11.9207 0.149912 0.176397
41.5244 11.9001 0.147674 0.166422
41.7249 11.9428 0.145878 0.180057
41.3241 11.9293 0.152222 0.00875517
41.7232 11.886 0.144789 0.1848
41.5781 11.9207 0.149912 0.176397
41.7707 11.956 0.142517 0.0705585
41.5244 11.9001 0.147674 0.166422
41.5244 11.9001 0.147674 0.166422
41.7212 12.0459 0.145583 0.0732417
41.4068 11.8807 0.149584 0.0381624
41.5781 11.9207 0.149912 0.176397
41.7249 11.9428 0.145878 0.180057
41.7232 11.886 0.144789 0.1848
41.7232 11.886 0.144789 0.1848
41.7707 11.956 0.142517 0.0705585
41.2867 11.9732 0.148748 0.00167349
41.7212 12.0459 0.145583 0.0732417
41.7232 11.886 0.144789 0.1848
41.5781 11.9207 0.149912 0.176397
41.7707 11.956 0.142517 0.0705585
41.5244 11.9001 0.147674 0.166422
41.7249 11.9428 0.145878 0.180057
41.7249 11.9428 0.145878 0.180057
41.7232 11.886 0.144789 0.1848
41.5781 11.9207 0.149912 0.176397
41.7249 11.9428 0.145878 0.180057
41.7232 11.886 0.144789 0.1848
41.7707 11.956 0.142517 0.0705585
41.5244 11.9001 0.147674 0.166422
41.6384 12.1317 0.144734 0.0133881
41.7249 11.9428 0.145878 0.180057
41.7249 11.9428 0.145878 0.180057
41.7943 12.0812 0.149999 0.00481325
41.7232 11.886 0.144789 0.1848
41.7707 11.956 0.142517 0.0705585
41.5244 11.9001 0.147674 0.166422
41.7249 11.9428 0.145878 0.180057
41.7249 11.9428 0.145878 0.180057
41.7232 11.886 0.144789 0.1848
41.7232 11.886 0.144789 0.1848
