103.487 18.3729 0.070059 0.225174
103.534 18.4165 0.0696389 0.146606
103.576 18.3674 0.0668225 0.0567187
103.487 18.3729 0.070059 0.225174
103.534 18.4165 0.0696389 0.146606
103.263 18.2841 0.071426 0.187999
103.263 18.2841 0.071426 0.187999
103.309 18.1352 0.0763054 0.0423937
103.534 18.4165 0.0696389 0.146606
103.576 18.3674 0.0668225 0.0567187
103.309 18.1352 0.0763054 0.0423937
103.487 18.3729 0.070059 0.225174
103.534 18.4165 0.0696389 0.146606
103.471 18.4135 0.0651678 0.0645855
103.188 18.4386 0.0680163 0.0419624
103.487 18.3729 0.070059 0.225174
103.487 18.3729 0.070059 0.225174
103.263 18.2841 0.071426 0.187999
103.263 18.2841 0.071426 0.187999
103.576 18.3674 0.0668225 0.0567187
103.309 18.1352 0.0763054 0.0423937
103.487 18.3729 0.070059 0.225174
103.534 18.4165 0.0696389 0.146606
103.263 18.2841 0.071426 0.187999
103.576 18.3674 0.0668225 0.0567187
103.487 18.3729 0.070059 0.225174
103.263 18.2841 0.071426 0.187999
103.576 18.3674 0.0668225 0.0567187
103.509 18.3154 0.0736612 0.127721
103.459 18.5817 0.0724059 0.062256
103.263 18.2841 0.071426 0.187999
103.188 18.4386 0.0680163 0.0419624
103.487 18.3729 0.070059 0.225174
103.459 18.5817 0.0724059 0.062256
103.534 18.4165 0.0696389 0.146606
103.471 18.4135 0.0651678 0.0645855
103.509 18.3154 0.0736612 0.127721
103.487 18.3729 0.070059 0.225174
103.471 18.4135 0.0651678 0.0645855
103.263 18.2841 0.071426 0.187999
103.487 18.3729 0.070059 0.225174
103.534 18.4165 0.0696389 0.146606
103.576 18.3674 0.0668225 0.0567187
103.188 18.4386 0.0680163 0.0419624
103.509 18.3154 0.0736612 0.127721
103.509 18.3154 0.0736612 0.127721
103.487 18.3729 0.070059 0.225174
103.534 18.4165 0.0696389 0.146606
103.263 18.2841 0.071426 0.187999
103.188 18.4386 0.0680163 0.0419624
103.509 18.3154 0.0736612 0.127721
103.487 18.3729 0.070059 0.225174
103.534 18.4165 0.0696389 0.146606
103.576 18.3674 0.0668225 0.0567187
103.487 18.3729 0.070059 0.225174
103.534 18.4165 0.0696389 0.146606
103.263 18.2841 0.071426 0.187999
103.263 18.2841 0.071426 0.187999
103.509 18.3154 0.0736612 0.127721
103.509 18.3154 0.0736612 0.127721
103.487 18.3729 0.070059 0.225174
103.471 18.4135 0.0651678 0.0645855
103.263 18.2841 0.071426 0.187999
103.576 18.3674 0.0668225 0.0567187
103.487 18.3729 0.070059 0.225174
103.487 18.3729 0.070059 0.225174
103.487 18.3729 0.070059 0.225174
103.487 18.3729 0.070059 0.225174
103.263 18.2841 0.071426 0.187999
103.188 18.4386 0.0680163 0.0419624
103.487 18.3729 0.070059 0.225174
103.534 18.4165 0.0696389 0.146606
103.263 18.2841 0.071426 0.187999
103.509 18.3154 0.0736612 0.127721
103.487 18.3729 0.070059 0.225174
103.534 18.4165 0.0696389 0.146606
103.263 18.2841 0.071426 0.187999
103.487 18.3729 0.070059 0.225174
103.487 18.3729 0.070059 0.225174
103.487 18.3729 0.070059 0.225174
103.263 18.2841 0.071426 0.187999
103.509 18.3154 0.0736612 0.127721
103.459 18.5817 0.0724059 0.062256
103.263 18.2841 0.071426 0.187999
103.509 18.3154 0.0736612 0.127721
103.487 18.3729 0.070059 0.225174
103.471 18.4135 0.0651678 0.0645855
103.471 18.4135 0.0651678 0.0645855
103.263 18.2841 0.071426 0.187999
103.188 18.4386 0.0680163 0.0419624
103.487 18.3729 0.070059 0.225174
103.487 18.3729 0.070059 0.225174
103.263 18.2841 0.071426 0.187999
103.576 18.3674 0.0668225 0.0567187
103.487 18.3729 0.070059 0.225174
103.487 18.3729 0.070059 0.225174
103.459 18.5817 0.0724059 0.062256
103.459 18.5817 0.0724059 0.062256
103.534 18.4165 0.0696389 0.146606
103.263 18.2841 0.071426 0.187999
