125.339 20.3606 0.0483019 0.130977
125.52 20.5668 0.0492924 0.0899129
125.55 20.2976 0.0466471 0.147386
125.465 20.3105 0.0504035 0.0568305
125.52 20.5668 0.0492924 0.0899129
125.808 20.3487 0.0391334 0.0141665
125.482 20.2894 0.0445686 0.225729
125.482 20.2894 0.0445686 0.225729
125.339 20.3606 0.0483019 0.130977
125.552 20.5384 0.0496232 0.0760744
125.55 20.2976 0.0466471 0.147386
125.482 20.2894 0.0445686 0.225729
125.339 20.3606 0.0483019 0.130977
125.421 20.4922 0.0362229 0.058131
125.55 20.2976 0.0466471 0.147386
125.808 20.3487 0.0391334 0.0141665
125.482 20.2894 0.0445686 0.225729
125.465 20.3105 0.0504035 0.0568305
125.575 20.6362 0.0476205 0.0649417
125.55 20.2976 0.0466471 0.147386
125.339 20.3606 0.0483019 0.130977
125.552 20.5384 0.0496232 0.0760744
125.575 20.6362 0.0476205 0.0649417
125.55 20.2976 0.0466471 0.147386
125.482 20.2894 0.0445686 0.225729
125.697 20.4037 0.0375077 0.0678532
125.552 20.5384 0.0496232 0.0760744
125.55 20.2976 0.0466471 0.147386
125.339 20.3606 0.0483019 0.130977
125.552 20.5384 0.0496232 0.0760744
125.55 20.2976 0.0466471 0.147386
125.808 20.3487 0.0391334 0.0141665
125.482 20.2894 0.0445686 0.225729
125.697 20.4037 0.0375077 0.0678532
125.55 20.2976 0.0466471 0.147386
125.482 20.2894 0.0445686 0.225729
125.552 20.5384 0.0496232 0.0760744
125.857 20.4996 0.0363379 0.00448729
125.52 20.5668 0.0492924 0.0899129
125.482 20.2894 0.0445686 0.225729
125.552 20.5384 0.0496232 0.0760744
125.55 20.2976 0.0466471 0.147386
125.465 20.3105 0.0504035 0.0568305
125.339 20.3606 0.0483019 0.130977
125.552 20.5384 0.0496232 0.0760744
125.55 20.2976 0.0466471 0.147386
125.482 20.2894 0.0445686 0.225729
125.482 20.2894 0.0445686 0.225729
125.697 20.4037 0.0375077 0.0678532
125.55 20.2976 0.0466471 0.147386
125.482 20.2894 0.0445686 0.225729
125.339 20.3606 0.0483019 0.130977
125.552 20.5384 0.0496232 0.0760744
125.575 20.6362 0.0476205 0.0649417
125.482 20.2894 0.0445686 0.225729
125.339 20.3606 0.0483019 0.130977
125.339 20.3606 0.0483019 0.130977
125.697 20.4037 0.0375077 0.0678532
125.55 20.2976 0.0466471 0.147386
125.407 20.742 0.0490694 0.010129
125.482 20.2894 0.0445686 0.225729
125.339 20.3606 0.0483019 0.130977
125.52 20.5668 0.0492924 0.0899129
125.482 20.2894 0.0445686 0.225729
125.465 20.3105 0.0504035 0.0568305
125.52 20.5668 0.0492924 0.0899129
125.482 20.2894 0.0445686 0.225729
125.697 20.4037 0.0375077 0.0678532
125.421 20.4922 0.0362229 0.058131
125.55 20.2976 0.0466471 0.147386
125.5 20.4276 0.0541391 0.00729094
125.482 20.2894 0.0445686 0.225729
125.465 20.3105 0.0504035 0.0568305
125.339 20.3606 0.0483019 0.130977
125.52 20.5668 0.0492924 0.0899129
125.808 20.3487 0.0391334 0.0141665
125.482 20.2894 0.0445686 0.225729
125.697 20.4037 0.0375077 0.0678532
125.552 20.5384 0.0496232 0.0760744
125.575 20.6362 0.0476205 0.0649417
125.52 20.5668 0.0492924 0.0899129
125.421 20.4922 0.0362229 0.058131
125.482 20.2894 0.0445686 0.225729
125.339 20.3606 0.0483019 0.130977
125.52 20.5668 0.0492924 0.0899129
125.482 20.2894 0.0445686 0.225729
125.482 20.2894 0.0445686 0.225729
125.552 20.5384 0.0496232 0.0760744
125.526 20.0557 0.0383195 0.0007269
125.482 20.2894 0.0445686 0.225729
125.339 20.3606 0.0483019 0.130977
125.339 20.3606 0.0483019 0.130977
125.336 20.7312 0.0494027 0.00764575
125.575 20.6362 0.0476205 0.0649417
125.52 20.5668 0.0492924 0.0899129
125.55 20.2976 0.0466471 0.147386
125.482 20.2894 0.0445686 0.225729
125.339 20.3606 0.0483019 0.130977
125.552 20.5384 0.0496232 0.0760744
125.575 20.6362 0.0476205 0.0649417
