21.3917 -89.1836 3.71689 0.553959
21.6102 -89.0772 3.71635 0.0471005
21.3917 -89.1836 3.71689 0.553959
21.4937 -89.0666 3.72098 0.0640522
21.6039 -89.1454 3.71692 0.139432
21.3917 -89.1836 3.71689 0.553959
21.6102 -89.0772 3.71635 0.0471005
21.3917 -89.1836 3.71689 0.553959
21.3917 -89.1836 3.71689 0.553959
21.5999 -89.0585 3.7222 0.032397
21.3917 -89.1836 3.71689 0.553959
21.3917 -89.1836 3.71689 0.553959
21.3917 -89.1836 3.71689 0.553959
21.3917 -89.1836 3.71689 0.553959
21.3917 -89.1836 3.71689 0.553959
21.1508 -89.1473 3.70785 0.0137231
21.3917 -89.1836 3.71689 0.553959
21.1648 -89.0543 3.71271 0.0299103
21.1508 -89.1473 3.70785 0.0137231
21.3917 -89.1836 3.71689 0.553959
21.6102 -89.0772 3.71635 0.0471005
21.3917 -89.1836 3.71689 0.553959
21.3917 -89.1836 3.71689 0.553959
21.6102 -89.0772 3.71635 0.0471005
21.6039 -89.1454 3.71692 0.139432
21.3917 -89.1836 3.71689 0.553959
21.509 -89.0384 3.71543 0.0639546
21.3917 -89.1836 3.71689 0.553959
21.3917 -89.1836 3.71689 0.553959
21.6102 -89.0772 3.71635 0.0471005
21.509 -89.0384 3.71543 0.0639546
21.509 -89.0384 3.71543 0.0639546
21.3917 -89.1836 3.71689 0.553959
21.6039 -89.1454 3.71692 0.139432
21.6102 -89.0772 3.71635 0.0471005
21.6039 -89.1454 3.71692 0.139432
21.6102 -89.0772 3.71635 0.0471005
21.3917 -89.1836 3.71689 0.553959
21.3917 -89.1836 3.71689 0.553959
21.1508 -89.1473 3.70785 0.0137231
21.3917 -89.1836 3.71689 0.553959
21.6039 -89.1454 3.71692 0.139432
21.6039 -89.1454 3.71692 0.139432
21.6039 -89.1454 3.71692 0.139432
21.3917 -89.1836 3.71689 0.553959
21.6102 -89.0772 3.71635 0.0471005
21.5999 -89.0585 3.7222 0.032397
21.3917 -89.1836 3.71689 0.553959
21.3917 -89.1836 3.71689 0.553959
21.4937 -89.0666 3.72098 0.0640522
21.3917 -89.1836 3.71689 0.553959
21.3917 -89.1836 3.71689 0.553959
21.6102 -89.0772 3.71635 0.0471005
21.4937 -89.0666 3.72098 0.0640522
21.3105 -88.9833 3.71618 0.0243909
21.6039 -89.1454 3.71692 0.139432
21.3917 -89.1836 3.71689 0.553959
21.3917 -89.1836 3.71689 0.553959
21.6039 -89.1454 3.71692 0.139432
21.3917 -89.1836 3.71689 0.553959
21.3917 -89.1836 3.71689 0.553959
21.3917 -89.1836 3.71689 0.553959
21.3917 -89.1836 3.71689 0.553959
21.3917 -89.1836 3.71689 0.553959
21.3917 -89.1836 3.71689 0.553959
21.4937 -89.0666 3.72098 0.0640522
21.4291 -88.8639 3.71686 0.00149346
21.3917 -89.1836 3.71689 0.553959
21.3917 -89.1836 3.71689 0.553959
21.3105 -88.9833 3.71618 0.0243909
21.3917 -89.1836 3.71689 0.553959
21.3282 -89.1557 3.72363 0.00449598
21.3917 -89.1836 3.71689 0.553959
21.3917 -89.1836 3.71689 0.553959
21.3917 -89.1836 3.71689 0.553959
21.3917 -89.1836 3.71689 0.553959
21.3917 -89.1836 3.71689 0.553959
21.3917 -89.1836 3.71689 0.553959
21.6102 -89.0772 3.71635 0.0471005
21.6039 -89.1454 3.71692 0.139432
21.509 -89.0384 3.71543 0.0639546
21.5999 -89.0585 3.7222 0.032397
21.6102 -89.0772 3.71635 0.0471005
21.6039 -89.1454 3.71692 0.139432
21.3917 -89.1836 3.71689 0.553959
21.757 -89.1853 3.71096 2.19123e-05
21.4937 -89.0666 3.72098 0.0640522
21.3917 -89.1836 3.71689 0.553959
21.5999 -89.0585 3.7222 0.032397
21.3917 -89.1836 3.71689 0.553959
21.3917 -89.1836 3.71689 0.553959
21.6102 -89.0772 3.71635 0.0471005
21.3917 -89.1836 3.71689 0.553959
21.3917 -89.1836 3.71689 0.553959
21.4937 -89.0666 3.72098 0.0640522
21.3917 -89.1836 3.71689 0.553959
21.3917 -89.1836 3.71689 0.553959
21.3917 -89.1836 3.71689 0.553959
21.3917 -89.1836 3.71689 0.553959
21.6039 -89.1454 3.71692 0.139432
