23.5592 9.29003 0.166065 0.0672101
23.5592 9.29003 0.166065 0.0672101
23.4775 9.25155 0.174001 0.32672
23.6017 9.2275 0.175666 0.217448
23.4713 9.37508 0.162775 0.000325895
23.6017 9.2275 0.175666 0.217448
23.3976 9.36673 0.175715 0.199832
23.6017 9.2275 0.175666 0.217448
23.5592 9.29003 0.166065 0.0672101
23.5592 9.29003 0.166065 0.0672101
23.3976 9.36673 0.175715 0.199832
23.4775 9.25155 0.174001 0.32672
23.4775 9.25155 0.174001 0.32672
23.6017 9.2275 0.175666 0.217448
23.6017 9.2275 0.175666 0.217448
23.6017 9.2275 0.175666 0.217448
23.3976 9.36673 0.175715 0.199832
23.6249 9.14432 0.172175 0.123169
23.6017 9.2275 0.175666 0.217448
23.5592 9.29003 0.166065 0.0672101
23.4775 9.25155 0.174001 0.32672
23.6017 9.2275 0.175666 0.217448
23.3976 9.36673 0.175715 0.199832
23.8035 9.18341 0.163718 0.026816
23.3976 9.36673 0.175715 0.199832
23.6249 9.14432 0.172175 0.123169
23.3976 9.36673 0.175715 0.199832
23.4775 9.25155 0.174001 0.32672
23.6017 9.2275 0.175666 0.217448
23.4775 9.25155 0.174001 0.32672
23.6017 9.2275 0.175666 0.217448
23.3976 9.36673 0.175715 0.199832
23.3976 9.36673 0.175715 0.199832
23.6017 9.2275 0.175666 0.217448
23.4775 9.25155 0.174001 0.32672
23.4775 9.25155 0.174001 0.32672
23.6017 9.2275 0.175666 0.217448
23.6017 9.2275 0.175666 0.217448
23.4775 9.25155 0.174001 0.32672
23.4775 9.25155 0.174001 0.32672
23.6017 9.2275 0.175666 0.217448
23.4775 9.25155 0.174001 0.32672
23.5592 9.29003 0.166065 0.0672101
23.717 9.21341 0.163031 0.0231524
23.3976 9.36673 0.175715 0.199832
23.6249 9.14432 0.172175 0.123169
23.6017 9.2275 0.175666 0.217448
23.3976 9.36673 0.175715 0.199832
23.4775 9.25155 0.174001 0.32672
23.4775 9.25155 0.174001 0.32672
23.6017 9.2275 0.175666 0.217448
23.6249 9.14432 0.172175 0.123169
23.6249 9.14432 0.172175 0.123169
23.6249 9.14432 0.172175 0.123169
23.4775 9.25155 0.174001 0.32672
23.4775 9.25155 0.174001 0.32672
23.4775 9.25155 0.174001 0.32672
23.6017 9.2275 0.175666 0.217448
23.4775 9.25155 0.174001 0.32672
23.6017 9.2275 0.175666 0.217448
23.3976 9.36673 0.175715 0.199832
23.6249 9.14432 0.172175 0.123169
23.3976 9.36673 0.175715 0.199832
23.3976 9.36673 0.175715 0.199832
23.4775 9.25155 0.174001 0.32672
23.3976 9.36673 0.175715 0.199832
23.3976 9.36673 0.175715 0.199832
23.6249 9.14432 0.172175 0.123169
23.6017 9.2275 0.175666 0.217448
23.6017 9.2275 0.175666 0.217448
23.6017 9.2275 0.175666 0.217448
23.4775 9.25155 0.174001 0.32672
23.8035 9.18341 0.163718 0.026816
23.4775 9.25155 0.174001 0.32672
23.4775 9.25155 0.174001 0.32672
23.6017 9.2275 0.175666 0.217448
23.4775 9.25155 0.174001 0.32672
23.6249 9.14432 0.172175 0.123169
23.6017 9.2275 0.175666 0.217448
23.3976 9.36673 0.175715 0.199832
23.4775 9.25155 0.174001 0.32672
23.6017 9.2275 0.175666 0.217448
23.6017 9.2275 0.175666 0.217448
23.5592 9.29003 0.166065 0.0672101
23.3976 9.36673 0.175715 0.199832
23.6249 9.14432 0.172175 0.123169
23.6017 9.2275 0.175666 0.217448
23.4775 9.25155 0.174001 0.32672
23.5592 9.29003 0.166065 0.0672101
23.3976 9.36673 0.175715 0.199832
23.6249 9.14432 0.172175 0.123169
23.3976 9.36673 0.175715 0.199832
23.4775 9.25155 0.174001 0.32672
23.6249 9.14432 0.172175 0.123169
23.3976 9.36673 0.175715 0.199832
23.4775 9.25155 0.174001 0.32672
23.4775 9.25155 0.174001 0.32672
23.6017 9.2275 0.175666 0.217448
23.5592 9.29003 0.166065 0.0672101
23.4775 9.25155 0.174001 0.32672
