44.9792 12.702 0.152624 0.0411156
45.1317 12.7989 0.15056 0.164274
45.3583 12.6034 0.141847 0.0903233
45.1547 12.7018 0.143958 0.0562515
45.1565 12.5888 0.152034 0.136302
45.0883 12.8527 0.152746 0.0530054
45.1317 12.7989 0.15056 0.164274
45.1523 12.7175 0.153223 0.151233
45.1565 12.5888 0.152034 0.136302
44.9792 12.702 0.152624 0.0411156
45.0883 12.8527 0.152746 0.0530054
45.5349 12.7531 0.143873 0.0197706
45.3583 12.6034 0.141847 0.0903233
45.1523 12.7175 0.153223 0.151233
45.1565 12.5888 0.152034 0.136302
45.1231 12.8194 0.156428 0.0168441
45.1317 12.7989 0.15056 0.164274
45.3583 12.6034 0.141847 0.0903233
45.1523 12.7175 0.153223 0.151233
45.1565 12.5888 0.152034 0.136302
44.9792 12.702 0.152624 0.0411156
45.5349 12.7531 0.143873 0.0197706
45.4746 12.724 0.143856 0.0648819
45.3583 12.6034 0.141847 0.0903233
45.1523 12.7175 0.153223 0.151233
45.1547 12.7018 0.143958 0.0562515
45.0883 12.8527 0.152746 0.0530054
45.1317 12.7989 0.15056 0.164274
45.1523 12.7175 0.153223 0.151233
45.1523 12.7175 0.153223 0.151233
45.1565 12.5888 0.152034 0.136302
45.3311 12.9363 0.150665 0.0111289
45.1317 12.7989 0.15056 0.164274
45.3583 12.6034 0.141847 0.0903233
45.1523 12.7175 0.153223 0.151233
45.1547 12.7018 0.143958 0.0562515
45.1565 12.5888 0.152034 0.136302
45.4721 12.5378 0.149264 0.0119327
45.1317 12.7989 0.15056 0.164274
45.2282 12.4774 0.151068 0.0378322
45.1565 12.5888 0.152034 0.136302
44.9792 12.702 0.152624 0.0411156
45.4696 12.5476 0.148244 0.023895
45.3583 12.6034 0.141847 0.0903233
45.1523 12.7175 0.153223 0.151233
45.1523 12.7175 0.153223 0.151233
44.9792 12.702 0.152624 0.0411156
45.2641 12.6059 0.139105 0.00641323
45.1317 12.7989 0.15056 0.164274
45.1317 12.7989 0.15056 0.164274
45.1523 12.7175 0.153223 0.151233
45.4939 12.7448 0.140189 0.0123451
45.0883 12.8527 0.152746 0.0530054
45.1317 12.7989 0.15056 0.164274
45.1317 12.7989 0.15056 0.164274
45.2282 12.4774 0.151068 0.0378322
45.1547 12.7018 0.143958 0.0562515
45.1565 12.5888 0.152034 0.136302
45.0507 12.8479 0.149096 0.0298664
45.4746 12.724 0.143856 0.0648819
45.3583 12.6034 0.141847 0.0903233
45.1547 12.7018 0.143958 0.0562515
45.1565 12.5888 0.152034 0.136302
45.1565 12.5888 0.152034 0.136302
45.0883 12.8527 0.152746 0.0530054
45.4696 12.5476 0.148244 0.023895
45.1317 12.7989 0.15056 0.164274
45.3583 12.6034 0.141847 0.0903233
45.3583 12.6034 0.141847 0.0903233
45.3583 12.6034 0.141847 0.0903233
45.2282 12.4774 0.151068 0.0378322
45.1565 12.5888 0.152034 0.136302
44.9792 12.702 0.152624 0.0411156
45.3072 12.8479 0.155008 0.00638638
45.1317 12.7989 0.15056 0.164274
45.3583 12.6034 0.141847 0.0903233
45.1565 12.5888 0.152034 0.136302
45.1565 12.5888 0.152034 0.136302
45.1231 12.8194 0.156428 0.0168441
45.1317 12.7989 0.15056 0.164274
45.1317 12.7989 0.15056 0.164274
45.3583 12.6034 0.141847 0.0903233
45.1523 12.7175 0.153223 0.151233
45.062 12.8604 0.146136 0.00756074
44.9792 12.702 0.152624 0.0411156
45.4696 12.5476 0.148244 0.023895
45.1317 12.7989 0.15056 0.164274
45.2282 12.4774 0.151068 0.0378322
45.1565 12.5888 0.152034 0.136302
44.9792 12.702 0.152624 0.0411156
45.6142 12.5255 0.142573 0.00335282
45.0883 12.8527 0.152746 0.0530054
45.1317 12.7989 0.15056 0.164274
45.1523 12.7175 0.153223 0.151233
45.1565 12.5888 0.152034 0.136302
45.0507 12.8479 0.149096 0.0298664
45.1317 12.7989 0.15056 0.164274
45.4746 12.724 0.143856 0.0648819
45.3583 12.6034 0.141847 0.0903233
45.1547 12.7018 0.143958 0.0562515
