56.6448 14.2962 0.148842 0.113083
56.6347 14.469 0.148656 0.119548
56.5281 14.5017 0.148637 0.0238977
56.8623 14.4002 0.14489 0.151
56.6448 14.2962 0.148842 0.113083
56.6448 14.2962 0.148842 0.113083
56.6329 14.4924 0.152829 0.0457271
56.6223 14.3356 0.146606 0.100781
56.6223 14.3356 0.146606 0.100781
56.6223 14.3356 0.146606 0.100781
56.8623 14.4002 0.14489 0.151
56.7006 14.47 0.141114 0.00945055
56.6223 14.3356 0.146606 0.100781
56.8341 14.43 0.147572 0.194989
56.681 14.1763 0.144503 0.0272353
56.7881 14.3109 0.151707 0.0572629
56.7881 14.3109 0.151707 0.0572629
56.6347 14.469 0.148656 0.119548
56.6223 14.3356 0.146606 0.100781
56.8623 14.4002 0.14489 0.151
56.8623 14.4002 0.14489 0.151
56.7881 14.3109 0.151707 0.0572629
56.8402 14.1156 0.142121 0.00872865
56.8341 14.43 0.147572 0.194989
56.8341 14.43 0.147572 0.194989
56.6448 14.2962 0.148842 0.113083
56.6347 14.469 0.148656 0.119548
56.6223 14.3356 0.146606 0.100781
56.5281 14.5017 0.148637 0.0238977
56.8341 14.43 0.147572 0.194989
56.8623 14.4002 0.14489 0.151
56.7881 14.3109 0.151707 0.0572629
56.6347 14.469 0.148656 0.119548
56.6347 14.469 0.148656 0.119548
56.6223 14.3356 0.146606 0.100781
56.6223 14.3356 0.146606 0.100781
56.8623 14.4002 0.14489 0.151
56.8623 14.4002 0.14489 0.151
56.6347 14.469 0.148656 0.119548
56.5844 14.2167 0.146756 0.0247592
56.6024 14.584 0.147259 0.0195546
56.5281 14.5017 0.148637 0.0238977
56.5722 14.2672 0.14871 0.0410572
56.6347 14.469 0.148656 0.119548
56.8341 14.43 0.147572 0.194989
56.8341 14.43 0.147572 0.194989
56.5722 14.2672 0.14871 0.0410572
56.681 14.1763 0.144503 0.0272353
56.7881 14.3109 0.151707 0.0572629
56.8402 14.1156 0.142121 0.00872865
56.8341 14.43 0.147572 0.194989
56.8623 14.4002 0.14489 0.151
56.6448 14.2962 0.148842 0.113083
56.7881 14.3109 0.151707 0.0572629
56.5638 14.5615 0.146444 0.0119906
56.8341 14.43 0.147572 0.194989
56.8623 14.4002 0.14489 0.151
56.8623 14.4002 0.14489 0.151
56.6347 14.469 0.148656 0.119548
56.6329 14.4924 0.152829 0.0457271
56.8341 14.43 0.147572 0.194989
56.8341 14.43 0.147572 0.194989
56.6448 14.2962 0.148842 0.113083
56.6329 14.4924 0.152829 0.0457271
56.6223 14.3356 0.146606 0.100781
56.8341 14.43 0.147572 0.194989
56.6448 14.2962 0.148842 0.113083
56.7006 14.47 0.141114 0.00945055
56.6347 14.469 0.148656 0.119548
56.6223 14.3356 0.146606 0.100781
56.6223 14.3356 0.146606 0.100781
56.8341 14.43 0.147572 0.194989
56.6448 14.2962 0.148842 0.113083
56.6223 14.3356 0.146606 0.100781
56.6223 14.3356 0.146606 0.100781
56.8341 14.43 0.147572 0.194989
56.6448 14.2962 0.148842 0.113083
56.7881 14.3109 0.151707 0.0572629
56.6347 14.469 0.148656 0.119548
56.8541 14.3106 0.138524 0.00572017
56.8341 14.43 0.147572 0.194989
56.8341 14.43 0.147572 0.194989
56.8341 14.43 0.147572 0.194989
56.6448 14.2962 0.148842 0.113083
56.6347 14.469 0.148656 0.119548
56.8341 14.43 0.147572 0.194989
56.8623 14.4002 0.14489 0.151
56.6347 14.469 0.148656 0.119548
56.6223 14.3356 0.146606 0.100781
56.8623 14.4002 0.14489 0.151
56.6448 14.2962 0.148842 0.113083
56.7881 14.3109 0.151707 0.0572629
56.5281 14.5017 0.148637 0.0238977
56.8623 14.4002 0.14489 0.151
56.7881 14.3109 0.151707 0.0572629
56.6347 14.469 0.148656 0.119548
56.6347 14.469 0.148656 0.119548
56.6223 14.3356 0.146606 0.100781
56.8623 14.4002 0.14489 0.151
56.681 14.1763 0.144503 0.0272353
