276.253 -2.24765 4.37423 0.104948
276.322 -2.25357 4.37586 0.0794314
276.037 -2.35608 4.36968 0.0852889
276.159 -2.34058 4.37722 0.0514931
276.159 -2.34058 4.37722 0.0514931
276.169 -2.34197 4.36999 0.128055
276.349 -2.29364 4.38066 0.0486595
276.079 -2.51973 4.37029 0.0220874
276.037 -2.35608 4.36968 0.0852889
276.085 -2.36127 4.37074 0.10313
276.316 -2.01936 4.38318 0.00245405
275.901 -2.13439 4.37275 0.00163969
276.085 -2.22157 4.36438 0.046397
276.253 -2.24765 4.37423 0.104948
276.253 -2.24765 4.37423 0.104948
276.253 -2.24765 4.37423 0.104948
276.037 -2.35608 4.36968 0.0852889
276.085 -2.36127 4.37074 0.10313
276.085 -2.36127 4.37074 0.10313
276.085 -2.36127 4.37074 0.10313
276.248 -2.20935 4.37536 0.0839716
276.349 -2.29364 4.38066 0.0486595
276.033 -2.15844 4.37217 0.0244905
276.253 -2.24765 4.37423 0.104948
276.322 -2.25357 4.37586 0.0794314
276.037 -2.35608 4.36968 0.0852889
276.037 -2.35608 4.36968 0.0852889
276.159 -2.34058 4.37722 0.0514931
276.169 -2.34197 4.36999 0.128055
276.169 -2.34197 4.36999 0.128055
276.417 -2.19766 4.37066 0.00549961
276.225 -2.36385 4.37818 0.0539837
276.253 -2.24765 4.37423 0.104948
276.037 -2.35608 4.36968 0.0852889
276.085 -2.36127 4.37074 0.10313
276.248 -2.20935 4.37536 0.0839716
276.085 -2.22157 4.36438 0.046397
276.253 -2.24765 4.37423 0.104948
276.373 -2.37741 4.37331 0.0328008
276.322 -2.25357 4.37586 0.0794314
276.037 -2.35608 4.36968 0.0852889
276.085 -2.36127 4.37074 0.10313
276.248 -2.20935 4.37536 0.0839716
276.169 -2.34197 4.36999 0.128055
276.169 -2.34197 4.36999 0.128055
276.169 -2.34197 4.36999 0.128055
276.349 -2.29364 4.38066 0.0486595
276.033 -2.15844 4.37217 0.0244905
276.373 -2.37741 4.37331 0.0328008
276.322 -2.25357 4.37586 0.0794314
276.085 -2.36127 4.37074 0.10313
276.248 -2.20935 4.37536 0.0839716
276.169 -2.34197 4.36999 0.128055
276.169 -2.34197 4.36999 0.128055
276.225 -2.36385 4.37818 0.0539837
276.322 -2.25357 4.37586 0.0794314
276.085 -2.36127 4.37074 0.10313
276.159 -2.34058 4.37722 0.0514931
276.248 -2.20935 4.37536 0.0839716
276.169 -2.34197 4.36999 0.128055
276.349 -2.29364 4.38066 0.0486595
276.253 -2.24765 4.37423 0.104948
276.253 -2.24765 4.37423 0.104948
276.037 -2.35608 4.36968 0.0852889
276.085 -2.36127 4.37074 0.10313
276.288 -2.37912 4.36609 0.0163462
276.287 -2.12938 4.37351 0.0306202
276.169 -2.34197 4.36999 0.128055
276.334 -2.06809 4.37273 0.00661501
276.079 -2.51973 4.37029 0.0220874
276.373 -2.37741 4.37331 0.0328008
276.037 -2.35608 4.36968 0.0852889
276.085 -2.36127 4.37074 0.10313
276.159 -2.34058 4.37722 0.0514931
276.248 -2.20935 4.37536 0.0839716
276.248 -2.20935 4.37536 0.0839716
276.349 -2.29364 4.38066 0.0486595
276.447 -2.14702 4.38961 0.0022585
276.005 -2.52456 4.37405 0.0032591
276.085 -2.36127 4.37074 0.10313
276.248 -2.20935 4.37536 0.0839716
276.169 -2.34197 4.36999 0.128055
276.033 -2.15844 4.37217 0.0244905
276.225 -2.36385 4.37818 0.0539837
276.322 -2.25357 4.37586 0.0794314
276.037 -2.35608 4.36968 0.0852889
276.085 -2.36127 4.37074 0.10313
276.248 -2.20935 4.37536 0.0839716
276.169 -2.34197 4.36999 0.128055
276.169 -2.34197 4.36999 0.128055
276.169 -2.34197 4.36999 0.128055
276.502 -2.07989 4.38138 0.00372121
276.447 -2.14702 4.38961 0.0022585
276.079 -2.51973 4.37029 0.0220874
276.253 -2.24765 4.37423 0.104948
276.253 -2.24765 4.37423 0.104948
276.322 -2.25357 4.37586 0.0794314
276.085 -2.36127 4.37074 0.10313
276.303 -2.3728 4.36448 0.00636194
276.169 -2.34197 4.36999 0.128055
