-10.6424 -0.488645 0.49203 0.126163
-10.5582 -0.865659 0.493352 0.538291
-10.5582 -0.865659 0.493352 0.538291
-10.5582 -0.865659 0.493352 0.538291
-10.5582 -0.865659 0.493352 0.538291
-10.5582 -0.865659 0.493352 0.538291
-10.5582 -0.865659 0.493352 0.538291
-10.5582 -0.865659 0.493352 0.538291
-10.6424 -0.488645 0.49203 0.126163
-10.5582 -0.865659 0.493352 0.538291
-10.5582 -0.865659 0.493352 0.538291
-10.5582 -0.865659 0.493352 0.538291
-10.5582 -0.865659 0.493352 0.538291
-10.5582 -0.865659 0.493352 0.538291
-10.5582 -0.865659 0.493352 0.538291
-10.3208 -0.963601 0.49372 0.0148489
-10.3208 -0.963601 0.49372 0.0148489
-10.5582 -0.865659 0.493352 0.538291
-10.5582 -0.865659 0.493352 0.538291
-10.5582 -0.865659 0.493352 0.538291
-10.5582 -0.865659 0.493352 0.538291
-10.3751 -0.747729 0.483486 0.0810718
-10.5582 -0.865659 0.493352 0.538291
-10.5582 -0.865659 0.493352 0.538291
-10.5582 -0.865659 0.493352 0.538291
-10.5582 -0.865659 0.493352 0.538291
-10.6424 -0.488645 0.49203 0.126163
-10.4833 -0.978705 0.491423 0.0331845
-10.4353 -0.919756 0.496906 0.101939
-10.4353 -0.919756 0.496906 0.101939
-10.5582 -0.865659 0.493352 0.538291
-10.2936 -0.820801 0.497591 0.0222457
-10.5582 -0.865659 0.493352 0.538291
-10.5582 -0.865659 0.493352 0.538291
-10.2936 -0.820801 0.497591 0.0222457
-10.4353 -0.919756 0.496906 0.101939
-10.3208 -0.963601 0.49372 0.0148489
-10.5582 -0.865659 0.493352 0.538291
-10.3751 -0.747729 0.483486 0.0810718
-10.4833 -0.978705 0.491423 0.0331845
-10.3751 -0.747729 0.483486 0.0810718
-10.5582 -0.865659 0.493352 0.538291
-10.5582 -0.865659 0.493352 0.538291
-10.5582 -0.865659 0.493352 0.538291
-10.5582 -0.865659 0.493352 0.538291
-10.4353 -0.919756 0.496906 0.101939
-10.3751 -0.747729 0.483486 0.0810718
-10.5582 -0.865659 0.493352 0.538291
-10.4833 -0.978705 0.491423 0.0331845
-10.7059 -0.93677 0.498815 0.0214863
-10.4353 -0.919756 0.496906 0.101939
-10.3751 -0.747729 0.483486 0.0810718
-10.5582 -0.865659 0.493352 0.538291
-10.5582 -0.865659 0.493352 0.538291
-10.6424 -0.488645 0.49203 0.126163
-10.5582 -0.865659 0.493352 0.538291
-10.4353 -0.919756 0.496906 0.101939
-10.5582 -0.865659 0.493352 0.538291
-10.5582 -0.865659 0.493352 0.538291
-10.5582 -0.865659 0.493352 0.538291
-10.5582 -0.865659 0.493352 0.538291
-10.5582 -0.865659 0.493352 0.538291
-10.7059 -0.93677 0.498815 0.0214863
-10.5582 -0.865659 0.493352 0.538291
-10.5582 -0.865659 0.493352 0.538291
-10.4353 -0.919756 0.496906 0.101939
-10.5582 -0.865659 0.493352 0.538291
-10.5582 -0.865659 0.493352 0.538291
-10.2936 -0.820801 0.497591 0.0222457
-10.5582 -0.865659 0.493352 0.538291
-10.5582 -0.865659 0.493352 0.538291
-10.6424 -0.488645 0.49203 0.126163
-10.4353 -0.919756 0.496906 0.101939
-10.7059 -0.93677 0.498815 0.0214863
-10.3751 -0.747729 0.483486 0.0810718
-10.5582 -0.865659 0.493352 0.538291
-10.6424 -0.488645 0.49203 0.126163
-10.5582 -0.865659 0.493352 0.538291
-10.5582 -0.865659 0.493352 0.538291
-10.5582 -0.865659 0.493352 0.538291
-10.7059 -0.93677 0.498815 0.0214863
-10.3751 -0.747729 0.483486 0.0810718
-10.4353 -0.919756 0.496906 0.101939
-10.5582 -0.865659 0.493352 0.538291
-10.5582 -0.865659 0.493352 0.538291
-10.5582 -0.865659 0.493352 0.538291
-10.5582 -0.865659 0.493352 0.538291
-10.4833 -0.978705 0.491423 0.0331845
-10.5582 -0.865659 0.493352 0.538291
-10.6424 -0.488645 0.49203 0.126163
-10.5582 -0.865659 0.493352 0.538291
-10.6424 -0.488645 0.49203 0.126163
-10.6424 -0.488645 0.49203 0.126163
-10.5582 -0.865659 0.493352 0.538291
-10.3751 -0.747729 0.483486 0.0810718
-10.5582 -0.865659 0.493352 0.538291
-10.5582 -0.865659 0.493352 0.538291
-10.5582 -0.865659 0.493352 0.538291
-10.5582 -0.865659 0.493352 0.538291
-10.3751 -0.747729 0.483486 0.0810718
