177.761 23.1442 0.0789515 0.00469186
177.895 23.5798 0.0745822 0.194302
178.055 23.3993 0.0713906 0.0679445
177.948 23.4678 0.0784162 0.0603633
178.145 23.3271 0.0725723 0.00554612
177.982 23.3725 0.0626627 0.00669218
177.796 23.6846 0.0703001 0.0603351
178.055 23.3993 0.0713906 0.0679445
177.971 23.3218 0.0700892 0.0705205
177.948 23.4678 0.0784162 0.0603633
177.756 23.6884 0.0684082 0.0260032
177.914 23.7076 0.0703461 0.0526972
178.055 23.3993 0.0713906 0.0679445
177.86 23.5663 0.0774738 0.116871
177.797 23.204 0.0779239 0.0198983
177.798 23.4297 0.0657786 0.0325232
177.895 23.5798 0.0745822 0.194302
177.86 23.5663 0.0774738 0.116871
177.686 23.2641 0.0753564 0.0362356
177.797 23.204 0.0779239 0.0198983
177.914 23.7076 0.0703461 0.0526972
177.762 23.2911 0.0809415 0.0330701
178.19 23.4745 0.0710701 0.00660424
177.971 23.3218 0.0700892 0.0705205
177.948 23.4678 0.0784162 0.0603633
177.756 23.6884 0.0684082 0.0260032
177.796 23.6846 0.0703001 0.0603351
177.914 23.7076 0.0703461 0.0526972
177.86 23.5663 0.0774738 0.116871
177.839 23.8388 0.069315 0.00283465
177.813 23.2313 0.0742241 0.0401704
177.798 23.4297 0.0657786 0.0325232
177.895 23.5798 0.0745822 0.194302
178.055 23.3993 0.0713906 0.0679445
177.86 23.5663 0.0774738 0.116871
177.948 23.4678 0.0784162 0.0603633
177.796 23.6846 0.0703001 0.0603351
177.796 23.6846 0.0703001 0.0603351
177.807 23.3454 0.0835152 0.0119499
177.86 23.5663 0.0774738 0.116871
177.813 23.2313 0.0742241 0.0401704
177.796 23.6846 0.0703001 0.0603351
177.895 23.5798 0.0745822 0.194302
178.055 23.3993 0.0713906 0.0679445
177.86 23.5663 0.0774738 0.116871
177.686 23.2641 0.0753564 0.0362356
177.884 23.1839 0.0731116 0.0130142
177.796 23.6846 0.0703001 0.0603351
177.914 23.7076 0.0703461 0.0526972
177.895 23.5798 0.0745822 0.194302
177.971 23.3218 0.0700892 0.0705205
178.145 23.3271 0.0725723 0.00554612
177.796 23.6846 0.0703001 0.0603351
177.762 23.2911 0.0809415 0.0330701
177.86 23.5663 0.0774738 0.116871
177.86 23.5663 0.0774738 0.116871
177.86 23.5663 0.0774738 0.116871
177.948 23.4678 0.0784162 0.0603633
177.883 23.5724 0.0627952 0.0154797
177.895 23.5798 0.0745822 0.194302
178.055 23.3993 0.0713906 0.0679445
177.948 23.4678 0.0784162 0.0603633
177.883 23.5724 0.0627952 0.0154797
177.796 23.6846 0.0703001 0.0603351
177.762 23.2911 0.0809415 0.0330701
177.971 23.3218 0.0700892 0.0705205
177.948 23.4678 0.0784162 0.0603633
177.948 23.4678 0.0784162 0.0603633
178.1 23.6446 0.0652633 0.0154374
177.884 23.1839 0.0731116 0.0130142
177.914 23.7076 0.0703461 0.0526972
177.86 23.5663 0.0774738 0.116871
177.86 23.5663 0.0774738 0.116871
177.86 23.5663 0.0774738 0.116871
177.971 23.3218 0.0700892 0.0705205
177.686 23.2641 0.0753564 0.0362356
177.95 23.4275 0.0641493 0.0291119
177.798 23.4297 0.0657786 0.0325232
177.914 23.7076 0.0703461 0.0526972
177.895 23.5798 0.0745822 0.194302
177.895 23.5798 0.0745822 0.194302
177.86 23.5663 0.0774738 0.116871
177.86 23.5663 0.0774738 0.116871
177.86 23.5663 0.0774738 0.116871
177.948 23.4678 0.0784162 0.0603633
177.912 23.1891 0.071817 0.0113003
177.895 23.5798 0.0745822 0.194302
177.807 23.3454 0.0835152 0.0119499
177.971 23.3218 0.0700892 0.0705205
177.95 23.4275 0.0641493 0.0291119
177.895 23.5798 0.0745822 0.194302
177.895 23.5798 0.0745822 0.194302
177.86 23.5663 0.0774738 0.116871
177.686 23.2641 0.0753564 0.0362356
177.883 23.5724 0.0627952 0.0154797
177.895 23.5798 0.0745822 0.194302
177.948 23.4678 0.0784162 0.0603633
177.884 23.1839 0.0731116 0.0130142
177.895 23.5798 0.0745822 0.194302
177.895 23.5798 0.0745822 0.194302
