23.8748 -86.6181 3.79901 0.181102
24.0207 -86.4959 3.79972 0.0424542
23.9571 -86.8488 3.80552 0.0167362
23.9813 -86.7007 3.80316 0.12965
23.9256 -86.7333 3.80408 0.0972641
24.1309 -86.5715 3.80579 0.0315667
23.8007 -86.519 3.80005 0.140425
23.8007 -86.519 3.80005 0.140425
23.8748 -86.6181 3.79901 0.181102
23.8748 -86.6181 3.79901 0.181102
23.9663 -86.5871 3.79812 0.0679325
24.0076 -86.6442 3.80187 0.130871
23.9571 -86.8488 3.80552 0.0167362
23.8007 -86.519 3.80005 0.140425
23.9813 -86.7007 3.80316 0.12965
23.8748 -86.6181 3.79901 0.181102
24.0076 -86.6442 3.80187 0.130871
23.8007 -86.519 3.80005 0.140425
23.8748 -86.6181 3.79901 0.181102
23.8748 -86.6181 3.79901 0.181102
24.0207 -86.4959 3.79972 0.0424542
23.9857 -86.6009 3.80729 0.0399303
23.706 -86.7693 3.79946 0.0343005
23.9104 -86.8953 3.8059 0.00523986
23.8748 -86.6181 3.79901 0.181102
23.9256 -86.7333 3.80408 0.0972641
23.9663 -86.5871 3.79812 0.0679325
24.1309 -86.5715 3.80579 0.0315667
23.8007 -86.519 3.80005 0.140425
23.9813 -86.7007 3.80316 0.12965
23.9663 -86.5871 3.79812 0.0679325
24.1309 -86.5715 3.80579 0.0315667
24.1959 -86.7674 3.80469 0.00717954
23.8007 -86.519 3.80005 0.140425
23.9813 -86.7007 3.80316 0.12965
23.9813 -86.7007 3.80316 0.12965
23.8748 -86.6181 3.79901 0.181102
23.9663 -86.5871 3.79812 0.0679325
24.0207 -86.4959 3.79972 0.0424542
24.1959 -86.7674 3.80469 0.00717954
23.706 -86.7693 3.79946 0.0343005
23.706 -86.7693 3.79946 0.0343005
23.8748 -86.6181 3.79901 0.181102
23.7188 -86.7789 3.80436 0.00713948
23.8007 -86.519 3.80005 0.140425
23.8007 -86.519 3.80005 0.140425
23.8007 -86.519 3.80005 0.140425
23.9813 -86.7007 3.80316 0.12965
23.8748 -86.6181 3.79901 0.181102
23.9663 -86.5871 3.79812 0.0679325
24.0076 -86.6442 3.80187 0.130871
23.8007 -86.519 3.80005 0.140425
23.8748 -86.6181 3.79901 0.181102
24.0207 -86.4959 3.79972 0.0424542
23.9857 -86.6009 3.80729 0.0399303
23.8007 -86.519 3.80005 0.140425
23.9813 -86.7007 3.80316 0.12965
23.9256 -86.7333 3.80408 0.0972641
24.1309 -86.5715 3.80579 0.0315667
24.0076 -86.6442 3.80187 0.130871
23.8007 -86.519 3.80005 0.140425
23.9813 -86.7007 3.80316 0.12965
23.9813 -86.7007 3.80316 0.12965
23.8748 -86.6181 3.79901 0.181102
24.0207 -86.4959 3.79972 0.0424542
24.0076 -86.6442 3.80187 0.130871
23.9813 -86.7007 3.80316 0.12965
23.9813 -86.7007 3.80316 0.12965
23.8748 -86.6181 3.79901 0.181102
23.9256 -86.7333 3.80408 0.0972641
24.0207 -86.4959 3.79972 0.0424542
24.0207 -86.4959 3.79972 0.0424542
24.0076 -86.6442 3.80187 0.130871
23.8007 -86.519 3.80005 0.140425
23.8007 -86.519 3.80005 0.140425
23.9813 -86.7007 3.80316 0.12965
23.8748 -86.6181 3.79901 0.181102
23.9857 -86.6009 3.80729 0.0399303
23.8007 -86.519 3.80005 0.140425
23.9813 -86.7007 3.80316 0.12965
23.9663 -86.5871 3.79812 0.0679325
23.9857 -86.6009 3.80729 0.0399303
24.0076 -86.6442 3.80187 0.130871
23.8007 -86.519 3.80005 0.140425
23.8007 -86.519 3.80005 0.140425
23.8748 -86.6181 3.79901 0.181102
23.9256 -86.7333 3.80408 0.0972641
23.9663 -86.5871 3.79812 0.0679325
24.1309 -86.5715 3.80579 0.0315667
23.9857 -86.6009 3.80729 0.0399303
23.8007 -86.519 3.80005 0.140425
23.9813 -86.7007 3.80316 0.12965
23.9256 -86.7333 3.80408 0.0972641
23.9857 -86.6009 3.80729 0.0399303
23.8007 -86.519 3.80005 0.140425
23.9813 -86.7007 3.80316 0.12965
23.8748 -86.6181 3.79901 0.181102
23.9663 -86.5871 3.79812 0.0679325
24.0076 -86.6442 3.80187 0.130871
23.8007 -86.519 3.80005 0.140425
