17.8526 -89.4913 3.67973 0.157275
17.9492 -89.3213 3.67721 0.0946747
17.7634 -89.0926 3.67636 0.0454162
17.7108 -89.3265 3.68455 0.0346358
17.8029 -89.4473 3.67051 0.0136579
17.9902 -89.4249 3.67751 0.0549238
17.7037 -89.4388 3.67809 0.201527
17.8526 -89.4913 3.67973 0.157275
17.8526 -89.4913 3.67973 0.157275
17.678 -89.0546 3.67224 0.0142124
17.7037 -89.4388 3.67809 0.201527
17.7699 -89.2103 3.68579 0.0163005
17.8526 -89.4913 3.67973 0.157275
17.8526 -89.4913 3.67973 0.157275
17.4192 -89.1684 3.67052 0.0133515
17.7634 -89.0926 3.67636 0.0454162
18.1517 -89.3696 3.67611 0.00171704
17.8276 -89.1184 3.6751 0.0388855
17.678 -89.0546 3.67224 0.0142124
17.7037 -89.4388 3.67809 0.201527
17.8029 -89.4473 3.67051 0.0136579
17.8526 -89.4913 3.67973 0.157275
17.9902 -89.4249 3.67751 0.0549238
18.0821 -89.1166 3.67885 0.00591332
17.7579 -89.0258 3.67149 0.00472138
17.8203 -89.4544 3.68401 0.0931724
17.5395 -89.034 3.6657 0.000775701
17.9492 -89.3213 3.67721 0.0946747
17.9902 -89.4249 3.67751 0.0549238
17.9902 -89.4249 3.67751 0.0549238
17.7036 -89.2753 3.67257 0.10845
18.1525 -89.2097 3.68637 0.0108243
17.8203 -89.4544 3.68401 0.0931724
17.8526 -89.4913 3.67973 0.157275
17.4192 -89.1684 3.67052 0.0133515
17.678 -89.0546 3.67224 0.0142124
17.7036 -89.2753 3.67257 0.10845
17.7634 -89.0926 3.67636 0.0454162
17.7037 -89.4388 3.67809 0.201527
17.8276 -89.1184 3.6751 0.0388855
17.8526 -89.4913 3.67973 0.157275
17.9492 -89.3213 3.67721 0.0946747
17.9902 -89.4249 3.67751 0.0549238
17.9902 -89.4249 3.67751 0.0549238
17.7036 -89.2753 3.67257 0.10845
17.7037 -89.4388 3.67809 0.201527
17.7108 -89.3265 3.68455 0.0346358
17.8526 -89.4913 3.67973 0.157275
17.9902 -89.4249 3.67751 0.0549238
17.7037 -89.4388 3.67809 0.201527
17.7037 -89.4388 3.67809 0.201527
17.8029 -89.4473 3.67051 0.0136579
17.7036 -89.2753 3.67257 0.10845
17.7037 -89.4388 3.67809 0.201527
17.8526 -89.4913 3.67973 0.157275
17.9492 -89.3213 3.67721 0.0946747
17.9902 -89.4249 3.67751 0.0549238
17.7036 -89.2753 3.67257 0.10845
17.7036 -89.2753 3.67257 0.10845
17.7037 -89.4388 3.67809 0.201527
17.7905 -88.9607 3.67505 0.00350369
17.9492 -89.3213 3.67721 0.0946747
17.9492 -89.3213 3.67721 0.0946747
17.7037 -89.4388 3.67809 0.201527
18.2364 -89.2314 3.69187 0.00102485
17.8142 -89.0236 3.67864 0.0147239
17.9902 -89.4249 3.67751 0.0549238
17.7036 -89.2753 3.67257 0.10845
17.8203 -89.4544 3.68401 0.0931724
17.8203 -89.4544 3.68401 0.0931724
17.7108 -89.3265 3.68455 0.0346358
17.8526 -89.4913 3.67973 0.157275
17.8526 -89.4913 3.67973 0.157275
17.3857 -89.3119 3.66879 0.0130154
17.9902 -89.4249 3.67751 0.0549238
17.7037 -89.4388 3.67809 0.201527
17.8526 -89.4913 3.67973 0.157275
17.9492 -89.3213 3.67721 0.0946747
17.7036 -89.2753 3.67257 0.10845
17.8203 -89.4544 3.68401 0.0931724
17.8526 -89.4913 3.67973 0.157275
17.678 -89.0546 3.67224 0.0142124
17.7037 -89.4388 3.67809 0.201527
17.7108 -89.3265 3.68455 0.0346358
17.8526 -89.4913 3.67973 0.157275
17.7036 -89.2753 3.67257 0.10845
17.7036 -89.2753 3.67257 0.10845
17.7037 -89.4388 3.67809 0.201527
17.7037 -89.4388 3.67809 0.201527
17.8526 -89.4913 3.67973 0.157275
17.9492 -89.3213 3.67721 0.0946747
17.9492 -89.3213 3.67721 0.0946747
17.7036 -89.2753 3.67257 0.10845
17.8203 -89.4544 3.68401 0.0931724
18.0082 -89.3459 3.67556 0.0221998
17.8067 -89.0758 3.66768 0.000550716
17.7037 -89.4388 3.67809 0.201527
17.7108 -89.3265 3.68455 0.0346358
17.9492 -89.3213 3.67721 0.0946747
17.9492 -89.3213 3.67721 0.0946747
