270.295 24.0466 5.65254 0.117805
270.295 24.0466 5.65254 0.117805
270.326 24.0058 5.65127 0.0703284
270.331 24.0996 5.64504 0.00982476
270.295 24.0466 5.65254 0.117805
270.295 24.0466 5.65254 0.117805
270.326 24.0058 5.65127 0.0703284
270.41 24.1929 5.65546 0.145636
270.295 24.0466 5.65254 0.117805
270.229 24.162 5.64957 0.0300187
270.343 24.2609 5.66023 0.110146
270.507 24.0489 5.64772 0.016106
270.295 24.0466 5.65254 0.117805
270.247 24.1533 5.65634 0.208626
270.343 24.2609 5.66023 0.110146
270.267 24.2926 5.65609 0.0717826
270.295 24.0466 5.65254 0.117805
270.179 24.0174 5.6576 0.0708634
270.41 24.1929 5.65546 0.145636
270.267 24.2926 5.65609 0.0717826
270.247 24.1533 5.65634 0.208626
270.326 24.0058 5.65127 0.0703284
270.41 24.1929 5.65546 0.145636
270.41 24.1929 5.65546 0.145636
270.343 24.2609 5.66023 0.110146
270.267 24.2926 5.65609 0.0717826
270.295 24.0466 5.65254 0.117805
270.179 24.0174 5.6576 0.0708634
270.247 24.1533 5.65634 0.208626
270.52 24.1807 5.65872 0.0277053
270.41 24.1929 5.65546 0.145636
270.295 24.0466 5.65254 0.117805
270.179 24.0174 5.6576 0.0708634
270.229 24.162 5.64957 0.0300187
270.41 24.1929 5.65546 0.145636
270.267 24.2926 5.65609 0.0717826
270.295 24.0466 5.65254 0.117805
270.525 23.9423 5.65984 0.00368434
270.343 24.2609 5.66023 0.110146
270.343 24.2609 5.66023 0.110146
270.331 24.0996 5.64504 0.00982476
270.267 24.2926 5.65609 0.0717826
270.295 24.0466 5.65254 0.117805
270.247 24.1533 5.65634 0.208626
270.247 24.1533 5.65634 0.208626
270.206 23.9765 5.6517 0.0231582
270.343 24.2609 5.66023 0.110146
270.295 24.0466 5.65254 0.117805
270.206 23.9765 5.6517 0.0231582
270.41 24.1929 5.65546 0.145636
270.546 24.0505 5.65076 0.0178067
270.247 24.1533 5.65634 0.208626
270.326 24.0058 5.65127 0.0703284
270.343 24.2609 5.66023 0.110146
270.507 24.0489 5.64772 0.016106
270.295 24.0466 5.65254 0.117805
270.247 24.1533 5.65634 0.208626
270.41 24.1929 5.65546 0.145636
270.41 24.1929 5.65546 0.145636
270.343 24.2609 5.66023 0.110146
270.295 24.0466 5.65254 0.117805
270.247 24.1533 5.65634 0.208626
270.41 24.1929 5.65546 0.145636
270.295 24.0466 5.65254 0.117805
270.247 24.1533 5.65634 0.208626
270.206 23.9765 5.6517 0.0231582
270.331 24.0996 5.64504 0.00982476
270.179 24.0174 5.6576 0.0708634
270.247 24.1533 5.65634 0.208626
270.326 24.0058 5.65127 0.0703284
270.507 24.0489 5.64772 0.016106
270.267 24.2926 5.65609 0.0717826
270.247 24.1533 5.65634 0.208626
270.41 24.1929 5.65546 0.145636
270.343 24.2609 5.66023 0.110146
270.179 24.0174 5.6576 0.0708634
270.52 24.1807 5.65872 0.0277053
270.343 24.2609 5.66023 0.110146
270.415 23.8167 5.65599 0.00218175
270.295 24.0466 5.65254 0.117805
270.295 24.0466 5.65254 0.117805
270.295 24.0466 5.65254 0.117805
270.179 24.0174 5.6576 0.0708634
270.326 24.0058 5.65127 0.0703284
270.267 24.2926 5.65609 0.0717826
270.295 24.0466 5.65254 0.117805
270.295 24.0466 5.65254 0.117805
270.179 24.0174 5.6576 0.0708634
270.206 23.9765 5.6517 0.0231582
270.41 24.1929 5.65546 0.145636
270.546 24.0505 5.65076 0.0178067
270.179 24.0174 5.6576 0.0708634
270.247 24.1533 5.65634 0.208626
270.503 23.892 5.64531 0.00123275
270.507 24.0489 5.64772 0.016106
270.179 24.0174 5.6576 0.0708634
270.247 24.1533 5.65634 0.208626
270.247 24.1533 5.65634 0.208626
270.326 24.0058 5.65127 0.0703284
270.41 24.1929 5.65546 0.145636
