-37.1797 -73.9609 2.03826 0.0990709
-37.1797 -73.9609 2.03826 0.0990709
-37.197 -74.0734 2.03495 0.0952718
-37.197 -74.0734 2.03495 0.0952718
-37.246 -74.0827 2.03938 0.0721259
-37.0997 -74.1042 2.03814 0.107892
-37.0997 -74.1042 2.03814 0.107892
-36.8507 -73.9413 2.03701 0.0191296
-37.1797 -73.9609 2.03826 0.0990709
-37.1624 -74.0646 2.04217 0.0691705
-37.197 -74.0734 2.03495 0.0952718
-37.197 -74.0734 2.03495 0.0952718
-37.246 -74.0827 2.03938 0.0721259
-37.0997 -74.1042 2.03814 0.107892
-37.2902 -73.881 2.0311 0.0477461
-36.9164 -73.8945 2.03876 0.0313238
-37.4314 -73.9179 2.03251 0.0186745
-37.1694 -73.754 2.03779 0.0219485
-37.1624 -74.0646 2.04217 0.0691705
-37.2091 -73.9804 2.03999 0.0739282
-37.246 -74.0827 2.03938 0.0721259
-37.3163 -74.2365 2.03908 0.0197928
-37.2902 -73.881 2.0311 0.0477461
-36.8507 -73.9413 2.03701 0.0191296
-37.0535 -74.1028 2.04446 0.0499594
-36.9318 -74.1888 2.04484 0.0283311
-37.1797 -73.9609 2.03826 0.0990709
-37.2148 -73.7763 2.04293 0.00516877
-37.197 -74.0734 2.03495 0.0952718
-37.246 -74.0827 2.03938 0.0721259
-37.2902 -73.881 2.0311 0.0477461
-36.9859 -74.1519 2.04288 0.0545497
-37.0535 -74.1028 2.04446 0.0499594
-37.0535 -74.1028 2.04446 0.0499594
-36.9318 -74.1888 2.04484 0.0283311
-37.1797 -73.9609 2.03826 0.0990709
-37.1797 -73.9609 2.03826 0.0990709
-36.947 -73.8981 2.03039 0.014437
-37.197 -74.0734 2.03495 0.0952718
-37.2586 -74.1554 2.04928 0.00264856
-37.246 -74.0827 2.03938 0.0721259
-37.077 -74.0729 2.04918 0.00821471
-37.3163 -74.2365 2.03908 0.0197928
-37.0997 -74.1042 2.03814 0.107892
-36.9859 -74.1519 2.04288 0.0545497
-37.0535 -74.1028 2.04446 0.0499594
-37.1797 -73.9609 2.03826 0.0990709
-37.1624 -74.0646 2.04217 0.0691705
-37.197 -74.0734 2.03495 0.0952718
-37.246 -74.0827 2.03938 0.0721259
-37.0997 -74.1042 2.03814 0.107892
-37.2902 -73.881 2.0311 0.0477461
-36.9216 -73.9846 2.04393 0.0270063
-36.9617 -74.436 2.0484 0.00224017
-36.7818 -74.1697 2.04665 0.00610012
-37.1624 -74.0646 2.04217 0.0691705
-37.0858 -74.2918 2.03559 0.0173111
-37.246 -74.0827 2.03938 0.0721259
-37.246 -74.0827 2.03938 0.0721259
-37.0997 -74.1042 2.03814 0.107892
-37.0997 -74.1042 2.03814 0.107892
-37.2902 -73.881 2.0311 0.0477461
-36.9164 -73.8945 2.03876 0.0313238
-36.9859 -74.1519 2.04288 0.0545497
-37.0535 -74.1028 2.04446 0.0499594
-37.0535 -74.1028 2.04446 0.0499594
-37.1797 -73.9609 2.03826 0.0990709
-37.1797 -73.9609 2.03826 0.0990709
-36.947 -73.8981 2.03039 0.014437
-37.197 -74.0734 2.03495 0.0952718
-37.2091 -73.9804 2.03999 0.0739282
-37.0997 -74.1042 2.03814 0.107892
-36.9859 -74.1519 2.04288 0.0545497
-37.1694 -73.8259 2.04191 0.0176543
-37.3022 -73.7319 2.04113 0.00285987
-37.0535 -74.1028 2.04446 0.0499594
-37.1624 -74.0646 2.04217 0.0691705
-37.1624 -74.0646 2.04217 0.0691705
-37.0675 -73.8129 2.02772 0.0136692
-37.2091 -73.9804 2.03999 0.0739282
-37.3163 -74.2365 2.03908 0.0197928
-36.9164 -73.8945 2.03876 0.0313238
-36.9602 -73.815 2.03439 0.0240343
-37.0535 -74.1028 2.04446 0.0499594
-37.1797 -73.9609 2.03826 0.0990709
-37.1624 -74.0646 2.04217 0.0691705
-37.197 -74.0734 2.03495 0.0952718
-37.0858 -74.2918 2.03559 0.0173111
-36.9295 -73.9209 2.04577 0.0106608
-37.0997 -74.1042 2.03814 0.107892
-36.9859 -74.1519 2.04288 0.0545497
-37.0535 -74.1028 2.04446 0.0499594
-37.1797 -73.9609 2.03826 0.0990709
-37.1624 -74.0646 2.04217 0.0691705
-37.0675 -73.8129 2.02772 0.0136692
-37.197 -74.0734 2.03495 0.0952718
-37.246 -74.0827 2.03938 0.0721259
-37.077 -74.0729 2.04918 0.00821471
-37.0997 -74.1042 2.03814 0.107892
-37.0997 -74.1042 2.03814 0.107892
