229.761 -13.8139 2.88736 0.291414
229.793 -13.4143 2.892 0.176221
229.793 -13.4143 2.892 0.176221
229.761 -13.8139 2.88736 0.291414
229.793 -13.4143 2.892 0.176221
229.955 -13.8562 2.89611 0.0419897
229.939 -13.5948 2.88983 0.0621159
229.761 -13.8139 2.88736 0.291414
229.678 -13.7201 2.88368 0.223757
230.026 -13.6126 2.89711 0.0450004
229.793 -13.4143 2.892 0.176221
229.839 -13.6123 2.90049 0.0482697
229.678 -13.7201 2.88368 0.223757
230.026 -13.6126 2.89711 0.0450004
229.793 -13.4143 2.892 0.176221
229.939 -13.5948 2.88983 0.0621159
229.839 -13.6123 2.90049 0.0482697
229.761 -13.8139 2.88736 0.291414
229.939 -13.5948 2.88983 0.0621159
229.761 -13.8139 2.88736 0.291414
229.761 -13.8139 2.88736 0.291414
229.793 -13.4143 2.892 0.176221
229.678 -13.7201 2.88368 0.223757
229.761 -13.8139 2.88736 0.291414
229.793 -13.4143 2.892 0.176221
229.793 -13.4143 2.892 0.176221
229.939 -13.5948 2.88983 0.0621159
229.678 -13.7201 2.88368 0.223757
229.761 -13.8139 2.88736 0.291414
229.761 -13.8139 2.88736 0.291414
229.793 -13.8539 2.88553 0.0378653
229.678 -13.7201 2.88368 0.223757
229.761 -13.8139 2.88736 0.291414
229.793 -13.4143 2.892 0.176221
229.939 -13.5948 2.88983 0.0621159
229.678 -13.7201 2.88368 0.223757
229.793 -13.4143 2.892 0.176221
229.793 -13.4143 2.892 0.176221
229.955 -13.8562 2.89611 0.0419897
229.939 -13.5948 2.88983 0.0621159
229.761 -13.8139 2.88736 0.291414
229.955 -13.8562 2.89611 0.0419897
229.761 -13.8139 2.88736 0.291414
229.793 -13.4143 2.892 0.176221
229.678 -13.7201 2.88368 0.223757
229.678 -13.7201 2.88368 0.223757
229.761 -13.8139 2.88736 0.291414
229.761 -13.8139 2.88736 0.291414
229.793 -13.4143 2.892 0.176221
229.678 -13.7201 2.88368 0.223757
229.761 -13.8139 2.88736 0.291414
229.955 -13.8562 2.89611 0.0419897
229.678 -13.7201 2.88368 0.223757
229.761 -13.8139 2.88736 0.291414
229.761 -13.8139 2.88736 0.291414
229.678 -13.7201 2.88368 0.223757
229.678 -13.7201 2.88368 0.223757
229.678 -13.7201 2.88368 0.223757
229.939 -13.5007 2.88964 0.027185
229.678 -13.7201 2.88368 0.223757
229.678 -13.7201 2.88368 0.223757
229.761 -13.8139 2.88736 0.291414
229.793 -13.4143 2.892 0.176221
229.793 -13.8539 2.88553 0.0378653
229.678 -13.7201 2.88368 0.223757
229.939 -13.5007 2.88964 0.027185
230.026 -13.6126 2.89711 0.0450004
229.839 -13.6123 2.90049 0.0482697
229.761 -13.8139 2.88736 0.291414
229.761 -13.8139 2.88736 0.291414
229.839 -13.6123 2.90049 0.0482697
229.678 -13.7201 2.88368 0.223757
229.939 -13.5007 2.88964 0.027185
229.793 -13.4143 2.892 0.176221
229.939 -13.5948 2.88983 0.0621159
229.761 -13.8139 2.88736 0.291414
229.793 -13.4143 2.892 0.176221
229.839 -13.6123 2.90049 0.0482697
229.678 -13.7201 2.88368 0.223757
229.793 -13.4143 2.892 0.176221
229.955 -13.8562 2.89611 0.0419897
229.793 -13.8539 2.88553 0.0378653
229.761 -13.8139 2.88736 0.291414
229.59 -13.998 2.89513 0.0117092
229.793 -13.4143 2.892 0.176221
229.678 -13.7201 2.88368 0.223757
229.678 -13.7201 2.88368 0.223757
229.939 -13.5007 2.88964 0.027185
229.955 -13.8562 2.89611 0.0419897
229.678 -13.7201 2.88368 0.223757
229.678 -13.7201 2.88368 0.223757
229.761 -13.8139 2.88736 0.291414
229.793 -13.8539 2.88553 0.0378653
229.678 -13.7201 2.88368 0.223757
229.793 -13.4143 2.892 0.176221
229.793 -13.4143 2.892 0.176221
229.761 -13.8139 2.88736 0.291414
230.052 -13.6285 2.89944 0.0185632
229.793 -13.4143 2.892 0.176221
229.793 -13.8539 2.88553 0.0378653
