-36.7434 -72.8396 1.98593 0.0308935
-36.9208 -72.8575 1.98824 0.102845
-36.896 -73.1014 1.99464 0.00965782
-37.0127 -72.9185 1.99489 0.0324921
-36.9088 -72.7448 1.9894 0.128035
-36.9777 -72.8199 1.98911 0.119443
-37.0635 -72.7902 1.98815 0.101858
-37.2425 -72.7414 1.97702 0.00676621
-36.9208 -72.8575 1.98824 0.102845
-36.8369 -72.989 1.99195 0.0341311
-37.137 -72.677 1.97992 0.0402133
-36.9088 -72.7448 1.9894 0.128035
-36.9088 -72.7448 1.9894 0.128035
-36.9777 -72.8199 1.98911 0.119443
-36.9777 -72.8199 1.98911 0.119443
-37.0635 -72.7902 1.98815 0.101858
-36.9208 -72.8575 1.98824 0.102845
-36.8369 -72.989 1.99195 0.0341311
-36.5171 -72.4759 1.98685 0.000401988
-36.9088 -72.7448 1.9894 0.128035
-36.9088 -72.7448 1.9894 0.128035
-37.2014 -72.6754 1.98065 0.0302482
-37.0635 -72.7902 1.98815 0.101858
-37.0635 -72.7902 1.98815 0.101858
-36.9341 -73.0348 1.98805 0.0208087
-36.9013 -72.9436 1.99543 0.034627
-37.0127 -72.9185 1.99489 0.0324921
-36.9088 -72.7448 1.9894 0.128035
-37.2014 -72.6754 1.98065 0.0302482
-36.9341 -73.0348 1.98805 0.0208087
-36.9208 -72.8575 1.98824 0.102845
-36.8488 -72.5586 1.97964 0.022032
-36.9777 -72.8199 1.98911 0.119443
-37.2014 -72.6754 1.98065 0.0302482
-36.8168 -73.0056 1.98175 0.00304441
-36.9208 -72.8575 1.98824 0.102845
-36.9208 -72.8575 1.98824 0.102845
-36.8369 -72.989 1.99195 0.0341311
-36.896 -73.1014 1.99464 0.00965782
-36.8488 -72.5586 1.97964 0.022032
-37.1417 -72.8899 1.9828 0.0239326
-36.9088 -72.7448 1.9894 0.128035
-36.9777 -72.8199 1.98911 0.119443
-36.9777 -72.8199 1.98911 0.119443
-36.9777 -72.8199 1.98911 0.119443
-37.0635 -72.7902 1.98815 0.101858
-36.7434 -72.8396 1.98593 0.0308935
-36.9208 -72.8575 1.98824 0.102845
-36.9208 -72.8575 1.98824 0.102845
-36.8131 -72.8488 1.97862 0.00475194
-37.1305 -72.5908 1.98107 0.0471741
-36.8488 -72.5586 1.97964 0.022032
-36.9088 -72.7448 1.9894 0.128035
-37.2014 -72.6754 1.98065 0.0302482
-37.1701 -72.8976 1.98352 0.0208266
-36.7434 -72.8396 1.98593 0.0308935
-36.7434 -72.8396 1.98593 0.0308935
-36.775 -72.8856 1.99865 0.0134406
-36.8369 -72.989 1.99195 0.0341311
-37.1305 -72.5908 1.98107 0.0471741
-37.137 -72.677 1.97992 0.0402133
-36.7092 -72.8131 1.99724 0.0140425
-36.9777 -72.8199 1.98911 0.119443
-36.9777 -72.8199 1.98911 0.119443
-37.0635 -72.7902 1.98815 0.101858
-37.1137 -72.9725 1.99284 0.0177855
-36.7043 -72.7644 1.98094 0.00663557
-36.7092 -72.8131 1.99724 0.0140425
-36.7926 -73.1053 1.99272 0.00742135
-36.9777 -72.8199 1.98911 0.119443
-37.2014 -72.6754 1.98065 0.0302482
-37.0635 -72.7902 1.98815 0.101858
-36.775 -72.8856 1.99865 0.0134406
-37.1137 -72.9725 1.99284 0.0177855
-36.9208 -72.8575 1.98824 0.102845
-36.8369 -72.989 1.99195 0.0341311
-37.137 -72.677 1.97992 0.0402133
-36.9088 -72.7448 1.9894 0.128035
-36.9777 -72.8199 1.98911 0.119443
-37.1701 -72.8976 1.98352 0.0208266
-36.8168 -73.0056 1.98175 0.00304441
-36.8979 -72.8303 1.99898 0.0134795
-37.2742 -72.8958 1.98855 0.00823942
-37.0127 -72.9185 1.99489 0.0324921
-37.0798 -72.6399 1.97481 0.00911677
-37.1305 -72.5908 1.98107 0.0471741
-37.137 -72.677 1.97992 0.0402133
-36.9088 -72.7448 1.9894 0.128035
-37.0635 -72.7902 1.98815 0.101858
-36.775 -72.8856 1.99865 0.0134406
-36.9208 -72.8575 1.98824 0.102845
-36.9208 -72.8575 1.98824 0.102845
-36.9208 -72.8575 1.98824 0.102845
-36.8131 -72.8488 1.97862 0.00475194
-36.8131 -72.8488 1.97862 0.00475194
-36.8488 -72.5586 1.97964 0.022032
-36.9088 -72.7448 1.9894 0.128035
-36.9088 -72.7448 1.9894 0.128035
-37.2014 -72.6754 1.98065 0.0302482
-37.0635 -72.7902 1.98815 0.101858
