255.139 -19.7291 3.19433 0.222968
255.313 -19.9649 3.19951 0.0926213
255.085 -19.6039 3.19425 0.054336
255.238 -19.8473 3.19679 0.241436
255.238 -19.8473 3.19679 0.241436
255.139 -19.7291 3.19433 0.222968
255.144 -19.7157 3.19362 0.197108
255.144 -19.7157 3.19362 0.197108
255.241 -19.7663 3.20123 0.0495069
255.139 -19.7291 3.19433 0.222968
255.026 -19.5693 3.19226 0.0340035
255.469 -19.6871 3.20253 0.0107468
255.238 -19.8473 3.19679 0.241436
255.139 -19.7291 3.19433 0.222968
255.139 -19.7291 3.19433 0.222968
255.313 -19.9649 3.19951 0.0926213
255.085 -19.6039 3.19425 0.054336
255.144 -19.7157 3.19362 0.197108
255.241 -19.7663 3.20123 0.0495069
255.238 -19.8473 3.19679 0.241436
255.139 -19.7291 3.19433 0.222968
255.144 -19.7157 3.19362 0.197108
255.238 -19.8473 3.19679 0.241436
255.238 -19.8473 3.19679 0.241436
255.313 -19.9649 3.19951 0.0926213
255.144 -19.7157 3.19362 0.197108
255.144 -19.7157 3.19362 0.197108
255.238 -19.8473 3.19679 0.241436
255.139 -19.7291 3.19433 0.222968
255.139 -19.7291 3.19433 0.222968
255.144 -19.7157 3.19362 0.197108
255.144 -19.7157 3.19362 0.197108
255.238 -19.8473 3.19679 0.241436
255.238 -19.8473 3.19679 0.241436
255.139 -19.7291 3.19433 0.222968
255.139 -19.7291 3.19433 0.222968
255.085 -19.6039 3.19425 0.054336
255.241 -19.7663 3.20123 0.0495069
255.238 -19.8473 3.19679 0.241436
254.865 -19.9198 3.1916 0.0257826
254.865 -19.9198 3.1916 0.0257826
255.144 -19.7157 3.19362 0.197108
255.238 -19.8473 3.19679 0.241436
255.313 -19.9649 3.19951 0.0926213
254.865 -19.9198 3.1916 0.0257826
255.085 -19.6039 3.19425 0.054336
255.241 -19.7663 3.20123 0.0495069
255.139 -19.7291 3.19433 0.222968
255.139 -19.7291 3.19433 0.222968
255.313 -19.9649 3.19951 0.0926213
255.085 -19.6039 3.19425 0.054336
255.241 -19.7663 3.20123 0.0495069
255.238 -19.8473 3.19679 0.241436
255.139 -19.7291 3.19433 0.222968
255.085 -19.6039 3.19425 0.054336
255.144 -19.7157 3.19362 0.197108
255.144 -19.7157 3.19362 0.197108
255.238 -19.8473 3.19679 0.241436
255.139 -19.7291 3.19433 0.222968
255.085 -19.6039 3.19425 0.054336
255.144 -19.7157 3.19362 0.197108
255.238 -19.8473 3.19679 0.241436
255.139 -19.7291 3.19433 0.222968
255.139 -19.7291 3.19433 0.222968
255.139 -19.7291 3.19433 0.222968
255.144 -19.7157 3.19362 0.197108
255.238 -19.8473 3.19679 0.241436
255.026 -19.5693 3.19226 0.0340035
255.144 -19.7157 3.19362 0.197108
255.241 -19.7663 3.20123 0.0495069
255.238 -19.8473 3.19679 0.241436
255.139 -19.7291 3.19433 0.222968
255.026 -19.5693 3.19226 0.0340035
255.144 -19.7157 3.19362 0.197108
255.241 -19.7663 3.20123 0.0495069
255.139 -19.7291 3.19433 0.222968
255.139 -19.7291 3.19433 0.222968
255.139 -19.7291 3.19433 0.222968
255.144 -19.7157 3.19362 0.197108
255.238 -19.8473 3.19679 0.241436
255.238 -19.8473 3.19679 0.241436
255.139 -19.7291 3.19433 0.222968
255.026 -19.5693 3.19226 0.0340035
255.241 -19.7663 3.20123 0.0495069
255.238 -19.8473 3.19679 0.241436
255.313 -19.9649 3.19951 0.0926213
255.241 -19.7663 3.20123 0.0495069
255.055 -19.7354 3.1878 0.0434811
255.139 -19.7291 3.19433 0.222968
255.139 -19.7291 3.19433 0.222968
255.313 -19.9649 3.19951 0.0926213
255.085 -19.6039 3.19425 0.054336
255.144 -19.7157 3.19362 0.197108
255.055 -19.7354 3.1878 0.0434811
255.139 -19.7291 3.19433 0.222968
255.026 -19.5693 3.19226 0.0340035
255.085 -19.6039 3.19425 0.054336
255.144 -19.7157 3.19362 0.197108
255.238 -19.8473 3.19679 0.241436
255.139 -19.7291 3.19433 0.222968
