186.089 -10.4859 3.1831 0.0314368
185.858 -10.6718 3.17667 0.320234
185.724 -10.6582 3.17072 0.0678221
185.858 -10.6718 3.17667 0.320234
185.724 -10.6582 3.17072 0.0678221
185.858 -10.6718 3.17667 0.320234
185.858 -10.6718 3.17667 0.320234
185.724 -10.6582 3.17072 0.0678221
185.858 -10.6718 3.17667 0.320234
185.979 -10.6523 3.17437 0.165941
186.021 -10.5861 3.18116 0.143183
185.858 -10.6718 3.17667 0.320234
185.724 -10.6582 3.17072 0.0678221
185.724 -10.6582 3.17072 0.0678221
186.021 -10.5861 3.18116 0.143183
185.979 -10.6523 3.17437 0.165941
185.93 -10.7184 3.17963 0.156729
185.858 -10.6718 3.17667 0.320234
185.93 -10.7184 3.17963 0.156729
186.021 -10.5861 3.18116 0.143183
185.858 -10.6718 3.17667 0.320234
185.979 -10.6523 3.17437 0.165941
185.858 -10.6718 3.17667 0.320234
185.858 -10.6718 3.17667 0.320234
185.858 -10.6718 3.17667 0.320234
185.979 -10.6523 3.17437 0.165941
186.021 -10.5861 3.18116 0.143183
185.858 -10.6718 3.17667 0.320234
186.153 -10.5689 3.19049 0.00010534
185.724 -10.6582 3.17072 0.0678221
186.021 -10.5861 3.18116 0.143183
185.858 -10.6718 3.17667 0.320234
185.724 -10.6582 3.17072 0.0678221
186.089 -10.4859 3.1831 0.0314368
185.858 -10.6718 3.17667 0.320234
185.93 -10.7184 3.17963 0.156729
185.93 -10.7184 3.17963 0.156729
185.744 -10.6445 3.18148 0.00705417
185.858 -10.6718 3.17667 0.320234
185.858 -10.6718 3.17667 0.320234
185.943 -10.6559 3.16992 0.0161623
185.858 -10.6718 3.17667 0.320234
186.021 -10.5861 3.18116 0.143183
185.858 -10.6718 3.17667 0.320234
185.979 -10.6523 3.17437 0.165941
185.979 -10.6523 3.17437 0.165941
185.93 -10.7184 3.17963 0.156729
186.021 -10.5861 3.18116 0.143183
185.858 -10.6718 3.17667 0.320234
185.93 -10.7184 3.17963 0.156729
185.93 -10.7184 3.17963 0.156729
185.858 -10.6718 3.17667 0.320234
185.858 -10.6718 3.17667 0.320234
185.979 -10.6523 3.17437 0.165941
185.93 -10.7184 3.17963 0.156729
186.021 -10.5861 3.18116 0.143183
185.858 -10.6718 3.17667 0.320234
185.724 -10.6582 3.17072 0.0678221
185.93 -10.7184 3.17963 0.156729
185.858 -10.6718 3.17667 0.320234
185.93 -10.7184 3.17963 0.156729
185.93 -10.7184 3.17963 0.156729
186.021 -10.5861 3.18116 0.143183
185.858 -10.6718 3.17667 0.320234
185.858 -10.6718 3.17667 0.320234
186.021 -10.5861 3.18116 0.143183
185.979 -10.6523 3.17437 0.165941
185.93 -10.7184 3.17963 0.156729
185.858 -10.6718 3.17667 0.320234
185.858 -10.6718 3.17667 0.320234
185.93 -10.7184 3.17963 0.156729
185.858 -10.6718 3.17667 0.320234
185.858 -10.6718 3.17667 0.320234
185.724 -10.6582 3.17072 0.0678221
185.93 -10.7184 3.17963 0.156729
185.858 -10.6718 3.17667 0.320234
185.979 -10.6523 3.17437 0.165941
185.858 -10.6718 3.17667 0.320234
185.858 -10.6718 3.17667 0.320234
185.744 -10.6445 3.18148 0.00705417
185.979 -10.6523 3.17437 0.165941
186.021 -10.5861 3.18116 0.143183
185.858 -10.6718 3.17667 0.320234
185.888 -10.5969 3.18359 0.0171611
185.93 -10.7184 3.17963 0.156729
185.93 -10.7184 3.17963 0.156729
186.021 -10.5861 3.18116 0.143183
185.858 -10.6718 3.17667 0.320234
185.979 -10.6523 3.17437 0.165941
186.021 -10.5861 3.18116 0.143183
185.858 -10.6718 3.17667 0.320234
185.724 -10.6582 3.17072 0.0678221
185.93 -10.7184 3.17963 0.156729
185.744 -10.6445 3.18148 0.00705417
185.979 -10.6523 3.17437 0.165941
186.021 -10.5861 3.18116 0.143183
186.012 -10.701 3.16956 0.0036249
186.089 -10.4859 3.1831 0.0314368
185.979 -10.6523 3.17437 0.165941
186.089 -10.4859 3.1831 0.0314368
