210.514 -11.0986 3.03533 0.148363
210.442 -10.8527 3.03177 0.0578465
210.572 -11.2821 3.03273 0.0399093
210.68 -11.1112 3.03246 0.0254509
210.348 -10.901 3.02594 0.0842724
210.424 -10.9204 3.02848 0.128582
210.424 -10.9204 3.02848 0.128582
210.489 -10.8559 3.03207 0.0462706
210.489 -10.8559 3.03207 0.0462706
210.442 -10.8527 3.03177 0.0578465
210.527 -11.0499 3.03751 0.0557729
210.348 -10.901 3.02594 0.0842724
210.348 -10.901 3.02594 0.0842724
210.422 -11.2844 3.02775 0.0624161
210.529 -10.9743 3.02806 0.0574265
210.442 -10.8527 3.03177 0.0578465
210.458 -10.9858 3.02711 0.108064
210.527 -11.0499 3.03751 0.0557729
210.41 -11.3798 3.02892 0.0189023
210.6 -11.2107 3.03711 0.0347606
210.424 -10.9204 3.02848 0.128582
210.489 -10.8559 3.03207 0.0462706
210.442 -10.8527 3.03177 0.0578465
210.572 -11.2821 3.03273 0.0399093
210.41 -11.2802 3.04074 0.00131092
210.527 -11.0499 3.03751 0.0557729
210.6 -11.2107 3.03711 0.0347606
210.424 -10.9204 3.02848 0.128582
210.514 -11.0986 3.03533 0.148363
210.514 -11.0986 3.03533 0.148363
210.442 -10.8527 3.03177 0.0578465
210.458 -10.9858 3.02711 0.108064
210.554 -11.0124 3.02788 0.0445965
210.348 -10.901 3.02594 0.0842724
210.424 -10.9204 3.02848 0.128582
210.424 -10.9204 3.02848 0.128582
210.529 -10.9743 3.02806 0.0574265
210.489 -10.8559 3.03207 0.0462706
210.458 -10.9858 3.02711 0.108064
210.544 -11.2613 3.02782 0.0196233
210.348 -10.901 3.02594 0.0842724
210.6 -11.2107 3.03711 0.0347606
210.573 -11.322 3.03196 0.0207155
210.442 -10.8527 3.03177 0.0578465
210.442 -10.8527 3.03177 0.0578465
210.572 -11.2821 3.03273 0.0399093
210.544 -11.2613 3.02782 0.0196233
210.348 -10.901 3.02594 0.0842724
210.422 -11.2844 3.02775 0.0624161
210.424 -10.9204 3.02848 0.128582
210.489 -10.8559 3.03207 0.0462706
210.514 -11.0986 3.03533 0.148363
210.514 -11.0986 3.03533 0.148363
210.458 -10.9858 3.02711 0.108064
210.624 -11.2902 3.03556 0.0179619
210.348 -10.901 3.02594 0.0842724
210.422 -11.2844 3.02775 0.0624161
210.487 -11.3708 3.03668 0.00800654
210.364 -11.2138 3.04007 0.00266735
210.514 -11.0986 3.03533 0.148363
210.458 -10.9858 3.02711 0.108064
210.624 -11.2902 3.03556 0.0179619
210.554 -11.0124 3.02788 0.0445965
210.424 -10.9204 3.02848 0.128582
210.424 -10.9204 3.02848 0.128582
210.529 -10.9743 3.02806 0.0574265
210.514 -11.0986 3.03533 0.148363
210.458 -10.9858 3.02711 0.108064
210.554 -11.0124 3.02788 0.0445965
210.422 -11.2844 3.02775 0.0624161
210.424 -10.9204 3.02848 0.128582
210.514 -11.0986 3.03533 0.148363
210.514 -11.0986 3.03533 0.148363
210.442 -10.8527 3.03177 0.0578465
210.458 -10.9858 3.02711 0.108064
210.527 -11.0499 3.03751 0.0557729
210.554 -11.0124 3.02788 0.0445965
210.424 -10.9204 3.02848 0.128582
210.489 -10.8559 3.03207 0.0462706
210.514 -11.0986 3.03533 0.148363
210.514 -11.0986 3.03533 0.148363
210.458 -10.9858 3.02711 0.108064
210.572 -11.2821 3.03273 0.0399093
210.41 -11.3798 3.02892 0.0189023
210.348 -10.901 3.02594 0.0842724
210.424 -10.9204 3.02848 0.128582
210.514 -11.0986 3.03533 0.148363
210.572 -11.2821 3.03273 0.0399093
210.554 -11.0124 3.02788 0.0445965
210.554 -11.0124 3.02788 0.0445965
210.348 -10.901 3.02594 0.0842724
210.424 -10.9204 3.02848 0.128582
210.489 -10.8559 3.03207 0.0462706
210.442 -10.8527 3.03177 0.0578465
210.458 -10.9858 3.02711 0.108064
210.458 -10.9858 3.02711 0.108064
210.68 -11.1112 3.03246 0.0254509
210.527 -11.0499 3.03751 0.0557729
210.554 -11.0124 3.02788 0.0445965
210.348 -10.901 3.02594 0.0842724
