14.6559 -91.9405 3.58339 0.00233651
15.0822 -92.0751 3.6001 0.0711354
15.0822 -92.0751 3.6001 0.0711354
15.0822 -92.0751 3.6001 0.0711354
15.3392 -92.0736 3.59972 0.0631856
15.2442 -91.9558 3.59232 0.0326533
15.2819 -92.1274 3.60075 0.0757474
15.2302 -91.9583 3.60501 0.0394951
15.2302 -91.9583 3.60501 0.0394951
14.8717 -92.1078 3.58406 0.0407967
14.8717 -92.1078 3.58406 0.0407967
15.1866 -92.3785 3.59222 0.058295
15.1611 -91.9752 3.59985 0.0669189
14.7534 -92.5196 3.58046 0.0148647
15.3198 -92.2968 3.59735 0.0465986
15.0822 -92.0751 3.6001 0.0711354
15.1058 -92.001 3.58531 0.0204239
15.3392 -92.0736 3.59972 0.0631856
15.3076 -92.0155 3.59158 0.0281399
15.2819 -92.1274 3.60075 0.0757474
14.8717 -92.1078 3.58406 0.0407967
15.0777 -92.0045 3.59524 0.079597
14.8237 -91.911 3.58683 0.0089543
15.1611 -91.9752 3.59985 0.0669189
15.3098 -92.1689 3.59252 0.0539401
15.0822 -92.0751 3.6001 0.0711354
15.3026 -91.8817 3.60694 0.0227854
15.1058 -92.001 3.58531 0.0204239
15.3392 -92.0736 3.59972 0.0631856
15.3238 -92.233 3.60255 0.0404884
15.2819 -92.1274 3.60075 0.0757474
15.2819 -92.1274 3.60075 0.0757474
15.2302 -91.9583 3.60501 0.0394951
15.0777 -92.0045 3.59524 0.079597
14.8237 -91.911 3.58683 0.0089543
14.7534 -92.5196 3.58046 0.0148647
15.1144 -92.0812 3.6072 0.0171053
15.3098 -92.1689 3.59252 0.0539401
15.3098 -92.1689 3.59252 0.0539401
15.3198 -92.2968 3.59735 0.0465986
15.0822 -92.0751 3.6001 0.0711354
14.964 -92.2964 3.59776 0.0362917
15.3238 -92.233 3.60255 0.0404884
15.2819 -92.1274 3.60075 0.0757474
15.0777 -92.0045 3.59524 0.079597
15.1866 -92.3785 3.59222 0.058295
15.1974 -91.8206 3.59227 0.0103224
15.3364 -91.8512 3.60139 0.0230984
15.1144 -92.0812 3.6072 0.0171053
15.3198 -92.2968 3.59735 0.0465986
15.3198 -92.2968 3.59735 0.0465986
14.9762 -92.3382 3.60195 0.00930829
15.0822 -92.0751 3.6001 0.0711354
15.3392 -92.0736 3.59972 0.0631856
15.3392 -92.0736 3.59972 0.0631856
15.2442 -91.9558 3.59232 0.0326533
15.2819 -92.1274 3.60075 0.0757474
14.8583 -92.05 3.57873 0.00845773
14.7396 -92.4243 3.58649 0.0197931
15.0777 -92.0045 3.59524 0.079597
15.5659 -92.3517 3.59796 0.00325192
15.3364 -91.8512 3.60139 0.0230984
15.1144 -92.0812 3.6072 0.0171053
15.3098 -92.1689 3.59252 0.0539401
15.3098 -92.1689 3.59252 0.0539401
15.3722 -91.9184 3.59268 0.00985932
14.9762 -92.3382 3.60195 0.00930829
15.0822 -92.0751 3.6001 0.0711354
15.0822 -92.0751 3.6001 0.0711354
15.1058 -92.001 3.58531 0.0204239
15.3392 -92.0736 3.59972 0.0631856
15.2819 -92.1274 3.60075 0.0757474
14.8717 -92.1078 3.58406 0.0407967
15.0777 -92.0045 3.59524 0.079597
15.1866 -92.3785 3.59222 0.058295
15.1866 -92.3785 3.59222 0.058295
15.1611 -91.9752 3.59985 0.0669189
15.3198 -92.2968 3.59735 0.0465986
15.3026 -91.8817 3.60694 0.0227854
15.1058 -92.001 3.58531 0.0204239
14.964 -92.2964 3.59776 0.0362917
15.3238 -92.233 3.60255 0.0404884
15.3076 -92.0155 3.59158 0.0281399
15.2819 -92.1274 3.60075 0.0757474
15.2819 -92.1274 3.60075 0.0757474
15.2302 -91.9583 3.60501 0.0394951
15.0777 -92.0045 3.59524 0.079597
15.1866 -92.3785 3.59222 0.058295
14.6429 -92.4728 3.58602 0.00584177
15.1611 -91.9752 3.59985 0.0669189
15.1144 -92.0812 3.6072 0.0171053
14.9762 -92.3382 3.60195 0.00930829
15.1058 -92.001 3.58531 0.0204239
15.1058 -92.001 3.58531 0.0204239
15.2442 -91.9558 3.59232 0.0326533
15.2819 -92.1274 3.60075 0.0757474
15.2819 -92.1274 3.60075 0.0757474
14.8717 -92.1078 3.58406 0.0407967
15.1866 -92.3785 3.59222 0.058295
15.1866 -92.3785 3.59222 0.058295
