-23.481 -89.2017 2.59313 0.321538
-23.481 -89.2017 2.59313 0.321538
-23.134 -89.2024 2.59194 0.0231765
-23.4066 -89.1502 2.58064 0.0179669
-23.6217 -89.1951 2.58528 0.161603
-23.6217 -89.1951 2.58528 0.161603
-23.481 -89.2017 2.59313 0.321538
-23.6217 -89.1951 2.58528 0.161603
-23.484 -89.2882 2.58504 0.128057
-23.481 -89.2017 2.59313 0.321538
-23.6217 -89.1951 2.58528 0.161603
-23.481 -89.2017 2.59313 0.321538
-23.4 -89.033 2.58866 0.139174
-23.6217 -89.1951 2.58528 0.161603
-23.4 -89.033 2.58866 0.139174
-23.6217 -89.1951 2.58528 0.161603
-23.481 -89.2017 2.59313 0.321538
-23.0277 -88.9493 2.58989 0.000224991
-23.6217 -89.1951 2.58528 0.161603
-23.6217 -89.1951 2.58528 0.161603
-23.481 -89.2017 2.59313 0.321538
-23.4 -89.033 2.58866 0.139174
-23.4 -89.033 2.58866 0.139174
-23.4066 -89.1502 2.58064 0.0179669
-23.6217 -89.1951 2.58528 0.161603
-23.3723 -89.5382 2.59549 0.0318873
-23.191 -89.0819 2.5911 0.0300567
-23.481 -89.2017 2.59313 0.321538
-23.1894 -89.3425 2.58822 0.0164276
-23.481 -89.2017 2.59313 0.321538
-23.481 -89.2017 2.59313 0.321538
-23.481 -89.2017 2.59313 0.321538
-23.1894 -89.3425 2.58822 0.0164276
-23.6217 -89.1951 2.58528 0.161603
-23.3723 -89.5382 2.59549 0.0318873
-23.1851 -89.0731 2.59554 0.0174069
-23.6217 -89.1951 2.58528 0.161603
-23.481 -89.2017 2.59313 0.321538
-23.1577 -89.188 2.58782 0.0145795
-23.484 -89.2882 2.58504 0.128057
-23.484 -89.2882 2.58504 0.128057
-23.134 -89.2024 2.59194 0.0231765
-23.6217 -89.1951 2.58528 0.161603
-23.2397 -89.4159 2.59893 0.0330013
-23.3723 -89.5382 2.59549 0.0318873
-23.2397 -89.4159 2.59893 0.0330013
-23.481 -89.2017 2.59313 0.321538
-23.481 -89.2017 2.59313 0.321538
-23.6217 -89.1951 2.58528 0.161603
-23.3723 -89.5382 2.59549 0.0318873
-23.6217 -89.1951 2.58528 0.161603
-23.484 -89.2882 2.58504 0.128057
-23.481 -89.2017 2.59313 0.321538
-23.481 -89.2017 2.59313 0.321538
-23.4 -89.033 2.58866 0.139174
-23.191 -89.0819 2.5911 0.0300567
-23.484 -89.2882 2.58504 0.128057
-23.481 -89.2017 2.59313 0.321538
-23.481 -89.2017 2.59313 0.321538
-23.4 -89.033 2.58866 0.139174
-23.6217 -89.1951 2.58528 0.161603
-23.481 -89.2017 2.59313 0.321538
-23.481 -89.2017 2.59313 0.321538
-23.481 -89.2017 2.59313 0.321538
-23.134 -89.2024 2.59194 0.0231765
-23.4 -89.033 2.58866 0.139174
-23.6217 -89.1951 2.58528 0.161603
-23.481 -89.2017 2.59313 0.321538
-23.623 -89.5368 2.60142 0.00100101
-23.0587 -89.3619 2.59852 0.00450446
-23.481 -89.2017 2.59313 0.321538
-23.4 -89.033 2.58866 0.139174
-23.6217 -89.1951 2.58528 0.161603
-23.481 -89.2017 2.59313 0.321538
-23.6217 -89.1951 2.58528 0.161603
-23.4 -89.033 2.58866 0.139174
-23.4 -89.033 2.58866 0.139174
-23.6217 -89.1951 2.58528 0.161603
-23.481 -89.2017 2.59313 0.321538
-23.4066 -89.1502 2.58064 0.0179669
-23.484 -89.2882 2.58504 0.128057
-23.481 -89.2017 2.59313 0.321538
-23.484 -89.2882 2.58504 0.128057
-23.481 -89.2017 2.59313 0.321538
-23.4 -89.033 2.58866 0.139174
-23.484 -89.2882 2.58504 0.128057
-23.484 -89.2882 2.58504 0.128057
-23.481 -89.2017 2.59313 0.321538
-23.4 -89.033 2.58866 0.139174
-23.481 -89.2017 2.59313 0.321538
-23.191 -89.0819 2.5911 0.0300567
-23.481 -89.2017 2.59313 0.321538
-23.4066 -89.1502 2.58064 0.0179669
-23.2397 -89.4159 2.59893 0.0330013
-23.0587 -89.3619 2.59852 0.00450446
-23.481 -89.2017 2.59313 0.321538
-23.4 -89.033 2.58866 0.139174
-23.484 -89.2882 2.58504 0.128057
-23.481 -89.2017 2.59313 0.321538
-23.1894 -89.3425 2.58822 0.0164276
