220.797 -11.8373 2.93514 0.219997
220.806 -11.6075 2.93427 0.221622
220.839 -11.5574 2.93992 0.164939
220.797 -11.8373 2.93514 0.219997
220.806 -11.6075 2.93427 0.221622
220.801 -11.7255 2.94278 0.0812293
220.797 -11.8373 2.93514 0.219997
220.974 -11.7404 2.94304 0.0611667
220.974 -11.7404 2.94304 0.0611667
220.806 -11.6075 2.93427 0.221622
220.806 -11.6075 2.93427 0.221622
220.784 -11.7976 2.94346 0.0306807
220.839 -11.5574 2.93992 0.164939
220.974 -11.7404 2.94304 0.0611667
220.806 -11.6075 2.93427 0.221622
220.806 -11.6075 2.93427 0.221622
220.839 -11.5574 2.93992 0.164939
220.974 -11.7404 2.94304 0.0611667
220.806 -11.6075 2.93427 0.221622
220.806 -11.6075 2.93427 0.221622
220.961 -11.6011 2.94195 0.0772091
220.961 -11.6011 2.94195 0.0772091
220.801 -11.7255 2.94278 0.0812293
220.839 -11.5574 2.93992 0.164939
220.839 -11.5574 2.93992 0.164939
220.974 -11.7404 2.94304 0.0611667
220.806 -11.6075 2.93427 0.221622
220.801 -11.7255 2.94278 0.0812293
220.797 -11.8373 2.93514 0.219997
220.806 -11.6075 2.93427 0.221622
220.961 -11.6011 2.94195 0.0772091
220.797 -11.8373 2.93514 0.219997
220.797 -11.8373 2.93514 0.219997
220.806 -11.6075 2.93427 0.221622
220.961 -11.6011 2.94195 0.0772091
220.797 -11.8373 2.93514 0.219997
220.797 -11.8373 2.93514 0.219997
220.797 -11.8373 2.93514 0.219997
220.806 -11.6075 2.93427 0.221622
220.588 -12.0474 2.93583 0.00190085
221.095 -11.7556 2.94036 0.0207386
220.839 -11.5574 2.93992 0.164939
220.797 -11.8373 2.93514 0.219997
220.806 -11.6075 2.93427 0.221622
220.839 -11.5574 2.93992 0.164939
220.839 -11.5574 2.93992 0.164939
220.797 -11.8373 2.93514 0.219997
220.974 -11.7404 2.94304 0.0611667
220.806 -11.6075 2.93427 0.221622
220.801 -11.7255 2.94278 0.0812293
220.801 -11.7255 2.94278 0.0812293
220.797 -11.8373 2.93514 0.219997
220.797 -11.8373 2.93514 0.219997
220.806 -11.6075 2.93427 0.221622
220.828 -11.746 2.92991 0.0128296
220.797 -11.8373 2.93514 0.219997
220.797 -11.8373 2.93514 0.219997
220.806 -11.6075 2.93427 0.221622
220.806 -11.6075 2.93427 0.221622
220.801 -11.7255 2.94278 0.0812293
220.797 -11.8373 2.93514 0.219997
220.974 -11.7404 2.94304 0.0611667
220.806 -11.6075 2.93427 0.221622
220.801 -11.7255 2.94278 0.0812293
220.797 -11.8373 2.93514 0.219997
220.806 -11.6075 2.93427 0.221622
220.801 -11.7255 2.94278 0.0812293
220.797 -11.8373 2.93514 0.219997
220.797 -11.8373 2.93514 0.219997
220.797 -11.8373 2.93514 0.219997
220.784 -11.7976 2.94346 0.0306807
220.797 -11.8373 2.93514 0.219997
220.974 -11.7404 2.94304 0.0611667
220.806 -11.6075 2.93427 0.221622
220.961 -11.6011 2.94195 0.0772091
221.095 -11.7556 2.94036 0.0207386
220.801 -11.7255 2.94278 0.0812293
220.797 -11.8373 2.93514 0.219997
220.784 -11.7976 2.94346 0.0306807
220.961 -11.6011 2.94195 0.0772091
220.961 -11.6011 2.94195 0.0772091
220.797 -11.8373 2.93514 0.219997
220.806 -11.6075 2.93427 0.221622
220.806 -11.6075 2.93427 0.221622
220.961 -11.6011 2.94195 0.0772091
220.839 -11.5574 2.93992 0.164939
220.839 -11.5574 2.93992 0.164939
220.797 -11.8373 2.93514 0.219997
220.806 -11.6075 2.93427 0.221622
220.806 -11.6075 2.93427 0.221622
220.839 -11.5574 2.93992 0.164939
220.797 -11.8373 2.93514 0.219997
220.974 -11.7404 2.94304 0.0611667
220.974 -11.7404 2.94304 0.0611667
220.534 -12.0939 2.93471 0.000256716
220.806 -11.6075 2.93427 0.221622
220.961 -11.6011 2.94195 0.0772091
220.797 -11.8373 2.93514 0.219997
220.797 -11.8373 2.93514 0.219997
220.806 -11.6075 2.93427 0.221622
