271.424 23.7271 5.68765 0.172699
271.243 23.8321 5.68805 0.240138
271.466 23.7278 5.68085 0.140185
271.191 23.8948 5.68578 0.0986828
271.424 23.7271 5.68765 0.172699
271.243 23.8321 5.68805 0.240138
271.318 23.7826 5.66967 0.000682475
271.466 23.7278 5.68085 0.140185
271.424 23.7271 5.68765 0.172699
271.508 23.7858 5.68359 0.162728
271.508 23.7858 5.68359 0.162728
271.567 23.863 5.67346 0.00692808
271.466 23.7278 5.68085 0.140185
271.293 23.7195 5.69295 0.0624416
271.293 23.7195 5.69295 0.0624416
271.293 23.7195 5.69295 0.0624416
271.508 23.7858 5.68359 0.162728
271.243 23.8321 5.68805 0.240138
271.412 24.098 5.67609 0.000985252
271.424 23.7271 5.68765 0.172699
271.424 23.7271 5.68765 0.172699
271.508 23.7858 5.68359 0.162728
271.243 23.8321 5.68805 0.240138
271.424 23.7271 5.68765 0.172699
271.243 23.8321 5.68805 0.240138
271.466 23.7278 5.68085 0.140185
271.293 23.7195 5.69295 0.0624416
271.424 23.7271 5.68765 0.172699
271.243 23.8321 5.68805 0.240138
271.191 23.8948 5.68578 0.0986828
271.227 23.8602 5.67861 0.027164
271.227 23.8602 5.67861 0.027164
271.243 23.8321 5.68805 0.240138
271.466 23.7278 5.68085 0.140185
271.466 23.7278 5.68085 0.140185
271.293 23.7195 5.69295 0.0624416
271.136 23.7044 5.67733 0.00172878
271.243 23.8321 5.68805 0.240138
271.394 23.751 5.69875 0.00385377
271.191 23.8948 5.68578 0.0986828
271.508 23.7858 5.68359 0.162728
271.567 23.863 5.67346 0.00692808
271.424 23.7271 5.68765 0.172699
271.243 23.8321 5.68805 0.240138
271.394 23.751 5.69875 0.00385377
271.191 23.8948 5.68578 0.0986828
271.508 23.7858 5.68359 0.162728
271.508 23.7858 5.68359 0.162728
271.466 23.7278 5.68085 0.140185
271.424 23.7271 5.68765 0.172699
271.243 23.8321 5.68805 0.240138
271.466 23.7278 5.68085 0.140185
271.293 23.7195 5.69295 0.0624416
271.508 23.7858 5.68359 0.162728
271.508 23.7858 5.68359 0.162728
271.314 24.0405 5.69437 0.0294756
271.191 23.8948 5.68578 0.0986828
271.424 23.7271 5.68765 0.172699
271.243 23.8321 5.68805 0.240138
271.243 23.8321 5.68805 0.240138
271.466 23.7278 5.68085 0.140185
271.293 23.7195 5.69295 0.0624416
271.243 23.8321 5.68805 0.240138
271.243 23.8321 5.68805 0.240138
271.466 23.7278 5.68085 0.140185
271.508 23.7858 5.68359 0.162728
271.508 23.7858 5.68359 0.162728
271.508 23.7858 5.68359 0.162728
271.243 23.8321 5.68805 0.240138
271.567 23.863 5.67346 0.00692808
271.466 23.7278 5.68085 0.140185
271.424 23.7271 5.68765 0.172699
271.424 23.7271 5.68765 0.172699
271.243 23.8321 5.68805 0.240138
271.243 23.8321 5.68805 0.240138
271.191 23.8948 5.68578 0.0986828
271.424 23.7271 5.68765 0.172699
271.227 23.8602 5.67861 0.027164
271.243 23.8321 5.68805 0.240138
271.314 24.0405 5.69437 0.0294756
271.466 23.7278 5.68085 0.140185
271.227 23.8602 5.67861 0.027164
271.243 23.8321 5.68805 0.240138
271.243 23.8321 5.68805 0.240138
271.466 23.7278 5.68085 0.140185
271.424 23.7271 5.68765 0.172699
271.424 23.7271 5.68765 0.172699
271.243 23.8321 5.68805 0.240138
271.243 23.8321 5.68805 0.240138
271.424 23.7271 5.68765 0.172699
271.508 23.7858 5.68359 0.162728
271.191 23.8948 5.68578 0.0986828
271.191 23.8948 5.68578 0.0986828
271.227 23.8602 5.67861 0.027164
271.243 23.8321 5.68805 0.240138
271.466 23.7278 5.68085 0.140185
271.424 23.7271 5.68765 0.172699
271.508 23.7858 5.68359 0.162728
271.508 23.7858 5.68359 0.162728
271.243 23.8321 5.68805 0.240138
