151.893 -14.7147 3.33412 0.0677896
151.952 -14.677 3.32928 0.199576
151.952 -14.677 3.32928 0.199576
151.964 -14.7589 3.33451 0.0951323
152.064 -14.8787 3.33379 0.0615203
151.995 -14.6674 3.33277 0.130389
151.893 -14.7147 3.33412 0.0677896
151.952 -14.677 3.32928 0.199576
152.064 -14.8787 3.33379 0.0615203
151.995 -14.6674 3.33277 0.130389
152.009 -14.8247 3.33395 0.104851
151.952 -14.677 3.32928 0.199576
151.952 -14.677 3.32928 0.199576
151.534 -14.5569 3.32321 0.0104563
151.872 -14.7252 3.33283 0.110672
151.995 -14.6674 3.33277 0.130389
151.952 -14.677 3.32928 0.199576
151.964 -14.7589 3.33451 0.0951323
151.872 -14.7252 3.33283 0.110672
151.893 -14.7147 3.33412 0.0677896
151.952 -14.677 3.32928 0.199576
151.804 -14.7427 3.32453 0.0939375
151.995 -14.6674 3.33277 0.130389
151.952 -14.677 3.32928 0.199576
151.952 -14.677 3.32928 0.199576
151.804 -14.7427 3.32453 0.0939375
151.872 -14.7252 3.33283 0.110672
152.143 -14.5231 3.33202 0.00785141
152.009 -14.8247 3.33395 0.104851
151.952 -14.677 3.32928 0.199576
151.964 -14.7589 3.33451 0.0951323
151.534 -14.5569 3.32321 0.0104563
151.893 -14.7147 3.33412 0.0677896
152.009 -14.8247 3.33395 0.104851
151.886 -14.7847 3.32441 0.0392855
151.872 -14.7252 3.33283 0.110672
152.009 -14.8247 3.33395 0.104851
152.01 -14.8941 3.32951 0.0425127
151.886 -14.7847 3.32441 0.0392855
151.886 -14.7847 3.32441 0.0392855
151.804 -14.7427 3.32453 0.0939375
151.872 -14.7252 3.33283 0.110672
151.995 -14.6674 3.33277 0.130389
151.995 -14.6674 3.33277 0.130389
152.009 -14.8247 3.33395 0.104851
151.964 -14.7589 3.33451 0.0951323
152.064 -14.8787 3.33379 0.0615203
151.995 -14.6674 3.33277 0.130389
151.952 -14.677 3.32928 0.199576
151.886 -14.7847 3.32441 0.0392855
151.872 -14.7252 3.33283 0.110672
152.01 -14.8941 3.32951 0.0425127
151.964 -14.7589 3.33451 0.0951323
151.872 -14.7252 3.33283 0.110672
151.995 -14.6674 3.33277 0.130389
151.952 -14.677 3.32928 0.199576
151.952 -14.677 3.32928 0.199576
151.964 -14.7589 3.33451 0.0951323
151.995 -14.6674 3.33277 0.130389
151.893 -14.7147 3.33412 0.0677896
152.009 -14.8247 3.33395 0.104851
151.952 -14.677 3.32928 0.199576
152.064 -14.8787 3.33379 0.0615203
151.995 -14.6674 3.33277 0.130389
151.952 -14.677 3.32928 0.199576
151.964 -14.7589 3.33451 0.0951323
151.872 -14.7252 3.33283 0.110672
151.995 -14.6674 3.33277 0.130389
151.893 -14.7147 3.33412 0.0677896
151.886 -14.7847 3.32441 0.0392855
151.964 -14.7589 3.33451 0.0951323
152.064 -14.8787 3.33379 0.0615203
151.893 -14.7147 3.33412 0.0677896
152.009 -14.8247 3.33395 0.104851
152.01 -14.8941 3.32951 0.0425127
151.964 -14.7589 3.33451 0.0951323
151.872 -14.7252 3.33283 0.110672
151.675 -14.4252 3.32744 0.00436766
151.952 -14.677 3.32928 0.199576
151.964 -14.7589 3.33451 0.0951323
151.995 -14.6674 3.33277 0.130389
151.952 -14.677 3.32928 0.199576
151.964 -14.7589 3.33451 0.0951323
151.804 -14.7427 3.32453 0.0939375
151.995 -14.6674 3.33277 0.130389
151.995 -14.6674 3.33277 0.130389
151.893 -14.7147 3.33412 0.0677896
152.009 -14.8247 3.33395 0.104851
151.952 -14.677 3.32928 0.199576
151.886 -14.7847 3.32441 0.0392855
151.964 -14.7589 3.33451 0.0951323
151.872 -14.7252 3.33283 0.110672
151.872 -14.7252 3.33283 0.110672
151.872 -14.7252 3.33283 0.110672
151.893 -14.7147 3.33412 0.0677896
151.893 -14.7147 3.33412 0.0677896
151.952 -14.677 3.32928 0.199576
151.952 -14.677 3.32928 0.199576
151.804 -14.7427 3.32453 0.0939375
151.804 -14.7427 3.32453 0.0939375
