255.972 28.9906 6.27527 0.269558
255.768 28.7962 6.28572 0.0674207
255.768 28.7962 6.28572 0.0674207
255.768 28.7962 6.28572 0.0674207
256.334 28.7107 6.28829 0.351832
256.241 29.1751 6.27225 0.171259
256.334 28.7107 6.28829 0.351832
256.105 28.8636 6.26566 0.00632012
255.972 28.9906 6.27527 0.269558
255.972 28.9906 6.27527 0.269558
256.334 28.7107 6.28829 0.351832
256.241 29.1751 6.27225 0.171259
256.334 28.7107 6.28829 0.351832
256.334 28.7107 6.28829 0.351832
256.241 29.1751 6.27225 0.171259
255.972 28.9906 6.27527 0.269558
256.334 28.7107 6.28829 0.351832
256.241 29.1751 6.27225 0.171259
256.334 28.7107 6.28829 0.351832
256.241 29.1751 6.27225 0.171259
255.972 28.9906 6.27527 0.269558
256.334 28.7107 6.28829 0.351832
255.972 28.9906 6.27527 0.269558
255.768 28.7962 6.28572 0.0674207
256.241 29.1751 6.27225 0.171259
256.334 28.7107 6.28829 0.351832
255.785 28.9965 6.28818 0.00685648
256.334 28.7107 6.28829 0.351832
256.241 29.1751 6.27225 0.171259
256.241 29.1751 6.27225 0.171259
256.334 28.7107 6.28829 0.351832
256.334 28.7107 6.28829 0.351832
256.241 29.1751 6.27225 0.171259
256.241 29.1751 6.27225 0.171259
256.334 28.7107 6.28829 0.351832
256.334 28.7107 6.28829 0.351832
255.972 28.9906 6.27527 0.269558
256.334 28.7107 6.28829 0.351832
256.241 29.1751 6.27225 0.171259
256.334 28.7107 6.28829 0.351832
256.241 29.1751 6.27225 0.171259
255.972 28.9906 6.27527 0.269558
256.334 28.7107 6.28829 0.351832
256.334 28.7107 6.28829 0.351832
256.334 28.7107 6.28829 0.351832
256.241 29.1751 6.27225 0.171259
255.972 28.9906 6.27527 0.269558
256.334 28.7107 6.28829 0.351832
256.334 28.7107 6.28829 0.351832
255.785 28.9965 6.28818 0.00685648
255.972 28.9906 6.27527 0.269558
255.972 28.9906 6.27527 0.269558
256.334 28.7107 6.28829 0.351832
255.978 29.0572 6.27291 0.0507026
256.334 28.7107 6.28829 0.351832
255.978 29.0572 6.27291 0.0507026
255.972 28.9906 6.27527 0.269558
255.972 28.9906 6.27527 0.269558
256.334 28.7107 6.28829 0.351832
255.768 28.7962 6.28572 0.0674207
256.009 29.0347 6.26997 0.027302
256.334 28.7107 6.28829 0.351832
256.334 28.7107 6.28829 0.351832
256.241 29.1751 6.27225 0.171259
255.972 28.9906 6.27527 0.269558
255.768 28.7962 6.28572 0.0674207
256.334 28.7107 6.28829 0.351832
256.334 28.7107 6.28829 0.351832
255.972 28.9906 6.27527 0.269558
255.768 28.7962 6.28572 0.0674207
255.978 29.0572 6.27291 0.0507026
255.972 28.9906 6.27527 0.269558
255.978 29.0572 6.27291 0.0507026
256.241 29.1751 6.27225 0.171259
256.334 28.7107 6.28829 0.351832
256.241 29.1751 6.27225 0.171259
256.34 29.2827 6.26939 0.00657623
256.334 28.7107 6.28829 0.351832
256.009 29.0347 6.26997 0.027302
256.241 29.1751 6.27225 0.171259
255.972 28.9906 6.27527 0.269558
256.334 28.7107 6.28829 0.351832
256.241 29.1751 6.27225 0.171259
255.972 28.9906 6.27527 0.269558
256.334 28.7107 6.28829 0.351832
255.972 28.9906 6.27527 0.269558
256.334 28.7107 6.28829 0.351832
255.972 28.9906 6.27527 0.269558
256.334 28.7107 6.28829 0.351832
256.241 29.1751 6.27225 0.171259
256.334 28.7107 6.28829 0.351832
255.768 28.7962 6.28572 0.0674207
255.972 28.9906 6.27527 0.269558
256.334 28.7107 6.28829 0.351832
256.009 29.0347 6.26997 0.027302
256.334 28.7107 6.28829 0.351832
255.978 29.0572 6.27291 0.0507026
255.972 28.9906 6.27527 0.269558
255.972 28.9906 6.27527 0.269558
256.334 28.7107 6.28829 0.351832
