49.8161 13.2324 0.132138 0.0531976
49.9907 13.2136 0.131316 0.1981
49.9907 13.2136 0.131316 0.1981
50.1429 13.3709 0.12972 0.061932
49.8473 13.1673 0.133811 0.0744193
50.0252 13.181 0.138817 0.034345
49.9907 13.2136 0.131316 0.1981
49.8741 13.3305 0.13005 0.0418051
49.9817 13.0776 0.135814 0.0302287
50.0252 13.181 0.138817 0.034345
49.9907 13.2136 0.131316 0.1981
49.8741 13.3305 0.13005 0.0418051
49.8473 13.1673 0.133811 0.0744193
50.0252 13.181 0.138817 0.034345
49.9907 13.2136 0.131316 0.1981
50.0352 13.1163 0.132005 0.0977299
50.0352 13.1163 0.132005 0.0977299
49.7677 13.0634 0.13323 0.00500858
50.0865 13.1783 0.132038 0.154774
49.8826 13.3085 0.14098 0.0658752
49.8161 13.2324 0.132138 0.0531976
50.0705 13.5471 0.133123 0.0207397
49.9306 13.4862 0.130992 0.0217259
50.096 13.0397 0.130583 0.0261862
50.2898 13.3867 0.125414 0.00141061
49.8161 13.2324 0.132138 0.0531976
49.9907 13.2136 0.131316 0.1981
49.8741 13.3305 0.13005 0.0418051
50.0865 13.1783 0.132038 0.154774
49.7163 13.1818 0.14078 0.00565908
49.9907 13.2136 0.131316 0.1981
50.1429 13.3709 0.12972 0.061932
50.0352 13.1163 0.132005 0.0977299
49.8911 13.1438 0.129495 0.0325722
50.0865 13.1783 0.132038 0.154774
50.0252 13.181 0.138817 0.034345
49.9907 13.2136 0.131316 0.1981
50.0352 13.1163 0.132005 0.0977299
50.0865 13.1783 0.132038 0.154774
50.0252 13.181 0.138817 0.034345
49.9907 13.2136 0.131316 0.1981
50.0352 13.1163 0.132005 0.0977299
49.8473 13.1673 0.133811 0.0744193
50.0865 13.1783 0.132038 0.154774
50.0252 13.181 0.138817 0.034345
50.1429 13.3709 0.12972 0.061932
49.8473 13.1673 0.133811 0.0744193
50.0865 13.1783 0.132038 0.154774
49.8826 13.3085 0.14098 0.0658752
50.1716 13.5367 0.127943 0.00130537
50.0352 13.1163 0.132005 0.0977299
49.9446 13.041 0.13319 0.0242716
49.8473 13.1673 0.133811 0.0744193
49.9817 13.0776 0.135814 0.0302287
50.0865 13.1783 0.132038 0.154774
49.9907 13.2136 0.131316 0.1981
50.0352 13.1163 0.132005 0.0977299
49.8607 13.3251 0.128068 0.00922335
49.8911 13.1438 0.129495 0.0325722
50.0865 13.1783 0.132038 0.154774
49.9907 13.2136 0.131316 0.1981
50.0352 13.1163 0.132005 0.0977299
50.0865 13.1783 0.132038 0.154774
50.0865 13.1783 0.132038 0.154774
49.9907 13.2136 0.131316 0.1981
50.0352 13.1163 0.132005 0.0977299
49.8741 13.3305 0.13005 0.0418051
50.0865 13.1783 0.132038 0.154774
50.0252 13.181 0.138817 0.034345
50.0705 13.5471 0.133123 0.0207397
49.9306 13.4862 0.130992 0.0217259
49.9446 13.041 0.13319 0.0242716
49.8826 13.3085 0.14098 0.0658752
49.8826 13.3085 0.14098 0.0658752
49.8161 13.2324 0.132138 0.0531976
49.9907 13.2136 0.131316 0.1981
50.0352 13.1163 0.132005 0.0977299
49.9446 13.041 0.13319 0.0242716
50.0865 13.1783 0.132038 0.154774
50.0865 13.1783 0.132038 0.154774
49.9907 13.2136 0.131316 0.1981
49.8741 13.3305 0.13005 0.0418051
50.0865 13.1783 0.132038 0.154774
49.9907 13.2136 0.131316 0.1981
50.1429 13.3709 0.12972 0.061932
49.8473 13.1673 0.133811 0.0744193
49.8473 13.1673 0.133811 0.0744193
49.9817 13.0776 0.135814 0.0302287
49.8161 13.2324 0.132138 0.0531976
49.9907 13.2136 0.131316 0.1981
50.0352 13.1163 0.132005 0.0977299
50.0352 13.1163 0.132005 0.0977299
49.9817 13.0776 0.135814 0.0302287
50.0865 13.1783 0.132038 0.154774
49.9907 13.2136 0.131316 0.1981
49.9907 13.2136 0.131316 0.1981
49.9907 13.2136 0.131316 0.1981
49.9907 13.2136 0.131316 0.1981
49.8911 13.1438 0.129495 0.0325722
50.0865 13.1783 0.132038 0.154774
