262.926 27.6418 6.01469 0.0891906
263.212 27.8405 6.01131 0.104285
262.992 27.6805 6.02115 0.200939
262.725 27.9206 6.0189 0.0133961
262.926 27.6418 6.01469 0.0891906
263.157 27.6703 6.01493 0.0894616
262.992 27.6805 6.02115 0.200939
263.127 28.0279 6.00875 0.0280113
262.926 27.6418 6.01469 0.0891906
263.212 27.8405 6.01131 0.104285
263.212 27.8405 6.01131 0.104285
262.992 27.6805 6.02115 0.200939
262.999 28.0258 6.01292 0.0551023
262.926 27.6418 6.01469 0.0891906
262.809 27.7709 6.0142 0.0512814
262.992 27.6805 6.02115 0.200939
262.725 27.9206 6.0189 0.0133961
263.203 27.6859 6.01754 0.0397999
262.959 27.7368 6.02561 0.0885555
262.926 27.6418 6.01469 0.0891906
262.809 27.7709 6.0142 0.0512814
263.212 27.8405 6.01131 0.104285
263.302 27.9044 6.00317 0.00455293
262.992 27.6805 6.02115 0.200939
262.894 28.0115 6.02034 0.0345544
262.725 27.9206 6.0189 0.0133961
262.959 27.7368 6.02561 0.0885555
262.926 27.6418 6.01469 0.0891906
262.992 27.6805 6.02115 0.200939
262.894 28.0115 6.02034 0.0345544
263.203 27.6859 6.01754 0.0397999
262.959 27.7368 6.02561 0.0885555
262.959 27.7368 6.02561 0.0885555
262.815 28.0263 6.0239 0.00607433
263.212 27.8405 6.01131 0.104285
263.302 27.9044 6.00317 0.00455293
262.992 27.6805 6.02115 0.200939
262.999 28.0258 6.01292 0.0551023
263.212 27.7507 6.01795 0.0484534
262.959 27.7368 6.02561 0.0885555
262.959 27.7368 6.02561 0.0885555
263.157 27.6703 6.01493 0.0894616
262.809 27.7709 6.0142 0.0512814
262.992 27.6805 6.02115 0.200939
262.894 28.0115 6.02034 0.0345544
262.959 27.7368 6.02561 0.0885555
263.157 27.6703 6.01493 0.0894616
263.157 27.6703 6.01493 0.0894616
262.809 27.7709 6.0142 0.0512814
262.992 27.6805 6.02115 0.200939
262.992 27.6805 6.02115 0.200939
262.992 27.6805 6.02115 0.200939
263.153 27.6733 6.00473 0.00733193
263.157 27.6703 6.01493 0.0894616
262.992 27.6805 6.02115 0.200939
262.999 28.0258 6.01292 0.0551023
262.765 27.833 6.01247 0.0108459
263.276 27.6001 6.01125 0.003817
262.992 27.6805 6.02115 0.200939
262.725 27.9206 6.0189 0.0133961
263.242 27.7076 6.00519 0.00853919
263.212 27.7507 6.01795 0.0484534
262.959 27.7368 6.02561 0.0885555
262.926 27.6418 6.01469 0.0891906
263.157 27.6703 6.01493 0.0894616
263.157 27.6703 6.01493 0.0894616
262.992 27.6805 6.02115 0.200939
262.992 27.6805 6.02115 0.200939
262.988 27.7177 6.00458 0.00518956
262.999 28.0258 6.01292 0.0551023
263.203 27.6859 6.01754 0.0397999
262.926 27.6418 6.01469 0.0891906
263.212 27.8405 6.01131 0.104285
262.894 28.0115 6.02034 0.0345544
262.959 27.7368 6.02561 0.0885555
263.212 27.8405 6.01131 0.104285
262.992 27.6805 6.02115 0.200939
262.992 27.6805 6.02115 0.200939
262.999 28.0258 6.01292 0.0551023
263.212 27.7507 6.01795 0.0484534
262.959 27.7368 6.02561 0.0885555
262.926 27.6418 6.01469 0.0891906
263.032 27.5831 6.00854 0.00697761
263.212 27.8405 6.01131 0.104285
262.992 27.6805 6.02115 0.200939
263.242 27.7076 6.00519 0.00853919
263.127 28.0279 6.00875 0.0280113
262.926 27.6418 6.01469 0.0891906
263.157 27.6703 6.01493 0.0894616
262.992 27.6805 6.02115 0.200939
263.276 27.9549 6.01133 0.0177722
262.713 27.9648 6.02133 0.0061684
262.765 27.833 6.01247 0.0108459
262.809 27.7709 6.0142 0.0512814
262.992 27.6805 6.02115 0.200939
262.999 28.0258 6.01292 0.0551023
262.926 27.6418 6.01469 0.0891906
263.212 27.8405 6.01131 0.104285
262.992 27.6805 6.02115 0.200939
263.212 27.7507 6.01795 0.0484534
