-21.9845 -89.6479 2.63197 0.0676269
-21.732 -89.8602 2.63553 0.0636696
-22.0912 -89.7158 2.62717 0.0261924
-21.9626 -89.7801 2.63315 0.117888
-22.0561 -89.9168 2.63867 0.0197653
-21.9936 -89.9222 2.638 0.0421065
-21.993 -89.896 2.63599 0.0675174
-21.8421 -89.7892 2.6314 0.0878725
-21.732 -89.8602 2.63553 0.0636696
-21.8144 -89.9015 2.63086 0.0395535
-21.8144 -89.9015 2.63086 0.0395535
-21.8352 -89.5612 2.63828 0.0128137
-21.7815 -89.9137 2.63164 0.0357276
-21.9626 -89.7801 2.63315 0.117888
-22.0666 -89.9452 2.6261 0.00533978
-21.9294 -89.9651 2.6395 0.0344717
-21.9845 -89.6479 2.63197 0.0676269
-21.8144 -89.9015 2.63086 0.0395535
-21.7866 -89.7362 2.63378 0.0860971
-22.1594 -89.763 2.62985 0.0224206
-21.9936 -89.9222 2.638 0.0421065
-21.9324 -90.0193 2.63439 0.0305975
-22.1241 -89.7932 2.62498 0.00862781
-21.993 -89.896 2.63599 0.0675174
-21.9845 -89.6479 2.63197 0.0676269
-21.7578 -89.3186 2.63582 0.000118288
-21.7866 -89.7362 2.63378 0.0860971
-22.0742 -89.5544 2.63327 0.013689
-21.9015 -89.4398 2.63249 0.0052542
-21.9626 -89.7801 2.63315 0.117888
-21.9936 -89.9222 2.638 0.0421065
-21.9324 -90.0193 2.63439 0.0305975
-21.8362 -89.8234 2.64096 0.0446767
-21.993 -89.896 2.63599 0.0675174
-21.9845 -89.6479 2.63197 0.0676269
-21.8144 -89.9015 2.63086 0.0395535
-21.7866 -89.7362 2.63378 0.0860971
-22.0245 -89.9629 2.62589 0.0044101
-21.9626 -89.7801 2.63315 0.117888
-21.9324 -90.0193 2.63439 0.0305975
-21.9294 -89.9651 2.6395 0.0344717
-21.9845 -89.6479 2.63197 0.0676269
-21.9845 -89.6479 2.63197 0.0676269
-21.732 -89.8602 2.63553 0.0636696
-21.8144 -89.9015 2.63086 0.0395535
-21.7292 -90.0558 2.63782 0.0141089
-21.9626 -89.7801 2.63315 0.117888
-21.9626 -89.7801 2.63315 0.117888
-21.9936 -89.9222 2.638 0.0421065
-21.8362 -89.8234 2.64096 0.0446767
-21.8421 -89.7892 2.6314 0.0878725
-21.732 -89.8602 2.63553 0.0636696
-21.7866 -89.7362 2.63378 0.0860971
-21.7292 -90.0558 2.63782 0.0141089
-22.0561 -89.9168 2.63867 0.0197653
-21.8362 -89.8234 2.64096 0.0446767
-21.9845 -89.6479 2.63197 0.0676269
-21.732 -89.8602 2.63553 0.0636696
-21.7866 -89.7362 2.63378 0.0860971
-21.9626 -89.7801 2.63315 0.117888
-21.9936 -89.9222 2.638 0.0421065
-21.9631 -89.6624 2.64061 0.0115289
-21.993 -89.896 2.63599 0.0675174
-21.6154 -89.8587 2.63899 0.0186797
-21.8421 -89.7892 2.6314 0.0878725
-21.8144 -89.9015 2.63086 0.0395535
-21.6653 -89.8754 2.64667 0.00264661
-22.0561 -89.9168 2.63867 0.0197653
-21.8362 -89.8234 2.64096 0.0446767
-21.9845 -89.6479 2.63197 0.0676269
-21.732 -89.8602 2.63553 0.0636696
-21.7941 -89.5287 2.63079 0.0127973
-21.7941 -89.5287 2.63079 0.0127973
-21.7866 -89.7362 2.63378 0.0860971
-22.1594 -89.763 2.62985 0.0224206
-21.9626 -89.7801 2.63315 0.117888
-21.9626 -89.7801 2.63315 0.117888
-21.9324 -90.0193 2.63439 0.0305975
-21.993 -89.896 2.63599 0.0675174
-21.993 -89.896 2.63599 0.0675174
-21.8421 -89.7892 2.6314 0.0878725
-21.8421 -89.7892 2.6314 0.0878725
-21.7866 -89.7362 2.63378 0.0860971
-21.7866 -89.7362 2.63378 0.0860971
-21.9626 -89.7801 2.63315 0.117888
-21.9936 -89.9222 2.638 0.0421065
-21.8362 -89.8234 2.64096 0.0446767
-21.6154 -89.8587 2.63899 0.0186797
-21.732 -89.8602 2.63553 0.0636696
-21.7866 -89.7362 2.63378 0.0860971
-21.7815 -89.9137 2.63164 0.0357276
-21.9626 -89.7801 2.63315 0.117888
-21.9936 -89.9222 2.638 0.0421065
-21.9294 -89.9651 2.6395 0.0344717
-21.993 -89.896 2.63599 0.0675174
-21.9845 -89.6479 2.63197 0.0676269
-21.7941 -89.5287 2.63079 0.0127973
-21.7866 -89.7362 2.63378 0.0860971
-21.7815 -89.9137 2.63164 0.0357276
-21.9626 -89.7801 2.63315 0.117888
