166.722 22.7468 0.0775989 0.0420663
166.778 22.853 0.0693474 0.253794
166.764 22.9455 0.0739491 0.217815
166.802 22.7824 0.0679176 0.113008
166.741 23.0638 0.0713071 0.07256
166.532 22.8938 0.0718789 0.0665396
166.778 22.853 0.0693474 0.253794
166.764 22.9455 0.0739491 0.217815
166.741 23.0638 0.0713071 0.07256
166.741 23.0638 0.0713071 0.07256
166.764 22.9455 0.0739491 0.217815
166.507 22.7903 0.0728577 0.0371708
166.802 22.7824 0.0679176 0.113008
166.802 22.7824 0.0679176 0.113008
166.479 22.8053 0.0781327 0.0137227
166.778 22.853 0.0693474 0.253794
166.778 22.853 0.0693474 0.253794
166.778 22.853 0.0693474 0.253794
166.764 22.9455 0.0739491 0.217815
166.627 22.9289 0.0677121 0.055102
166.778 22.853 0.0693474 0.253794
166.764 22.9455 0.0739491 0.217815
166.507 22.7903 0.0728577 0.0371708
166.627 22.9289 0.0677121 0.055102
166.532 22.8938 0.0718789 0.0665396
166.532 22.8938 0.0718789 0.0665396
166.764 22.9455 0.0739491 0.217815
166.764 22.9455 0.0739491 0.217815
166.532 22.8938 0.0718789 0.0665396
166.778 22.853 0.0693474 0.253794
166.764 22.9455 0.0739491 0.217815
166.802 22.7824 0.0679176 0.113008
166.791 23.0675 0.0645716 0.00583999
166.778 22.853 0.0693474 0.253794
166.764 22.9455 0.0739491 0.217815
166.741 23.0638 0.0713071 0.07256
166.778 22.853 0.0693474 0.253794
166.778 22.853 0.0693474 0.253794
166.778 22.853 0.0693474 0.253794
166.507 22.7903 0.0728577 0.0371708
166.532 22.8938 0.0718789 0.0665396
166.778 22.853 0.0693474 0.253794
166.778 22.853 0.0693474 0.253794
166.764 22.9455 0.0739491 0.217815
166.64 22.6497 0.0644433 0.000905081
166.778 22.853 0.0693474 0.253794
166.778 22.853 0.0693474 0.253794
166.764 22.9455 0.0739491 0.217815
166.764 22.9455 0.0739491 0.217815
166.479 22.8053 0.0781327 0.0137227
166.778 22.853 0.0693474 0.253794
166.764 22.9455 0.0739491 0.217815
166.722 22.7468 0.0775989 0.0420663
166.778 22.853 0.0693474 0.253794
166.627 22.9289 0.0677121 0.055102
166.479 22.8053 0.0781327 0.0137227
166.615 22.6121 0.0661384 0.000985459
166.741 23.0638 0.0713071 0.07256
166.778 22.853 0.0693474 0.253794
166.627 22.9289 0.0677121 0.055102
166.712 22.9472 0.0645448 0.0164837
166.778 22.853 0.0693474 0.253794
166.764 22.9455 0.0739491 0.217815
166.627 22.9289 0.0677121 0.055102
166.532 22.8938 0.0718789 0.0665396
166.778 22.853 0.0693474 0.253794
166.802 22.7824 0.0679176 0.113008
166.799 23.0643 0.0660885 0.0151979
166.764 22.9455 0.0739491 0.217815
166.722 22.7468 0.0775989 0.0420663
166.741 23.0638 0.0713071 0.07256
166.778 22.853 0.0693474 0.253794
166.764 22.9455 0.0739491 0.217815
166.764 22.9455 0.0739491 0.217815
166.802 22.7824 0.0679176 0.113008
166.778 22.853 0.0693474 0.253794
166.764 22.9455 0.0739491 0.217815
166.764 22.9455 0.0739491 0.217815
166.802 22.7824 0.0679176 0.113008
166.532 22.8938 0.0718789 0.0665396
166.764 22.9455 0.0739491 0.217815
166.627 22.9289 0.0677121 0.055102
166.786 22.719 0.0656302 0.0204052
166.778 22.853 0.0693474 0.253794
166.764 22.9455 0.0739491 0.217815
166.802 22.7824 0.0679176 0.113008
166.676 23.1281 0.079598 0.00171629
166.778 22.853 0.0693474 0.253794
166.802 22.7824 0.0679176 0.113008
166.532 22.8938 0.0718789 0.0665396
166.778 22.853 0.0693474 0.253794
166.764 22.9455 0.0739491 0.217815
166.507 22.7903 0.0728577 0.0371708
166.799 23.0643 0.0660885 0.0151979
166.778 22.853 0.0693474 0.253794
166.764 22.9455 0.0739491 0.217815
166.741 23.0638 0.0713071 0.07256
166.778 22.853 0.0693474 0.253794
166.778 22.853 0.0693474 0.253794
166.764 22.9455 0.0739491 0.217815
