161.795 -11.3269 3.27281 0.051753
161.888 -11.5924 3.27515 0.0650691
161.698 -11.6387 3.27302 0.0976074
161.698 -11.6387 3.27302 0.0976074
161.607 -11.4768 3.27256 0.149026
161.522 -11.6709 3.27104 0.0295989
161.527 -11.3565 3.27144 0.0519182
161.722 -11.3707 3.27175 0.10469
161.462 -11.3808 3.26499 0.0297664
161.888 -11.5924 3.27515 0.0650691
161.698 -11.6387 3.27302 0.0976074
161.802 -11.6309 3.2746 0.0894291
161.527 -11.3565 3.27144 0.0519182
161.722 -11.3707 3.27175 0.10469
161.492 -11.4982 3.2658 0.047292
161.332 -11.4335 3.2687 0.00801353
161.888 -11.5924 3.27515 0.0650691
161.888 -11.5924 3.27515 0.0650691
161.607 -11.4768 3.27256 0.149026
161.607 -11.4768 3.27256 0.149026
161.522 -11.6709 3.27104 0.0295989
161.716 -11.6344 3.2728 0.0985368
161.716 -11.6344 3.2728 0.0985368
161.716 -11.6344 3.2728 0.0985368
161.722 -11.3707 3.27175 0.10469
161.492 -11.4982 3.2658 0.047292
161.492 -11.4982 3.2658 0.047292
161.951 -11.3845 3.28268 0.00825657
161.698 -11.6387 3.27302 0.0976074
161.802 -11.6309 3.2746 0.0894291
161.716 -11.6344 3.2728 0.0985368
161.795 -11.3269 3.27281 0.051753
161.888 -11.5924 3.27515 0.0650691
161.888 -11.5924 3.27515 0.0650691
161.698 -11.6387 3.27302 0.0976074
161.607 -11.4768 3.27256 0.149026
161.522 -11.6709 3.27104 0.0295989
161.716 -11.6344 3.2728 0.0985368
161.716 -11.6344 3.2728 0.0985368
161.722 -11.3707 3.27175 0.10469
161.462 -11.3808 3.26499 0.0297664
161.888 -11.5924 3.27515 0.0650691
161.698 -11.6387 3.27302 0.0976074
161.607 -11.4768 3.27256 0.149026
161.802 -11.6309 3.2746 0.0894291
161.527 -11.3565 3.27144 0.0519182
161.716 -11.6344 3.2728 0.0985368
161.492 -11.4982 3.2658 0.047292
161.332 -11.4335 3.2687 0.00801353
161.951 -11.3845 3.28268 0.00825657
161.607 -11.4768 3.27256 0.149026
161.802 -11.6309 3.2746 0.0894291
161.722 -11.3707 3.27175 0.10469
161.722 -11.3707 3.27175 0.10469
161.888 -11.5924 3.27515 0.0650691
161.607 -11.4768 3.27256 0.149026
161.527 -11.3565 3.27144 0.0519182
161.722 -11.3707 3.27175 0.10469
161.492 -11.4982 3.2658 0.047292
161.795 -11.3269 3.27281 0.051753
161.565 -11.7036 3.26686 0.011522
161.802 -11.6309 3.2746 0.0894291
161.802 -11.6309 3.2746 0.0894291
161.716 -11.6344 3.2728 0.0985368
161.492 -11.4982 3.2658 0.047292
161.795 -11.3269 3.27281 0.051753
161.698 -11.6387 3.27302 0.0976074
161.698 -11.6387 3.27302 0.0976074
161.802 -11.6309 3.2746 0.0894291
161.716 -11.6344 3.2728 0.0985368
161.716 -11.6344 3.2728 0.0985368
161.492 -11.4982 3.2658 0.047292
161.888 -11.5924 3.27515 0.0650691
161.607 -11.4768 3.27256 0.149026
161.802 -11.6309 3.2746 0.0894291
161.527 -11.3565 3.27144 0.0519182
161.439 -11.5959 3.26497 0.0151735
161.492 -11.4982 3.2658 0.047292
161.698 -11.6387 3.27302 0.0976074
161.607 -11.4768 3.27256 0.149026
161.802 -11.6309 3.2746 0.0894291
161.716 -11.6344 3.2728 0.0985368
161.469 -11.3493 3.25853 0.00139556
161.973 -11.3245 3.27922 0.00849954
161.888 -11.5924 3.27515 0.0650691
161.607 -11.4768 3.27256 0.149026
161.607 -11.4768 3.27256 0.149026
161.802 -11.6309 3.2746 0.0894291
161.522 -11.6709 3.27104 0.0295989
161.716 -11.6344 3.2728 0.0985368
161.722 -11.3707 3.27175 0.10469
161.898 -11.3711 3.28485 0.0025108
161.795 -11.3269 3.27281 0.051753
161.698 -11.6387 3.27302 0.0976074
161.698 -11.6387 3.27302 0.0976074
161.607 -11.4768 3.27256 0.149026
161.802 -11.6309 3.2746 0.0894291
161.716 -11.6344 3.2728 0.0985368
161.722 -11.3707 3.27175 0.10469
161.722 -11.3707 3.27175 0.10469
