41.5665 10.7857 0.181734 0.209038
41.6182 11.0335 0.179074 0.170892
41.7734 10.8572 0.179691 0.132368
41.5665 10.7857 0.181734 0.209038
41.6182 11.0335 0.179074 0.170892
41.6497 10.851 0.177208 0.196479
41.7734 10.8572 0.179691 0.132368
41.5665 10.7857 0.181734 0.209038
41.5665 10.7857 0.181734 0.209038
41.6182 11.0335 0.179074 0.170892
41.6497 10.851 0.177208 0.196479
41.5071 11.1157 0.186064 0.048644
41.5729 10.6607 0.177883 0.0119213
41.5665 10.7857 0.181734 0.209038
41.6182 11.0335 0.179074 0.170892
41.6182 11.0335 0.179074 0.170892
41.6497 10.851 0.177208 0.196479
41.5665 10.7857 0.181734 0.209038
41.5665 10.7857 0.181734 0.209038
41.5665 10.7857 0.181734 0.209038
41.6497 10.851 0.177208 0.196479
41.5071 11.1157 0.186064 0.048644
41.5665 10.7857 0.181734 0.209038
41.6182 11.0335 0.179074 0.170892
41.6497 10.851 0.177208 0.196479
41.7734 10.8572 0.179691 0.132368
41.5665 10.7857 0.181734 0.209038
41.6651 10.7293 0.178306 0.074878
41.6497 10.851 0.177208 0.196479
41.7734 10.8572 0.179691 0.132368
41.7734 10.8572 0.179691 0.132368
41.5665 10.7857 0.181734 0.209038
41.6182 11.0335 0.179074 0.170892
41.6497 10.851 0.177208 0.196479
41.6497 10.851 0.177208 0.196479
41.7734 10.8572 0.179691 0.132368
41.5729 10.6607 0.177883 0.0119213
41.4947 11.1415 0.181498 0.0278477
41.8382 10.726 0.176877 0.0131913
41.6182 11.0335 0.179074 0.170892
41.6497 10.851 0.177208 0.196479
41.5729 10.6607 0.177883 0.0119213
41.4947 11.1415 0.181498 0.0278477
41.6182 11.0335 0.179074 0.170892
41.6182 11.0335 0.179074 0.170892
41.6497 10.851 0.177208 0.196479
41.6497 10.851 0.177208 0.196479
41.7734 10.8572 0.179691 0.132368
41.5729 10.6607 0.177883 0.0119213
41.3777 11.0575 0.180367 0.0109383
41.4947 11.1415 0.181498 0.0278477
41.6651 10.7293 0.178306 0.074878
41.6182 11.0335 0.179074 0.170892
41.6182 11.0335 0.179074 0.170892
41.6497 10.851 0.177208 0.196479
41.3777 11.0575 0.180367 0.0109383
41.5665 10.7857 0.181734 0.209038
41.6182 11.0335 0.179074 0.170892
41.6497 10.851 0.177208 0.196479
41.6497 10.851 0.177208 0.196479
41.5071 11.1157 0.186064 0.048644
41.6292 11.1966 0.182127 0.0109825
41.5665 10.7857 0.181734 0.209038
41.6182 11.0335 0.179074 0.170892
41.7734 10.8572 0.179691 0.132368
41.4947 11.1415 0.181498 0.0278477
41.5665 10.7857 0.181734 0.209038
41.6182 11.0335 0.179074 0.170892
41.6497 10.851 0.177208 0.196479
41.6497 10.851 0.177208 0.196479
41.7734 10.8572 0.179691 0.132368
41.7734 10.8572 0.179691 0.132368
41.6768 10.9725 0.174548 0.0310675
41.5665 10.7857 0.181734 0.209038
41.6651 10.7293 0.178306 0.074878
41.6182 11.0335 0.179074 0.170892
41.7734 10.8572 0.179691 0.132368
41.5665 10.7857 0.181734 0.209038
41.5665 10.7857 0.181734 0.209038
41.6182 11.0335 0.179074 0.170892
41.6497 10.851 0.177208 0.196479
41.7734 10.8572 0.179691 0.132368
41.6768 10.9725 0.174548 0.0310675
41.6651 10.7293 0.178306 0.074878
41.6114 10.6107 0.182075 0.0038836
41.7734 10.8572 0.179691 0.132368
41.7734 10.8572 0.179691 0.132368
41.5665 10.7857 0.181734 0.209038
41.6651 10.7293 0.178306 0.074878
41.6497 10.851 0.177208 0.196479
41.7734 10.8572 0.179691 0.132368
41.8641 10.7679 0.176614 0.0152075
41.5665 10.7857 0.181734 0.209038
41.8496 10.7125 0.175294 0.00716182
41.6497 10.851 0.177208 0.196479
41.7734 10.8572 0.179691 0.132368
41.7734 10.8572 0.179691 0.132368
41.5665 10.7857 0.181734 0.209038
41.5665 10.7857 0.181734 0.209038
41.6651 10.7293 0.178306 0.074878
