260.898 28.3172 6.03994 0.450419
260.928 28.1807 6.0389 0.19176
260.898 28.3172 6.03994 0.450419
260.898 28.3172 6.03994 0.450419
260.734 28.4975 6.04284 0.0373654
260.898 28.3172 6.03994 0.450419
260.898 28.3172 6.03994 0.450419
260.898 28.3172 6.03994 0.450419
260.898 28.3172 6.03994 0.450419
260.928 28.1807 6.0389 0.19176
260.928 28.1807 6.0389 0.19176
260.898 28.3172 6.03994 0.450419
260.898 28.3172 6.03994 0.450419
261.003 28.3167 6.0325 0.0765607
260.898 28.3172 6.03994 0.450419
260.928 28.1807 6.0389 0.19176
260.898 28.3172 6.03994 0.450419
260.928 28.1807 6.0389 0.19176
261.003 28.3167 6.0325 0.0765607
260.928 28.1807 6.0389 0.19176
260.898 28.3172 6.03994 0.450419
260.914 28.4108 6.03285 0.0770821
260.898 28.3172 6.03994 0.450419
260.928 28.1807 6.0389 0.19176
260.898 28.3172 6.03994 0.450419
260.928 28.1807 6.0389 0.19176
261.003 28.3167 6.0325 0.0765607
260.898 28.3172 6.03994 0.450419
260.928 28.1807 6.0389 0.19176
260.928 28.1807 6.0389 0.19176
260.898 28.3172 6.03994 0.450419
260.898 28.3172 6.03994 0.450419
260.898 28.3172 6.03994 0.450419
260.914 28.4108 6.03285 0.0770821
260.928 28.1807 6.0389 0.19176
260.734 28.4975 6.04284 0.0373654
260.898 28.3172 6.03994 0.450419
260.898 28.3172 6.03994 0.450419
260.914 28.4108 6.03285 0.0770821
261.003 28.3167 6.0325 0.0765607
260.914 28.4108 6.03285 0.0770821
260.928 28.1807 6.0389 0.19176
260.898 28.3172 6.03994 0.450419
260.898 28.3172 6.03994 0.450419
260.898 28.3172 6.03994 0.450419
260.898 28.3172 6.03994 0.450419
260.942 28.3251 6.0287 0.0123881
260.928 28.1807 6.0389 0.19176
260.734 28.4975 6.04284 0.0373654
260.898 28.3172 6.03994 0.450419
260.928 28.1807 6.0389 0.19176
260.898 28.3172 6.03994 0.450419
260.928 28.1807 6.0389 0.19176
260.898 28.3172 6.03994 0.450419
260.898 28.3172 6.03994 0.450419
260.898 28.3172 6.03994 0.450419
260.898 28.3172 6.03994 0.450419
260.817 28.4499 6.04802 0.0370474
260.898 28.3172 6.03994 0.450419
260.898 28.3172 6.03994 0.450419
260.898 28.3172 6.03994 0.450419
260.928 28.1807 6.0389 0.19176
260.928 28.1807 6.0389 0.19176
260.683 27.9882 6.03996 0.00119998
260.898 28.3172 6.03994 0.450419
260.898 28.3172 6.03994 0.450419
260.898 28.3172 6.03994 0.450419
260.928 28.1807 6.0389 0.19176
260.965 28.1326 6.03263 0.0119162
260.928 28.1807 6.0389 0.19176
260.898 28.3172 6.03994 0.450419
260.837 28.3059 6.03106 0.0189936
260.898 28.3172 6.03994 0.450419
260.898 28.3172 6.03994 0.450419
260.898 28.3172 6.03994 0.450419
260.928 28.1807 6.0389 0.19176
261.206 28.4779 6.02942 0.0017691
261.003 28.3167 6.0325 0.0765607
260.898 28.3172 6.03994 0.450419
260.817 28.4499 6.04802 0.0370474
260.898 28.3172 6.03994 0.450419
260.898 28.3172 6.03994 0.450419
260.898 28.3172 6.03994 0.450419
260.898 28.3172 6.03994 0.450419
260.928 28.1807 6.0389 0.19176
260.928 28.1807 6.0389 0.19176
260.928 28.1807 6.0389 0.19176
260.817 28.4499 6.04802 0.0370474
261.171 28.4117 6.04163 0.00307113
261.003 28.3167 6.0325 0.0765607
260.928 28.1807 6.0389 0.19176
260.898 28.3172 6.03994 0.450419
260.965 28.1326 6.03263 0.0119162
260.965 28.1326 6.03263 0.0119162
260.898 28.3172 6.03994 0.450419
260.898 28.3172 6.03994 0.450419
260.898 28.3172 6.03994 0.450419
260.898 28.3172 6.03994 0.450419
261.19 28.3632 6.03766 0.00764494
260.928 28.1807 6.0389 0.19176
