22.576 6.83458 0.253753 0.283874
22.6142 6.59511 0.25491 0.104297
22.576 6.83458 0.253753 0.283874
22.7938 6.74449 0.253181 0.0111278
22.576 6.83458 0.253753 0.283874
22.7938 6.74449 0.253181 0.0111278
22.4239 6.67418 0.261117 0.126536
22.576 6.83458 0.253753 0.283874
22.5261 6.57903 0.253589 0.174528
22.4239 6.67418 0.261117 0.126536
22.7849 7.069 0.253502 4.79883e-05
22.5261 6.57903 0.253589 0.174528
22.7081 6.67219 0.247667 0.0464447
22.4239 6.67418 0.261117 0.126536
22.576 6.83458 0.253753 0.283874
22.576 6.83458 0.253753 0.283874
22.5261 6.57903 0.253589 0.174528
22.6142 6.59511 0.25491 0.104297
22.576 6.83458 0.253753 0.283874
22.3465 6.87032 0.263512 0.017578
22.4239 6.67418 0.261117 0.126536
22.6789 6.60647 0.251539 0.070836
22.6142 6.59511 0.25491 0.104297
22.576 6.83458 0.253753 0.283874
22.7251 6.55765 0.249785 0.0152015
22.6639 6.7292 0.245437 0.0247211
22.576 6.83458 0.253753 0.283874
22.5261 6.57903 0.253589 0.174528
22.5313 6.98242 0.257041 0.0175454
22.576 6.83458 0.253753 0.283874
22.5261 6.57903 0.253589 0.174528
22.6142 6.59511 0.25491 0.104297
22.7081 6.67219 0.247667 0.0464447
22.6639 6.7292 0.245437 0.0247211
22.6789 6.60647 0.251539 0.070836
22.6789 6.60647 0.251539 0.070836
22.6789 6.60647 0.251539 0.070836
22.5261 6.57903 0.253589 0.174528
22.576 6.83458 0.253753 0.283874
22.5261 6.57903 0.253589 0.174528
22.6639 6.7292 0.245437 0.0247211
22.576 6.83458 0.253753 0.283874
22.5261 6.57903 0.253589 0.174528
22.6639 6.7292 0.245437 0.0247211
22.576 6.83458 0.253753 0.283874
22.5261 6.57903 0.253589 0.174528
22.5261 6.57903 0.253589 0.174528
22.6142 6.59511 0.25491 0.104297
22.576 6.83458 0.253753 0.283874
22.6028 6.59696 0.247596 0.0351168
22.6639 6.7292 0.245437 0.0247211
22.576 6.83458 0.253753 0.283874
22.6789 6.60647 0.251539 0.070836
22.5261 6.57903 0.253589 0.174528
22.4239 6.67418 0.261117 0.126536
22.5103 6.71676 0.245166 0.00802685
22.2841 6.52842 0.263179 0.00605995
22.6896 6.57918 0.257242 0.00814509
22.4239 6.67418 0.261117 0.126536
22.4239 6.67418 0.261117 0.126536
22.2125 6.56815 0.259809 0.0117883
22.576 6.83458 0.253753 0.283874
22.6789 6.60647 0.251539 0.070836
22.6789 6.60647 0.251539 0.070836
22.5261 6.57903 0.253589 0.174528
22.4239 6.67418 0.261117 0.126536
22.6789 6.60647 0.251539 0.070836
22.6142 6.59511 0.25491 0.104297
22.2125 6.56815 0.259809 0.0117883
22.6789 6.60647 0.251539 0.070836
22.6142 6.59511 0.25491 0.104297
22.576 6.83458 0.253753 0.283874
22.5261 6.57903 0.253589 0.174528
22.576 6.83458 0.253753 0.283874
22.576 6.83458 0.253753 0.283874
22.576 6.83458 0.253753 0.283874
22.576 6.83458 0.253753 0.283874
22.576 6.83458 0.253753 0.283874
22.5261 6.57903 0.253589 0.174528
22.4239 6.67418 0.261117 0.126536
22.576 6.83458 0.253753 0.283874
22.6142 6.59511 0.25491 0.104297
22.4239 6.67418 0.261117 0.126536
22.4239 6.67418 0.261117 0.126536
22.576 6.83458 0.253753 0.283874
22.6896 6.57918 0.257242 0.00814509
22.7081 6.67219 0.247667 0.0464447
22.576 6.83458 0.253753 0.283874
22.5261 6.57903 0.253589 0.174528
22.5261 6.57903 0.253589 0.174528
22.576 6.83458 0.253753 0.283874
22.5261 6.57903 0.253589 0.174528
22.6142 6.59511 0.25491 0.104297
22.576 6.83458 0.253753 0.283874
22.6142 6.59511 0.25491 0.104297
22.576 6.83458 0.253753 0.283874
22.6896 6.57918 0.257242 0.00814509
22.5261 6.57903 0.253589 0.174528
22.7081 6.67219 0.247667 0.0464447
22.576 6.83458 0.253753 0.283874
