-40.3459 -54.4074 1.62488 0.252841
-40.3459 -54.4074 1.62488 0.252841
-40.5122 -54.1826 1.61959 0.132801
-40.5122 -54.1826 1.61959 0.132801
-40.3767 -54.4981 1.6165 0.00389849
-40.3459 -54.4074 1.62488 0.252841
-40.4841 -54.3913 1.6255 0.283047
-40.5122 -54.1826 1.61959 0.132801
-40.4917 -54.6348 1.62744 0.0173275
-40.6522 -54.3485 1.62725 0.0382678
-40.5783 -54.254 1.61733 0.0520968
-40.4882 -54.3211 1.61714 0.0583933
-40.4917 -54.6348 1.62744 0.0173275
-40.3459 -54.4074 1.62488 0.252841
-40.3459 -54.4074 1.62488 0.252841
-40.4841 -54.3913 1.6255 0.283047
-40.5783 -54.254 1.61733 0.0520968
-40.3459 -54.4074 1.62488 0.252841
-40.4841 -54.3913 1.6255 0.283047
-40.5783 -54.254 1.61733 0.0520968
-40.6522 -54.3485 1.62725 0.0382678
-40.4841 -54.3913 1.6255 0.283047
-40.4882 -54.3211 1.61714 0.0583933
-40.6522 -54.3485 1.62725 0.0382678
-40.5122 -54.1826 1.61959 0.132801
-40.3459 -54.4074 1.62488 0.252841
-40.3459 -54.4074 1.62488 0.252841
-40.7582 -54.2811 1.62926 0.00146245
-40.5183 -54.5846 1.63243 0.00772013
-40.3459 -54.4074 1.62488 0.252841
-40.4841 -54.3913 1.6255 0.283047
-40.1794 -54.1658 1.6195 0.0110907
-40.3459 -54.4074 1.62488 0.252841
-40.4841 -54.3913 1.6255 0.283047
-40.4882 -54.3211 1.61714 0.0583933
-40.4917 -54.6348 1.62744 0.0173275
-40.6522 -54.3485 1.62725 0.0382678
-40.4841 -54.3913 1.6255 0.283047
-40.4882 -54.3211 1.61714 0.0583933
-40.3459 -54.4074 1.62488 0.252841
-40.4841 -54.3913 1.6255 0.283047
-40.5122 -54.1826 1.61959 0.132801
-40.3459 -54.4074 1.62488 0.252841
-40.6522 -54.3485 1.62725 0.0382678
-40.5122 -54.1826 1.61959 0.132801
-40.3459 -54.4074 1.62488 0.252841
-40.5122 -54.1826 1.61959 0.132801
-40.4519 -54.2263 1.61376 0.00964742
-40.3459 -54.4074 1.62488 0.252841
-40.4841 -54.3913 1.6255 0.283047
-40.1794 -54.1658 1.6195 0.0110907
-40.3459 -54.4074 1.62488 0.252841
-40.3459 -54.4074 1.62488 0.252841
-40.0925 -54.1528 1.61856 0.00112581
-40.4841 -54.3913 1.6255 0.283047
-40.4841 -54.3913 1.6255 0.283047
-40.4841 -54.3913 1.6255 0.283047
-40.5122 -54.1826 1.61959 0.132801
-40.3853 -53.9886 1.61513 0.00340246
-40.3459 -54.4074 1.62488 0.252841
-40.3459 -54.4074 1.62488 0.252841
-40.4841 -54.3913 1.6255 0.283047
-40.4841 -54.3913 1.6255 0.283047
-40.4841 -54.3913 1.6255 0.283047
-40.5122 -54.1826 1.61959 0.132801
-40.3459 -54.4074 1.62488 0.252841
-40.3459 -54.4074 1.62488 0.252841
-40.4841 -54.3913 1.6255 0.283047
-40.4917 -54.6348 1.62744 0.0173275
-40.3459 -54.4074 1.62488 0.252841
-40.3459 -54.4074 1.62488 0.252841
-40.1794 -54.1658 1.6195 0.0110907
-40.5783 -54.254 1.61733 0.0520968
-40.4882 -54.3211 1.61714 0.0583933
-40.4882 -54.3211 1.61714 0.0583933
-40.3459 -54.4074 1.62488 0.252841
-40.4841 -54.3913 1.6255 0.283047
-40.5122 -54.1826 1.61959 0.132801
-40.5122 -54.1826 1.61959 0.132801
-40.3459 -54.4074 1.62488 0.252841
-40.4841 -54.3913 1.6255 0.283047
-40.3459 -54.4074 1.62488 0.252841
-40.4841 -54.3913 1.6255 0.283047
-40.4882 -54.3211 1.61714 0.0583933
-40.6522 -54.3485 1.62725 0.0382678
-40.5122 -54.1826 1.61959 0.132801
-40.3767 -54.4981 1.6165 0.00389849
-40.4841 -54.3913 1.6255 0.283047
-40.3767 -54.4981 1.6165 0.00389849
-40.4841 -54.3913 1.6255 0.283047
-40.4841 -54.3913 1.6255 0.283047
-40.5122 -54.1826 1.61959 0.132801
-40.3459 -54.4074 1.62488 0.252841
-40.4841 -54.3913 1.6255 0.283047
-40.2575 -54.5281 1.63193 0.0175311
-40.3459 -54.4074 1.62488 0.252841
-40.2575 -54.5281 1.63193 0.0175311
-40.4917 -54.6348 1.62744 0.0173275
-40.3459 -54.4074 1.62488 0.252841
-40.4841 -54.3913 1.6255 0.283047
