126.332 20.198 0.057164 0.316196
126.212 20.2951 0.0499028 0.00668393
126.39 20.1737 0.0646486 0.043843
126.413 20.0167 0.0535979 0.0773753
126.381 20.0561 0.0606912 0.144062
126.381 20.0561 0.0606912 0.144062
126.35 20.2044 0.0619062 0.159894
126.35 20.2044 0.0619062 0.159894
126.381 20.0561 0.0606912 0.144062
126.332 20.198 0.057164 0.316196
126.332 20.198 0.057164 0.316196
126.332 20.198 0.057164 0.316196
126.413 20.0167 0.0535979 0.0773753
126.528 20.2158 0.0573051 0.127146
126.332 20.198 0.057164 0.316196
126.381 20.0561 0.0606912 0.144062
126.332 20.198 0.057164 0.316196
126.381 20.0561 0.0606912 0.144062
126.332 20.198 0.057164 0.316196
126.238 20.3086 0.0608077 0.0874516
126.381 20.0561 0.0606912 0.144062
126.238 20.3086 0.0608077 0.0874516
126.413 20.0167 0.0535979 0.0773753
126.381 20.0561 0.0606912 0.144062
126.332 20.198 0.057164 0.316196
126.332 20.198 0.057164 0.316196
126.381 20.0561 0.0606912 0.144062
126.381 20.0561 0.0606912 0.144062
126.332 20.198 0.057164 0.316196
126.332 20.198 0.057164 0.316196
126.332 20.198 0.057164 0.316196
126.528 20.2158 0.0573051 0.127146
126.39 20.1737 0.0646486 0.043843
126.413 20.0167 0.0535979 0.0773753
126.528 20.2158 0.0573051 0.127146
126.528 20.2158 0.0573051 0.127146
126.381 20.0561 0.0606912 0.144062
126.332 20.198 0.057164 0.316196
126.332 20.198 0.057164 0.316196
126.238 20.3086 0.0608077 0.0874516
126.35 20.2044 0.0619062 0.159894
126.381 20.0561 0.0606912 0.144062
126.238 20.3086 0.0608077 0.0874516
126.332 20.198 0.057164 0.316196
126.332 20.198 0.057164 0.316196
126.238 20.3086 0.0608077 0.0874516
126.528 20.2158 0.0573051 0.127146
126.381 20.0561 0.0606912 0.144062
126.238 20.3086 0.0608077 0.0874516
126.528 20.2158 0.0573051 0.127146
126.238 20.3086 0.0608077 0.0874516
126.528 20.2158 0.0573051 0.127146
126.528 20.2158 0.0573051 0.127146
126.332 20.198 0.057164 0.316196
126.413 20.0167 0.0535979 0.0773753
126.528 20.2158 0.0573051 0.127146
126.381 20.0561 0.0606912 0.144062
126.332 20.198 0.057164 0.316196
126.238 20.3086 0.0608077 0.0874516
126.35 20.2044 0.0619062 0.159894
125.887 20.1768 0.0623506 0.000263981
126.415 20.4706 0.044913 0.00149687
126.528 20.2158 0.0573051 0.127146
126.332 20.198 0.057164 0.316196
126.35 20.2044 0.0619062 0.159894
126.332 20.198 0.057164 0.316196
126.35 20.2044 0.0619062 0.159894
126.381 20.0561 0.0606912 0.144062
126.332 20.198 0.057164 0.316196
126.238 20.3086 0.0608077 0.0874516
126.238 20.3086 0.0608077 0.0874516
126.413 20.0167 0.0535979 0.0773753
126.528 20.2158 0.0573051 0.127146
126.381 20.0561 0.0606912 0.144062
126.238 20.3086 0.0608077 0.0874516
126.381 20.0561 0.0606912 0.144062
126.39 20.1737 0.0646486 0.043843
126.238 20.3086 0.0608077 0.0874516
126.35 20.2044 0.0619062 0.159894
126.528 20.2158 0.0573051 0.127146
126.332 20.198 0.057164 0.316196
126.332 20.198 0.057164 0.316196
126.238 20.3086 0.0608077 0.0874516
126.381 20.0561 0.0606912 0.144062
126.332 20.198 0.057164 0.316196
126.708 20.4487 0.0495874 0.000398796
126.212 20.2951 0.0499028 0.00668393
126.381 20.0561 0.0606912 0.144062
126.332 20.198 0.057164 0.316196
126.35 20.2044 0.0619062 0.159894
126.332 20.198 0.057164 0.316196
126.35 20.2044 0.0619062 0.159894
126.528 20.2158 0.0573051 0.127146
126.238 20.3086 0.0608077 0.0874516
126.35 20.2044 0.0619062 0.159894
126.413 20.0167 0.0535979 0.0773753
126.381 20.0561 0.0606912 0.144062
126.332 20.198 0.057164 0.316196
126.332 20.198 0.057164 0.316196
126.35 20.2044 0.0619062 0.159894
