100.072 18.5425 0.0643898 0.121847
99.9323 18.8134 0.0652761 0.0714538
99.9691 18.7057 0.0692473 0.130608
99.9691 18.7057 0.0692473 0.130608
99.8316 18.5535 0.063529 0.0640151
99.8316 18.5535 0.063529 0.0640151
100.033 18.8992 0.0692603 0.0146573
100.024 18.7851 0.0669549 0.0885111
100.032 18.8757 0.0646111 0.0329084
100.156 18.5891 0.0658446 0.0758319
99.9691 18.7057 0.0692473 0.130608
99.8316 18.5535 0.063529 0.0640151
100.072 18.5425 0.0643898 0.121847
100.249 18.8576 0.0628401 0.00700066
99.806 18.3864 0.0711276 0.0187342
99.9691 18.7057 0.0692473 0.130608
100.054 18.5277 0.0700352 0.0732549
99.9939 18.8522 0.0635832 0.0429407
100.105 18.7867 0.0654768 0.0625582
100.024 18.7851 0.0669549 0.0885111
100.032 18.8757 0.0646111 0.0329084
99.8008 18.6731 0.0593816 0.0108177
99.8008 18.6731 0.0593816 0.0108177
100.054 18.5277 0.0700352 0.0732549
100.238 18.5362 0.0626309 0.025226
100.105 18.7867 0.0654768 0.0625582
100.105 18.7867 0.0654768 0.0625582
100.024 18.7851 0.0669549 0.0885111
100.032 18.8757 0.0646111 0.0329084
100.156 18.5891 0.0658446 0.0758319
99.9691 18.7057 0.0692473 0.130608
100.054 18.5277 0.0700352 0.0732549
100.033 18.8992 0.0692603 0.0146573
100.105 18.7867 0.0654768 0.0625582
100.032 18.8757 0.0646111 0.0329084
100.156 18.5891 0.0658446 0.0758319
100.185 18.7589 0.0624624 0.0378255
100.185 18.7589 0.0624624 0.0378255
100.054 18.5277 0.0700352 0.0732549
100.238 18.5362 0.0626309 0.025226
99.9939 18.8522 0.0635832 0.0429407
100.072 18.5425 0.0643898 0.121847
99.8909 18.3289 0.0620329 0.00607031
100.156 18.5891 0.0658446 0.0758319
99.9691 18.7057 0.0692473 0.130608
99.9691 18.7057 0.0692473 0.130608
99.9691 18.7057 0.0692473 0.130608
100.054 18.5277 0.0700352 0.0732549
100.033 18.8992 0.0692603 0.0146573
100.024 18.7851 0.0669549 0.0885111
99.9323 18.8134 0.0652761 0.0714538
99.9691 18.7057 0.0692473 0.130608
99.9691 18.7057 0.0692473 0.130608
100.238 18.5362 0.0626309 0.025226
99.9939 18.8522 0.0635832 0.0429407
99.9939 18.8522 0.0635832 0.0429407
100.072 18.5425 0.0643898 0.121847
100.024 18.7851 0.0669549 0.0885111
100.088 18.951 0.0646154 0.00799658
100.185 18.7589 0.0624624 0.0378255
100.054 18.5277 0.0700352 0.0732549
99.7654 18.6601 0.0583438 0.00370758
100.105 18.7867 0.0654768 0.0625582
100.072 18.5425 0.0643898 0.121847
100.101 18.4201 0.0551807 0.00194176
100.156 18.5891 0.0658446 0.0758319
99.806 18.3864 0.0711276 0.0187342
99.9691 18.7057 0.0692473 0.130608
100.238 18.5362 0.0626309 0.025226
100.238 18.5362 0.0626309 0.025226
99.8316 18.5535 0.063529 0.0640151
99.9939 18.8522 0.0635832 0.0429407
100.072 18.5425 0.0643898 0.121847
100.024 18.7851 0.0669549 0.0885111
100.156 18.5891 0.0658446 0.0758319
99.9346 18.5271 0.0585359 0.0197308
99.9691 18.7057 0.0692473 0.130608
100.238 18.5362 0.0626309 0.025226
100.105 18.7867 0.0654768 0.0625582
100.072 18.5425 0.0643898 0.121847
99.9323 18.8134 0.0652761 0.0714538
99.9346 18.5271 0.0585359 0.0197308
99.9691 18.7057 0.0692473 0.130608
99.9691 18.7057 0.0692473 0.130608
100.238 18.5362 0.0626309 0.025226
99.8316 18.5535 0.063529 0.0640151
99.9939 18.8522 0.0635832 0.0429407
100.101 18.4201 0.0551807 0.00194176
99.9323 18.8134 0.0652761 0.0714538
100.156 18.5891 0.0658446 0.0758319
99.9691 18.7057 0.0692473 0.130608
99.9691 18.7057 0.0692473 0.130608
100.054 18.5277 0.0700352 0.0732549
99.9939 18.8522 0.0635832 0.0429407
100.033 18.8992 0.0692603 0.0146573
100.105 18.7867 0.0654768 0.0625582
100.249 18.8576 0.0628401 0.00700066
99.9323 18.8134 0.0652761 0.0714538
99.9691 18.7057 0.0692473 0.130608
100.054 18.5277 0.0700352 0.0732549
