213.845 -10.3998 2.98637 0.0497669
214.213 -10.4656 2.98666 0.0696753
214.182 -10.4832 2.99027 0.103956
214.07 -10.393 2.98903 0.187223
214.313 -10.4555 2.99248 0.038197
214.202 -10.4991 2.98681 0.0657393
214.243 -10.5221 2.99201 0.0430293
214.243 -10.5221 2.99201 0.0430293
213.845 -10.3998 2.98637 0.0497669
214.182 -10.4832 2.99027 0.103956
214.07 -10.393 2.98903 0.187223
214.07 -10.393 2.98903 0.187223
214.091 -10.4364 2.98766 0.188251
213.902 -10.6263 2.98082 0.00701811
214.118 -10.2735 2.99056 0.104356
214.07 -10.393 2.98903 0.187223
214.091 -10.4364 2.98766 0.188251
214.243 -10.5221 2.99201 0.0430293
214.182 -10.4832 2.99027 0.103956
214.118 -10.2735 2.99056 0.104356
214.07 -10.393 2.98903 0.187223
214.299 -10.5094 2.99588 0.00965421
214.243 -10.5221 2.99201 0.0430293
214.182 -10.4832 2.99027 0.103956
214.07 -10.393 2.98903 0.187223
214.091 -10.4364 2.98766 0.188251
214.313 -10.4555 2.99248 0.038197
214.213 -10.4656 2.98666 0.0696753
214.07 -10.393 2.98903 0.187223
214.091 -10.4364 2.98766 0.188251
213.845 -10.3998 2.98637 0.0497669
213.845 -10.3998 2.98637 0.0497669
214.182 -10.4832 2.99027 0.103956
214.182 -10.4832 2.99027 0.103956
214.07 -10.393 2.98903 0.187223
214.091 -10.4364 2.98766 0.188251
214.202 -10.4991 2.98681 0.0657393
213.627 -10.3387 2.98641 0.0004926
214.118 -10.2735 2.99056 0.104356
214.091 -10.4364 2.98766 0.188251
214.313 -10.4555 2.99248 0.038197
213.845 -10.3998 2.98637 0.0497669
213.845 -10.3998 2.98637 0.0497669
213.845 -10.3998 2.98637 0.0497669
214.182 -10.4832 2.99027 0.103956
214.118 -10.2735 2.99056 0.104356
214.07 -10.393 2.98903 0.187223
214.091 -10.4364 2.98766 0.188251
214.313 -10.4555 2.99248 0.038197
214.202 -10.4991 2.98681 0.0657393
214.182 -10.4832 2.99027 0.103956
214.182 -10.4832 2.99027 0.103956
214.118 -10.2735 2.99056 0.104356
214.07 -10.393 2.98903 0.187223
214.091 -10.4364 2.98766 0.188251
213.888 -10.6564 2.98565 0.0081617
214.118 -10.2735 2.99056 0.104356
214.07 -10.393 2.98903 0.187223
214.07 -10.393 2.98903 0.187223
214.091 -10.4364 2.98766 0.188251
214.091 -10.4364 2.98766 0.188251
214.213 -10.4656 2.98666 0.0696753
214.118 -10.2735 2.99056 0.104356
214.07 -10.393 2.98903 0.187223
214.091 -10.4364 2.98766 0.188251
214.202 -10.4991 2.98681 0.0657393
214.213 -10.4656 2.98666 0.0696753
214.118 -10.2735 2.99056 0.104356
214.07 -10.393 2.98903 0.187223
214.091 -10.4364 2.98766 0.188251
214.091 -10.4364 2.98766 0.188251
214.202 -10.4991 2.98681 0.0657393
214.243 -10.5221 2.99201 0.0430293
214.182 -10.4832 2.99027 0.103956
214.07 -10.393 2.98903 0.187223
214.07 -10.393 2.98903 0.187223
214.091 -10.4364 2.98766 0.188251
214.243 -10.5221 2.99201 0.0430293
214.182 -10.4832 2.99027 0.103956
214.07 -10.393 2.98903 0.187223
214.091 -10.4364 2.98766 0.188251
214.091 -10.4364 2.98766 0.188251
214.213 -10.4656 2.98666 0.0696753
214.182 -10.4832 2.99027 0.103956
214.07 -10.393 2.98903 0.187223
214.091 -10.4364 2.98766 0.188251
213.845 -10.3998 2.98637 0.0497669
214.213 -10.4656 2.98666 0.0696753
214.118 -10.2735 2.99056 0.104356
214.091 -10.4364 2.98766 0.188251
214.091 -10.4364 2.98766 0.188251
214.351 -10.2337 2.99937 0.000999084
214.182 -10.4832 2.99027 0.103956
214.07 -10.393 2.98903 0.187223
214.091 -10.4364 2.98766 0.188251
214.228 -10.6416 2.99344 0.00598985
214.213 -10.4656 2.98666 0.0696753
213.763 -10.226 2.98211 0.00776791
214.118 -10.2735 2.99056 0.104356
214.118 -10.2735 2.99056 0.104356
