265.871 26.86 5.96566 0.157609
265.81 26.82 5.96666 0.190077
265.916 26.9119 5.9607 0.0921306
265.662 26.9328 5.96515 0.132667
265.871 26.86 5.96566 0.157609
265.81 26.82 5.96666 0.190077
265.773 26.7844 5.96622 0.162886
265.662 26.9328 5.96515 0.132667
265.77 27.0677 5.95998 0.0284849
265.786 27.0648 5.96078 0.0383865
265.643 26.9568 5.9685 0.11848
265.916 26.9119 5.9607 0.0921306
265.662 26.9328 5.96515 0.132667
265.643 26.9568 5.9685 0.11848
265.916 26.9119 5.9607 0.0921306
265.773 26.7844 5.96622 0.162886
265.773 26.7844 5.96622 0.162886
265.662 26.9328 5.96515 0.132667
265.871 26.86 5.96566 0.157609
265.643 26.9568 5.9685 0.11848
265.81 26.82 5.96666 0.190077
265.81 26.82 5.96666 0.190077
265.773 26.7844 5.96622 0.162886
265.871 26.86 5.96566 0.157609
265.643 26.9568 5.9685 0.11848
265.94 26.7967 5.97452 0.00252465
265.773 26.7844 5.96622 0.162886
265.871 26.86 5.96566 0.157609
265.643 26.9568 5.9685 0.11848
265.643 26.9568 5.9685 0.11848
265.81 26.82 5.96666 0.190077
265.81 26.82 5.96666 0.190077
265.773 26.7844 5.96622 0.162886
265.871 26.86 5.96566 0.157609
265.81 26.82 5.96666 0.190077
265.773 26.7844 5.96622 0.162886
265.871 26.86 5.96566 0.157609
265.643 26.9568 5.9685 0.11848
265.81 26.82 5.96666 0.190077
265.773 26.7844 5.96622 0.162886
265.662 26.9328 5.96515 0.132667
265.871 26.86 5.96566 0.157609
265.643 26.9568 5.9685 0.11848
265.916 26.9119 5.9607 0.0921306
265.916 26.9119 5.9607 0.0921306
265.773 26.7844 5.96622 0.162886
265.773 26.7844 5.96622 0.162886
265.662 26.9328 5.96515 0.132667
265.643 26.9568 5.9685 0.11848
265.81 26.82 5.96666 0.190077
265.81 26.82 5.96666 0.190077
265.773 26.7844 5.96622 0.162886
265.662 26.9328 5.96515 0.132667
265.871 26.86 5.96566 0.157609
265.81 26.82 5.96666 0.190077
265.773 26.7844 5.96622 0.162886
265.871 26.86 5.96566 0.157609
265.81 26.82 5.96666 0.190077
265.81 26.82 5.96666 0.190077
265.773 26.7844 5.96622 0.162886
265.773 26.7844 5.96622 0.162886
265.786 27.0648 5.96078 0.0383865
265.871 26.86 5.96566 0.157609
265.643 26.9568 5.9685 0.11848
265.916 26.9119 5.9607 0.0921306
265.773 26.7844 5.96622 0.162886
265.871 26.86 5.96566 0.157609
265.643 26.9568 5.9685 0.11848
265.916 26.9119 5.9607 0.0921306
265.662 26.9328 5.96515 0.132667
265.871 26.86 5.96566 0.157609
265.81 26.82 5.96666 0.190077
265.773 26.7844 5.96622 0.162886
265.773 26.7844 5.96622 0.162886
265.662 26.9328 5.96515 0.132667
265.643 26.9568 5.9685 0.11848
265.916 26.9119 5.9607 0.0921306
265.773 26.7844 5.96622 0.162886
265.77 27.0677 5.95998 0.0284849
265.871 26.86 5.96566 0.157609
265.871 26.86 5.96566 0.157609
265.81 26.82 5.96666 0.190077
265.805 27.1628 5.9624 0.00747912
265.662 26.9328 5.96515 0.132667
265.871 26.86 5.96566 0.157609
265.871 26.86 5.96566 0.157609
265.916 26.9119 5.9607 0.0921306
265.662 26.9328 5.96515 0.132667
265.662 26.9328 5.96515 0.132667
265.662 26.9328 5.96515 0.132667
265.643 26.9568 5.9685 0.11848
265.81 26.82 5.96666 0.190077
265.81 26.82 5.96666 0.190077
265.773 26.7844 5.96622 0.162886
265.786 27.0648 5.96078 0.0383865
265.643 26.9568 5.9685 0.11848
265.81 26.82 5.96666 0.190077
265.916 26.9119 5.9607 0.0921306
265.773 26.7844 5.96622 0.162886
265.773 26.7844 5.96622 0.162886
