266.039 -15.3461 3.70554 0.0783977
266.039 -15.3461 3.70554 0.0783977
266.19 -15.3084 3.7046 0.181205
266.206 -15.2396 3.7037 0.0838995
266.429 -15.2851 3.70969 0.0884301
266.155 -15.3832 3.69958 0.0628097
266.209 -15.6049 3.7106 0.0328936
266.039 -15.3461 3.70554 0.0783977
266.075 -15.3496 3.69803 0.0627128
266.426 -15.5014 3.70827 0.0999466
266.607 -15.2616 3.71622 0.0231997
266.155 -15.3832 3.69958 0.0628097
266.039 -15.3461 3.70554 0.0783977
266.19 -15.3084 3.7046 0.181205
266.429 -15.2851 3.70969 0.0884301
266.426 -15.5014 3.70827 0.0999466
266.607 -15.2616 3.71622 0.0231997
266.155 -15.3832 3.69958 0.0628097
266.209 -15.6049 3.7106 0.0328936
266.039 -15.3461 3.70554 0.0783977
266.19 -15.3084 3.7046 0.181205
266.551 -15.4272 3.72465 0.00132878
266.075 -15.3496 3.69803 0.0627128
266.206 -15.2396 3.7037 0.0838995
266.426 -15.5014 3.70827 0.0999466
266.551 -15.2315 3.71886 0.00685245
266.039 -15.3461 3.70554 0.0783977
266.039 -15.3461 3.70554 0.0783977
266.19 -15.3084 3.7046 0.181205
266.19 -15.3084 3.7046 0.181205
266.186 -15.2992 3.71243 0.0138449
266.206 -15.2396 3.7037 0.0838995
266.426 -15.5014 3.70827 0.0999466
266.039 -15.3461 3.70554 0.0783977
266.19 -15.3084 3.7046 0.181205
266.19 -15.3084 3.7046 0.181205
266.429 -15.2851 3.70969 0.0884301
266.421 -15.2649 3.70511 0.0168289
265.98 -15.2935 3.70314 0.0618847
266.206 -15.2396 3.7037 0.0838995
266.426 -15.5014 3.70827 0.0999466
266.039 -15.3461 3.70554 0.0783977
266.039 -15.3461 3.70554 0.0783977
266.19 -15.3084 3.7046 0.181205
266.429 -15.2851 3.70969 0.0884301
266.551 -15.2315 3.71886 0.00685245
265.758 -15.2499 3.69029 0.00760546
266.039 -15.3461 3.70554 0.0783977
265.98 -15.2935 3.70314 0.0618847
266.19 -15.3084 3.7046 0.181205
266.19 -15.3084 3.7046 0.181205
266.075 -15.3496 3.69803 0.0627128
265.872 -15.3114 3.69856 0.0527613
266.421 -15.2649 3.70511 0.0168289
265.98 -15.2935 3.70314 0.0618847
266.075 -15.3496 3.69803 0.0627128
266.402 -15.3657 3.70447 0.0301533
266.426 -15.5014 3.70827 0.0999466
266.268 -15.4467 3.69798 0.00230874
266.326 -15.1188 3.70285 0.00277737
265.758 -15.2499 3.69029 0.00760546
266.19 -15.3084 3.7046 0.181205
266.429 -15.2851 3.70969 0.0884301
266.421 -15.2649 3.70511 0.0168289
265.758 -15.2499 3.69029 0.00760546
266.19 -15.3084 3.7046 0.181205
266.429 -15.2851 3.70969 0.0884301
266.426 -15.5014 3.70827 0.0999466
265.883 -15.15 3.6995 0.00996057
265.98 -15.2935 3.70314 0.0618847
266.19 -15.3084 3.7046 0.181205
266.075 -15.3496 3.69803 0.0627128
266.429 -15.2851 3.70969 0.0884301
266.155 -15.3832 3.69958 0.0628097
266.19 -15.3084 3.7046 0.181205
266.206 -15.2396 3.7037 0.0838995
265.872 -15.3114 3.69856 0.0527613
265.872 -15.3114 3.69856 0.0527613
266.421 -15.2649 3.70511 0.0168289
265.98 -15.2935 3.70314 0.0618847
266.075 -15.3496 3.69803 0.0627128
266.206 -15.2396 3.7037 0.0838995
266.607 -15.2616 3.71622 0.0231997
266.039 -15.3461 3.70554 0.0783977
265.98 -15.2935 3.70314 0.0618847
266.19 -15.3084 3.7046 0.181205
266.075 -15.3496 3.69803 0.0627128
266.426 -15.5014 3.70827 0.0999466
266.155 -15.3832 3.69958 0.0628097
266.844 -15.3794 3.72189 0.00999003
266.844 -15.3794 3.72189 0.00999003
265.98 -15.2935 3.70314 0.0618847
266.19 -15.3084 3.7046 0.181205
265.872 -15.3114 3.69856 0.0527613
266.268 -15.4467 3.69798 0.00230874
266.155 -15.3832 3.69958 0.0628097
266.039 -15.3461 3.70554 0.0783977
265.98 -15.2935 3.70314 0.0618847
266.19 -15.3084 3.7046 0.181205
266.206 -15.2396 3.7037 0.0838995
