199.168 -9.14957 3.10929 0.0953505
199.214 -9.50882 3.10657 0.0473247
199.211 -9.12519 3.1091 0.0665326
199.17 -9.48056 3.1089 0.0881553
199.166 -9.21942 3.1101 0.17972
199.204 -9.40574 3.10414 0.0514412
199.259 -9.16905 3.11184 0.139274
199.17 -9.48056 3.1089 0.0881553
198.884 -9.46817 3.10895 0.00650027
199.168 -9.14957 3.10929 0.0953505
199.225 -9.38835 3.11533 0.0604453
199.259 -9.16905 3.11184 0.139274
199.451 -9.42491 3.11624 0.0223703
199.166 -9.21942 3.1101 0.17972
199.214 -9.50882 3.10657 0.0473247
199.204 -9.40574 3.10414 0.0514412
199.204 -9.40574 3.10414 0.0514412
199.225 -9.38835 3.11533 0.0604453
199.451 -9.42491 3.11624 0.0223703
199.166 -9.21942 3.1101 0.17972
199.3 -9.11348 3.11958 0.0226824
199.312 -9.06486 3.1175 0.0322846
199.211 -9.12519 3.1091 0.0665326
199.259 -9.16905 3.11184 0.139274
198.965 -9.24673 3.10413 0.0465384
198.965 -9.24673 3.10413 0.0465384
199.166 -9.21942 3.1101 0.17972
199.168 -9.14957 3.10929 0.0953505
199.312 -9.06486 3.1175 0.0322846
199.259 -9.16905 3.11184 0.139274
198.965 -9.24673 3.10413 0.0465384
199.166 -9.21942 3.1101 0.17972
199.168 -9.14957 3.10929 0.0953505
199.3 -9.11348 3.11958 0.0226824
199.211 -9.12519 3.1091 0.0665326
199.17 -9.48056 3.1089 0.0881553
198.965 -9.24673 3.10413 0.0465384
199.166 -9.21942 3.1101 0.17972
199.225 -9.38835 3.11533 0.0604453
199.259 -9.16905 3.11184 0.139274
199.451 -9.42491 3.11624 0.0223703
199.534 -9.49848 3.11408 0.00321648
199.166 -9.21942 3.1101 0.17972
199.3 -9.11348 3.11958 0.0226824
199.437 -9.34461 3.10993 0.0289962
199.204 -9.40574 3.10414 0.0514412
199.467 -9.44034 3.11396 0.0192359
199.259 -9.16905 3.11184 0.139274
199.166 -9.21942 3.1101 0.17972
199.168 -9.14957 3.10929 0.0953505
199.225 -9.38835 3.11533 0.0604453
199.225 -9.38835 3.11533 0.0604453
199.259 -9.16905 3.11184 0.139274
199.17 -9.48056 3.1089 0.0881553
199.166 -9.21942 3.1101 0.17972
199.225 -9.38835 3.11533 0.0604453
199.259 -9.16905 3.11184 0.139274
199.597 -9.34138 3.11242 0.00297266
199.166 -9.21942 3.1101 0.17972
199.312 -9.06486 3.1175 0.0322846
199.225 -9.38835 3.11533 0.0604453
199.259 -9.16905 3.11184 0.139274
199.17 -9.48056 3.1089 0.0881553
199.451 -9.42491 3.11624 0.0223703
199.166 -9.21942 3.1101 0.17972
199.166 -9.21942 3.1101 0.17972
199.166 -9.21942 3.1101 0.17972
199.166 -9.21942 3.1101 0.17972
199.166 -9.21942 3.1101 0.17972
199.168 -9.14957 3.10929 0.0953505
199.312 -9.06486 3.1175 0.0322846
199.259 -9.16905 3.11184 0.139274
198.884 -9.46817 3.10895 0.00650027
199.168 -9.14957 3.10929 0.0953505
199.214 -9.50882 3.10657 0.0473247
199.259 -9.16905 3.11184 0.139274
199.259 -9.16905 3.11184 0.139274
199.166 -9.21942 3.1101 0.17972
199.384 -9.0183 3.11215 0.0106789
199.214 -9.50882 3.10657 0.0473247
199.204 -9.40574 3.10414 0.0514412
199.225 -9.38835 3.11533 0.0604453
199.467 -9.44034 3.11396 0.0192359
199.271 -9.0683 3.10973 0.0276154
199.166 -9.21942 3.1101 0.17972
199.168 -9.14957 3.10929 0.0953505
199.225 -9.38835 3.11533 0.0604453
199.259 -9.16905 3.11184 0.139274
198.965 -9.24673 3.10413 0.0465384
199.168 -9.14957 3.10929 0.0953505
199.437 -9.34461 3.10993 0.0289962
199.211 -9.12519 3.1091 0.0665326
199.259 -9.16905 3.11184 0.139274
199.144 -9.03011 3.11279 0.0189217
199.166 -9.21942 3.1101 0.17972
199.166 -9.21942 3.1101 0.17972
199.225 -9.38835 3.11533 0.0604453
199.271 -9.0683 3.10973 0.0276154
198.965 -9.24673 3.10413 0.0465384
199.166 -9.21942 3.1101 0.17972
