262.383 27.9622 6.10897 0.272659
262.155 28.1645 6.11132 0.143407
262.474 27.8928 6.10463 0.0297581
262.383 27.9622 6.10897 0.272659
262.155 28.1645 6.11132 0.143407
262.474 27.8928 6.10463 0.0297581
262.383 27.9622 6.10897 0.272659
262.383 27.9622 6.10897 0.272659
262.215 27.9611 6.11941 0.0795986
262.215 27.9611 6.11941 0.0795986
262.193 27.9702 6.11383 0.202315
262.193 27.9702 6.11383 0.202315
262.464 27.8777 6.10611 0.0317028
262.155 28.1645 6.11132 0.143407
262.155 28.1645 6.11132 0.143407
262.193 27.9702 6.11383 0.202315
262.215 27.9611 6.11941 0.0795986
262.474 27.8928 6.10463 0.0297581
262.193 27.9702 6.11383 0.202315
262.193 27.9702 6.11383 0.202315
262.464 27.8777 6.10611 0.0317028
262.221 27.9109 6.10683 0.0386782
262.193 27.9702 6.11383 0.202315
262.155 28.1645 6.11132 0.143407
262.193 27.9702 6.11383 0.202315
262.193 27.9702 6.11383 0.202315
262.383 27.9622 6.10897 0.272659
262.155 28.1645 6.11132 0.143407
262.221 27.9109 6.10683 0.0386782
262.193 27.9702 6.11383 0.202315
262.382 27.874 6.11889 0.0133397
262.215 27.8676 6.10767 0.0211023
262.383 27.9622 6.10897 0.272659
262.383 27.9622 6.10897 0.272659
262.155 28.1645 6.11132 0.143407
262.142 27.9876 6.12302 0.0180242
262.193 27.9702 6.11383 0.202315
262.383 27.9622 6.10897 0.272659
262.155 28.1645 6.11132 0.143407
262.106 28.0756 6.12955 0.000210957
262.383 27.9622 6.10897 0.272659
262.155 28.1645 6.11132 0.143407
262.193 27.9702 6.11383 0.202315
262.193 27.9702 6.11383 0.202315
262.382 27.874 6.11889 0.0133397
262.193 27.9702 6.11383 0.202315
262.193 27.9702 6.11383 0.202315
262.383 27.9622 6.10897 0.272659
262.383 27.9622 6.10897 0.272659
262.383 27.9622 6.10897 0.272659
262.215 27.9611 6.11941 0.0795986
262.221 27.9109 6.10683 0.0386782
262.142 27.9876 6.12302 0.0180242
262.305 28.3335 6.11802 0.00415441
262.383 27.9622 6.10897 0.272659
262.383 27.9622 6.10897 0.272659
262.203 28.3001 6.10995 0.0431787
262.193 27.9702 6.11383 0.202315
262.193 27.9702 6.11383 0.202315
262.464 27.8777 6.10611 0.0317028
262.474 27.8928 6.10463 0.0297581
262.193 27.9702 6.11383 0.202315
262.383 27.9622 6.10897 0.272659
262.215 27.9611 6.11941 0.0795986
262.193 27.9702 6.11383 0.202315
262.383 27.9622 6.10897 0.272659
262.383 27.9622 6.10897 0.272659
262.203 28.3001 6.10995 0.0431787
262.155 28.1645 6.11132 0.143407
262.193 27.9702 6.11383 0.202315
262.464 27.8777 6.10611 0.0317028
262.155 28.1645 6.11132 0.143407
262.215 27.8676 6.10767 0.0211023
262.193 27.9702 6.11383 0.202315
262.312 27.8208 6.12027 0.00638773
262.221 27.9109 6.10683 0.0386782
262.193 27.9702 6.11383 0.202315
262.383 27.9622 6.10897 0.272659
262.383 27.9622 6.10897 0.272659
262.155 28.1645 6.11132 0.143407
262.221 27.9109 6.10683 0.0386782
262.193 27.9702 6.11383 0.202315
262.383 27.9622 6.10897 0.272659
262.383 27.9622 6.10897 0.272659
262.155 28.1645 6.11132 0.143407
262.193 27.9702 6.11383 0.202315
262.215 27.9611 6.11941 0.0795986
262.474 27.8928 6.10463 0.0297581
262.142 27.9876 6.12302 0.0180242
262.193 27.9702 6.11383 0.202315
262.215 27.9611 6.11941 0.0795986
262.203 28.3001 6.10995 0.0431787
262.193 27.9702 6.11383 0.202315
262.383 27.9622 6.10897 0.272659
262.155 28.1645 6.11132 0.143407
262.193 27.9702 6.11383 0.202315
262.383 27.9622 6.10897 0.272659
262.203 28.3001 6.10995 0.0431787
262.193 27.9702 6.11383 0.202315
262.383 27.9622 6.10897 0.272659
