30.3416 -82.5209 3.85388 0.237639
30.4297 -82.5628 3.85062 0.335115
30.4878 -82.3825 3.85751 0.0522449
30.4878 -82.3825 3.85751 0.0522449
30.465 -82.6751 3.85801 0.221756
30.4297 -82.5628 3.85062 0.335115
30.3416 -82.5209 3.85388 0.237639
30.4297 -82.5628 3.85062 0.335115
30.3416 -82.5209 3.85388 0.237639
30.1794 -82.6422 3.85448 0.00373372
30.4297 -82.5628 3.85062 0.335115
30.465 -82.6751 3.85801 0.221756
30.3416 -82.5209 3.85388 0.237639
30.4297 -82.5628 3.85062 0.335115
30.4297 -82.5628 3.85062 0.335115
30.3416 -82.5209 3.85388 0.237639
30.465 -82.6751 3.85801 0.221756
30.3416 -82.5209 3.85388 0.237639
30.465 -82.6751 3.85801 0.221756
30.3416 -82.5209 3.85388 0.237639
30.465 -82.6751 3.85801 0.221756
30.4297 -82.5628 3.85062 0.335115
30.3416 -82.5209 3.85388 0.237639
30.3416 -82.5209 3.85388 0.237639
30.4297 -82.5628 3.85062 0.335115
30.239 -82.6544 3.85429 0.0221932
30.3321 -82.8175 3.8534 0.0147383
30.465 -82.6751 3.85801 0.221756
30.3416 -82.5209 3.85388 0.237639
30.3416 -82.5209 3.85388 0.237639
30.3321 -82.8175 3.8534 0.0147383
30.4297 -82.5628 3.85062 0.335115
30.4297 -82.5628 3.85062 0.335115
30.3416 -82.5209 3.85388 0.237639
30.4297 -82.5628 3.85062 0.335115
30.4297 -82.5628 3.85062 0.335115
30.3416 -82.5209 3.85388 0.237639
30.3416 -82.5209 3.85388 0.237639
30.4297 -82.5628 3.85062 0.335115
30.4297 -82.5628 3.85062 0.335115
30.465 -82.6751 3.85801 0.221756
30.3416 -82.5209 3.85388 0.237639
30.4297 -82.5628 3.85062 0.335115
30.2419 -82.7137 3.85162 0.024934
30.239 -82.6544 3.85429 0.0221932
30.3416 -82.5209 3.85388 0.237639
30.465 -82.6751 3.85801 0.221756
30.3416 -82.5209 3.85388 0.237639
30.4878 -82.3825 3.85751 0.0522449
30.465 -82.6751 3.85801 0.221756
30.3416 -82.5209 3.85388 0.237639
30.4297 -82.5628 3.85062 0.335115
30.465 -82.6751 3.85801 0.221756
30.465 -82.6751 3.85801 0.221756
30.4297 -82.5628 3.85062 0.335115
30.465 -82.6751 3.85801 0.221756
30.3321 -82.8175 3.8534 0.0147383
30.4297 -82.5628 3.85062 0.335115
30.465 -82.6751 3.85801 0.221756
30.3416 -82.5209 3.85388 0.237639
30.4297 -82.5628 3.85062 0.335115
30.465 -82.6751 3.85801 0.221756
30.465 -82.6751 3.85801 0.221756
30.2404 -82.6662 3.85472 0.0167633
30.4297 -82.5628 3.85062 0.335115
30.3416 -82.5209 3.85388 0.237639
30.4297 -82.5628 3.85062 0.335115
30.465 -82.6751 3.85801 0.221756
30.465 -82.6751 3.85801 0.221756
30.3416 -82.5209 3.85388 0.237639
30.4297 -82.5628 3.85062 0.335115
30.465 -82.6751 3.85801 0.221756
30.3416 -82.5209 3.85388 0.237639
30.4297 -82.5628 3.85062 0.335115
30.4878 -82.3825 3.85751 0.0522449
30.2404 -82.6662 3.85472 0.0167633
30.3416 -82.5209 3.85388 0.237639
30.3416 -82.5209 3.85388 0.237639
30.465 -82.6751 3.85801 0.221756
30.3416 -82.5209 3.85388 0.237639
30.4297 -82.5628 3.85062 0.335115
30.4297 -82.5628 3.85062 0.335115
30.3416 -82.5209 3.85388 0.237639
30.4878 -82.3825 3.85751 0.0522449
30.2419 -82.7137 3.85162 0.024934
30.4297 -82.5628 3.85062 0.335115
30.465 -82.6751 3.85801 0.221756
30.3416 -82.5209 3.85388 0.237639
30.465 -82.6751 3.85801 0.221756
30.4297 -82.5628 3.85062 0.335115
30.4297 -82.5628 3.85062 0.335115
30.465 -82.6751 3.85801 0.221756
30.3416 -82.5209 3.85388 0.237639
30.4878 -82.3825 3.85751 0.0522449
30.465 -82.6751 3.85801 0.221756
30.465 -82.6751 3.85801 0.221756
30.3416 -82.5209 3.85388 0.237639
30.4297 -82.5628 3.85062 0.335115
30.3416 -82.5209 3.85388 0.237639
30.465 -82.6751 3.85801 0.221756
