190.92 -9.39468 3.16126 0.0367723
190.926 -9.41232 3.15594 0.263775
190.859 -9.31693 3.15668 0.151031
190.805 -9.2127 3.15634 0.0423399
190.926 -9.41232 3.15594 0.263775
190.859 -9.31693 3.15668 0.151031
190.859 -9.31693 3.15668 0.151031
191.094 -9.48882 3.15978 0.0932552
190.92 -9.39468 3.16126 0.0367723
190.926 -9.41232 3.15594 0.263775
191.094 -9.48882 3.15978 0.0932552
190.926 -9.41232 3.15594 0.263775
190.859 -9.31693 3.15668 0.151031
191.094 -9.48882 3.15978 0.0932552
190.926 -9.41232 3.15594 0.263775
190.926 -9.41232 3.15594 0.263775
190.859 -9.31693 3.15668 0.151031
190.805 -9.2127 3.15634 0.0423399
190.926 -9.41232 3.15594 0.263775
191.269 -9.31763 3.15904 0.0747486
190.931 -9.5692 3.14963 0.0248435
190.926 -9.41232 3.15594 0.263775
190.926 -9.41232 3.15594 0.263775
190.671 -9.41775 3.15151 0.0194074
190.926 -9.41232 3.15594 0.263775
191.237 -9.29328 3.16785 0.01177
191.269 -9.31763 3.15904 0.0747486
191.121 -9.06578 3.16351 0.016119
190.926 -9.41232 3.15594 0.263775
190.671 -9.41775 3.15151 0.0194074
190.805 -9.2127 3.15634 0.0423399
190.859 -9.31693 3.15668 0.151031
190.671 -9.41775 3.15151 0.0194074
190.926 -9.41232 3.15594 0.263775
190.926 -9.41232 3.15594 0.263775
190.859 -9.31693 3.15668 0.151031
191.166 -9.39965 3.1707 0.000249394
191.278 -9.46985 3.1584 0.023741
191.121 -9.06578 3.16351 0.016119
191.269 -9.31763 3.15904 0.0747486
191.269 -9.31763 3.15904 0.0747486
190.693 -9.50548 3.1481 0.0149271
190.926 -9.41232 3.15594 0.263775
190.859 -9.31693 3.15668 0.151031
191.094 -9.48882 3.15978 0.0932552
190.926 -9.41232 3.15594 0.263775
190.859 -9.31693 3.15668 0.151031
191.278 -9.46985 3.1584 0.023741
190.926 -9.41232 3.15594 0.263775
191.269 -9.31763 3.15904 0.0747486
191.278 -9.46985 3.1584 0.023741
190.859 -9.31693 3.15668 0.151031
190.805 -9.2127 3.15634 0.0423399
190.926 -9.41232 3.15594 0.263775
190.859 -9.31693 3.15668 0.151031
190.926 -9.30102 3.16031 0.0935544
191.094 -9.48882 3.15978 0.0932552
190.926 -9.41232 3.15594 0.263775
190.859 -9.31693 3.15668 0.151031
190.931 -9.5692 3.14963 0.0248435
191.278 -9.46985 3.1584 0.023741
190.926 -9.41232 3.15594 0.263775
190.859 -9.31693 3.15668 0.151031
191.269 -9.31763 3.15904 0.0747486
190.926 -9.30102 3.16031 0.0935544
191.254 -9.19905 3.15768 0.0358807
190.926 -9.41232 3.15594 0.263775
190.926 -9.30102 3.16031 0.0935544
190.805 -9.2127 3.15634 0.0423399
191.276 -9.19241 3.16242 0.0533878
190.926 -9.41232 3.15594 0.263775
191.388 -9.45815 3.16331 0.00491627
191.094 -9.48882 3.15978 0.0932552
191.254 -9.19905 3.15768 0.0358807
191.276 -9.19241 3.16242 0.0533878
191.121 -9.06578 3.16351 0.016119
190.859 -9.31693 3.15668 0.151031
190.805 -9.2127 3.15634 0.0423399
191.276 -9.19241 3.16242 0.0533878
190.926 -9.41232 3.15594 0.263775
190.859 -9.31693 3.15668 0.151031
190.859 -9.31693 3.15668 0.151031
190.805 -9.2127 3.15634 0.0423399
190.926 -9.41232 3.15594 0.263775
190.926 -9.30102 3.16031 0.0935544
191.094 -9.48882 3.15978 0.0932552
190.926 -9.41232 3.15594 0.263775
190.926 -9.41232 3.15594 0.263775
190.931 -9.5692 3.14963 0.0248435
191.276 -9.19241 3.16242 0.0533878
190.859 -9.31693 3.15668 0.151031
191.269 -9.31763 3.15904 0.0747486
190.805 -9.2127 3.15634 0.0423399
190.926 -9.41232 3.15594 0.263775
190.926 -9.41232 3.15594 0.263775
190.693 -9.50548 3.1481 0.0149271
191.094 -9.48882 3.15978 0.0932552
190.926 -9.41232 3.15594 0.263775
191.269 -9.31763 3.15904 0.0747486
191.094 -9.48882 3.15978 0.0932552
