95.8863 17.7887 0.0921705 0.116016
96.0821 17.9682 0.0827658 0.0535158
95.9757 18.0098 0.0842682 0.112035
95.9757 18.0098 0.0842682 0.112035
95.9 17.7047 0.0830559 0.042395
95.8081 17.9364 0.0922644 0.199906
95.8081 17.9364 0.0922644 0.199906
95.8863 17.7887 0.0921705 0.116016
95.9396 17.7576 0.0911507 0.0868505
96.0821 17.9682 0.0827658 0.0535158
95.8114 17.7474 0.0833292 0.0549144
95.8081 17.9364 0.0922644 0.199906
95.9396 17.7576 0.0911507 0.0868505
96.0743 17.6753 0.084175 0.0174339
95.9757 18.0098 0.0842682 0.112035
95.7636 18.1266 0.0889424 0.0822634
95.8081 17.9364 0.0922644 0.199906
95.8081 17.9364 0.0922644 0.199906
96.0991 18.0943 0.0835417 0.0286883
96.1812 17.9351 0.0796557 0.0115759
95.9757 18.0098 0.0842682 0.112035
96.0411 17.7524 0.0805469 0.0267824
95.9396 17.7576 0.0911507 0.0868505
95.9171 17.6623 0.0845791 0.0322703
95.7643 18.1682 0.0809871 0.0127454
95.8081 17.9364 0.0922644 0.199906
95.9396 17.7576 0.0911507 0.0868505
96.1812 17.9351 0.0796557 0.0115759
95.8081 17.9364 0.0922644 0.199906
95.9396 17.7576 0.0911507 0.0868505
95.9171 17.6623 0.0845791 0.0322703
95.7636 18.1266 0.0889424 0.0822634
95.8081 17.9364 0.0922644 0.199906
95.9396 17.7576 0.0911507 0.0868505
95.9632 17.6436 0.0783149 0.00748941
95.9171 17.6623 0.0845791 0.0322703
95.6146 17.745 0.104221 0.00181695
95.8081 17.9364 0.0922644 0.199906
95.9396 17.7576 0.0911507 0.0868505
96.0821 17.9682 0.0827658 0.0535158
95.9632 17.6436 0.0783149 0.00748941
95.9171 17.6623 0.0845791 0.0322703
96.2516 17.8268 0.0803241 0.00431059
95.8081 17.9364 0.0922644 0.199906
95.9396 17.7576 0.0911507 0.0868505
96.0821 17.9682 0.0827658 0.0535158
95.6478 17.7407 0.0835794 0.0162748
95.7636 18.1266 0.0889424 0.0822634
95.8863 17.7887 0.0921705 0.116016
96.0743 17.6753 0.084175 0.0174339
96.0743 17.6753 0.084175 0.0174339
96.0991 18.0943 0.0835417 0.0286883
96.0821 17.9682 0.0827658 0.0535158
95.9171 17.6623 0.0845791 0.0322703
95.8114 17.7474 0.0833292 0.0549144
95.8081 17.9364 0.0922644 0.199906
95.8081 17.9364 0.0922644 0.199906
95.8081 17.9364 0.0922644 0.199906
95.8149 18.0347 0.0795052 0.0317251
95.8928 18.0173 0.074865 0.00788261
95.9171 17.6623 0.0845791 0.0322703
95.7636 18.1266 0.0889424 0.0822634
95.7636 18.1266 0.0889424 0.0822634
95.8081 17.9364 0.0922644 0.199906
95.8081 17.9364 0.0922644 0.199906
95.8081 17.9364 0.0922644 0.199906
96.0821 17.9682 0.0827658 0.0535158
96.1812 17.9351 0.0796557 0.0115759
95.9 17.7047 0.0830559 0.042395
95.7636 18.1266 0.0889424 0.0822634
95.8081 17.9364 0.0922644 0.199906
96.3002 17.9465 0.0855995 0.00394131
95.8863 17.7887 0.0921705 0.116016
95.8114 17.7474 0.0833292 0.0549144
95.9 17.7047 0.0830559 0.042395
96.0411 17.7524 0.0805469 0.0267824
95.9396 17.7576 0.0911507 0.0868505
95.8114 17.7474 0.0833292 0.0549144
96.1812 17.9351 0.0796557 0.0115759
95.9757 18.0098 0.0842682 0.112035
95.7636 18.1266 0.0889424 0.0822634
95.8863 17.7887 0.0921705 0.116016
95.8863 17.7887 0.0921705 0.116016
96.0821 17.9682 0.0827658 0.0535158
95.8114 17.7474 0.0833292 0.0549144
95.8081 17.9364 0.0922644 0.199906
95.9396 17.7576 0.0911507 0.0868505
96.0991 18.0943 0.0835417 0.0286883
95.9 17.7047 0.0830559 0.042395
95.7636 18.1266 0.0889424 0.0822634
95.9396 17.7576 0.0911507 0.0868505
95.9396 17.7576 0.0911507 0.0868505
96.0743 17.6753 0.084175 0.0174339
95.9171 17.6623 0.0845791 0.0322703
95.7636 18.1266 0.0889424 0.0822634
95.8863 17.7887 0.0921705 0.116016
96.0743 17.6753 0.084175 0.0174339
95.9757 18.0098 0.0842682 0.112035
95.8081 17.9364 0.0922644 0.199906
95.8863 17.7887 0.0921705 0.116016
