20.9114 -89.0485 3.73439 0.0501279
20.9345 -88.9373 3.73579 0.174338
21.2056 -88.7929 3.7321 0.421292
21.0973 -88.7502 3.72931 0.140286
20.9114 -89.0485 3.73439 0.0501279
20.9345 -88.9373 3.73579 0.174338
21.2056 -88.7929 3.7321 0.421292
20.7931 -88.7945 3.7293 0.0309898
20.9345 -88.9373 3.73579 0.174338
21.0973 -88.7502 3.72931 0.140286
21.2056 -88.7929 3.7321 0.421292
21.0973 -88.7502 3.72931 0.140286
20.9114 -89.0485 3.73439 0.0501279
21.2056 -88.7929 3.7321 0.421292
20.8439 -88.9713 3.72794 0.0141832
20.9345 -88.9373 3.73579 0.174338
20.9345 -88.9373 3.73579 0.174338
20.9114 -89.0485 3.73439 0.0501279
21.2056 -88.7929 3.7321 0.421292
20.9345 -88.9373 3.73579 0.174338
21.2056 -88.7929 3.7321 0.421292
21.0287 -89.0167 3.74043 0.0575856
21.2056 -88.7929 3.7321 0.421292
20.9345 -88.9373 3.73579 0.174338
21.0973 -88.7502 3.72931 0.140286
20.7931 -88.7945 3.7293 0.0309898
20.83 -88.7373 3.72843 0.0361586
21.2056 -88.7929 3.7321 0.421292
21.2056 -88.7929 3.7321 0.421292
21.2056 -88.7929 3.7321 0.421292
21.0287 -89.0167 3.74043 0.0575856
21.2056 -88.7929 3.7321 0.421292
21.0287 -89.0167 3.74043 0.0575856
21.0362 -89.077 3.73028 0.0295118
20.83 -88.7373 3.72843 0.0361586
21.2056 -88.7929 3.7321 0.421292
20.7931 -88.7945 3.7293 0.0309898
20.9345 -88.9373 3.73579 0.174338
20.9345 -88.9373 3.73579 0.174338
21.2056 -88.7929 3.7321 0.421292
21.0362 -89.077 3.73028 0.0295118
21.2056 -88.7929 3.7321 0.421292
20.9345 -88.9373 3.73579 0.174338
21.2056 -88.7929 3.7321 0.421292
20.9345 -88.9373 3.73579 0.174338
21.0362 -89.077 3.73028 0.0295118
21.2056 -88.7929 3.7321 0.421292
21.0362 -89.077 3.73028 0.0295118
21.2056 -88.7929 3.7321 0.421292
21.2056 -88.7929 3.7321 0.421292
20.9345 -88.9373 3.73579 0.174338
21.0973 -88.7502 3.72931 0.140286
21.2056 -88.7929 3.7321 0.421292
21.2056 -88.7929 3.7321 0.421292
21.2056 -88.7929 3.7321 0.421292
20.9345 -88.9373 3.73579 0.174338
21.2056 -88.7929 3.7321 0.421292
20.8439 -88.9713 3.72794 0.0141832
21.0973 -88.7502 3.72931 0.140286
21.2056 -88.7929 3.7321 0.421292
20.9345 -88.9373 3.73579 0.174338
21.0973 -88.7502 3.72931 0.140286
20.9345 -88.9373 3.73579 0.174338
21.2056 -88.7929 3.7321 0.421292
21.2056 -88.7929 3.7321 0.421292
20.7931 -88.7945 3.7293 0.0309898
20.7931 -88.7945 3.7293 0.0309898
21.5358 -88.8219 3.73793 0.0369194
21.2056 -88.7929 3.7321 0.421292
20.9345 -88.9373 3.73579 0.174338
21.5358 -88.8219 3.73793 0.0369194
20.7931 -88.7945 3.7293 0.0309898
21.2056 -88.7929 3.7321 0.421292
21.0287 -89.0167 3.74043 0.0575856
21.0973 -88.7502 3.72931 0.140286
21.2056 -88.7929 3.7321 0.421292
21.0287 -89.0167 3.74043 0.0575856
20.7931 -88.7945 3.7293 0.0309898
21.2056 -88.7929 3.7321 0.421292
21.0287 -89.0167 3.74043 0.0575856
20.9345 -88.9373 3.73579 0.174338
21.0973 -88.7502 3.72931 0.140286
20.9345 -88.9373 3.73579 0.174338
21.2056 -88.7929 3.7321 0.421292
21.2056 -88.7929 3.7321 0.421292
21.0973 -88.7502 3.72931 0.140286
20.9114 -89.0485 3.73439 0.0501279
21.2056 -88.7929 3.7321 0.421292
21.0973 -88.7502 3.72931 0.140286
21.0287 -89.0167 3.74043 0.0575856
20.9345 -88.9373 3.73579 0.174338
21.5358 -88.8219 3.73793 0.0369194
21.2056 -88.7929 3.7321 0.421292
21.0973 -88.7502 3.72931 0.140286
21.2056 -88.7929 3.7321 0.421292
21.0973 -88.7502 3.72931 0.140286
21.2056 -88.7929 3.7321 0.421292
20.9114 -89.0485 3.73439 0.0501279
21.5358 -88.8219 3.73793 0.0369194
21.2056 -88.7929 3.7321 0.421292
