244.618 -17.4719 2.93789 0.445241
244.798 -17.4188 2.94695 0.0263077
244.618 -17.4719 2.93789 0.445241
244.991 -17.6132 2.94379 0.0334674
244.435 -17.3537 2.93499 0.241106
245.008 -17.8038 2.94802 0.00380336
244.618 -17.4719 2.93789 0.445241
244.575 -17.3674 2.94192 0.0735835
245.035 -17.562 2.94534 0.0225475
244.435 -17.3537 2.93499 0.241106
244.898 -17.6564 2.94782 0.0251595
244.829 -17.3246 2.94298 0.0635733
244.798 -17.4188 2.94695 0.0263077
244.435 -17.3537 2.93499 0.241106
244.575 -17.3674 2.94192 0.0735835
244.618 -17.4719 2.93789 0.445241
244.618 -17.4719 2.93789 0.445241
244.435 -17.3537 2.93499 0.241106
244.435 -17.3537 2.93499 0.241106
244.435 -17.3537 2.93499 0.241106
244.618 -17.4719 2.93789 0.445241
244.575 -17.3674 2.94192 0.0735835
244.575 -17.3674 2.94192 0.0735835
244.435 -17.3537 2.93499 0.241106
244.618 -17.4719 2.93789 0.445241
244.618 -17.4719 2.93789 0.445241
244.618 -17.4719 2.93789 0.445241
244.751 -17.4423 2.94844 0.00935237
244.618 -17.4719 2.93789 0.445241
244.618 -17.4719 2.93789 0.445241
244.575 -17.3674 2.94192 0.0735835
244.435 -17.3537 2.93499 0.241106
244.991 -17.6132 2.94379 0.0334674
244.618 -17.4719 2.93789 0.445241
244.435 -17.3537 2.93499 0.241106
244.435 -17.3537 2.93499 0.241106
244.618 -17.4719 2.93789 0.445241
244.618 -17.4719 2.93789 0.445241
244.618 -17.4719 2.93789 0.445241
244.435 -17.3537 2.93499 0.241106
244.618 -17.4719 2.93789 0.445241
245.086 -17.4534 2.94128 0.00695771
244.898 -17.6564 2.94782 0.0251595
244.618 -17.4719 2.93789 0.445241
244.435 -17.3537 2.93499 0.241106
244.618 -17.4719 2.93789 0.445241
244.618 -17.4719 2.93789 0.445241
244.618 -17.4719 2.93789 0.445241
244.829 -17.3246 2.94298 0.0635733
244.618 -17.4719 2.93789 0.445241
244.435 -17.3537 2.93499 0.241106
244.618 -17.4719 2.93789 0.445241
244.618 -17.4719 2.93789 0.445241
244.575 -17.3674 2.94192 0.0735835
244.618 -17.4719 2.93789 0.445241
244.618 -17.4719 2.93789 0.445241
244.618 -17.4719 2.93789 0.445241
244.898 -17.6564 2.94782 0.0251595
244.829 -17.3246 2.94298 0.0635733
244.435 -17.3537 2.93499 0.241106
244.618 -17.4719 2.93789 0.445241
244.829 -17.3246 2.94298 0.0635733
244.435 -17.3537 2.93499 0.241106
245.086 -17.4534 2.94128 0.00695771
244.435 -17.3537 2.93499 0.241106
244.435 -17.3537 2.93499 0.241106
244.618 -17.4719 2.93789 0.445241
244.618 -17.4719 2.93789 0.445241
244.575 -17.3674 2.94192 0.0735835
244.435 -17.3537 2.93499 0.241106
244.618 -17.4719 2.93789 0.445241
244.618 -17.4719 2.93789 0.445241
244.435 -17.3537 2.93499 0.241106
244.618 -17.4719 2.93789 0.445241
244.829 -17.3246 2.94298 0.0635733
244.435 -17.3537 2.93499 0.241106
244.618 -17.4719 2.93789 0.445241
244.834 -17.8539 2.94861 0.00231511
245.086 -17.4534 2.94128 0.00695771
244.829 -17.3246 2.94298 0.0635733
244.435 -17.3537 2.93499 0.241106
244.698 -17.8898 2.94585 0.00164781
244.618 -17.4719 2.93789 0.445241
244.829 -17.3246 2.94298 0.0635733
244.618 -17.4719 2.93789 0.445241
244.991 -17.6132 2.94379 0.0334674
244.618 -17.4719 2.93789 0.445241
244.991 -17.6132 2.94379 0.0334674
244.435 -17.3537 2.93499 0.241106
244.435 -17.3537 2.93499 0.241106
245.181 -17.487 2.94917 0.00150545
244.798 -17.4188 2.94695 0.0263077
244.618 -17.4719 2.93789 0.445241
244.618 -17.4719 2.93789 0.445241
244.575 -17.3674 2.94192 0.0735835
244.435 -17.3537 2.93499 0.241106
244.618 -17.4719 2.93789 0.445241
244.829 -17.3246 2.94298 0.0635733
244.435 -17.3537 2.93499 0.241106
244.435 -17.3537 2.93499 0.241106
