237.834 28.4452 0.0785869 0.203603
237.682 28.2545 0.0763943 0.248887
237.701 28.1112 0.0722928 0.00743399
237.834 28.4452 0.0785869 0.203603
237.682 28.2545 0.0763943 0.248887
237.701 28.1112 0.0722928 0.00743399
237.657 28.201 0.0751317 0.0713816
237.804 28.2214 0.0875152 0.00179309
237.834 28.4452 0.0785869 0.203603
237.682 28.2545 0.0763943 0.248887
237.682 28.2545 0.0763943 0.248887
237.682 28.2545 0.0763943 0.248887
237.657 28.201 0.0751317 0.0713816
237.767 28.4956 0.0774304 0.0749631
237.682 28.2545 0.0763943 0.248887
237.657 28.201 0.0751317 0.0713816
237.767 28.4956 0.0774304 0.0749631
237.834 28.4452 0.0785869 0.203603
237.682 28.2545 0.0763943 0.248887
237.64 28.2906 0.0760087 0.102645
237.72 28.3844 0.080251 0.17634
237.767 28.4956 0.0774304 0.0749631
237.834 28.4452 0.0785869 0.203603
237.682 28.2545 0.0763943 0.248887
237.767 28.4956 0.0774304 0.0749631
237.682 28.2545 0.0763943 0.248887
237.682 28.2545 0.0763943 0.248887
237.767 28.4956 0.0774304 0.0749631
237.682 28.2545 0.0763943 0.248887
237.657 28.201 0.0751317 0.0713816
237.882 28.475 0.0714392 0.0570705
237.682 28.2545 0.0763943 0.248887
237.64 28.2906 0.0760087 0.102645
237.657 28.201 0.0751317 0.0713816
237.72 28.3844 0.080251 0.17634
237.767 28.4956 0.0774304 0.0749631
237.834 28.4452 0.0785869 0.203603
237.834 28.4452 0.0785869 0.203603
237.682 28.2545 0.0763943 0.248887
237.629 28.1289 0.0825282 0.0279845
237.767 28.4956 0.0774304 0.0749631
237.834 28.4452 0.0785869 0.203603
237.682 28.2545 0.0763943 0.248887
237.657 28.201 0.0751317 0.0713816
237.628 28.2011 0.0735579 0.0146018
237.834 28.4452 0.0785869 0.203603
237.682 28.2545 0.0763943 0.248887
237.72 28.3844 0.080251 0.17634
237.834 28.4452 0.0785869 0.203603
237.682 28.2545 0.0763943 0.248887
237.657 28.201 0.0751317 0.0713816
237.834 28.4452 0.0785869 0.203603
237.682 28.2545 0.0763943 0.248887
237.64 28.2906 0.0760087 0.102645
237.657 28.201 0.0751317 0.0713816
237.72 28.3844 0.080251 0.17634
237.682 28.2545 0.0763943 0.248887
237.682 28.2545 0.0763943 0.248887
237.72 28.3844 0.080251 0.17634
237.682 28.2545 0.0763943 0.248887
237.682 28.2545 0.0763943 0.248887
237.72 28.3844 0.080251 0.17634
237.834 28.4452 0.0785869 0.203603
237.64 28.2906 0.0760087 0.102645
237.767 28.4956 0.0774304 0.0749631
237.834 28.4452 0.0785869 0.203603
237.834 28.4452 0.0785869 0.203603
237.64 28.2906 0.0760087 0.102645
237.64 28.2906 0.0760087 0.102645
237.64 28.2906 0.0760087 0.102645
237.701 28.1112 0.0722928 0.00743399
237.767 28.4956 0.0774304 0.0749631
237.767 28.4956 0.0774304 0.0749631
237.834 28.4452 0.0785869 0.203603
237.657 28.201 0.0751317 0.0713816
237.834 28.4452 0.0785869 0.203603
237.682 28.2545 0.0763943 0.248887
237.64 28.2906 0.0760087 0.102645
237.882 28.475 0.0714392 0.0570705
237.682 28.2545 0.0763943 0.248887
237.72 28.3844 0.080251 0.17634
237.682 28.2545 0.0763943 0.248887
237.72 28.3844 0.080251 0.17634
237.834 28.4452 0.0785869 0.203603
237.682 28.2545 0.0763943 0.248887
237.72 28.3844 0.080251 0.17634
237.834 28.4452 0.0785869 0.203603
237.657 28.201 0.0751317 0.0713816
237.767 28.4956 0.0774304 0.0749631
237.682 28.2545 0.0763943 0.248887
237.682 28.2545 0.0763943 0.248887
237.767 28.4956 0.0774304 0.0749631
237.682 28.2545 0.0763943 0.248887
237.657 28.201 0.0751317 0.0713816
237.834 28.4452 0.0785869 0.203603
237.682 28.2545 0.0763943 0.248887
237.64 28.2906 0.0760087 0.102645
237.72 28.3844 0.080251 0.17634
237.834 28.4452 0.0785869 0.203603
237.64 28.2906 0.0760087 0.102645
