256.474 29.0345 6.21674 0.178843
256.434 28.9876 6.2196 0.150519
256.559 29.0748 6.21677 0.324771
256.559 29.0748 6.21677 0.324771
256.559 29.0748 6.21677 0.324771
256.4 29.0472 6.21811 0.0947768
256.434 28.9876 6.2196 0.150519
256.559 29.0748 6.21677 0.324771
256.464 29.1754 6.22439 0.0318094
256.559 29.0748 6.21677 0.324771
256.582 29.2772 6.22352 0.00483613
256.559 29.0748 6.21677 0.324771
256.434 28.9876 6.2196 0.150519
256.559 29.0748 6.21677 0.324771
256.434 28.9876 6.2196 0.150519
256.559 29.0748 6.21677 0.324771
256.509 29.2282 6.21038 0.029321
256.474 29.0345 6.21674 0.178843
256.434 28.9876 6.2196 0.150519
256.4 29.0472 6.21811 0.0947768
256.4 29.0472 6.21811 0.0947768
256.474 29.0345 6.21674 0.178843
256.559 29.0748 6.21677 0.324771
256.474 29.0345 6.21674 0.178843
256.434 28.9876 6.2196 0.150519
256.513 29.1767 6.21359 0.113629
256.559 29.0748 6.21677 0.324771
256.434 28.9876 6.2196 0.150519
256.513 29.1767 6.21359 0.113629
256.559 29.0748 6.21677 0.324771
256.434 28.9876 6.2196 0.150519
256.361 29.254 6.21466 0.00595737
256.434 28.9876 6.2196 0.150519
256.559 29.0748 6.21677 0.324771
256.474 29.0345 6.21674 0.178843
256.498 29.2934 6.20992 0.0108354
256.474 29.0345 6.21674 0.178843
256.434 28.9876 6.2196 0.150519
256.559 29.0748 6.21677 0.324771
256.474 29.0345 6.21674 0.178843
256.559 29.0748 6.21677 0.324771
256.474 29.0345 6.21674 0.178843
256.513 29.1767 6.21359 0.113629
256.559 29.0748 6.21677 0.324771
256.434 28.9876 6.2196 0.150519
256.559 29.0748 6.21677 0.324771
256.474 29.0345 6.21674 0.178843
256.434 28.9876 6.2196 0.150519
256.434 28.9876 6.2196 0.150519
256.513 29.1767 6.21359 0.113629
256.559 29.0748 6.21677 0.324771
256.559 29.0748 6.21677 0.324771
256.474 29.0345 6.21674 0.178843
256.434 28.9876 6.2196 0.150519
256.498 29.2934 6.20992 0.0108354
256.474 29.0345 6.21674 0.178843
256.559 29.0748 6.21677 0.324771
256.677 29.3244 6.21697 0.0137505
256.474 29.0345 6.21674 0.178843
256.434 28.9876 6.2196 0.150519
256.434 28.9876 6.2196 0.150519
256.434 28.9876 6.2196 0.150519
256.559 29.0748 6.21677 0.324771
256.559 29.0748 6.21677 0.324771
256.4 29.0472 6.21811 0.0947768
256.369 29.1038 6.21387 0.0153702
256.559 29.0748 6.21677 0.324771
256.509 29.2282 6.21038 0.029321
256.677 29.3244 6.21697 0.0137505
256.513 29.1767 6.21359 0.113629
256.4 29.0472 6.21811 0.0947768
256.559 29.0748 6.21677 0.324771
256.618 29.0455 6.20601 0.00563301
256.559 29.0748 6.21677 0.324771
256.509 29.2282 6.21038 0.029321
256.4 29.0472 6.21811 0.0947768
256.434 28.9876 6.2196 0.150519
256.559 29.0748 6.21677 0.324771
256.4 29.0472 6.21811 0.0947768
256.434 28.9876 6.2196 0.150519
256.559 29.0748 6.21677 0.324771
256.4 29.0472 6.21811 0.0947768
256.559 29.0748 6.21677 0.324771
256.474 29.0345 6.21674 0.178843
256.559 29.0748 6.21677 0.324771
256.474 29.0345 6.21674 0.178843
256.559 29.0748 6.21677 0.324771
256.677 29.3244 6.21697 0.0137505
256.677 29.3244 6.21697 0.0137505
256.474 29.0345 6.21674 0.178843
256.434 28.9876 6.2196 0.150519
256.559 29.0748 6.21677 0.324771
256.4 29.0472 6.21811 0.0947768
256.4 29.0472 6.21811 0.0947768
256.434 28.9876 6.2196 0.150519
256.559 29.0748 6.21677 0.324771
256.4 29.0472 6.21811 0.0947768
256.434 28.9876 6.2196 0.150519
256.4 29.0472 6.21811 0.0947768
256.474 29.0345 6.21674 0.178843
