202.313 -9.85321 3.09492 0.0262413
202.084 -9.80024 3.0911 0.23413
201.893 -10.0251 3.0865 0.098052
201.999 -9.75879 3.09155 0.247856
202.084 -9.80024 3.0911 0.23413
202.226 -9.73537 3.09347 0.0856178
201.999 -9.75879 3.09155 0.247856
202.05 -10.0432 3.08534 0.0329441
201.893 -10.0251 3.0865 0.098052
201.999 -9.75879 3.09155 0.247856
202.255 -9.67635 3.09635 0.0598401
201.916 -9.43844 3.09565 0.00153528
201.999 -9.75879 3.09155 0.247856
202.084 -9.80024 3.0911 0.23413
202.245 -9.81342 3.09219 0.0596076
201.999 -9.75879 3.09155 0.247856
202.255 -9.67635 3.09635 0.0598401
201.893 -10.0251 3.0865 0.098052
202.245 -9.81342 3.09219 0.0596076
201.847 -9.6179 3.08986 0.0365877
202.084 -9.80024 3.0911 0.23413
202.097 -9.8093 3.08593 0.0505313
201.999 -9.75879 3.09155 0.247856
201.999 -9.75879 3.09155 0.247856
202.084 -9.80024 3.0911 0.23413
202.084 -9.80024 3.0911 0.23413
201.893 -10.0251 3.0865 0.098052
201.847 -9.6179 3.08986 0.0365877
201.999 -9.75879 3.09155 0.247856
201.999 -9.75879 3.09155 0.247856
202.084 -9.80024 3.0911 0.23413
202.05 -10.0432 3.08534 0.0329441
202.05 -10.0432 3.08534 0.0329441
201.847 -9.6179 3.08986 0.0365877
202.084 -9.80024 3.0911 0.23413
202.226 -9.73537 3.09347 0.0856178
201.999 -9.75879 3.09155 0.247856
202.05 -10.0432 3.08534 0.0329441
201.893 -10.0251 3.0865 0.098052
202.084 -9.80024 3.0911 0.23413
202.084 -9.80024 3.0911 0.23413
202.084 -9.80024 3.0911 0.23413
201.834 -9.65553 3.08722 0.047849
201.893 -10.0251 3.0865 0.098052
201.999 -9.75879 3.09155 0.247856
202.084 -9.80024 3.0911 0.23413
202.084 -9.80024 3.0911 0.23413
202.226 -9.73537 3.09347 0.0856178
201.834 -9.65553 3.08722 0.047849
201.847 -9.6179 3.08986 0.0365877
202.084 -9.80024 3.0911 0.23413
202.226 -9.73537 3.09347 0.0856178
201.847 -9.6179 3.08986 0.0365877
202.084 -9.80024 3.0911 0.23413
202.084 -9.80024 3.0911 0.23413
201.893 -10.0251 3.0865 0.098052
201.999 -9.75879 3.09155 0.247856
202.084 -9.80024 3.0911 0.23413
202.084 -9.80024 3.0911 0.23413
202.226 -9.73537 3.09347 0.0856178
201.999 -9.75879 3.09155 0.247856
202.084 -9.80024 3.0911 0.23413
201.893 -10.0251 3.0865 0.098052
202.084 -9.80024 3.0911 0.23413
202.255 -9.67635 3.09635 0.0598401
201.893 -10.0251 3.0865 0.098052
201.999 -9.75879 3.09155 0.247856
202.255 -9.67635 3.09635 0.0598401
202.097 -9.8093 3.08593 0.0505313
201.999 -9.75879 3.09155 0.247856
202.084 -9.80024 3.0911 0.23413
202.097 -9.8093 3.08593 0.0505313
202.245 -9.81342 3.09219 0.0596076
202.084 -9.80024 3.0911 0.23413
202.084 -9.80024 3.0911 0.23413
201.893 -10.0251 3.0865 0.098052
201.847 -9.6179 3.08986 0.0365877
201.999 -9.75879 3.09155 0.247856
202.05 -10.0432 3.08534 0.0329441
201.834 -9.65553 3.08722 0.047849
201.847 -9.6179 3.08986 0.0365877
201.999 -9.75879 3.09155 0.247856
202.084 -9.80024 3.0911 0.23413
202.097 -9.8093 3.08593 0.0505313
202.245 -9.81342 3.09219 0.0596076
201.999 -9.75879 3.09155 0.247856
202.084 -9.80024 3.0911 0.23413
202.226 -9.73537 3.09347 0.0856178
201.999 -9.75879 3.09155 0.247856
202.097 -9.8093 3.08593 0.0505313
202.226 -9.73537 3.09347 0.0856178
201.834 -9.65553 3.08722 0.047849
201.999 -9.75879 3.09155 0.247856
202.084 -9.80024 3.0911 0.23413
201.893 -10.0251 3.0865 0.098052
202.245 -9.81342 3.09219 0.0596076
202.084 -9.80024 3.0911 0.23413
202.255 -9.67635 3.09635 0.0598401
202.313 -9.85321 3.09492 0.0262413
202.084 -9.80024 3.0911 0.23413
