209.186 26.4404 0.0749354 0.263384
209.155 26.649 0.075828 0.125698
209.237 26.3267 0.0803051 0.0176406
209.186 26.4404 0.0749354 0.263384
209.025 26.4618 0.0776339 0.216843
209.155 26.649 0.075828 0.125698
209.186 26.4404 0.0749354 0.263384
209.186 26.4404 0.0749354 0.263384
209.025 26.4618 0.0776339 0.216843
209.025 26.4618 0.0776339 0.216843
209.025 26.4618 0.0776339 0.216843
209.025 26.4618 0.0776339 0.216843
209.394 26.4576 0.0735741 0.0213507
209.186 26.4404 0.0749354 0.263384
209.025 26.4618 0.0776339 0.216843
209.012 26.232 0.0762797 0.0154341
209.186 26.4404 0.0749354 0.263384
209.186 26.4404 0.0749354 0.263384
209.186 26.4404 0.0749354 0.263384
209.025 26.4618 0.0776339 0.216843
209.025 26.4618 0.0776339 0.216843
209.001 26.3414 0.0760066 0.0814244
209.327 26.5566 0.083077 0.00230513
209.155 26.649 0.075828 0.125698
209.186 26.4404 0.0749354 0.263384
209.025 26.4618 0.0776339 0.216843
208.973 26.2178 0.0854694 0.000254837
209.001 26.3414 0.0760066 0.0814244
209.186 26.4404 0.0749354 0.263384
209.186 26.4404 0.0749354 0.263384
209.025 26.4618 0.0776339 0.216843
209.012 26.232 0.0762797 0.0154341
209.001 26.3414 0.0760066 0.0814244
209.394 26.4576 0.0735741 0.0213507
209.186 26.4404 0.0749354 0.263384
209.025 26.4618 0.0776339 0.216843
209.025 26.4618 0.0776339 0.216843
209.025 26.4618 0.0776339 0.216843
209.155 26.649 0.075828 0.125698
209.155 26.649 0.075828 0.125698
208.783 26.7236 0.0774529 0.000696296
209.186 26.4404 0.0749354 0.263384
209.186 26.4404 0.0749354 0.263384
209.025 26.4618 0.0776339 0.216843
209.025 26.4618 0.0776339 0.216843
209.394 26.4576 0.0735741 0.0213507
209.025 26.4618 0.0776339 0.216843
209.012 26.232 0.0762797 0.0154341
209.001 26.3414 0.0760066 0.0814244
209.186 26.4404 0.0749354 0.263384
209.025 26.4618 0.0776339 0.216843
208.891 26.3387 0.0802976 0.0126671
209.14 26.3443 0.0814698 0.0287647
209.282 26.4581 0.0732051 0.121713
209.001 26.3414 0.0760066 0.0814244
209.186 26.4404 0.0749354 0.263384
209.025 26.4618 0.0776339 0.216843
209.155 26.649 0.075828 0.125698
209.001 26.3414 0.0760066 0.0814244
209.14 26.3443 0.0814698 0.0287647
209.282 26.4581 0.0732051 0.121713
209.001 26.3414 0.0760066 0.0814244
209.237 26.3267 0.0803051 0.0176406
209.351 26.3303 0.0719037 0.0168221
209.351 26.3303 0.0719037 0.0168221
209.186 26.4404 0.0749354 0.263384
209.025 26.4618 0.0776339 0.216843
209.155 26.649 0.075828 0.125698
209.155 26.649 0.075828 0.125698
209.001 26.3414 0.0760066 0.0814244
209.186 26.4404 0.0749354 0.263384
209.025 26.4618 0.0776339 0.216843
209.025 26.4618 0.0776339 0.216843
209.012 26.232 0.0762797 0.0154341
209.001 26.3414 0.0760066 0.0814244
209.403 26.6578 0.0756523 0.00525557
209.025 26.4618 0.0776339 0.216843
209.155 26.649 0.075828 0.125698
209.155 26.649 0.075828 0.125698
209.186 26.4404 0.0749354 0.263384
209.282 26.4581 0.0732051 0.121713
209.155 26.649 0.075828 0.125698
209.186 26.4404 0.0749354 0.263384
209.186 26.4404 0.0749354 0.263384
209.16 26.449 0.0671929 0.0230247
209.025 26.4618 0.0776339 0.216843
209.344 26.6754 0.0748542 0.0141148
209.001 26.3414 0.0760066 0.0814244
209.186 26.4404 0.0749354 0.263384
209.282 26.4581 0.0732051 0.121713
209.155 26.649 0.075828 0.125698
209.155 26.649 0.075828 0.125698
209.14 26.3443 0.0814698 0.0287647
209.186 26.4404 0.0749354 0.263384
209.025 26.4618 0.0776339 0.216843
209.351 26.3303 0.0719037 0.0168221
209.282 26.4581 0.0732051 0.121713
208.891 26.3387 0.0802976 0.0126671
209.186 26.4404 0.0749354 0.263384
209.282 26.4581 0.0732051 0.121713
