278.996 4.13421 4.68898 0.23779
278.948 4.07556 4.68698 0.247959
278.948 4.07556 4.68698 0.247959
278.534 4.10344 4.67206 0.00294615
278.996 4.13421 4.68898 0.23779
278.996 4.13421 4.68898 0.23779
278.948 4.07556 4.68698 0.247959
278.991 4.255 4.6857 0.117173
278.687 4.08877 4.67767 0.0554062
278.948 4.07556 4.68698 0.247959
278.638 4.24316 4.68294 0.00815743
278.687 4.08877 4.67767 0.0554062
278.948 4.07556 4.68698 0.247959
278.948 4.07556 4.68698 0.247959
279.1 3.96326 4.67214 0.000709677
278.996 4.13421 4.68898 0.23779
278.948 4.07556 4.68698 0.247959
278.995 4.15288 4.67783 0.0463849
278.996 4.13421 4.68898 0.23779
278.948 4.07556 4.68698 0.247959
278.634 4.12548 4.68214 0.0179686
278.996 4.13421 4.68898 0.23779
278.687 4.08877 4.67767 0.0554062
279.083 4.00673 4.68986 0.0687918
278.996 4.13421 4.68898 0.23779
278.786 3.91603 4.68001 0.0549358
279.157 4.2155 4.70172 0.014619
278.991 4.255 4.6857 0.117173
278.996 4.13421 4.68898 0.23779
278.996 4.13421 4.68898 0.23779
278.786 3.91603 4.68001 0.0549358
278.98 4.09136 4.69989 0.0111533
278.996 4.13421 4.68898 0.23779
278.948 4.07556 4.68698 0.247959
278.534 4.10344 4.67206 0.00294615
278.996 4.13421 4.68898 0.23779
278.948 4.07556 4.68698 0.247959
278.737 3.93062 4.67109 0.0209738
278.996 4.13421 4.68898 0.23779
278.634 4.12548 4.68214 0.0179686
278.991 4.255 4.6857 0.117173
278.996 4.13421 4.68898 0.23779
278.948 4.07556 4.68698 0.247959
278.948 4.07556 4.68698 0.247959
278.991 4.255 4.6857 0.117173
278.898 4.04745 4.69593 0.018476
279.083 4.00673 4.68986 0.0687918
278.995 4.15288 4.67783 0.0463849
278.996 4.13421 4.68898 0.23779
278.996 4.13421 4.68898 0.23779
278.948 4.07556 4.68698 0.247959
278.948 4.07556 4.68698 0.247959
278.634 4.12548 4.68214 0.0179686
278.638 4.24316 4.68294 0.00815743
278.948 4.07556 4.68698 0.247959
278.737 3.93062 4.67109 0.0209738
278.991 4.255 4.6857 0.117173
278.816 3.76714 4.67747 0.00453936
278.996 4.13421 4.68898 0.23779
278.948 4.07556 4.68698 0.247959
278.577 4.19178 4.69512 3.36703e-05
278.991 4.255 4.6857 0.117173
278.996 4.13421 4.68898 0.23779
278.948 4.07556 4.68698 0.247959
278.991 4.255 4.6857 0.117173
278.995 4.15288 4.67783 0.0463849
278.996 4.13421 4.68898 0.23779
278.948 4.07556 4.68698 0.247959
278.948 4.07556 4.68698 0.247959
278.948 4.07556 4.68698 0.247959
279.114 4.35161 4.68491 0.00716543
278.996 4.13421 4.68898 0.23779
278.948 4.07556 4.68698 0.247959
278.737 3.93062 4.67109 0.0209738
278.996 4.13421 4.68898 0.23779
278.948 4.07556 4.68698 0.247959
278.948 4.07556 4.68698 0.247959
278.828 3.82827 4.6796 0.0165118
279.083 4.00673 4.68986 0.0687918
278.996 4.13421 4.68898 0.23779
278.996 4.13421 4.68898 0.23779
278.687 4.08877 4.67767 0.0554062
278.948 4.07556 4.68698 0.247959
278.792 3.83357 4.67563 0.0151904
278.687 4.08877 4.67767 0.0554062
278.948 4.07556 4.68698 0.247959
278.991 4.255 4.6857 0.117173
278.995 4.15288 4.67783 0.0463849
278.996 4.13421 4.68898 0.23779
278.996 4.13421 4.68898 0.23779
278.948 4.07556 4.68698 0.247959
279.083 4.00673 4.68986 0.0687918
278.996 4.13421 4.68898 0.23779
278.996 4.13421 4.68898 0.23779
278.948 4.07556 4.68698 0.247959
278.948 4.07556 4.68698 0.247959
279.083 4.00673 4.68986 0.0687918
278.996 4.13421 4.68898 0.23779
278.948 4.07556 4.68698 0.247959
278.948 4.07556 4.68698 0.247959
