65.9203 15.5725 0.132214 0.0590982
66.1351 15.4955 0.137552 0.106511
65.883 15.5569 0.132225 0.0389665
66.0088 15.5229 0.131186 0.115542
66.0774 15.4114 0.139234 0.054895
66.1558 15.6233 0.127766 0.159545
65.9934 15.5444 0.138346 0.0655549
66.1351 15.4955 0.137552 0.106511
66.1901 15.585 0.140571 0.0449456
65.883 15.5569 0.132225 0.0389665
66.3486 15.6046 0.138306 0.027877
66.1558 15.6233 0.127766 0.159545
65.9934 15.5444 0.138346 0.0655549
66.0359 15.4612 0.130193 0.102481
66.0186 15.5903 0.140242 0.0454948
65.7834 15.5361 0.133723 0.00982378
65.9203 15.5725 0.132214 0.0590982
65.9934 15.5444 0.138346 0.0655549
66.1351 15.4955 0.137552 0.106511
66.1901 15.585 0.140571 0.0449456
66.0186 15.5903 0.140242 0.0454948
66.2586 15.2424 0.131451 0.0146813
66.1558 15.6233 0.127766 0.159545
65.9934 15.5444 0.138346 0.0655549
66.1351 15.4955 0.137552 0.106511
66.086 15.8157 0.127518 0.0426906
66.1901 15.585 0.140571 0.0449456
66.1956 15.5842 0.144446 0.010745
65.883 15.5569 0.132225 0.0389665
66.0126 15.2168 0.139553 0.0064966
66.0774 15.4114 0.139234 0.054895
66.1558 15.6233 0.127766 0.159545
66.1558 15.6233 0.127766 0.159545
66.0635 15.3141 0.126869 0.0201917
66.0359 15.4612 0.130193 0.102481
66.1901 15.585 0.140571 0.0449456
66.0088 15.5229 0.131186 0.115542
66.1558 15.6233 0.127766 0.159545
65.9934 15.5444 0.138346 0.0655549
66.1351 15.4955 0.137552 0.106511
66.0359 15.4612 0.130193 0.102481
65.883 15.5569 0.132225 0.0389665
66.0186 15.5903 0.140242 0.0454948
66.0088 15.5229 0.131186 0.115542
66.1558 15.6233 0.127766 0.159545
65.9934 15.5444 0.138346 0.0655549
65.9934 15.5444 0.138346 0.0655549
66.1351 15.4955 0.137552 0.106511
66.0359 15.4612 0.130193 0.102481
66.0088 15.5229 0.131186 0.115542
65.8565 15.4921 0.140006 0.0143237
66.0635 15.3141 0.126869 0.0201917
66.0359 15.4612 0.130193 0.102481
66.086 15.8157 0.127518 0.0426906
65.883 15.5569 0.132225 0.0389665
66.0088 15.5229 0.131186 0.115542
66.1558 15.6233 0.127766 0.159545
66.1558 15.6233 0.127766 0.159545
66.1558 15.6233 0.127766 0.159545
66.1351 15.4955 0.137552 0.106511
66.086 15.8157 0.127518 0.0426906
66.0186 15.5903 0.140242 0.0454948
66.0774 15.4114 0.139234 0.054895
66.1558 15.6233 0.127766 0.159545
66.1558 15.6233 0.127766 0.159545
66.2108 15.5997 0.14708 0.00269924
66.1351 15.4955 0.137552 0.106511
66.1901 15.585 0.140571 0.0449456
66.0088 15.5229 0.131186 0.115542
66.0774 15.4114 0.139234 0.054895
65.9203 15.5725 0.132214 0.0590982
66.1351 15.4955 0.137552 0.106511
66.1351 15.4955 0.137552 0.106511
66.1351 15.4955 0.137552 0.106511
66.1901 15.585 0.140571 0.0449456
66.0186 15.5903 0.140242 0.0454948
66.3486 15.6046 0.138306 0.027877
65.8242 15.3336 0.133105 0.00582257
65.8565 15.4921 0.140006 0.0143237
65.9934 15.5444 0.138346 0.0655549
66.0359 15.4612 0.130193 0.102481
66.0088 15.5229 0.131186 0.115542
66.3486 15.6046 0.138306 0.027877
66.1558 15.6233 0.127766 0.159545
65.9203 15.5725 0.132214 0.0590982
66.0359 15.4612 0.130193 0.102481
66.086 15.8157 0.127518 0.0426906
66.3486 15.6046 0.138306 0.027877
66.1558 15.6233 0.127766 0.159545
66.1558 15.6233 0.127766 0.159545
66.1351 15.4955 0.137552 0.106511
66.1956 15.5842 0.144446 0.010745
66.0088 15.5229 0.131186 0.115542
66.0774 15.4114 0.139234 0.054895
65.9203 15.5725 0.132214 0.0590982
66.0359 15.4612 0.130193 0.102481
66.0088 15.5229 0.131186 0.115542
66.1558 15.6233 0.127766 0.159545
65.8497 15.3091 0.132037 0.00584432
66.1351 15.4955 0.137552 0.106511
