174.866 23.5876 0.0595232 0.021584
174.763 23.6613 0.0729107 0.156672
174.507 23.6148 0.0760022 0.078543
174.739 23.6346 0.0800873 0.0201378
174.563 23.6187 0.0711318 0.16806
174.763 23.6613 0.0729107 0.156672
174.396 23.9114 0.0730217 0.000831755
174.751 23.8075 0.0753193 0.0241501
174.563 23.6187 0.0711318 0.16806
174.563 23.6187 0.0711318 0.16806
174.563 23.6187 0.0711318 0.16806
174.563 23.6187 0.0711318 0.16806
174.514 23.6232 0.0770758 0.0672593
174.763 23.6613 0.0729107 0.156672
174.507 23.6148 0.0760022 0.078543
174.745 23.5505 0.079972 0.0224612
174.563 23.6187 0.0711318 0.16806
174.563 23.6187 0.0711318 0.16806
174.839 23.3718 0.0733965 0.0145052
174.688 23.7271 0.0591078 0.0157178
174.763 23.6613 0.0729107 0.156672
174.763 23.6613 0.0729107 0.156672
174.507 23.6148 0.0760022 0.078543
174.745 23.5505 0.079972 0.0224612
174.866 23.5876 0.0595232 0.021584
174.763 23.6613 0.0729107 0.156672
174.671 23.7798 0.0726313 0.0858617
174.572 23.603 0.0773074 0.0928815
174.828 23.747 0.0745506 0.0315941
174.389 23.6457 0.0746931 0.0172768
174.394 23.5747 0.0786738 0.0133792
174.5 23.4882 0.0692375 0.041997
174.572 23.603 0.0773074 0.0928815
174.563 23.6187 0.0711318 0.16806
174.563 23.6187 0.0711318 0.16806
174.866 23.5876 0.0595232 0.021584
174.671 23.7798 0.0726313 0.0858617
174.671 23.7798 0.0726313 0.0858617
174.5 23.4882 0.0692375 0.041997
174.507 23.6148 0.0760022 0.078543
174.572 23.603 0.0773074 0.0928815
174.572 23.603 0.0773074 0.0928815
174.572 23.603 0.0773074 0.0928815
174.745 23.5505 0.079972 0.0224612
174.563 23.6187 0.0711318 0.16806
174.514 23.6232 0.0770758 0.0672593
174.688 23.7271 0.0591078 0.0157178
174.763 23.6613 0.0729107 0.156672
174.671 23.7798 0.0726313 0.0858617
174.572 23.603 0.0773074 0.0928815
175.017 23.5115 0.0707376 0.00520989
174.824 23.9503 0.0691226 0.00390575
174.763 23.6613 0.0729107 0.156672
174.763 23.6613 0.0729107 0.156672
174.507 23.6148 0.0760022 0.078543
175.027 23.824 0.0678359 0.00227383
174.389 23.6457 0.0746931 0.0172768
174.514 23.6232 0.0770758 0.0672593
174.763 23.6613 0.0729107 0.156672
174.763 23.6613 0.0729107 0.156672
174.671 23.7798 0.0726313 0.0858617
174.5 23.4882 0.0692375 0.041997
174.507 23.6148 0.0760022 0.078543
174.572 23.603 0.0773074 0.0928815
174.563 23.6187 0.0711318 0.16806
174.389 23.6457 0.0746931 0.0172768
174.514 23.6232 0.0770758 0.0672593
174.763 23.6613 0.0729107 0.156672
174.507 23.6148 0.0760022 0.078543
174.868 23.3364 0.0748655 0.00417688
174.791 23.6607 0.0821122 0.00323793
174.514 23.6232 0.0770758 0.0672593
174.763 23.6613 0.0729107 0.156672
174.763 23.6613 0.0729107 0.156672
174.763 23.6613 0.0729107 0.156672
174.507 23.6148 0.0760022 0.078543
174.28 23.3806 0.0737614 0.000371768
174.563 23.6187 0.0711318 0.16806
174.514 23.6232 0.0770758 0.0672593
174.688 23.7271 0.0591078 0.0157178
174.671 23.7798 0.0726313 0.0858617
174.745 23.5505 0.079972 0.0224612
174.563 23.6187 0.0711318 0.16806
174.763 23.6613 0.0729107 0.156672
174.671 23.7798 0.0726313 0.0858617
174.572 23.603 0.0773074 0.0928815
174.739 23.6346 0.0800873 0.0201378
174.563 23.6187 0.0711318 0.16806
174.763 23.6613 0.0729107 0.156672
174.763 23.6613 0.0729107 0.156672
174.671 23.7798 0.0726313 0.0858617
174.671 23.7798 0.0726313 0.0858617
174.739 23.6346 0.0800873 0.0201378
174.828 23.747 0.0745506 0.0315941
174.563 23.6187 0.0711318 0.16806
174.763 23.6613 0.0729107 0.156672
174.394 23.5747 0.0786738 0.0133792
174.572 23.603 0.0773074 0.0928815
174.745 23.5505 0.079972 0.0224612
174.563 23.6187 0.0711318 0.16806
