-1.26316 -95.6167 3.12388 0.0445021
-1.26316 -95.6167 3.12388 0.0445021
-1.1459 -95.7626 3.12658 0.152075
-1.21209 -95.9322 3.11909 0.0752301
-1.25007 -95.9933 3.11948 0.0597296
-1.3383 -95.6546 3.11932 0.0263463
-1.28363 -95.7645 3.12752 0.07974
-1.37612 -95.9069 3.12395 0.0522577
-1.31116 -95.9261 3.11281 0.0113228
-1.25007 -95.9933 3.11948 0.0597296
-1.15977 -95.3801 3.12036 0.000715688
-1.28363 -95.7645 3.12752 0.07974
-1.37612 -95.9069 3.12395 0.0522577
-1.33239 -95.6611 3.12329 0.0431595
-1.25007 -95.9933 3.11948 0.0597296
-1.25007 -95.9933 3.11948 0.0597296
-1.3003 -95.9048 3.12116 0.0910532
-1.3003 -95.9048 3.12116 0.0910532
-1.26316 -95.6167 3.12388 0.0445021
-1.1459 -95.7626 3.12658 0.152075
-1.1459 -95.7626 3.12658 0.152075
-1.3466 -95.9797 3.12369 0.0488194
-1.44716 -95.7788 3.12212 0.0277409
-1.26316 -95.6167 3.12388 0.0445021
-1.28363 -95.7645 3.12752 0.07974
-1.3466 -95.9797 3.12369 0.0488194
-1.35313 -96.2492 3.12851 0.000528648
-1.3003 -95.9048 3.12116 0.0910532
-1.35993 -95.6301 3.12748 0.0194824
-1.28363 -95.7645 3.12752 0.07974
-1.37612 -95.9069 3.12395 0.0522577
-1.21209 -95.9322 3.11909 0.0752301
-0.953141 -95.9989 3.12182 0.0230009
-1.3003 -95.9048 3.12116 0.0910532
-0.891747 -96.026 3.14181 0.000357538
-1.41022 -95.9377 3.13089 0.00552358
-1.16095 -95.8032 3.12019 0.0940689
-1.1459 -95.7626 3.12658 0.152075
-1.33239 -95.6611 3.12329 0.0431595
-1.3003 -95.9048 3.12116 0.0910532
-1.04638 -96.1783 3.12658 0.00852507
-1.16095 -95.8032 3.12019 0.0940689
-1.16095 -95.8032 3.12019 0.0940689
-1.28363 -95.7645 3.12752 0.07974
-1.41943 -95.6631 3.1173 0.0113223
-1.3466 -95.9797 3.12369 0.0488194
-1.21209 -95.9322 3.11909 0.0752301
-1.33239 -95.6611 3.12329 0.0431595
-1.3003 -95.9048 3.12116 0.0910532
-1.3003 -95.9048 3.12116 0.0910532
-1.33032 -96.1813 3.12113 0.00716655
-1.26316 -95.6167 3.12388 0.0445021
-1.26316 -95.6167 3.12388 0.0445021
-1.28363 -95.7645 3.12752 0.07974
-1.3466 -95.9797 3.12369 0.0488194
-1.37612 -95.9069 3.12395 0.0522577
-1.21209 -95.9322 3.11909 0.0752301
-1.33239 -95.6611 3.12329 0.0431595
-1.25007 -95.9933 3.11948 0.0597296
-1.38457 -95.5284 3.12085 0.00559746
-1.41943 -95.6631 3.1173 0.0113223
-1.21209 -95.9322 3.11909 0.0752301
-1.21209 -95.9322 3.11909 0.0752301
-1.13674 -95.6106 3.11902 0.0177193
-1.3003 -95.9048 3.12116 0.0910532
-1.16095 -95.8032 3.12019 0.0940689
-1.16095 -95.8032 3.12019 0.0940689
-1.3466 -95.9797 3.12369 0.0488194
-1.4032 -95.6243 3.12691 0.0123066
-1.3003 -95.9048 3.12116 0.0910532
-1.36382 -95.6981 3.13269 0.00667985
-1.26316 -95.6167 3.12388 0.0445021
-1.1459 -95.7626 3.12658 0.152075
-1.37612 -95.9069 3.12395 0.0522577
-0.953141 -95.9989 3.12182 0.0230009
-1.13674 -95.6106 3.11902 0.0177193
-1.25007 -95.9933 3.11948 0.0597296
-1.3003 -95.9048 3.12116 0.0910532
-1.3003 -95.9048 3.12116 0.0910532
-1.26316 -95.6167 3.12388 0.0445021
-1.26316 -95.6167 3.12388 0.0445021
-1.28363 -95.7645 3.12752 0.07974
-1.1459 -95.7626 3.12658 0.152075
-1.33239 -95.6611 3.12329 0.0431595
-1.13674 -95.6106 3.11902 0.0177193
-1.36382 -95.6981 3.13269 0.00667985
-1.26316 -95.6167 3.12388 0.0445021
-1.28363 -95.7645 3.12752 0.07974
-1.28363 -95.7645 3.12752 0.07974
-1.37612 -95.9069 3.12395 0.0522577
-1.25007 -95.9933 3.11948 0.0597296
-1.3003 -95.9048 3.12116 0.0910532
-1.16095 -95.8032 3.12019 0.0940689
-1.1459 -95.7626 3.12658 0.152075
-1.3466 -95.9797 3.12369 0.0488194
-1.21209 -95.9322 3.11909 0.0752301
-1.25007 -95.9933 3.11948 0.0597296
-1.26316 -95.6167 3.12388 0.0445021
-1.28363 -95.7645 3.12752 0.07974
-1.41943 -95.6631 3.1173 0.0113223
