226.655 26.9537 0.0747774 0.0677199
226.72 26.7736 0.0728577 0.100016
226.757 26.8638 0.0776542 0.170605
226.581 26.8 0.0760048 0.239867
226.649 26.826 0.0816864 0.132269
226.71 26.8916 0.0772579 0.192905
226.757 26.8638 0.0776542 0.170605
226.581 26.8 0.0760048 0.239867
226.71 26.8916 0.0772579 0.192905
226.71 26.8916 0.0772579 0.192905
226.71 26.8916 0.0772579 0.192905
226.757 26.8638 0.0776542 0.170605
226.757 26.8638 0.0776542 0.170605
226.581 26.8 0.0760048 0.239867
226.581 26.8 0.0760048 0.239867
226.71 26.8916 0.0772579 0.192905
226.71 26.8916 0.0772579 0.192905
226.757 26.8638 0.0776542 0.170605
226.581 26.8 0.0760048 0.239867
226.581 26.8 0.0760048 0.239867
226.655 26.9537 0.0747774 0.0677199
226.72 26.7736 0.0728577 0.100016
226.757 26.8638 0.0776542 0.170605
226.757 26.8638 0.0776542 0.170605
226.581 26.8 0.0760048 0.239867
226.77 26.9212 0.071127 0.0130985
226.757 26.8638 0.0776542 0.170605
226.664 26.9651 0.0839981 0.0071134
226.649 26.826 0.0816864 0.132269
226.71 26.8916 0.0772579 0.192905
226.71 26.8916 0.0772579 0.192905
226.581 26.8 0.0760048 0.239867
226.581 26.8 0.0760048 0.239867
226.581 26.8 0.0760048 0.239867
226.649 26.826 0.0816864 0.132269
226.635 26.7964 0.0845868 0.0237795
226.635 26.7964 0.0845868 0.0237795
226.581 26.8 0.0760048 0.239867
226.71 26.8916 0.0772579 0.192905
226.71 26.8916 0.0772579 0.192905
226.581 26.8 0.0760048 0.239867
226.581 26.8 0.0760048 0.239867
226.649 26.826 0.0816864 0.132269
226.71 26.8916 0.0772579 0.192905
226.71 26.8916 0.0772579 0.192905
226.757 26.8638 0.0776542 0.170605
226.581 26.8 0.0760048 0.239867
226.581 26.8 0.0760048 0.239867
226.71 26.8916 0.0772579 0.192905
226.581 26.8 0.0760048 0.239867
226.581 26.8 0.0760048 0.239867
226.649 26.826 0.0816864 0.132269
226.869 26.8245 0.0716164 0.0121845
226.71 26.8916 0.0772579 0.192905
226.71 26.8916 0.0772579 0.192905
226.581 26.8 0.0760048 0.239867
226.581 26.8 0.0760048 0.239867
226.581 26.8 0.0760048 0.239867
226.655 26.9537 0.0747774 0.0677199
226.71 26.8916 0.0772579 0.192905
226.71 26.8916 0.0772579 0.192905
226.581 26.8 0.0760048 0.239867
226.649 26.826 0.0816864 0.132269
226.635 26.7964 0.0845868 0.0237795
226.581 26.8 0.0760048 0.239867
226.869 26.8245 0.0716164 0.0121845
226.71 26.8916 0.0772579 0.192905
226.71 26.8916 0.0772579 0.192905
226.71 26.8916 0.0772579 0.192905
226.581 26.8 0.0760048 0.239867
226.649 26.826 0.0816864 0.132269
226.649 26.826 0.0816864 0.132269
226.655 26.9537 0.0747774 0.0677199
226.635 26.7964 0.0845868 0.0237795
226.581 26.8 0.0760048 0.239867
226.649 26.826 0.0816864 0.132269
226.72 26.7736 0.0728577 0.100016
226.635 26.7964 0.0845868 0.0237795
226.581 26.8 0.0760048 0.239867
226.581 26.8 0.0760048 0.239867
226.72 26.7736 0.0728577 0.100016
226.72 26.7736 0.0728577 0.100016
226.581 26.8 0.0760048 0.239867
226.649 26.826 0.0816864 0.132269
226.72 26.7736 0.0728577 0.100016
226.581 26.8 0.0760048 0.239867
226.655 26.9537 0.0747774 0.0677199
226.72 26.7736 0.0728577 0.100016
226.757 26.8638 0.0776542 0.170605
226.581 26.8 0.0760048 0.239867
226.649 26.826 0.0816864 0.132269
226.655 26.9537 0.0747774 0.0677199
226.72 26.7736 0.0728577 0.100016
226.757 26.8638 0.0776542 0.170605
226.649 26.826 0.0816864 0.132269
226.71 26.8916 0.0772579 0.192905
226.72 26.7736 0.0728577 0.100016
226.757 26.8638 0.0776542 0.170605
226.581 26.8 0.0760048 0.239867
226.71 26.8916 0.0772579 0.192905
