118.057 -22.3562 3.39655 0.0783219
117.81 -22.0645 3.38706 0.107
117.954 -22.1839 3.39722 0.0994946
118.042 -22.2085 3.38983 0.248721
118.042 -22.2085 3.38983 0.248721
118.067 -22.3249 3.39696 0.103644
117.979 -22.281 3.39688 0.0908622
117.81 -22.0645 3.38706 0.107
117.954 -22.1839 3.39722 0.0994946
118.042 -22.2085 3.38983 0.248721
118.042 -22.2085 3.38983 0.248721
117.757 -22.1135 3.38317 0.0303854
117.81 -22.0645 3.38706 0.107
117.993 -22.3033 3.39776 0.0622709
118.042 -22.2085 3.38983 0.248721
117.979 -22.281 3.39688 0.0908622
117.81 -22.0645 3.38706 0.107
117.81 -22.0645 3.38706 0.107
118.042 -22.2085 3.38983 0.248721
118.042 -22.2085 3.38983 0.248721
117.979 -22.281 3.39688 0.0908622
117.954 -22.1839 3.39722 0.0994946
117.993 -22.3033 3.39776 0.0622709
117.993 -22.3033 3.39776 0.0622709
118.042 -22.2085 3.38983 0.248721
117.979 -22.281 3.39688 0.0908622
117.979 -22.281 3.39688 0.0908622
118.058 -22.2112 3.38622 0.060468
118.058 -22.2112 3.38622 0.060468
118.042 -22.2085 3.38983 0.248721
118.042 -22.2085 3.38983 0.248721
118.042 -22.2085 3.38983 0.248721
118.042 -22.2085 3.38983 0.248721
117.81 -22.0645 3.38706 0.107
118.042 -22.2085 3.38983 0.248721
117.979 -22.281 3.39688 0.0908622
117.81 -22.0645 3.38706 0.107
117.993 -22.3033 3.39776 0.0622709
117.578 -22.1928 3.38377 0.00412867
117.913 -22.2654 3.38505 0.0451164
117.81 -22.0645 3.38706 0.107
117.81 -22.0645 3.38706 0.107
118.042 -22.2085 3.38983 0.248721
117.979 -22.281 3.39688 0.0908622
118.057 -22.3562 3.39655 0.0783219
118.042 -22.2085 3.38983 0.248721
117.979 -22.281 3.39688 0.0908622
117.954 -22.1839 3.39722 0.0994946
117.954 -22.1839 3.39722 0.0994946
117.993 -22.3033 3.39776 0.0622709
118.042 -22.2085 3.38983 0.248721
118.057 -22.3562 3.39655 0.0783219
118.042 -22.2085 3.38983 0.248721
117.979 -22.281 3.39688 0.0908622
117.954 -22.1839 3.39722 0.0994946
118.042 -22.2085 3.38983 0.248721
118.057 -22.3562 3.39655 0.0783219
117.81 -22.0645 3.38706 0.107
118.042 -22.2085 3.38983 0.248721
117.757 -22.1135 3.38317 0.0303854
117.81 -22.0645 3.38706 0.107
117.954 -22.1839 3.39722 0.0994946
117.954 -22.1839 3.39722 0.0994946
118.067 -22.3249 3.39696 0.103644
118.057 -22.3562 3.39655 0.0783219
117.81 -22.0645 3.38706 0.107
118.042 -22.2085 3.38983 0.248721
117.913 -22.2654 3.38505 0.0451164
117.81 -22.0645 3.38706 0.107
118.042 -22.2085 3.38983 0.248721
118.057 -22.3562 3.39655 0.0783219
117.81 -22.0645 3.38706 0.107
118.042 -22.2085 3.38983 0.248721
118.067 -22.3249 3.39696 0.103644
118.057 -22.3562 3.39655 0.0783219
117.954 -22.1839 3.39722 0.0994946
118.042 -22.2085 3.38983 0.248721
118.042 -22.2085 3.38983 0.248721
118.067 -22.3249 3.39696 0.103644
118.057 -22.3562 3.39655 0.0783219
117.81 -22.0645 3.38706 0.107
117.954 -22.1839 3.39722 0.0994946
117.993 -22.3033 3.39776 0.0622709
117.979 -22.281 3.39688 0.0908622
117.678 -22.1405 3.38317 0.0159348
117.954 -22.1839 3.39722 0.0994946
118.042 -22.2085 3.38983 0.248721
118.067 -22.3249 3.39696 0.103644
118.067 -22.3249 3.39696 0.103644
117.979 -22.281 3.39688 0.0908622
117.954 -22.1839 3.39722 0.0994946
118.042 -22.2085 3.38983 0.248721
118.067 -22.3249 3.39696 0.103644
117.979 -22.281 3.39688 0.0908622
118.058 -22.2112 3.38622 0.060468
118.042 -22.2085 3.38983 0.248721
117.81 -22.0645 3.38706 0.107
117.993 -22.3033 3.39776 0.0622709
117.913 -22.2654 3.38505 0.0451164
118.058 -22.2112 3.38622 0.060468
