244.809 29.0269 0.0622416 0.0259361
244.776 28.809 0.0643652 0.278618
244.564 28.8432 0.0705942 0.12027
244.564 28.8432 0.0705942 0.12027
244.776 28.809 0.0643652 0.278618
244.886 28.8821 0.060053 0.0194903
244.794 28.6892 0.0643335 0.075479
244.868 28.7685 0.0642093 0.0868686
244.868 28.7685 0.0642093 0.0868686
244.613 28.947 0.0660505 0.109368
244.64 28.7917 0.063606 0.11805
244.564 28.8432 0.0705942 0.12027
244.937 28.8708 0.0627779 0.0268846
244.776 28.809 0.0643652 0.278618
244.64 28.7917 0.063606 0.11805
244.776 28.809 0.0643652 0.278618
244.776 28.809 0.0643652 0.278618
244.886 28.8821 0.060053 0.0194903
244.564 28.8432 0.0705942 0.12027
244.776 28.809 0.0643652 0.278618
244.613 28.947 0.0660505 0.109368
244.564 28.8432 0.0705942 0.12027
244.564 28.8432 0.0705942 0.12027
244.794 28.6892 0.0643335 0.075479
244.776 28.809 0.0643652 0.278618
244.776 28.809 0.0643652 0.278618
244.776 28.809 0.0643652 0.278618
244.67 28.7527 0.0738414 0.033484
244.474 28.6474 0.0695564 0.0172073
244.868 28.7685 0.0642093 0.0868686
244.564 28.8432 0.0705942 0.12027
244.794 28.6892 0.0643335 0.075479
244.868 28.7685 0.0642093 0.0868686
244.868 28.7685 0.0642093 0.0868686
244.564 28.8432 0.0705942 0.12027
244.776 28.809 0.0643652 0.278618
244.64 28.7917 0.063606 0.11805
244.64 28.7917 0.063606 0.11805
244.809 29.0269 0.0622416 0.0259361
244.776 28.809 0.0643652 0.278618
244.64 28.7917 0.063606 0.11805
244.64 28.7917 0.063606 0.11805
244.776 28.809 0.0643652 0.278618
244.868 28.7685 0.0642093 0.0868686
244.564 28.8432 0.0705942 0.12027
244.776 28.809 0.0643652 0.278618
244.886 28.8821 0.060053 0.0194903
244.794 28.6892 0.0643335 0.075479
244.868 28.7685 0.0642093 0.0868686
244.64 28.7917 0.063606 0.11805
244.776 28.809 0.0643652 0.278618
244.613 28.947 0.0660505 0.109368
244.962 28.8311 0.0656406 0.0149574
244.64 28.7917 0.063606 0.11805
244.474 28.6474 0.0695564 0.0172073
244.794 28.6892 0.0643335 0.075479
244.613 28.947 0.0660505 0.109368
244.67 28.7527 0.0738414 0.033484
244.564 28.8432 0.0705942 0.12027
244.776 28.809 0.0643652 0.278618
244.868 28.7685 0.0642093 0.0868686
244.613 28.947 0.0660505 0.109368
244.564 28.8432 0.0705942 0.12027
244.776 28.809 0.0643652 0.278618
244.962 28.8311 0.0656406 0.0149574
244.67 28.7527 0.0738414 0.033484
244.776 28.809 0.0643652 0.278618
244.776 28.809 0.0643652 0.278618
244.868 28.7685 0.0642093 0.0868686
244.868 28.7685 0.0642093 0.0868686
244.613 28.947 0.0660505 0.109368
244.67 28.7527 0.0738414 0.033484
244.564 28.8432 0.0705942 0.12027
244.776 28.809 0.0643652 0.278618
244.64 28.7917 0.063606 0.11805
244.67 28.7527 0.0738414 0.033484
244.776 28.809 0.0643652 0.278618
244.886 28.8821 0.060053 0.0194903
244.776 28.809 0.0643652 0.278618
244.776 28.809 0.0643652 0.278618
244.64 28.7917 0.063606 0.11805
244.67 28.7527 0.0738414 0.033484
244.776 28.809 0.0643652 0.278618
244.868 28.7685 0.0642093 0.0868686
244.613 28.947 0.0660505 0.109368
244.564 28.8432 0.0705942 0.12027
244.776 28.809 0.0643652 0.278618
244.776 28.809 0.0643652 0.278618
244.564 28.8432 0.0705942 0.12027
244.776 28.809 0.0643652 0.278618
244.776 28.809 0.0643652 0.278618
244.776 28.809 0.0643652 0.278618
244.868 28.7685 0.0642093 0.0868686
244.48 28.8059 0.0719415 0.0312307
244.474 28.6474 0.0695564 0.0172073
244.776 28.809 0.0643652 0.278618
244.64 28.7917 0.063606 0.11805
244.564 28.8432 0.0705942 0.12027
244.868 28.7685 0.0642093 0.0868686
244.613 28.947 0.0660505 0.109368
