278.899 12.9685 5.08756 0.0961884
278.985 12.884 5.08099 0.308239
279.1 13.0018 5.08788 0.15298
279.1 13.0018 5.08788 0.15298
279.236 12.803 5.07158 0.0140964
278.985 12.884 5.08099 0.308239
278.985 12.884 5.08099 0.308239
278.965 12.6219 5.08321 0.0222065
278.871 12.8002 5.06715 0.0149069
278.899 12.9685 5.08756 0.0961884
279.1 13.0018 5.08788 0.15298
278.881 12.9184 5.06766 0.00862945
279.175 12.6817 5.07668 0.0405611
278.862 12.9106 5.07396 0.0464763
278.985 12.884 5.08099 0.308239
278.985 12.884 5.08099 0.308239
279.236 12.803 5.07158 0.0140964
279.141 12.7133 5.07296 0.0513999
278.935 13.0667 5.07415 0.0115431
278.985 12.884 5.08099 0.308239
278.985 12.884 5.08099 0.308239
279.141 12.7133 5.07296 0.0513999
278.858 12.6974 5.07955 0.041096
278.965 12.6219 5.08321 0.0222065
278.862 12.9106 5.07396 0.0464763
278.985 12.884 5.08099 0.308239
278.985 12.884 5.08099 0.308239
279.1 13.0018 5.08788 0.15298
279.141 12.7133 5.07296 0.0513999
278.899 12.9685 5.08756 0.0961884
278.985 12.884 5.08099 0.308239
278.985 12.884 5.08099 0.308239
279.1 13.0018 5.08788 0.15298
278.871 12.8002 5.06715 0.0149069
278.862 12.9106 5.07396 0.0464763
279.1 13.0018 5.08788 0.15298
278.858 12.6974 5.07955 0.041096
279.1 13.0018 5.08788 0.15298
279.183 12.859 5.07445 0.0579593
278.829 12.8318 5.07836 0.0658605
278.935 13.0667 5.07415 0.0115431
278.985 12.884 5.08099 0.308239
278.985 12.884 5.08099 0.308239
278.985 12.884 5.08099 0.308239
279.183 12.859 5.07445 0.0579593
278.899 12.9685 5.08756 0.0961884
278.985 12.884 5.08099 0.308239
279.1 13.0018 5.08788 0.15298
279.183 12.859 5.07445 0.0579593
279.175 12.6817 5.07668 0.0405611
278.985 12.884 5.08099 0.308239
278.829 12.8318 5.07836 0.0658605
278.985 12.884 5.08099 0.308239
278.985 12.884 5.08099 0.308239
279.006 13.1393 5.07853 0.0102874
278.862 12.9106 5.07396 0.0464763
278.985 12.884 5.08099 0.308239
278.829 12.8318 5.07836 0.0658605
278.985 12.884 5.08099 0.308239
278.985 12.884 5.08099 0.308239
279.1 13.0018 5.08788 0.15298
278.829 12.8318 5.07836 0.0658605
279.175 12.6817 5.07668 0.0405611
278.985 12.884 5.08099 0.308239
278.987 12.8978 5.06684 0.0137031
279.175 12.6817 5.07668 0.0405611
278.985 12.884 5.08099 0.308239
278.985 12.884 5.08099 0.308239
279.141 12.7133 5.07296 0.0513999
278.985 12.884 5.08099 0.308239
279.175 12.6817 5.07668 0.0405611
278.862 12.9106 5.07396 0.0464763
278.985 12.884 5.08099 0.308239
279.11 12.6698 5.0571 0.00018776
278.965 12.6219 5.08321 0.0222065
279.1 13.0018 5.08788 0.15298
278.682 12.8124 5.08426 0.00202676
278.985 12.884 5.08099 0.308239
279.1 13.0018 5.08788 0.15298
279.236 12.803 5.07158 0.0140964
278.862 12.9106 5.07396 0.0464763
279.1 13.0018 5.08788 0.15298
278.899 12.9685 5.08756 0.0961884
278.899 12.9685 5.08756 0.0961884
279.006 13.1393 5.07853 0.0102874
278.858 12.6974 5.07955 0.041096
278.862 12.9106 5.07396 0.0464763
278.985 12.884 5.08099 0.308239
279.183 12.859 5.07445 0.0579593
278.985 12.884 5.08099 0.308239
278.829 12.8318 5.07836 0.0658605
279.141 12.7133 5.07296 0.0513999
278.985 12.884 5.08099 0.308239
278.985 12.884 5.08099 0.308239
278.985 12.884 5.08099 0.308239
278.829 12.8318 5.07836 0.0658605
278.829 12.8318 5.07836 0.0658605
278.985 12.884 5.08099 0.308239
279.1 13.0018 5.08788 0.15298
278.825 12.8402 5.06065 0.00048946
