126.483 -20.1804 3.37368 0.0396851
126.408 -20.2627 3.37913 0.155776
126.395 -20.3283 3.38089 0.124976
126.44 -19.9686 3.37668 0.00207726
126.603 -20.2667 3.38211 0.184178
126.408 -20.2627 3.37913 0.155776
126.408 -20.2627 3.37913 0.155776
126.395 -20.3283 3.38089 0.124976
126.395 -20.3283 3.38089 0.124976
126.676 -20.2748 3.37394 0.0153569
126.253 -20.1803 3.37468 0.0152472
126.603 -20.2667 3.38211 0.184178
126.408 -20.2627 3.37913 0.155776
126.386 -20.6541 3.38135 0.0055949
126.253 -20.1803 3.37468 0.0152472
126.603 -20.2667 3.38211 0.184178
126.408 -20.2627 3.37913 0.155776
126.408 -20.2627 3.37913 0.155776
126.395 -20.3283 3.38089 0.124976
126.462 -20.064 3.37997 0.0159231
126.603 -20.2667 3.38211 0.184178
126.443 -20.0768 3.37902 0.0210111
126.408 -20.2627 3.37913 0.155776
126.395 -20.3283 3.38089 0.124976
126.44 -20.2497 3.37932 0.175326
126.447 -20.0254 3.37204 0.00185066
126.483 -20.1804 3.37368 0.0396851
126.483 -20.1804 3.37368 0.0396851
126.483 -20.1804 3.37368 0.0396851
126.408 -20.2627 3.37913 0.155776
126.395 -20.3283 3.38089 0.124976
126.44 -20.2497 3.37932 0.175326
126.44 -20.2497 3.37932 0.175326
126.603 -20.2667 3.38211 0.184178
126.408 -20.2627 3.37913 0.155776
126.44 -20.2497 3.37932 0.175326
126.44 -20.2497 3.37932 0.175326
126.835 -20.3364 3.38208 0.0263553
126.603 -20.2667 3.38211 0.184178
126.408 -20.2627 3.37913 0.155776
126.44 -20.2497 3.37932 0.175326
126.44 -20.2497 3.37932 0.175326
126.603 -20.2667 3.38211 0.184178
126.376 -20.11 3.37845 0.02415
126.443 -20.0768 3.37902 0.0210111
126.395 -20.3283 3.38089 0.124976
126.44 -20.2497 3.37932 0.175326
126.603 -20.2667 3.38211 0.184178
126.457 -20.1342 3.37504 0.0389566
126.443 -20.0768 3.37902 0.0210111
126.395 -20.3283 3.38089 0.124976
126.44 -20.2497 3.37932 0.175326
126.457 -20.1342 3.37504 0.0389566
126.395 -20.3283 3.38089 0.124976
126.44 -20.2497 3.37932 0.175326
126.603 -20.2667 3.38211 0.184178
126.644 -20.4084 3.38571 0.0743117
126.443 -20.0768 3.37902 0.0210111
126.395 -20.3283 3.38089 0.124976
126.253 -20.1803 3.37468 0.0152472
126.457 -20.1342 3.37504 0.0389566
126.395 -20.3283 3.38089 0.124976
126.395 -20.3283 3.38089 0.124976
126.835 -20.3364 3.38208 0.0263553
126.644 -20.4084 3.38571 0.0743117
126.408 -20.2627 3.37913 0.155776
126.408 -20.2627 3.37913 0.155776
126.395 -20.3283 3.38089 0.124976
126.44 -20.2497 3.37932 0.175326
126.603 -20.2667 3.38211 0.184178
126.603 -20.2667 3.38211 0.184178
126.483 -20.1804 3.37368 0.0396851
126.644 -20.4084 3.38571 0.0743117
126.395 -20.3283 3.38089 0.124976
126.44 -20.2497 3.37932 0.175326
126.603 -20.2667 3.38211 0.184178
126.644 -20.4084 3.38571 0.0743117
126.395 -20.3283 3.38089 0.124976
126.44 -19.9686 3.37668 0.00207726
126.603 -20.2667 3.38211 0.184178
126.443 -20.0768 3.37902 0.0210111
126.395 -20.3283 3.38089 0.124976
126.258 -20.1887 3.38313 0.00174755
126.44 -20.2497 3.37932 0.175326
126.44 -20.2497 3.37932 0.175326
126.419 -20.6604 3.37568 0.00571058
126.408 -20.2627 3.37913 0.155776
126.395 -20.3283 3.38089 0.124976
126.44 -20.2497 3.37932 0.175326
126.603 -20.2667 3.38211 0.184178
126.644 -20.4084 3.38571 0.0743117
126.395 -20.3283 3.38089 0.124976
126.395 -20.3283 3.38089 0.124976
126.44 -20.2497 3.37932 0.175326
126.603 -20.2667 3.38211 0.184178
126.483 -20.1804 3.37368 0.0396851
126.408 -20.2627 3.37913 0.155776
126.408 -20.2627 3.37913 0.155776
126.44 -20.2497 3.37932 0.175326
126.603 -20.2667 3.38211 0.184178
