20.6344 8.42069 0.214212 0.249585
20.6344 8.42069 0.214212 0.249585
20.6344 8.42069 0.214212 0.249585
20.5307 8.49878 0.215519 0.190716
20.6344 8.42069 0.214212 0.249585
20.6344 8.42069 0.214212 0.249585
20.8545 8.30208 0.210833 0.0104467
20.8372 8.44532 0.21867 0.0244639
20.5867 8.51246 0.214405 0.247216
20.5867 8.51246 0.214405 0.247216
20.6344 8.42069 0.214212 0.249585
20.5307 8.49878 0.215519 0.190716
20.5867 8.51246 0.214405 0.247216
20.5867 8.51246 0.214405 0.247216
20.7087 8.43233 0.208663 0.0262957
20.5307 8.49878 0.215519 0.190716
20.6344 8.42069 0.214212 0.249585
20.6344 8.42069 0.214212 0.249585
20.5307 8.49878 0.215519 0.190716
20.5867 8.51246 0.214405 0.247216
20.6344 8.42069 0.214212 0.249585
20.7948 8.44208 0.21503 0.174356
20.7358 8.44748 0.221369 0.0381057
20.6344 8.42069 0.214212 0.249585
20.7948 8.44208 0.21503 0.174356
20.5307 8.49878 0.215519 0.190716
20.5867 8.51246 0.214405 0.247216
20.5867 8.51246 0.214405 0.247216
20.6344 8.42069 0.214212 0.249585
20.5307 8.49878 0.215519 0.190716
20.7358 8.44748 0.221369 0.0381057
20.5867 8.51246 0.214405 0.247216
20.6344 8.42069 0.214212 0.249585
20.5307 8.49878 0.215519 0.190716
20.5867 8.51246 0.214405 0.247216
20.6344 8.42069 0.214212 0.249585
20.5307 8.49878 0.215519 0.190716
20.5307 8.49878 0.215519 0.190716
20.5867 8.51246 0.214405 0.247216
20.7948 8.44208 0.21503 0.174356
20.9343 8.31687 0.208191 0.00225207
20.6344 8.42069 0.214212 0.249585
20.6344 8.42069 0.214212 0.249585
20.7358 8.44748 0.221369 0.0381057
20.6344 8.42069 0.214212 0.249585
20.7948 8.44208 0.21503 0.174356
20.7948 8.44208 0.21503 0.174356
20.5307 8.49878 0.215519 0.190716
20.5307 8.49878 0.215519 0.190716
20.6344 8.42069 0.214212 0.249585
20.7948 8.44208 0.21503 0.174356
20.5307 8.49878 0.215519 0.190716
20.5867 8.51246 0.214405 0.247216
20.6344 8.42069 0.214212 0.249585
20.6344 8.42069 0.214212 0.249585
20.5307 8.49878 0.215519 0.190716
20.5867 8.51246 0.214405 0.247216
20.6344 8.42069 0.214212 0.249585
20.6344 8.42069 0.214212 0.249585
20.5307 8.49878 0.215519 0.190716
20.5307 8.49878 0.215519 0.190716
20.5867 8.51246 0.214405 0.247216
20.6344 8.42069 0.214212 0.249585
20.6344 8.42069 0.214212 0.249585
20.7948 8.44208 0.21503 0.174356
20.5867 8.51246 0.214405 0.247216
20.5867 8.51246 0.214405 0.247216
20.7948 8.44208 0.21503 0.174356
20.5307 8.49878 0.215519 0.190716
20.5307 8.49878 0.215519 0.190716
20.9346 8.37702 0.213598 0.00981433
20.6344 8.42069 0.214212 0.249585
20.5307 8.49878 0.215519 0.190716
20.5867 8.51246 0.214405 0.247216
20.7948 8.44208 0.21503 0.174356
20.5307 8.49878 0.215519 0.190716
20.9346 8.37702 0.213598 0.00981433
20.6344 8.42069 0.214212 0.249585
20.6344 8.42069 0.214212 0.249585
20.5307 8.49878 0.215519 0.190716
20.5307 8.49878 0.215519 0.190716
20.8372 8.44532 0.21867 0.0244639
20.5867 8.51246 0.214405 0.247216
20.6344 8.42069 0.214212 0.249585
20.7948 8.44208 0.21503 0.174356
20.7948 8.44208 0.21503 0.174356
20.5867 8.51246 0.214405 0.247216
20.5867 8.51246 0.214405 0.247216
20.7087 8.43233 0.208663 0.0262957
20.8545 8.30208 0.210833 0.0104467
20.5867 8.51246 0.214405 0.247216
20.6344 8.42069 0.214212 0.249585
20.5307 8.49878 0.215519 0.190716
20.5867 8.51246 0.214405 0.247216
20.6344 8.42069 0.214212 0.249585
20.6344 8.42069 0.214212 0.249585
20.7948 8.44208 0.21503 0.174356
20.5307 8.49878 0.215519 0.190716
20.5307 8.49878 0.215519 0.190716
20.8372 8.44532 0.21867 0.0244639
