197.561 24.7979 0.0737558 0.209705
197.561 24.7979 0.0737558 0.209705
197.574 24.7697 0.0743799 0.201668
197.659 24.73 0.0716547 0.239919
197.561 24.7979 0.0737558 0.209705
197.566 24.5641 0.0672551 0.0588969
197.659 24.73 0.0716547 0.239919
197.719 24.5514 0.0706244 0.0438241
197.719 24.5514 0.0706244 0.0438241
197.561 24.7979 0.0737558 0.209705
197.574 24.7697 0.0743799 0.201668
197.659 24.73 0.0716547 0.239919
197.574 24.7697 0.0743799 0.201668
197.763 24.7163 0.0643111 0.0234367
197.659 24.73 0.0716547 0.239919
197.561 24.7979 0.0737558 0.209705
197.574 24.7697 0.0743799 0.201668
197.659 24.73 0.0716547 0.239919
197.561 24.7979 0.0737558 0.209705
197.574 24.7697 0.0743799 0.201668
197.823 24.779 0.0737273 0.0118679
197.566 24.5641 0.0672551 0.0588969
197.566 24.5641 0.0672551 0.0588969
197.719 24.5514 0.0706244 0.0438241
197.496 24.5637 0.0671336 0.0293488
197.619 24.5779 0.0653209 0.0409664
197.659 24.73 0.0716547 0.239919
197.561 24.7979 0.0737558 0.209705
197.377 24.7648 0.0735453 0.0484709
197.561 24.7979 0.0737558 0.209705
197.574 24.7697 0.0743799 0.201668
197.574 24.7697 0.0743799 0.201668
197.659 24.73 0.0716547 0.239919
197.561 24.7979 0.0737558 0.209705
197.619 24.5779 0.0653209 0.0409664
197.659 24.73 0.0716547 0.239919
197.561 24.7979 0.0737558 0.209705
197.312 24.6457 0.0814074 0.000433217
197.574 24.7697 0.0743799 0.201668
197.659 24.73 0.0716547 0.239919
197.561 24.7979 0.0737558 0.209705
197.619 24.5779 0.0653209 0.0409664
197.756 24.4854 0.071415 0.00680535
197.561 24.7979 0.0737558 0.209705
197.574 24.7697 0.0743799 0.201668
197.659 24.73 0.0716547 0.239919
197.502 24.5728 0.0759307 0.0249186
197.574 24.7697 0.0743799 0.201668
197.659 24.73 0.0716547 0.239919
197.659 24.73 0.0716547 0.239919
197.496 24.5637 0.0671336 0.0293488
197.574 24.7697 0.0743799 0.201668
197.374 24.7558 0.0696086 0.0212703
197.823 24.779 0.0737273 0.0118679
197.659 24.73 0.0716547 0.239919
197.561 24.7979 0.0737558 0.209705
197.574 24.7697 0.0743799 0.201668
197.619 24.5779 0.0653209 0.0409664
197.561 24.7979 0.0737558 0.209705
197.561 24.7979 0.0737558 0.209705
197.574 24.7697 0.0743799 0.201668
197.574 24.7697 0.0743799 0.201668
197.659 24.73 0.0716547 0.239919
197.561 24.7979 0.0737558 0.209705
197.566 24.5641 0.0672551 0.0588969
197.659 24.73 0.0716547 0.239919
197.561 24.7979 0.0737558 0.209705
197.561 24.7979 0.0737558 0.209705
197.374 24.7558 0.0696086 0.0212703
197.566 24.5641 0.0672551 0.0588969
197.659 24.73 0.0716547 0.239919
197.561 24.7979 0.0737558 0.209705
197.496 24.5637 0.0671336 0.0293488
197.306 24.7172 0.0743485 0.0116877
197.607 25.0098 0.0672913 0.00177616
197.561 24.7979 0.0737558 0.209705
197.574 24.7697 0.0743799 0.201668
197.374 24.7558 0.0696086 0.0212703
197.619 24.5779 0.0653209 0.0409664
197.659 24.73 0.0716547 0.239919
197.574 24.7697 0.0743799 0.201668
197.763 24.7163 0.0643111 0.0234367
197.659 24.73 0.0716547 0.239919
197.574 24.7697 0.0743799 0.201668
197.574 24.7697 0.0743799 0.201668
197.619 24.5779 0.0653209 0.0409664
197.561 24.7979 0.0737558 0.209705
197.561 24.7979 0.0737558 0.209705
197.619 24.5779 0.0653209 0.0409664
197.659 24.73 0.0716547 0.239919
197.561 24.7979 0.0737558 0.209705
197.566 24.5641 0.0672551 0.0588969
197.659 24.73 0.0716547 0.239919
197.659 24.73 0.0716547 0.239919
197.496 24.5637 0.0671336 0.0293488
197.574 24.7697 0.0743799 0.201668
197.763 24.7163 0.0643111 0.0234367
197.659 24.73 0.0716547 0.239919
197.502 24.5728 0.0759307 0.0249186
197.719 24.5514 0.0706244 0.0438241
