161.807 -12.8387 3.28078 0.036076
162.047 -12.7627 3.29216 0.0727422
162.045 -12.8945 3.29108 0.197969
161.883 -13.0115 3.2851 0.0954223
162.059 -12.9497 3.29074 0.189316
161.807 -12.8387 3.28078 0.036076
161.996 -12.7963 3.29019 0.131321
162.045 -12.8945 3.29108 0.197969
162.059 -12.9497 3.29074 0.189316
162.059 -12.9497 3.29074 0.189316
162.047 -12.7627 3.29216 0.0727422
162.045 -12.8945 3.29108 0.197969
162.045 -12.8945 3.29108 0.197969
162.059 -12.9497 3.29074 0.189316
161.821 -12.8144 3.2917 0.0459835
161.801 -12.8375 3.28724 0.115792
162.045 -12.8945 3.29108 0.197969
162.045 -12.8945 3.29108 0.197969
162.059 -12.9497 3.29074 0.189316
161.855 -13.2387 3.28286 0.00129374
161.801 -12.8375 3.28724 0.115792
162.045 -12.8945 3.29108 0.197969
162.059 -12.9497 3.29074 0.189316
162.059 -12.9497 3.29074 0.189316
161.839 -13.2137 3.28836 0.00913127
162.045 -12.8945 3.29108 0.197969
162.045 -12.8945 3.29108 0.197969
162.059 -12.9497 3.29074 0.189316
162.059 -12.9497 3.29074 0.189316
161.996 -12.7963 3.29019 0.131321
162.045 -12.8945 3.29108 0.197969
161.883 -13.0115 3.2851 0.0954223
162.059 -12.9497 3.29074 0.189316
161.821 -12.8144 3.2917 0.0459835
162.171 -13.1494 3.29626 0.023328
162.047 -12.7627 3.29216 0.0727422
162.047 -12.7627 3.29216 0.0727422
161.801 -12.8375 3.28724 0.115792
162.045 -12.8945 3.29108 0.197969
162.059 -12.9497 3.29074 0.189316
161.821 -12.8144 3.2917 0.0459835
161.996 -12.7963 3.29019 0.131321
161.801 -12.8375 3.28724 0.115792
162.045 -12.8945 3.29108 0.197969
162.059 -12.9497 3.29074 0.189316
161.829 -12.7344 3.29094 0.0282513
161.996 -12.7963 3.29019 0.131321
162.045 -12.8945 3.29108 0.197969
162.059 -12.9497 3.29074 0.189316
162.171 -13.1494 3.29626 0.023328
161.801 -12.8375 3.28724 0.115792
161.801 -12.8375 3.28724 0.115792
161.883 -13.0115 3.2851 0.0954223
161.883 -13.0115 3.2851 0.0954223
161.821 -12.8144 3.2917 0.0459835
161.996 -12.7963 3.29019 0.131321
162.045 -12.8945 3.29108 0.197969
162.059 -12.9497 3.29074 0.189316
161.996 -12.7963 3.29019 0.131321
161.996 -12.7963 3.29019 0.131321
162.045 -12.8945 3.29108 0.197969
161.883 -13.0115 3.2851 0.0954223
162.059 -12.9497 3.29074 0.189316
161.821 -12.8144 3.2917 0.0459835
161.658 -13.13 3.28281 0.00472667
161.996 -12.7963 3.29019 0.131321
161.801 -12.8375 3.28724 0.115792
162.059 -12.9497 3.29074 0.189316
162.059 -12.9497 3.29074 0.189316
161.807 -12.8387 3.28078 0.036076
161.996 -12.7963 3.29019 0.131321
161.996 -12.7963 3.29019 0.131321
162.045 -12.8945 3.29108 0.197969
162.059 -12.9497 3.29074 0.189316
161.839 -13.2137 3.28836 0.00913127
162.047 -12.7627 3.29216 0.0727422
162.047 -12.7627 3.29216 0.0727422
161.801 -12.8375 3.28724 0.115792
162.045 -12.8945 3.29108 0.197969
162.045 -12.8945 3.29108 0.197969
161.883 -13.0115 3.2851 0.0954223
161.883 -13.0115 3.2851 0.0954223
161.807 -12.8387 3.28078 0.036076
161.839 -13.2137 3.28836 0.00913127
161.801 -12.8375 3.28724 0.115792
162.045 -12.8945 3.29108 0.197969
162.059 -12.9497 3.29074 0.189316
161.996 -12.7963 3.29019 0.131321
162.045 -12.8945 3.29108 0.197969
161.829 -12.7344 3.29094 0.0282513
161.996 -12.7963 3.29019 0.131321
161.801 -12.8375 3.28724 0.115792
161.883 -13.0115 3.2851 0.0954223
162.171 -13.1494 3.29626 0.023328
161.996 -12.7963 3.29019 0.131321
161.996 -12.7963 3.29019 0.131321
162.045 -12.8945 3.29108 0.197969
162.059 -12.9497 3.29074 0.189316
162.171 -13.1494 3.29626 0.023328
162.047 -12.7627 3.29216 0.0727422
