80.564 17.0015 0.109157 0.041789
80.4334 17.5407 0.109798 0.00553073
80.4089 17.4414 0.103858 0.0373711
80.4331 17.1483 0.104536 0.18816
80.3962 17.0619 0.108938 0.0944294
80.5317 17.0412 0.101726 0.0601506
80.5998 17.0966 0.105552 0.10323
80.2731 17.2334 0.0978175 0.00854776
80.4331 17.1483 0.104536 0.18816
80.4331 17.1483 0.104536 0.18816
80.4331 17.1483 0.104536 0.18816
80.466 16.9138 0.107226 0.0220241
80.7613 17.1773 0.0995827 0.00951422
80.4331 17.1483 0.104536 0.18816
80.4331 17.1483 0.104536 0.18816
80.564 17.0015 0.109157 0.041789
80.7734 17.0324 0.110512 0.00331237
80.5998 17.0966 0.105552 0.10323
80.5172 17.0155 0.105869 0.0805162
80.5172 17.0155 0.105869 0.0805162
80.3828 17.1125 0.116427 0.00816913
80.4331 17.1483 0.104536 0.18816
80.0862 17.3937 0.103718 0.00106232
80.5172 17.0155 0.105869 0.0805162
80.5172 17.0155 0.105869 0.0805162
80.4331 17.1483 0.104536 0.18816
80.4331 17.1483 0.104536 0.18816
80.6027 17.3786 0.101592 0.0402727
80.3962 17.0619 0.108938 0.0944294
80.5998 17.0966 0.105552 0.10323
80.5172 17.0155 0.105869 0.0805162
80.5971 17.2556 0.0991357 0.043636
80.6027 17.3786 0.101592 0.0402727
80.564 17.0015 0.109157 0.041789
80.5317 17.0412 0.101726 0.0601506
80.5998 17.0966 0.105552 0.10323
80.5185 16.8895 0.112948 0.00371094
80.4331 17.1483 0.104536 0.18816
80.4331 17.1483 0.104536 0.18816
80.4331 17.1483 0.104536 0.18816
80.3962 17.0619 0.108938 0.0944294
80.4089 17.4414 0.103858 0.0373711
80.3871 17.0347 0.105671 0.0857742
80.564 17.0015 0.109157 0.041789
80.5998 17.0966 0.105552 0.10323
80.4089 17.4414 0.103858 0.0373711
80.4331 17.1483 0.104536 0.18816
80.8333 17.3721 0.107694 0.00196141
80.6705 17.0158 0.103652 0.0255832
80.6765 16.94 0.106375 0.00989972
80.4331 17.1483 0.104536 0.18816
80.4547 16.9049 0.103826 0.0162528
80.5317 17.0412 0.101726 0.0601506
80.4089 17.4414 0.103858 0.0373711
80.4331 17.1483 0.104536 0.18816
80.7734 17.0324 0.110512 0.00331237
80.5172 17.0155 0.105869 0.0805162
80.5971 17.2556 0.0991357 0.043636
80.6027 17.3786 0.101592 0.0402727
80.564 17.0015 0.109157 0.041789
80.5998 17.0966 0.105552 0.10323
80.4089 17.4414 0.103858 0.0373711
80.6932 16.9411 0.108268 0.00668945
80.4331 17.1483 0.104536 0.18816
80.3962 17.0619 0.108938 0.0944294
80.0862 17.3937 0.103718 0.00106232
80.6705 17.0158 0.103652 0.0255832
80.6705 17.0158 0.103652 0.0255832
80.5317 17.0412 0.101726 0.0601506
80.5317 17.0412 0.101726 0.0601506
80.5317 17.0412 0.101726 0.0601506
80.7666 17.2043 0.09854 0.00641132
80.4331 17.1483 0.104536 0.18816
80.3269 17.3162 0.0993428 0.0227925
80.5476 17.5767 0.105503 0.00390936
80.3871 17.0347 0.105671 0.0857742
80.6027 17.3786 0.101592 0.0402727
80.3962 17.0619 0.108938 0.0944294
80.5998 17.0966 0.105552 0.10323
80.5998 17.0966 0.105552 0.10323
80.5971 17.2556 0.0991357 0.043636
80.4331 17.1483 0.104536 0.18816
80.3962 17.0619 0.108938 0.0944294
80.5317 17.0412 0.101726 0.0601506
80.5971 17.2556 0.0991357 0.043636
80.3871 17.0347 0.105671 0.0857742
80.6027 17.3786 0.101592 0.0402727
80.3962 17.0619 0.108938 0.0944294
80.5998 17.0966 0.105552 0.10323
80.6765 16.94 0.106375 0.00989972
80.4331 17.1483 0.104536 0.18816
80.3269 17.3162 0.0993428 0.0227925
80.5998 17.0966 0.105552 0.10323
80.5172 17.0155 0.105869 0.0805162
80.5172 17.0155 0.105869 0.0805162
80.3871 17.0347 0.105671 0.0857742
80.4331 17.1483 0.104536 0.18816
80.8227 17.3815 0.10512 0.00297939
80.5317 17.0412 0.101726 0.0601506
80.5998 17.0966 0.105552 0.10323
