107.679 17.8245 0.0705759 0.336324
107.679 17.8245 0.0705759 0.336324
107.6 17.7355 0.0652838 0.0848749
107.601 17.7339 0.064591 0.0563202
107.679 17.8245 0.0705759 0.336324
107.601 17.7339 0.064591 0.0563202
107.679 17.8245 0.0705759 0.336324
107.502 17.9131 0.0691341 0.147348
107.76 17.9411 0.071953 0.054165
107.679 17.8245 0.0705759 0.336324
107.502 17.9131 0.0691341 0.147348
107.76 17.9411 0.071953 0.054165
107.53 17.5418 0.067774 0.0442745
107.679 17.8245 0.0705759 0.336324
107.6 17.7355 0.0652838 0.0848749
107.657 17.9674 0.063822 0.0108435
107.394 17.6056 0.0787686 0.0642546
107.679 17.8245 0.0705759 0.336324
107.394 17.6056 0.0787686 0.0642546
107.394 17.6056 0.0787686 0.0642546
107.679 17.8245 0.0705759 0.336324
107.679 17.8245 0.0705759 0.336324
107.679 17.8245 0.0705759 0.336324
107.53 17.5418 0.067774 0.0442745
107.626 17.9746 0.0710197 0.108593
107.679 17.8245 0.0705759 0.336324
107.76 17.9411 0.071953 0.054165
107.679 17.8245 0.0705759 0.336324
107.6 17.7355 0.0652838 0.0848749
107.626 17.9746 0.0710197 0.108593
107.601 17.7339 0.064591 0.0563202
107.626 17.9746 0.0710197 0.108593
107.679 17.8245 0.0705759 0.336324
107.502 17.9131 0.0691341 0.147348
107.679 17.8245 0.0705759 0.336324
107.679 17.8245 0.0705759 0.336324
107.679 17.8245 0.0705759 0.336324
107.679 17.8245 0.0705759 0.336324
107.502 17.9131 0.0691341 0.147348
107.679 17.8245 0.0705759 0.336324
107.679 17.8245 0.0705759 0.336324
107.679 17.8245 0.0705759 0.336324
107.6 17.7355 0.0652838 0.0848749
107.073 17.6338 0.0767622 0.000339738
107.679 17.8245 0.0705759 0.336324
107.502 17.9131 0.0691341 0.147348
107.394 17.6056 0.0787686 0.0642546
107.679 17.8245 0.0705759 0.336324
107.679 17.8245 0.0705759 0.336324
107.679 17.8245 0.0705759 0.336324
107.502 17.9131 0.0691341 0.147348
107.916 17.7082 0.067648 0.00951388
107.679 17.8245 0.0705759 0.336324
107.53 17.5418 0.067774 0.0442745
107.626 17.9746 0.0710197 0.108593
107.679 17.8245 0.0705759 0.336324
107.679 17.8245 0.0705759 0.336324
107.679 17.8245 0.0705759 0.336324
107.502 17.9131 0.0691341 0.147348
107.502 17.9131 0.0691341 0.147348
107.657 17.9674 0.063822 0.0108435
107.679 17.8245 0.0705759 0.336324
107.502 17.9131 0.0691341 0.147348
107.502 17.9131 0.0691341 0.147348
107.7 17.7949 0.0634171 0.0263957
107.679 17.8245 0.0705759 0.336324
107.679 17.8245 0.0705759 0.336324
107.6 17.7355 0.0652838 0.0848749
107.502 17.9131 0.0691341 0.147348
107.679 17.8245 0.0705759 0.336324
107.53 17.5418 0.067774 0.0442745
107.53 17.5418 0.067774 0.0442745
107.6 17.7355 0.0652838 0.0848749
107.394 17.6056 0.0787686 0.0642546
107.6 17.7355 0.0652838 0.0848749
107.502 17.9131 0.0691341 0.147348
107.626 17.9746 0.0710197 0.108593
107.6 17.7355 0.0652838 0.0848749
107.502 17.9131 0.0691341 0.147348
107.679 17.8245 0.0705759 0.336324
107.679 17.8245 0.0705759 0.336324
107.53 17.5418 0.067774 0.0442745
107.53 17.5418 0.067774 0.0442745
107.626 17.9746 0.0710197 0.108593
107.601 17.7339 0.064591 0.0563202
107.626 17.9746 0.0710197 0.108593
107.502 17.9131 0.0691341 0.147348
107.679 17.8245 0.0705759 0.336324
107.679 17.8245 0.0705759 0.336324
107.6 17.7355 0.0652838 0.0848749
107.76 17.9411 0.071953 0.054165
107.594 17.9951 0.0808849 0.00311593
107.53 17.5418 0.067774 0.0442745
107.626 17.9746 0.0710197 0.108593
107.6 17.7355 0.0652838 0.0848749
107.626 17.9746 0.0710197 0.108593
107.679 17.8245 0.0705759 0.336324
107.601 17.7339 0.064591 0.0563202
107.219 17.8128 0.0754345 0.016723
107.679 17.8245 0.0705759 0.336324
