91.2982 -31.4785 3.5451 0.169285
91.2982 -31.4785 3.5451 0.169285
91.2873 -31.497 3.54453 0.189094
91.179 -31.4067 3.54078 0.038072
91.1101 -31.3881 3.54558 0.05319
91.0356 -31.5105 3.54131 0.0354772
91.2982 -31.4785 3.5451 0.169285
91.239 -31.4974 3.5454 0.200321
91.179 -31.4067 3.54078 0.038072
91.2799 -31.3277 3.54545 0.0452591
91.3204 -31.5194 3.5486 0.062334
91.3204 -31.5194 3.5486 0.062334
91.239 -31.4974 3.5454 0.200321
91.1504 -31.6329 3.54674 0.05704
91.0356 -31.5105 3.54131 0.0354772
91.2982 -31.4785 3.5451 0.169285
91.239 -31.4974 3.5454 0.200321
91.4017 -31.5691 3.54857 0.0258357
91.3305 -31.4951 3.54963 0.0363289
91.3305 -31.4951 3.54963 0.0363289
91.239 -31.4974 3.5454 0.200321
91.2873 -31.497 3.54453 0.189094
91.2414 -31.6392 3.53895 0.0454649
91.2799 -31.3277 3.54545 0.0452591
91.2982 -31.4785 3.5451 0.169285
91.239 -31.4974 3.5454 0.200321
91.2873 -31.497 3.54453 0.189094
91.2873 -31.497 3.54453 0.189094
91.2873 -31.497 3.54453 0.189094
91.3204 -31.5194 3.5486 0.062334
91.2982 -31.4785 3.5451 0.169285
91.239 -31.4974 3.5454 0.200321
91.4017 -31.5691 3.54857 0.0258357
91.1101 -31.3881 3.54558 0.05319
91.1101 -31.3881 3.54558 0.05319
91.239 -31.4974 3.5454 0.200321
91.239 -31.4974 3.5454 0.200321
91.2873 -31.497 3.54453 0.189094
91.2799 -31.3277 3.54545 0.0452591
91.239 -31.4974 3.5454 0.200321
91.2873 -31.497 3.54453 0.189094
91.1504 -31.6329 3.54674 0.05704
91.3204 -31.5194 3.5486 0.062334
91.239 -31.4974 3.5454 0.200321
91.4017 -31.5691 3.54857 0.0258357
91.3305 -31.4951 3.54963 0.0363289
91.2982 -31.4785 3.5451 0.169285
91.2982 -31.4785 3.5451 0.169285
91.2873 -31.497 3.54453 0.189094
91.1101 -31.3881 3.54558 0.05319
91.2982 -31.4785 3.5451 0.169285
91.239 -31.4974 3.5454 0.200321
91.2873 -31.497 3.54453 0.189094
91.2873 -31.497 3.54453 0.189094
90.9734 -31.4971 3.5421 0.0141567
91.179 -31.4067 3.54078 0.038072
91.1101 -31.3881 3.54558 0.05319
91.2982 -31.4785 3.5451 0.169285
91.2982 -31.4785 3.5451 0.169285
91.2873 -31.497 3.54453 0.189094
91.1101 -31.3881 3.54558 0.05319
91.2982 -31.4785 3.5451 0.169285
91.2982 -31.4785 3.5451 0.169285
91.239 -31.4974 3.5454 0.200321
91.2873 -31.497 3.54453 0.189094
91.2414 -31.6392 3.53895 0.0454649
91.2982 -31.4785 3.5451 0.169285
91.239 -31.4974 3.5454 0.200321
91.2873 -31.497 3.54453 0.189094
91.2414 -31.6392 3.53895 0.0454649
91.179 -31.4067 3.54078 0.038072
91.2799 -31.3277 3.54545 0.0452591
91.239 -31.4974 3.5454 0.200321
91.2873 -31.497 3.54453 0.189094
91.2799 -31.3277 3.54545 0.0452591
91.2982 -31.4785 3.5451 0.169285
91.2873 -31.497 3.54453 0.189094
91.1101 -31.3881 3.54558 0.05319
91.1101 -31.3881 3.54558 0.05319
91.2982 -31.4785 3.5451 0.169285
91.2873 -31.497 3.54453 0.189094
91.2873 -31.497 3.54453 0.189094
91.1504 -31.6329 3.54674 0.05704
91.2414 -31.6392 3.53895 0.0454649
91.2982 -31.4785 3.5451 0.169285
91.239 -31.4974 3.5454 0.200321
91.239 -31.4974 3.5454 0.200321
91.2414 -31.6392 3.53895 0.0454649
91.0356 -31.5105 3.54131 0.0354772
91.2873 -31.497 3.54453 0.189094
91.1101 -31.3881 3.54558 0.05319
91.2799 -31.3277 3.54545 0.0452591
91.2982 -31.4785 3.5451 0.169285
91.2873 -31.497 3.54453 0.189094
91.2873 -31.497 3.54453 0.189094
91.1101 -31.3881 3.54558 0.05319
91.3204 -31.5194 3.5486 0.062334
91.239 -31.4974 3.5454 0.200321
91.1504 -31.6329 3.54674 0.05704
91.179 -31.4067 3.54078 0.038072
