41.6606 12.0139 0.155526 0.216214
41.6606 12.0139 0.155526 0.216214
41.6606 12.0139 0.155526 0.216214
41.6606 12.0139 0.155526 0.216214
41.8544 11.8848 0.152153 0.105738
41.6588 11.9731 0.155278 0.18906
41.6588 11.9731 0.155278 0.18906
41.6606 12.0139 0.155526 0.216214
41.6914 12.0931 0.154571 0.201713
41.9961 12.2328 0.150494 0.00243879
41.6588 11.9731 0.155278 0.18906
41.6606 12.0139 0.155526 0.216214
41.6914 12.0931 0.154571 0.201713
41.6914 12.0931 0.154571 0.201713
41.6651 11.8753 0.154414 0.0767037
41.8544 11.8848 0.152153 0.105738
41.8666 11.9452 0.147642 0.0495352
41.6606 12.0139 0.155526 0.216214
41.6606 12.0139 0.155526 0.216214
41.6914 12.0931 0.154571 0.201713
41.8544 11.8848 0.152153 0.105738
41.8154 12.05 0.147637 0.0334502
41.6588 11.9731 0.155278 0.18906
41.6588 11.9731 0.155278 0.18906
41.6606 12.0139 0.155526 0.216214
41.6606 12.0139 0.155526 0.216214
41.8544 11.8848 0.152153 0.105738
41.6588 11.9731 0.155278 0.18906
41.6606 12.0139 0.155526 0.216214
41.6914 12.0931 0.154571 0.201713
41.6651 11.8753 0.154414 0.0767037
41.7296 11.8745 0.147694 0.0108398
41.6588 11.9731 0.155278 0.18906
41.6606 12.0139 0.155526 0.216214
41.6606 12.0139 0.155526 0.216214
41.8544 11.8848 0.152153 0.105738
41.8666 11.9452 0.147642 0.0495352
41.6606 12.0139 0.155526 0.216214
41.6606 12.0139 0.155526 0.216214
41.6914 12.0931 0.154571 0.201713
41.8666 11.9452 0.147642 0.0495352
41.6588 11.9731 0.155278 0.18906
41.6914 12.0931 0.154571 0.201713
41.9934 11.8757 0.149858 0.021396
41.8154 12.05 0.147637 0.0334502
41.6588 11.9731 0.155278 0.18906
41.6606 12.0139 0.155526 0.216214
41.6914 12.0931 0.154571 0.201713
41.6914 12.0931 0.154571 0.201713
41.8666 11.9452 0.147642 0.0495352
41.5978 12.0756 0.152299 0.0367003
41.6606 12.0139 0.155526 0.216214
41.6914 12.0931 0.154571 0.201713
41.6914 12.0931 0.154571 0.201713
41.8154 12.05 0.147637 0.0334502
41.6588 11.9731 0.155278 0.18906
41.6588 11.9731 0.155278 0.18906
41.6606 12.0139 0.155526 0.216214
41.7296 11.8745 0.147694 0.0108398
41.8507 11.8471 0.147827 0.0238088
41.6914 12.0931 0.154571 0.201713
41.6651 11.8753 0.154414 0.0767037
41.8544 11.8848 0.152153 0.105738
41.5978 12.0756 0.152299 0.0367003
41.6588 11.9731 0.155278 0.18906
41.6606 12.0139 0.155526 0.216214
41.6914 12.0931 0.154571 0.201713
41.8544 11.8848 0.152153 0.105738
41.7296 11.8745 0.147694 0.0108398
41.6588 11.9731 0.155278 0.18906
41.6588 11.9731 0.155278 0.18906
41.6606 12.0139 0.155526 0.216214
41.6914 12.0931 0.154571 0.201713
41.8544 11.8848 0.152153 0.105738
41.5978 12.0756 0.152299 0.0367003
41.8507 11.8471 0.147827 0.0238088
41.6606 12.0139 0.155526 0.216214
41.6651 11.8753 0.154414 0.0767037
41.7296 11.8745 0.147694 0.0108398
41.6588 11.9731 0.155278 0.18906
41.6914 12.0931 0.154571 0.201713
41.7757 12.0828 0.147771 0.0202337
41.6588 11.9731 0.155278 0.18906
41.6914 12.0931 0.154571 0.201713
41.7757 12.0828 0.147771 0.0202337
41.6606 12.0139 0.155526 0.216214
41.6606 12.0139 0.155526 0.216214
41.6914 12.0931 0.154571 0.201713
41.6914 12.0931 0.154571 0.201713
41.6651 11.8753 0.154414 0.0767037
41.6651 11.8753 0.154414 0.0767037
41.6588 11.9731 0.155278 0.18906
41.6606 12.0139 0.155526 0.216214
41.6606 12.0139 0.155526 0.216214
41.6651 11.8753 0.154414 0.0767037
41.8544 11.8848 0.152153 0.105738
41.8154 12.05 0.147637 0.0334502
41.8507 11.8471 0.147827 0.0238088
41.6606 12.0139 0.155526 0.216214
41.6651 11.8753 0.154414 0.0767037
