223.796 -13.1952 2.93352 0.130065
223.677 -13.2141 2.92875 0.0956529
223.677 -13.2141 2.92875 0.0956529
223.82 -13.4955 2.93456 0.120617
223.82 -13.4955 2.93456 0.120617
223.715 -13.3255 2.93293 0.181882
223.796 -13.1952 2.93352 0.130065
223.796 -13.1952 2.93352 0.130065
223.966 -13.0815 2.93229 0.0161847
223.82 -13.4955 2.93456 0.120617
223.715 -13.3255 2.93293 0.181882
223.796 -13.1952 2.93352 0.130065
223.796 -13.1952 2.93352 0.130065
223.677 -13.2141 2.92875 0.0956529
223.748 -13.4485 2.93049 0.139902
223.91 -13.0417 2.93836 0.00350733
223.796 -13.1952 2.93352 0.130065
223.677 -13.2141 2.92875 0.0956529
223.748 -13.4485 2.93049 0.139902
223.715 -13.3255 2.93293 0.181882
223.715 -13.3255 2.93293 0.181882
223.769 -13.1556 2.93185 0.0907313
223.677 -13.2141 2.92875 0.0956529
223.748 -13.4485 2.93049 0.139902
223.82 -13.4955 2.93456 0.120617
223.715 -13.3255 2.93293 0.181882
223.715 -13.3255 2.93293 0.181882
223.769 -13.1556 2.93185 0.0907313
223.748 -13.4485 2.93049 0.139902
223.715 -13.3255 2.93293 0.181882
223.481 -13.268 2.92664 0.016404
223.966 -13.0815 2.93229 0.0161847
223.677 -13.2141 2.92875 0.0956529
223.82 -13.4955 2.93456 0.120617
223.838 -13.1578 2.93032 0.0761475
223.715 -13.3255 2.93293 0.181882
223.883 -13.0512 2.93269 0.0170107
223.769 -13.1556 2.93185 0.0907313
223.748 -13.4485 2.93049 0.139902
223.838 -13.1578 2.93032 0.0761475
223.715 -13.3255 2.93293 0.181882
223.715 -13.3255 2.93293 0.181882
223.796 -13.1952 2.93352 0.130065
223.769 -13.1556 2.93185 0.0907313
224.032 -13.185 2.93074 0.0155764
223.82 -13.4955 2.93456 0.120617
223.82 -13.4955 2.93456 0.120617
223.82 -13.4955 2.93456 0.120617
223.715 -13.3255 2.93293 0.181882
223.715 -13.3255 2.93293 0.181882
223.796 -13.1952 2.93352 0.130065
223.796 -13.1952 2.93352 0.130065
223.677 -13.2141 2.92875 0.0956529
223.838 -13.1578 2.93032 0.0761475
223.838 -13.1578 2.93032 0.0761475
223.715 -13.3255 2.93293 0.181882
223.796 -13.1952 2.93352 0.130065
223.796 -13.1952 2.93352 0.130065
223.601 -13.1544 2.92919 0.0336102
223.966 -13.0815 2.93229 0.0161847
223.748 -13.4485 2.93049 0.139902
223.82 -13.4955 2.93456 0.120617
223.619 -13.0182 2.92789 0.00449605
223.769 -13.1556 2.93185 0.0907313
223.748 -13.4485 2.93049 0.139902
223.838 -13.1578 2.93032 0.0761475
223.796 -13.1952 2.93352 0.130065
223.796 -13.1952 2.93352 0.130065
223.677 -13.2141 2.92875 0.0956529
223.82 -13.4955 2.93456 0.120617
223.715 -13.3255 2.93293 0.181882
223.769 -13.1556 2.93185 0.0907313
223.677 -13.2141 2.92875 0.0956529
223.82 -13.4955 2.93456 0.120617
223.91 -13.0417 2.93836 0.00350733
223.715 -13.3255 2.93293 0.181882
223.769 -13.1556 2.93185 0.0907313
223.601 -13.1544 2.92919 0.0336102
223.677 -13.2141 2.92875 0.0956529
223.82 -13.4955 2.93456 0.120617
223.715 -13.3255 2.93293 0.181882
223.481 -13.268 2.92664 0.016404
223.796 -13.1952 2.93352 0.130065
223.748 -13.4485 2.93049 0.139902
223.82 -13.4955 2.93456 0.120617
223.715 -13.3255 2.93293 0.181882
223.796 -13.1952 2.93352 0.130065
223.677 -13.2141 2.92875 0.0956529
223.748 -13.4485 2.93049 0.139902
223.748 -13.4485 2.93049 0.139902
223.748 -13.4485 2.93049 0.139902
223.715 -13.3255 2.93293 0.181882
223.715 -13.3255 2.93293 0.181882
223.715 -13.3255 2.93293 0.181882
223.769 -13.1556 2.93185 0.0907313
223.769 -13.1556 2.93185 0.0907313
223.748 -13.4485 2.93049 0.139902
223.748 -13.4485 2.93049 0.139902
223.748 -13.4485 2.93049 0.139902
223.838 -13.1578 2.93032 0.0761475
