7.21039 -95.1315 3.39027 0.00456772
7.37981 -95.005 3.38668 0.0845266
7.44485 -95.2042 3.36999 0.0096053
7.227 -95.1123 3.38042 0.0879445
7.71871 -95.1396 3.38091 0.0222676
7.67296 -95.0231 3.38301 0.0404341
7.48908 -94.8714 3.38669 0.0464049
7.5039 -94.9577 3.38402 0.091708
7.32101 -95.0997 3.38587 0.0819095
7.4639 -95.0659 3.39043 0.0431447
7.35041 -94.9286 3.37811 0.0333531
7.65141 -95.027 3.38601 0.0596103
7.65141 -95.027 3.38601 0.0596103
7.3665 -95.0727 3.38588 0.105565
7.32101 -95.0997 3.38587 0.0819095
7.44485 -95.2042 3.36999 0.0096053
7.227 -95.1123 3.38042 0.0879445
7.54297 -94.9778 3.38385 0.0907178
7.51614 -95.0986 3.39336 0.0127368
7.65141 -95.027 3.38601 0.0596103
7.3665 -95.0727 3.38588 0.105565
7.6663 -94.9051 3.38117 0.0117747
7.61054 -94.9026 3.3833 0.0314181
7.44485 -95.2042 3.36999 0.0096053
7.4639 -95.0659 3.39043 0.0431447
7.54297 -94.9778 3.38385 0.0907178
7.38847 -95.035 3.39185 0.0179191
7.87459 -94.9101 3.39746 0.000555904
7.5039 -94.9577 3.38402 0.091708
7.5039 -94.9577 3.38402 0.091708
7.32101 -95.0997 3.38587 0.0819095
7.55787 -94.8172 3.39181 0.014049
7.4639 -95.0659 3.39043 0.0431447
7.227 -95.1123 3.38042 0.0879445
7.54297 -94.9778 3.38385 0.0907178
7.35041 -94.9286 3.37811 0.0333531
7.61464 -94.88 3.39021 0.0263946
7.65141 -95.027 3.38601 0.0596103
7.48908 -94.8714 3.38669 0.0464049
7.3665 -95.0727 3.38588 0.105565
7.32101 -95.0997 3.38587 0.0819095
7.37981 -95.005 3.38668 0.0845266
7.37981 -95.005 3.38668 0.0845266
7.44485 -95.2042 3.36999 0.0096053
7.54297 -94.9778 3.38385 0.0907178
7.71871 -95.1396 3.38091 0.0222676
7.61464 -94.88 3.39021 0.0263946
7.3665 -95.0727 3.38588 0.105565
7.5039 -94.9577 3.38402 0.091708
7.76293 -94.803 3.38658 0.00373088
7.32101 -95.0997 3.38587 0.0819095
7.32101 -95.0997 3.38587 0.0819095
7.54828 -94.995 3.3742 0.00682012
7.227 -95.1123 3.38042 0.0879445
7.54297 -94.9778 3.38385 0.0907178
7.54297 -94.9778 3.38385 0.0907178
7.38847 -95.035 3.39185 0.0179191
7.61464 -94.88 3.39021 0.0263946
7.65141 -95.027 3.38601 0.0596103
7.48908 -94.8714 3.38669 0.0464049
7.3665 -95.0727 3.38588 0.105565
7.32101 -95.0997 3.38587 0.0819095
7.37981 -95.005 3.38668 0.0845266
7.54828 -94.995 3.3742 0.00682012
7.4639 -95.0659 3.39043 0.0431447
7.227 -95.1123 3.38042 0.0879445
6.88475 -95.1048 3.37649 0.000711182
7.46365 -94.9841 3.37591 0.0244141
7.65141 -95.027 3.38601 0.0596103
7.65141 -95.027 3.38601 0.0596103
7.48908 -94.8714 3.38669 0.0464049
7.5039 -94.9577 3.38402 0.091708
7.37981 -95.005 3.38668 0.0845266
7.227 -95.1123 3.38042 0.0879445
7.54297 -94.9778 3.38385 0.0907178
7.35041 -94.9286 3.37811 0.0333531
7.65141 -95.027 3.38601 0.0596103
7.3665 -95.0727 3.38588 0.105565
7.3665 -95.0727 3.38588 0.105565
7.5039 -94.9577 3.38402 0.091708
7.5039 -94.9577 3.38402 0.091708
7.37981 -95.005 3.38668 0.0845266
7.227 -95.1123 3.38042 0.0879445
7.54297 -94.9778 3.38385 0.0907178
7.54297 -94.9778 3.38385 0.0907178
7.54297 -94.9778 3.38385 0.0907178
7.65141 -95.027 3.38601 0.0596103
7.48908 -94.8714 3.38669 0.0464049
7.48908 -94.8714 3.38669 0.0464049
7.3665 -95.0727 3.38588 0.105565
7.5039 -94.9577 3.38402 0.091708
7.32101 -95.0997 3.38587 0.0819095
7.4639 -95.0659 3.39043 0.0431447
7.227 -95.1123 3.38042 0.0879445
7.227 -95.1123 3.38042 0.0879445
7.35041 -94.9286 3.37811 0.0333531
7.38847 -95.035 3.39185 0.0179191
7.38847 -95.035 3.39185 0.0179191
7.46365 -94.9841 3.37591 0.0244141
7.48908 -94.8714 3.38669 0.0464049
