193.909 -10.0593 3.14408 0.137106
193.909 -10.0593 3.14408 0.137106
193.752 -10.4245 3.129 0.0132216
194.067 -10.2839 3.14543 0.180431
194.12 -10.0923 3.14758 0.0817334
193.743 -10.1461 3.14095 0.150688
193.613 -10.539 3.12999 0.0096168
193.709 -10.175 3.1373 0.199533
193.909 -10.0593 3.14408 0.137106
193.743 -10.1461 3.14095 0.150688
194.232 -10.1609 3.14646 0.0382663
194.067 -10.2839 3.14543 0.180431
193.743 -10.1461 3.14095 0.150688
194.162 -10.4046 3.13927 0.0104251
194.067 -10.2839 3.14543 0.180431
193.743 -10.1461 3.14095 0.150688
193.627 -10.4175 3.13558 0.0768285
193.709 -10.175 3.1373 0.199533
194.067 -10.2839 3.14543 0.180431
194.067 -10.2839 3.14543 0.180431
193.909 -10.0593 3.14408 0.137106
193.672 -10.0748 3.13682 0.0389906
193.709 -10.175 3.1373 0.199533
194.067 -10.2839 3.14543 0.180431
194.067 -10.2839 3.14543 0.180431
194.067 -10.2839 3.14543 0.180431
193.909 -10.0593 3.14408 0.137106
193.909 -10.0593 3.14408 0.137106
193.672 -10.0748 3.13682 0.0389906
193.709 -10.175 3.1373 0.199533
193.709 -10.175 3.1373 0.199533
194.067 -10.2839 3.14543 0.180431
193.743 -10.1461 3.14095 0.150688
194.154 -10.4888 3.13881 0.00308221
193.709 -10.175 3.1373 0.199533
193.709 -10.175 3.1373 0.199533
194.067 -10.2839 3.14543 0.180431
193.909 -10.0593 3.14408 0.137106
193.909 -10.0593 3.14408 0.137106
193.672 -10.0748 3.13682 0.0389906
193.627 -10.4175 3.13558 0.0768285
193.709 -10.175 3.1373 0.199533
194.067 -10.2839 3.14543 0.180431
193.909 -10.0593 3.14408 0.137106
193.743 -10.1461 3.14095 0.150688
194.231 -10.3228 3.1428 0.0154401
193.709 -10.175 3.1373 0.199533
194.067 -10.2839 3.14543 0.180431
194.067 -10.2839 3.14543 0.180431
193.909 -10.0593 3.14408 0.137106
193.909 -10.0593 3.14408 0.137106
193.743 -10.1461 3.14095 0.150688
194.231 -10.3228 3.1428 0.0154401
193.709 -10.175 3.1373 0.199533
193.909 -10.0593 3.14408 0.137106
193.672 -10.0748 3.13682 0.0389906
193.672 -10.0748 3.13682 0.0389906
193.709 -10.175 3.1373 0.199533
194.067 -10.2839 3.14543 0.180431
193.909 -10.0593 3.14408 0.137106
193.468 -10.1731 3.12835 0.00127888
193.613 -10.539 3.12999 0.0096168
193.709 -10.175 3.1373 0.199533
194.067 -10.2839 3.14543 0.180431
193.909 -10.0593 3.14408 0.137106
193.909 -10.0593 3.14408 0.137106
193.743 -10.1461 3.14095 0.150688
193.743 -10.1461 3.14095 0.150688
193.709 -10.175 3.1373 0.199533
193.709 -10.175 3.1373 0.199533
194.067 -10.2839 3.14543 0.180431
193.909 -10.0593 3.14408 0.137106
193.743 -10.1461 3.14095 0.150688
193.672 -10.0748 3.13682 0.0389906
193.847 -10.3146 3.14791 0.0087935
193.709 -10.175 3.1373 0.199533
193.709 -10.175 3.1373 0.199533
193.909 -10.0593 3.14408 0.137106
194.12 -10.0923 3.14758 0.0817334
193.743 -10.1461 3.14095 0.150688
194.231 -10.3228 3.1428 0.0154401
194.067 -10.2839 3.14543 0.180431
193.743 -10.1461 3.14095 0.150688
193.743 -10.1461 3.14095 0.150688
193.752 -10.4245 3.129 0.0132216
194.162 -10.4046 3.13927 0.0104251
194.067 -10.2839 3.14543 0.180431
194.067 -10.2839 3.14543 0.180431
194.067 -10.2839 3.14543 0.180431
193.743 -10.1461 3.14095 0.150688
193.627 -10.4175 3.13558 0.0768285
194.231 -10.3228 3.1428 0.0154401
193.709 -10.175 3.1373 0.199533
193.709 -10.175 3.1373 0.199533
193.909 -10.0593 3.14408 0.137106
193.743 -10.1461 3.14095 0.150688
193.847 -10.3146 3.14791 0.0087935
194.067 -10.2839 3.14543 0.180431
193.909 -10.0593 3.14408 0.137106
193.909 -10.0593 3.14408 0.137106
