-13.4343 -93.5331 2.85712 0.0979365
-13.6934 -93.6128 2.85754 0.182155
-13.6934 -93.6128 2.85754 0.182155
-13.8538 -93.4048 2.85903 0.0231617
-13.7635 -93.4593 2.85567 0.19861
-13.4508 -93.6923 2.85491 0.0417004
-13.6934 -93.6128 2.85754 0.182155
-13.8039 -93.5068 2.84654 0.0646928
-13.7635 -93.4593 2.85567 0.19861
-13.7324 -93.6956 2.84336 0.00440097
-13.7043 -93.5894 2.84509 0.0224036
-13.6934 -93.6128 2.85754 0.182155
-13.6934 -93.6128 2.85754 0.182155
-13.8039 -93.5068 2.84654 0.0646928
-13.8538 -93.4048 2.85903 0.0231617
-13.7635 -93.4593 2.85567 0.19861
-13.7635 -93.4593 2.85567 0.19861
-13.6934 -93.6128 2.85754 0.182155
-13.6934 -93.6128 2.85754 0.182155
-13.7635 -93.4593 2.85567 0.19861
-13.7635 -93.4593 2.85567 0.19861
-13.7713 -93.8175 2.85445 0.0207199
-13.8146 -93.3589 2.8495 0.0726972
-13.6934 -93.6128 2.85754 0.182155
-13.6934 -93.6128 2.85754 0.182155
-13.6934 -93.6128 2.85754 0.182155
-13.5528 -93.8155 2.85374 0.0180659
-13.7635 -93.4593 2.85567 0.19861
-13.7713 -93.8175 2.85445 0.0207199
-13.6857 -93.307 2.84836 0.031254
-13.6934 -93.6128 2.85754 0.182155
-13.6246 -93.3874 2.84927 0.0667148
-13.8538 -93.4048 2.85903 0.0231617
-13.4343 -93.5331 2.85712 0.0979365
-13.7043 -93.5894 2.84509 0.0224036
-13.8039 -93.5068 2.84654 0.0646928
-13.8039 -93.5068 2.84654 0.0646928
-13.8563 -93.6338 2.8537 0.092564
-13.7635 -93.4593 2.85567 0.19861
-13.7635 -93.4593 2.85567 0.19861
-13.6857 -93.307 2.84836 0.031254
-13.6934 -93.6128 2.85754 0.182155
-13.6246 -93.3874 2.84927 0.0667148
-13.7635 -93.4593 2.85567 0.19861
-13.4343 -93.5331 2.85712 0.0979365
-13.4343 -93.5331 2.85712 0.0979365
-13.6934 -93.6128 2.85754 0.182155
-13.8563 -93.6338 2.8537 0.092564
-13.8538 -93.4048 2.85903 0.0231617
-13.7324 -93.6956 2.84336 0.00440097
-13.6934 -93.6128 2.85754 0.182155
-13.967 -93.5491 2.84763 0.0321456
-13.8563 -93.6338 2.8537 0.092564
-13.7635 -93.4593 2.85567 0.19861
-13.4343 -93.5331 2.85712 0.0979365
-13.4508 -93.6923 2.85491 0.0417004
-13.6934 -93.6128 2.85754 0.182155
-13.6934 -93.6128 2.85754 0.182155
-13.8563 -93.6338 2.8537 0.092564
-13.7635 -93.4593 2.85567 0.19861
-13.6857 -93.307 2.84836 0.031254
-13.6934 -93.6128 2.85754 0.182155
-13.8563 -93.6338 2.8537 0.092564
-13.7635 -93.4593 2.85567 0.19861
-13.4343 -93.5331 2.85712 0.0979365
-13.6934 -93.6128 2.85754 0.182155
-13.8039 -93.5068 2.84654 0.0646928
-13.6246 -93.3874 2.84927 0.0667148
-13.7635 -93.4593 2.85567 0.19861
-13.6857 -93.307 2.84836 0.031254
-14.0352 -93.5494 2.84752 0.013189
-13.8563 -93.6338 2.8537 0.092564
-13.8563 -93.6338 2.8537 0.092564
-13.8146 -93.3589 2.8495 0.0726972
-13.6934 -93.6128 2.85754 0.182155
-14.0352 -93.5494 2.84752 0.013189
-13.7635 -93.4593 2.85567 0.19861
-13.4343 -93.5331 2.85712 0.0979365
-13.6934 -93.6128 2.85754 0.182155
-13.8039 -93.5068 2.84654 0.0646928
-13.8563 -93.6338 2.8537 0.092564
-13.8146 -93.3589 2.8495 0.0726972
-13.4508 -93.6923 2.85491 0.0417004
-13.8039 -93.5068 2.84654 0.0646928
-13.7635 -93.4593 2.85567 0.19861
-13.4508 -93.6923 2.85491 0.0417004
-13.7043 -93.5894 2.84509 0.0224036
-13.6246 -93.3874 2.84927 0.0667148
-13.6246 -93.3874 2.84927 0.0667148
-13.7635 -93.4593 2.85567 0.19861
-13.7635 -93.4593 2.85567 0.19861
-13.7635 -93.4593 2.85567 0.19861
-13.4343 -93.5331 2.85712 0.0979365
-13.6934 -93.6128 2.85754 0.182155
-13.6934 -93.6128 2.85754 0.182155
-13.8538 -93.4048 2.85903 0.0231617
-13.4343 -93.5331 2.85712 0.0979365
-13.6934 -93.6128 2.85754 0.182155
-13.6934 -93.6128 2.85754 0.182155
-13.8563 -93.6338 2.8537 0.092564
