-6.68538 -95.2597 3.01057 0.0847784
-6.97042 -95.503 3.00779 0.085705
-6.88172 -95.1865 3.0029 0.0661396
-6.88172 -95.1865 3.0029 0.0661396
-6.76035 -95.3035 3.01125 0.125456
-6.83261 -95.2931 3.01245 0.0909167
-6.78124 -95.2633 3.0129 0.0790612
-6.68538 -95.2597 3.01057 0.0847784
-6.97275 -95.1833 3.00806 0.0835916
-6.97042 -95.503 3.00779 0.085705
-6.65693 -95.339 3.0073 0.0655196
-6.88172 -95.1865 3.0029 0.0661396
-6.76035 -95.3035 3.01125 0.125456
-6.76035 -95.3035 3.01125 0.125456
-6.93867 -95.2914 2.99835 0.0337387
-6.53152 -95.2003 3.01566 0.00705736
-6.97275 -95.1833 3.00806 0.0835916
-6.65693 -95.339 3.0073 0.0655196
-6.76035 -95.3035 3.01125 0.125456
-7.04535 -94.9932 2.99666 0.000219805
-6.93867 -95.2914 2.99835 0.0337387
-7.10383 -95.4531 3.0116 0.0060094
-6.97275 -95.1833 3.00806 0.0835916
-6.97275 -95.1833 3.00806 0.0835916
-6.65693 -95.339 3.0073 0.0655196
-7.11535 -95.409 3.00946 0.0196938
-6.76035 -95.3035 3.01125 0.125456
-6.76035 -95.3035 3.01125 0.125456
-6.69551 -95.0801 3.01109 0.0192701
-6.71166 -95.0924 3.01348 0.0176455
-6.97275 -95.1833 3.00806 0.0835916
-6.65693 -95.339 3.0073 0.0655196
-6.76035 -95.3035 3.01125 0.125456
-6.83261 -95.2931 3.01245 0.0909167
-6.93867 -95.2914 2.99835 0.0337387
-6.78124 -95.2633 3.0129 0.0790612
-6.78124 -95.2633 3.0129 0.0790612
-6.97275 -95.1833 3.00806 0.0835916
-6.97042 -95.503 3.00779 0.085705
-6.88172 -95.1865 3.0029 0.0661396
-6.76035 -95.3035 3.01125 0.125456
-6.76035 -95.3035 3.01125 0.125456
-6.93867 -95.2914 2.99835 0.0337387
-7.23295 -95.265 3.00952 0.00223239
-6.68538 -95.2597 3.01057 0.0847784
-6.68538 -95.2597 3.01057 0.0847784
-6.97275 -95.1833 3.00806 0.0835916
-6.97275 -95.1833 3.00806 0.0835916
-6.65693 -95.339 3.0073 0.0655196
-6.88172 -95.1865 3.0029 0.0661396
-6.88172 -95.1865 3.0029 0.0661396
-6.76035 -95.3035 3.01125 0.125456
-6.83261 -95.2931 3.01245 0.0909167
-6.78124 -95.2633 3.0129 0.0790612
-6.68538 -95.2597 3.01057 0.0847784
-7.24879 -95.528 3.00269 0.00852683
-6.97042 -95.503 3.00779 0.085705
-6.65693 -95.339 3.0073 0.0655196
-6.76035 -95.3035 3.01125 0.125456
-6.83261 -95.2931 3.01245 0.0909167
-6.83261 -95.2931 3.01245 0.0909167
-6.93867 -95.2914 2.99835 0.0337387
-6.81436 -95.2535 3.02179 0.000267155
-6.97275 -95.1833 3.00806 0.0835916
-6.65693 -95.339 3.0073 0.0655196
-6.88172 -95.1865 3.0029 0.0661396
-6.76035 -95.3035 3.01125 0.125456
-6.69551 -95.0801 3.01109 0.0192701
-6.68554 -95.0833 3.00929 0.0181311
-6.78124 -95.2633 3.0129 0.0790612
-6.53152 -95.2003 3.01566 0.00705736
-6.68538 -95.2597 3.01057 0.0847784
-6.68538 -95.2597 3.01057 0.0847784
-6.97275 -95.1833 3.00806 0.0835916
-6.97275 -95.1833 3.00806 0.0835916
-6.88172 -95.1865 3.0029 0.0661396
-6.67076 -95.277 3.01655 0.017081
-6.76035 -95.3035 3.01125 0.125456
-6.83261 -95.2931 3.01245 0.0909167
-7.23295 -95.265 3.00952 0.00223239
-6.97275 -95.1833 3.00806 0.0835916
-6.97042 -95.503 3.00779 0.085705
-6.58222 -95.3254 3.01653 0.0103966
-6.83261 -95.2931 3.01245 0.0909167
-6.77083 -95.0388 3.014 0.00824917
-6.68538 -95.2597 3.01057 0.0847784
-6.68538 -95.2597 3.01057 0.0847784
-7.13308 -95.26 3.00498 0.0490233
-7.13308 -95.26 3.00498 0.0490233
-6.65693 -95.339 3.0073 0.0655196
-6.76035 -95.3035 3.01125 0.125456
-6.83261 -95.2931 3.01245 0.0909167
-6.69551 -95.0801 3.01109 0.0192701
-6.78124 -95.2633 3.0129 0.0790612
-6.55999 -95.62 3.01809 0.000176997
-7.13308 -95.26 3.00498 0.0490233
-6.97042 -95.503 3.00779 0.085705
-6.97042 -95.503 3.00779 0.085705
-6.97042 -95.503 3.00779 0.085705
-6.65693 -95.339 3.0073 0.0655196
