190.505 -10.4011 3.15558 0.127511
190.591 -10.4313 3.15447 0.0877104
190.404 -10.3201 3.15579 0.0688531
190.607 -10.3719 3.15956 0.164967
190.626 -10.4935 3.1578 0.0585967
190.505 -10.4011 3.15558 0.127511
190.591 -10.4313 3.15447 0.0877104
190.505 -10.4472 3.15912 0.0486978
190.62 -10.4996 3.15443 0.0363423
190.699 -10.2113 3.16279 0.112301
190.607 -10.3719 3.15956 0.164967
190.96 -10.1542 3.16125 0.0047418
190.505 -10.4011 3.15558 0.127511
190.62 -10.4996 3.15443 0.0363423
190.607 -10.3719 3.15956 0.164967
190.607 -10.3719 3.15956 0.164967
190.505 -10.4011 3.15558 0.127511
190.505 -10.4011 3.15558 0.127511
190.62 -10.4996 3.15443 0.0363423
190.404 -10.3201 3.15579 0.0688531
190.699 -10.2113 3.16279 0.112301
190.617 -10.5032 3.1589 0.0456548
190.607 -10.3719 3.15956 0.164967
190.505 -10.4011 3.15558 0.127511
190.591 -10.4313 3.15447 0.0877104
190.591 -10.4313 3.15447 0.0877104
190.505 -10.4472 3.15912 0.0486978
190.699 -10.2113 3.16279 0.112301
190.429 -10.3357 3.15853 0.0495852
190.505 -10.4011 3.15558 0.127511
190.488 -10.1603 3.16204 0.0154389
190.605 -10.1297 3.15616 0.0457525
190.607 -10.3719 3.15956 0.164967
190.607 -10.3719 3.15956 0.164967
190.626 -10.4935 3.1578 0.0585967
190.505 -10.4011 3.15558 0.127511
190.591 -10.4313 3.15447 0.0877104
190.505 -10.4472 3.15912 0.0486978
190.404 -10.3201 3.15579 0.0688531
190.699 -10.2113 3.16279 0.112301
190.699 -10.2113 3.16279 0.112301
190.607 -10.3719 3.15956 0.164967
190.505 -10.4011 3.15558 0.127511
190.476 -10.3527 3.14753 0.00580034
190.605 -10.1297 3.15616 0.0457525
190.699 -10.2113 3.16279 0.112301
190.607 -10.3719 3.15956 0.164967
190.505 -10.4011 3.15558 0.127511
190.591 -10.4313 3.15447 0.0877104
190.605 -10.1297 3.15616 0.0457525
190.607 -10.3719 3.15956 0.164967
190.607 -10.3719 3.15956 0.164967
190.626 -10.4935 3.1578 0.0585967
190.591 -10.4313 3.15447 0.0877104
190.581 -10.4689 3.14843 0.0028164
190.62 -10.4996 3.15443 0.0363423
190.404 -10.3201 3.15579 0.0688531
190.607 -10.3719 3.15956 0.164967
190.505 -10.4011 3.15558 0.127511
190.505 -10.4472 3.15912 0.0486978
190.605 -10.1297 3.15616 0.0457525
190.605 -10.1297 3.15616 0.0457525
190.607 -10.3719 3.15956 0.164967
190.505 -10.4011 3.15558 0.127511
190.845 -10.4275 3.16183 0.0300207
190.591 -10.4313 3.15447 0.0877104
190.699 -10.2113 3.16279 0.112301
190.699 -10.2113 3.16279 0.112301
190.699 -10.2113 3.16279 0.112301
190.617 -10.5032 3.1589 0.0456548
190.626 -10.4935 3.1578 0.0585967
190.591 -10.4313 3.15447 0.0877104
190.505 -10.4472 3.15912 0.0486978
190.505 -10.4472 3.15912 0.0486978
190.605 -10.1297 3.15616 0.0457525
190.607 -10.3719 3.15956 0.164967
190.429 -10.3357 3.15853 0.0495852
190.626 -10.4935 3.1578 0.0585967
190.626 -10.4935 3.1578 0.0585967
190.505 -10.4011 3.15558 0.127511
190.62 -10.4996 3.15443 0.0363423
190.404 -10.3201 3.15579 0.0688531
190.607 -10.3719 3.15956 0.164967
190.429 -10.3357 3.15853 0.0495852
190.845 -10.4275 3.16183 0.0300207
190.533 -10.4946 3.15943 0.0304353
190.699 -10.2113 3.16279 0.112301
190.607 -10.3719 3.15956 0.164967
190.607 -10.3719 3.15956 0.164967
190.715 -10.4905 3.16157 0.0315288
190.605 -10.1297 3.15616 0.0457525
190.607 -10.3719 3.15956 0.164967
190.429 -10.3357 3.15853 0.0495852
190.591 -10.4313 3.15447 0.0877104
190.605 -10.1297 3.15616 0.0457525
190.699 -10.2113 3.16279 0.112301
190.607 -10.3719 3.15956 0.164967
190.505 -10.4011 3.15558 0.127511
190.505 -10.4011 3.15558 0.127511
190.591 -10.4313 3.15447 0.0877104
