174.587 -11.1379 3.22281 0.0170501
173.953 -11.0915 3.2238 0.00215684
174.352 -11.3519 3.22612 0.0401698
174.506 -11.1401 3.22447 0.140911
174.17 -11.0367 3.221 0.130884
174.17 -11.0367 3.221 0.130884
174.608 -11.0726 3.23146 0.0579406
174.468 -11.1605 3.22977 0.219283
174.468 -11.1605 3.22977 0.219283
174.448 -11.2387 3.22255 0.073942
174.608 -11.0726 3.23146 0.0579406
174.618 -11.34 3.2298 0.0061889
174.17 -11.0367 3.221 0.130884
174.468 -11.1605 3.22977 0.219283
174.506 -11.1401 3.22447 0.140911
174.17 -11.0367 3.221 0.130884
174.468 -11.1605 3.22977 0.219283
174.311 -11.384 3.22711 0.0161084
174.537 -11.1826 3.22307 0.0417231
174.506 -11.1401 3.22447 0.140911
174.468 -11.1605 3.22977 0.219283
174.352 -11.3519 3.22612 0.0401698
174.506 -11.1401 3.22447 0.140911
174.506 -11.1401 3.22447 0.140911
174.448 -11.2387 3.22255 0.073942
174.319 -11.3931 3.22314 0.0138715
174.665 -10.9776 3.22985 0.0158909
173.953 -11.0915 3.2238 0.00215684
174.352 -11.3519 3.22612 0.0401698
174.448 -11.2387 3.22255 0.073942
174.17 -11.0367 3.221 0.130884
174.608 -11.0726 3.23146 0.0579406
174.354 -11.196 3.21637 0.00756135
174.083 -11.11 3.22487 0.0365526
174.448 -11.2387 3.22255 0.073942
174.608 -11.0726 3.23146 0.0579406
174.468 -11.1605 3.22977 0.219283
174.352 -11.3519 3.22612 0.0401698
174.437 -11.356 3.22785 0.0288722
174.537 -11.1826 3.22307 0.0417231
174.448 -11.2387 3.22255 0.073942
174.665 -10.9776 3.22985 0.0158909
174.468 -11.1605 3.22977 0.219283
174.578 -11.2551 3.22648 0.0333801
174.214 -11.4217 3.22486 0.00447461
174.214 -11.4217 3.22486 0.00447461
174.537 -11.1826 3.22307 0.0417231
174.17 -11.0367 3.221 0.130884
174.468 -11.1605 3.22977 0.219283
174.506 -11.1401 3.22447 0.140911
174.506 -11.1401 3.22447 0.140911
174.354 -11.196 3.21637 0.00756135
174.352 -11.3519 3.22612 0.0401698
174.352 -11.3519 3.22612 0.0401698
174.383 -11.0133 3.2351 0.010019
174.587 -11.1379 3.22281 0.0170501
174.17 -11.0367 3.221 0.130884
174.468 -11.1605 3.22977 0.219283
174.537 -11.1826 3.22307 0.0417231
174.167 -11.2403 3.21569 0.00784243
174.17 -11.0367 3.221 0.130884
174.608 -11.0726 3.23146 0.0579406
174.578 -11.2551 3.22648 0.0333801
174.311 -11.384 3.22711 0.0161084
174.506 -11.1401 3.22447 0.140911
174.506 -11.1401 3.22447 0.140911
174.468 -11.1605 3.22977 0.219283
174.481 -10.7499 3.22387 0.00152511
174.083 -11.11 3.22487 0.0365526
174.319 -11.3931 3.22314 0.0138715
174.376 -11.3729 3.22429 0.0231774
174.468 -11.1605 3.22977 0.219283
174.352 -11.3519 3.22612 0.0401698
174.537 -11.1826 3.22307 0.0417231
174.448 -11.2387 3.22255 0.073942
174.17 -11.0367 3.221 0.130884
174.091 -11.3017 3.21888 0.00879032
174.475 -11.2376 3.21955 0.0100803
174.537 -11.1826 3.22307 0.0417231
174.17 -11.0367 3.221 0.130884
174.608 -11.0726 3.23146 0.0579406
174.352 -11.3519 3.22612 0.0401698
174.506 -11.1401 3.22447 0.140911
174.608 -11.0726 3.23146 0.0579406
174.468 -11.1605 3.22977 0.219283
174.167 -11.2403 3.21569 0.00784243
174.506 -11.1401 3.22447 0.140911
174.587 -11.1379 3.22281 0.0170501
174.17 -11.0367 3.221 0.130884
174.578 -11.2551 3.22648 0.0333801
174.083 -11.11 3.22487 0.0365526
174.537 -11.1826 3.22307 0.0417231
174.17 -11.0367 3.221 0.130884
174.468 -11.1605 3.22977 0.219283
174.468 -11.1605 3.22977 0.219283
174.083 -11.11 3.22487 0.0365526
174.506 -11.1401 3.22447 0.140911
174.376 -11.3729 3.22429 0.0231774
174.468 -11.1605 3.22977 0.219283
174.468 -11.1605 3.22977 0.219283
