250.817 28.8556 0.0582755 0.217524
250.817 28.8556 0.0582755 0.217524
250.817 28.8556 0.0582755 0.217524
250.914 29.1679 0.0523796 0.132808
251.11 29.1346 0.0498935 0.0343945
251.11 29.1346 0.0498935 0.0343945
250.847 29.347 0.0491452 0.000733825
250.914 29.1679 0.0523796 0.132808
250.868 29.1748 0.0500696 0.0521079
250.901 29.2197 0.0536033 0.0543875
250.794 29.1423 0.0569807 0.0944694
250.794 29.1423 0.0569807 0.0944694
250.817 28.8556 0.0582755 0.217524
250.914 29.1679 0.0523796 0.132808
250.926 29.1417 0.0574541 0.107705
250.926 29.1417 0.0574541 0.107705
250.926 29.1417 0.0574541 0.107705
250.901 29.2197 0.0536033 0.0543875
250.817 28.8556 0.0582755 0.217524
250.837 29.0197 0.0495083 0.0637839
250.926 29.1417 0.0574541 0.107705
250.846 29.2212 0.0532901 0.0410695
250.817 28.8556 0.0582755 0.217524
250.891 29.3016 0.0574857 0.00217938
250.79 29.1343 0.0598301 0.0428865
250.817 28.8556 0.0582755 0.217524
250.914 29.1679 0.0523796 0.132808
250.837 29.0197 0.0495083 0.0637839
250.837 29.0197 0.0495083 0.0637839
250.868 29.1748 0.0500696 0.0521079
250.794 29.1423 0.0569807 0.0944694
250.817 28.8556 0.0582755 0.217524
250.914 29.1679 0.0523796 0.132808
250.926 29.1417 0.0574541 0.107705
250.79 29.1343 0.0598301 0.0428865
251.155 28.8997 0.0519673 0.0145763
250.817 28.8556 0.0582755 0.217524
250.817 28.8556 0.0582755 0.217524
250.914 29.1679 0.0523796 0.132808
250.837 29.0197 0.0495083 0.0637839
251.124 28.817 0.0562439 0.00945681
250.817 28.8556 0.0582755 0.217524
250.817 28.8556 0.0582755 0.217524
250.926 29.1417 0.0574541 0.107705
250.79 29.1343 0.0598301 0.0428865
250.691 29.0316 0.0543963 0.0513513
250.817 28.8556 0.0582755 0.217524
250.817 28.8556 0.0582755 0.217524
250.931 29.2205 0.0593231 0.0073616
250.926 29.1417 0.0574541 0.107705
250.691 29.0316 0.0543963 0.0513513
250.817 28.8556 0.0582755 0.217524
250.914 29.1679 0.0523796 0.132808
250.901 29.2197 0.0536033 0.0543875
250.817 28.8556 0.0582755 0.217524
250.914 29.1679 0.0523796 0.132808
250.926 29.1417 0.0574541 0.107705
250.926 29.1417 0.0574541 0.107705
251.11 29.1346 0.0498935 0.0343945
251.156 28.9268 0.0569129 0.0114574
250.846 29.2212 0.0532901 0.0410695
250.817 28.8556 0.0582755 0.217524
250.926 29.1417 0.0574541 0.107705
250.691 29.0316 0.0543963 0.0513513
250.817 28.8556 0.0582755 0.217524
250.837 29.0197 0.0495083 0.0637839
250.868 29.1748 0.0500696 0.0521079
250.794 29.1423 0.0569807 0.0944694
251.194 29.0746 0.0522789 0.0107034
250.817 28.8556 0.0582755 0.217524
250.978 28.6658 0.0578315 0.00287764
250.914 29.1679 0.0523796 0.132808
250.891 29.3016 0.0574857 0.00217938
250.901 29.2197 0.0536033 0.0543875
250.817 28.8556 0.0582755 0.217524
250.817 28.8556 0.0582755 0.217524
250.79 29.1343 0.0598301 0.0428865
250.868 29.1748 0.0500696 0.0521079
250.817 28.8556 0.0582755 0.217524
250.817 28.8556 0.0582755 0.217524
250.978 28.6658 0.0578315 0.00287764
250.914 29.1679 0.0523796 0.132808
250.926 29.1417 0.0574541 0.107705
250.813 28.7777 0.0490562 0.00085443
250.901 29.2197 0.0536033 0.0543875
250.817 28.8556 0.0582755 0.217524
250.914 29.1679 0.0523796 0.132808
250.926 29.1417 0.0574541 0.107705
251.124 28.817 0.0562439 0.00945681
250.914 29.1679 0.0523796 0.132808
250.79 29.1343 0.0598301 0.0428865
250.868 29.1748 0.0500696 0.0521079
251.11 29.1346 0.0498935 0.0343945
250.794 29.1423 0.0569807 0.0944694
250.914 29.1679 0.0523796 0.132808
250.79 29.1343 0.0598301 0.0428865
251.124 28.817 0.0562439 0.00945681
250.794 29.1423 0.0569807 0.0944694
251.155 28.8997 0.0519673 0.0145763
250.817 28.8556 0.0582755 0.217524
