230.583 27.0257 0.0812929 0.0698118
230.375 27.3552 0.0802297 0.0353748
230.634 27.2491 0.0793559 0.208366
230.511 27.1717 0.0836272 0.223151
230.528 27.0176 0.0840915 0.068441
230.486 26.9935 0.0821564 0.0491511
230.634 27.2491 0.0793559 0.208366
230.523 27.1764 0.0783633 0.210692
230.511 27.1717 0.0836272 0.223151
230.634 27.2491 0.0793559 0.208366
230.634 27.2491 0.0793559 0.208366
230.523 27.1764 0.0783633 0.210692
230.583 27.0257 0.0812929 0.0698118
230.634 27.2491 0.0793559 0.208366
230.523 27.1764 0.0783633 0.210692
230.511 27.1717 0.0836272 0.223151
230.511 27.1717 0.0836272 0.223151
230.634 27.2491 0.0793559 0.208366
230.523 27.1764 0.0783633 0.210692
230.511 27.1717 0.0836272 0.223151
230.486 26.9935 0.0821564 0.0491511
230.634 27.2491 0.0793559 0.208366
230.405 27.4042 0.0828255 0.011606
230.511 27.1717 0.0836272 0.223151
230.583 27.0257 0.0812929 0.0698118
230.634 27.2491 0.0793559 0.208366
230.516 27.0465 0.0792093 0.061509
230.523 27.1764 0.0783633 0.210692
230.523 27.1764 0.0783633 0.210692
230.523 27.1764 0.0783633 0.210692
230.511 27.1717 0.0836272 0.223151
230.528 27.0176 0.0840915 0.068441
230.583 27.0257 0.0812929 0.0698118
230.486 26.9935 0.0821564 0.0491511
230.634 27.2491 0.0793559 0.208366
230.523 27.1764 0.0783633 0.210692
230.528 27.0176 0.0840915 0.068441
230.375 27.3552 0.0802297 0.0353748
230.634 27.2491 0.0793559 0.208366
230.523 27.1764 0.0783633 0.210692
230.528 27.0176 0.0840915 0.068441
230.634 27.2491 0.0793559 0.208366
230.523 27.1764 0.0783633 0.210692
230.583 27.0257 0.0812929 0.0698118
230.516 27.0465 0.0792093 0.061509
230.523 27.1764 0.0783633 0.210692
230.511 27.1717 0.0836272 0.223151
230.511 27.1717 0.0836272 0.223151
230.528 27.0176 0.0840915 0.068441
230.634 27.2491 0.0793559 0.208366
230.634 27.2491 0.0793559 0.208366
230.511 27.1717 0.0836272 0.223151
230.511 27.1717 0.0836272 0.223151
230.375 27.3552 0.0802297 0.0353748
230.634 27.2491 0.0793559 0.208366
230.523 27.1764 0.0783633 0.210692
230.523 27.1764 0.0783633 0.210692
230.583 27.0257 0.0812929 0.0698118
230.516 27.0465 0.0792093 0.061509
230.523 27.1764 0.0783633 0.210692
230.511 27.1717 0.0836272 0.223151
230.511 27.1717 0.0836272 0.223151
230.511 27.1717 0.0836272 0.223151
230.375 27.3552 0.0802297 0.0353748
230.523 27.1764 0.0783633 0.210692
230.511 27.1717 0.0836272 0.223151
230.462 26.9655 0.0800487 0.0121281
230.634 27.2491 0.0793559 0.208366
230.511 27.1717 0.0836272 0.223151
230.583 27.0257 0.0812929 0.0698118
230.634 27.2491 0.0793559 0.208366
230.523 27.1764 0.0783633 0.210692
230.511 27.1717 0.0836272 0.223151
230.511 27.1717 0.0836272 0.223151
230.381 26.9766 0.0824861 0.0155762
230.634 27.2491 0.0793559 0.208366
230.523 27.1764 0.0783633 0.210692
230.511 27.1717 0.0836272 0.223151
230.381 26.9766 0.0824861 0.0155762
230.634 27.2491 0.0793559 0.208366
230.511 27.1717 0.0836272 0.223151
230.511 27.1717 0.0836272 0.223151
230.583 27.0257 0.0812929 0.0698118
230.634 27.2491 0.0793559 0.208366
230.792 27.0509 0.0801947 0.00368755
230.523 27.1764 0.0783633 0.210692
230.511 27.1717 0.0836272 0.223151
230.583 27.0257 0.0812929 0.0698118
230.486 26.9935 0.0821564 0.0491511
230.634 27.2491 0.0793559 0.208366
230.523 27.1764 0.0783633 0.210692
230.511 27.1717 0.0836272 0.223151
230.634 27.2491 0.0793559 0.208366
230.634 27.2491 0.0793559 0.208366
230.634 27.2491 0.0793559 0.208366
230.523 27.1764 0.0783633 0.210692
230.523 27.1764 0.0783633 0.210692
230.523 27.1764 0.0783633 0.210692
230.511 27.1717 0.0836272 0.223151
230.486 26.9935 0.0821564 0.0491511
