134.768 -16.7932 3.39179 0.161795
135.12 -16.6496 3.39719 0.0550825
135.12 -16.6496 3.39719 0.0550825
134.79 -16.8597 3.39205 0.189525
134.865 -16.9997 3.39222 0.107039
134.768 -16.7932 3.39179 0.161795
134.768 -16.7932 3.39179 0.161795
134.915 -17.0209 3.39331 0.0844641
135.068 -16.7169 3.39861 0.0829932
134.848 -16.9744 3.39661 0.0403346
134.865 -16.9997 3.39222 0.107039
134.865 -16.9997 3.39222 0.107039
134.865 -16.9997 3.39222 0.107039
135.12 -16.6496 3.39719 0.0550825
134.79 -16.8597 3.39205 0.189525
134.874 -16.6466 3.39014 0.0970115
134.768 -16.7932 3.39179 0.161795
134.79 -16.8597 3.39205 0.189525
134.79 -16.8597 3.39205 0.189525
134.874 -16.6466 3.39014 0.0970115
134.874 -16.6466 3.39014 0.0970115
134.768 -16.7932 3.39179 0.161795
134.79 -16.8597 3.39205 0.189525
134.848 -16.9744 3.39661 0.0403346
135.14 -16.8222 3.39168 0.0746178
134.915 -17.0209 3.39331 0.0844641
135.089 -16.8813 3.40121 0.0164407
134.726 -16.9777 3.39777 0.00381426
134.856 -16.9555 3.38296 0.0071792
134.848 -16.9744 3.39661 0.0403346
134.874 -16.6466 3.39014 0.0970115
134.812 -17.1505 3.38711 0.00435114
135.12 -16.6496 3.39719 0.0550825
135.12 -16.6496 3.39719 0.0550825
135.068 -16.7169 3.39861 0.0829932
134.874 -16.6466 3.39014 0.0970115
134.865 -16.9997 3.39222 0.107039
134.768 -16.7932 3.39179 0.161795
135.12 -16.6496 3.39719 0.0550825
134.79 -16.8597 3.39205 0.189525
134.874 -16.6466 3.39014 0.0970115
135.14 -16.8222 3.39168 0.0746178
134.602 -17.083 3.38992 0.00164893
134.915 -17.0209 3.39331 0.0844641
134.895 -17.1453 3.38923 0.00886372
135.14 -16.8222 3.39168 0.0746178
134.768 -16.7932 3.39179 0.161795
134.79 -16.8597 3.39205 0.189525
135.068 -16.7169 3.39861 0.0829932
134.848 -16.9744 3.39661 0.0403346
134.874 -16.6466 3.39014 0.0970115
135.14 -16.8222 3.39168 0.0746178
134.812 -17.1505 3.38711 0.00435114
134.915 -17.0209 3.39331 0.0844641
134.79 -16.8597 3.39205 0.189525
134.79 -16.8597 3.39205 0.189525
134.865 -16.9997 3.39222 0.107039
134.768 -16.7932 3.39179 0.161795
134.79 -16.8597 3.39205 0.189525
134.895 -17.1453 3.38923 0.00886372
134.874 -16.6466 3.39014 0.0970115
134.768 -16.7932 3.39179 0.161795
134.768 -16.7932 3.39179 0.161795
134.913 -16.7965 3.40114 0.0160762
135.068 -16.7169 3.39861 0.0829932
134.874 -16.6466 3.39014 0.0970115
134.768 -16.7932 3.39179 0.161795
134.952 -16.9682 3.39961 0.0170927
134.79 -16.8597 3.39205 0.189525
135.068 -16.7169 3.39861 0.0829932
135.14 -16.8222 3.39168 0.0746178
134.768 -16.7932 3.39179 0.161795
134.768 -16.7932 3.39179 0.161795
135.12 -16.6496 3.39719 0.0550825
135.12 -16.6496 3.39719 0.0550825
134.913 -16.7965 3.40114 0.0160762
134.79 -16.8597 3.39205 0.189525
134.874 -16.6466 3.39014 0.0970115
135.14 -16.8222 3.39168 0.0746178
134.768 -16.7932 3.39179 0.161795
135.12 -16.6496 3.39719 0.0550825
134.79 -16.8597 3.39205 0.189525
134.874 -16.6466 3.39014 0.0970115
134.768 -16.7932 3.39179 0.161795
134.915 -17.0209 3.39331 0.0844641
134.79 -16.8597 3.39205 0.189525
135.068 -16.7169 3.39861 0.0829932
134.768 -16.7932 3.39179 0.161795
134.768 -16.7932 3.39179 0.161795
134.915 -17.0209 3.39331 0.0844641
134.79 -16.8597 3.39205 0.189525
134.79 -16.8597 3.39205 0.189525
134.874 -16.6466 3.39014 0.0970115
134.768 -16.7932 3.39179 0.161795
134.768 -16.7932 3.39179 0.161795
135.12 -16.6496 3.39719 0.0550825
134.79 -16.8597 3.39205 0.189525
134.856 -16.9555 3.38296 0.0071792
134.865 -16.9997 3.39222 0.107039
135.14 -16.8222 3.39168 0.0746178
