149.447 -14.0303 3.33225 0.0619124
149.447 -14.0303 3.33225 0.0619124
149.681 -14.1949 3.33522 0.0759855
149.209 -14.1196 3.32421 0.0144771
149.524 -14.2304 3.33397 0.154979
149.23 -14.1076 3.32785 0.0324437
149.364 -14.015 3.32899 0.0331923
149.372 -14.2468 3.32939 0.0886027
149.891 -14.3887 3.33843 0.00388962
149.564 -14.1717 3.32943 0.0427277
149.524 -14.2304 3.33397 0.154979
149.372 -14.2468 3.32939 0.0886027
149.376 -14.218 3.33509 0.0964864
149.354 -14.0816 3.33324 0.0675573
149.524 -14.2304 3.33397 0.154979
149.21 -14.4303 3.33223 0.00688273
149.364 -14.015 3.32899 0.0331923
149.447 -14.0303 3.33225 0.0619124
149.564 -14.1717 3.32943 0.0427277
149.524 -14.2304 3.33397 0.154979
149.385 -14.3113 3.32841 0.0539778
149.372 -14.2468 3.32939 0.0886027
149.376 -14.218 3.33509 0.0964864
149.376 -14.218 3.33509 0.0964864
149.681 -14.1949 3.33522 0.0759855
149.209 -14.1196 3.32421 0.0144771
149.524 -14.2304 3.33397 0.154979
149.364 -14.015 3.32899 0.0331923
149.447 -14.0303 3.33225 0.0619124
149.681 -14.1949 3.33522 0.0759855
149.354 -14.0816 3.33324 0.0675573
149.354 -14.0816 3.33324 0.0675573
149.156 -14.1104 3.33354 0.00645008
149.23 -14.1076 3.32785 0.0324437
149.372 -14.2468 3.32939 0.0886027
149.681 -14.1949 3.33522 0.0759855
149.354 -14.0816 3.33324 0.0675573
149.564 -14.1717 3.32943 0.0427277
149.349 -14.0732 3.33846 0.0155317
149.524 -14.2304 3.33397 0.154979
149.121 -14.2157 3.32897 0.0122085
149.385 -14.3113 3.32841 0.0539778
149.395 -14.5207 3.33311 0.00862686
149.447 -14.0303 3.33225 0.0619124
149.376 -14.218 3.33509 0.0964864
149.354 -14.0816 3.33324 0.0675573
149.564 -14.1717 3.32943 0.0427277
149.524 -14.2304 3.33397 0.154979
149.524 -14.2304 3.33397 0.154979
149.201 -14.3156 3.33128 0.0203408
149.166 -14.0512 3.33016 0.0109574
149.166 -14.0512 3.33016 0.0109574
149.376 -14.218 3.33509 0.0964864
149.354 -14.0816 3.33324 0.0675573
149.828 -14.1027 3.34323 0.0151583
149.564 -14.1717 3.32943 0.0427277
149.345 -14.3006 3.32686 0.0373623
149.524 -14.2304 3.33397 0.154979
149.385 -14.3113 3.32841 0.0539778
149.447 -14.0303 3.33225 0.0619124
149.376 -14.218 3.33509 0.0964864
149.564 -14.1717 3.32943 0.0427277
149.564 -14.1717 3.32943 0.0427277
149.349 -14.0732 3.33846 0.0155317
149.524 -14.2304 3.33397 0.154979
149.524 -14.2304 3.33397 0.154979
149.385 -14.3113 3.32841 0.0539778
149.064 -14.3113 3.32526 0.00378554
149.681 -14.1949 3.33522 0.0759855
149.269 -14.3389 3.33106 0.0374719
149.347 -14.441 3.32998 0.0197695
149.524 -14.2304 3.33397 0.154979
149.524 -14.2304 3.33397 0.154979
149.23 -14.1076 3.32785 0.0324437
149.447 -14.0303 3.33225 0.0619124
149.681 -14.1949 3.33522 0.0759855
149.354 -14.0816 3.33324 0.0675573
149.345 -14.3006 3.32686 0.0373623
149.524 -14.2304 3.33397 0.154979
149.372 -14.2468 3.32939 0.0886027
149.681 -14.1949 3.33522 0.0759855
149.354 -14.0816 3.33324 0.0675573
149.828 -14.1027 3.34323 0.0151583
149.269 -14.3389 3.33106 0.0374719
149.524 -14.2304 3.33397 0.154979
149.524 -14.2304 3.33397 0.154979
149.372 -14.2468 3.32939 0.0886027
149.447 -14.0303 3.33225 0.0619124
149.447 -14.0303 3.33225 0.0619124
149.828 -14.1027 3.34323 0.0151583
149.524 -14.2304 3.33397 0.154979
149.385 -14.3113 3.32841 0.0539778
149.372 -14.2468 3.32939 0.0886027
149.376 -14.218 3.33509 0.0964864
149.681 -14.1949 3.33522 0.0759855
149.681 -14.1949 3.33522 0.0759855
149.345 -14.3006 3.32686 0.0373623
149.524 -14.2304 3.33397 0.154979
149.522 -14.6426 3.33393 0.00083835
149.376 -14.218 3.33509 0.0964864
