183.091 23.6457 0.0697911 0.205823
183.171 23.6434 0.0750733 0.121424
182.997 23.9924 0.0728567 0.490332
182.997 23.9924 0.0728567 0.490332
182.997 23.9924 0.0728567 0.490332
183.091 23.6457 0.0697911 0.205823
182.997 23.9924 0.0728567 0.490332
182.997 23.9924 0.0728567 0.490332
182.997 23.9924 0.0728567 0.490332
182.997 23.9924 0.0728567 0.490332
182.997 23.9924 0.0728567 0.490332
183.154 23.7537 0.0776196 0.172947
183.091 23.6457 0.0697911 0.205823
183.091 23.6457 0.0697911 0.205823
183.171 23.6434 0.0750733 0.121424
183.171 23.6434 0.0750733 0.121424
183.154 23.7537 0.0776196 0.172947
183.091 23.6457 0.0697911 0.205823
182.997 23.9924 0.0728567 0.490332
183.091 23.6457 0.0697911 0.205823
182.997 23.9924 0.0728567 0.490332
183.171 23.6434 0.0750733 0.121424
182.997 23.9924 0.0728567 0.490332
183.171 23.6434 0.0750733 0.121424
182.997 23.9924 0.0728567 0.490332
183.154 23.7537 0.0776196 0.172947
182.997 23.9924 0.0728567 0.490332
182.997 23.9924 0.0728567 0.490332
182.997 23.9924 0.0728567 0.490332
182.997 23.9924 0.0728567 0.490332
183.171 23.6434 0.0750733 0.121424
183.171 23.6434 0.0750733 0.121424
182.997 23.9924 0.0728567 0.490332
183.154 23.7537 0.0776196 0.172947
182.997 23.9924 0.0728567 0.490332
182.997 23.9924 0.0728567 0.490332
183.154 23.7537 0.0776196 0.172947
182.997 23.9924 0.0728567 0.490332
182.997 23.9924 0.0728567 0.490332
182.997 23.9924 0.0728567 0.490332
182.997 23.9924 0.0728567 0.490332
183.091 23.6457 0.0697911 0.205823
183.091 23.6457 0.0697911 0.205823
182.997 23.9924 0.0728567 0.490332
183.154 23.7537 0.0776196 0.172947
183.171 23.6434 0.0750733 0.121424
183.154 23.7537 0.0776196 0.172947
183.154 23.7537 0.0776196 0.172947
182.997 23.9924 0.0728567 0.490332
183.091 23.6457 0.0697911 0.205823
182.997 23.9924 0.0728567 0.490332
183.154 23.7537 0.0776196 0.172947
183.091 23.6457 0.0697911 0.205823
182.997 23.9924 0.0728567 0.490332
183.171 23.6434 0.0750733 0.121424
183.154 23.7537 0.0776196 0.172947
182.997 23.9924 0.0728567 0.490332
183.091 23.6457 0.0697911 0.205823
183.091 23.6457 0.0697911 0.205823
183.091 23.6457 0.0697911 0.205823
183.171 23.6434 0.0750733 0.121424
183.154 23.7537 0.0776196 0.172947
182.997 23.9924 0.0728567 0.490332
183.091 23.6457 0.0697911 0.205823
183.165 24.0742 0.0645819 0.00137821
183.091 23.6457 0.0697911 0.205823
182.997 23.9924 0.0728567 0.490332
182.997 23.9924 0.0728567 0.490332
182.997 23.9924 0.0728567 0.490332
183.154 23.7537 0.0776196 0.172947
183.154 23.7537 0.0776196 0.172947
183.154 23.7537 0.0776196 0.172947
182.997 23.9924 0.0728567 0.490332
182.997 23.9924 0.0728567 0.490332
182.997 23.9924 0.0728567 0.490332
182.997 23.9924 0.0728567 0.490332
182.997 23.9924 0.0728567 0.490332
182.997 23.9924 0.0728567 0.490332
182.997 23.9924 0.0728567 0.490332
182.997 23.9924 0.0728567 0.490332
183.091 23.6457 0.0697911 0.205823
182.997 23.9924 0.0728567 0.490332
182.997 23.9924 0.0728567 0.490332
182.997 23.9924 0.0728567 0.490332
183.171 23.6434 0.0750733 0.121424
183.154 23.7537 0.0776196 0.172947
183.171 23.6434 0.0750733 0.121424
182.997 23.9924 0.0728567 0.490332
183.091 23.6457 0.0697911 0.205823
183.154 23.7537 0.0776196 0.172947
183.091 23.6457 0.0697911 0.205823
183.154 23.7537 0.0776196 0.172947
183.154 23.7537 0.0776196 0.172947
183.154 23.7537 0.0776196 0.172947
182.997 23.9924 0.0728567 0.490332
183.171 23.6434 0.0750733 0.121424
182.997 23.9924 0.0728567 0.490332
183.154 23.7537 0.0776196 0.172947
183.171 23.6434 0.0750733 0.121424
182.997 23.9924 0.0728567 0.490332
