15.1137 4.85478 0.293512 0.0329108
15.2756 4.56695 0.286162 0.0753247
15.2094 4.72574 0.29706 0.0469316
15.3432 4.55354 0.291468 0.136301
15.4556 4.56095 0.288494 0.0668705
15.1691 4.75418 0.287278 0.0981439
15.0858 4.46983 0.292993 0.00722001
15.3889 4.75736 0.294078 0.0456877
15.1162 4.74037 0.28835 0.0581093
15.2094 4.72574 0.29706 0.0469316
15.3432 4.55354 0.291468 0.136301
15.5079 4.69952 0.281559 0.0296582
15.1691 4.75418 0.287278 0.0981439
15.1691 4.75418 0.287278 0.0981439
15.2096 4.53645 0.293897 0.0866263
15.3889 4.75736 0.294078 0.0456877
15.2094 4.72574 0.29706 0.0469316
15.3432 4.55354 0.291468 0.136301
15.4556 4.56095 0.288494 0.0668705
15.1959 4.60244 0.296742 0.0549708
15.1959 4.60244 0.296742 0.0549708
15.309 4.44425 0.28736 0.00889555
15.447 4.73464 0.294667 0.00907742
15.3467 4.8473 0.28207 0.0212377
15.4045 4.4871 0.294013 0.00543642
15.1162 4.74037 0.28835 0.0581093
15.2094 4.72574 0.29706 0.0469316
15.3066 4.88415 0.283491 0.0223347
15.1691 4.75418 0.287278 0.0981439
15.1959 4.60244 0.296742 0.0549708
15.2096 4.53645 0.293897 0.0866263
15.2096 4.53645 0.293897 0.0866263
15.3889 4.75736 0.294078 0.0456877
15.2756 4.56695 0.286162 0.0753247
15.2094 4.72574 0.29706 0.0469316
15.1863 4.59837 0.287023 0.0588067
15.1863 4.59837 0.287023 0.0588067
15.4556 4.56095 0.288494 0.0668705
15.1691 4.75418 0.287278 0.0981439
15.2096 4.53645 0.293897 0.0866263
15.1405 4.77949 0.28526 0.0121965
15.2756 4.56695 0.286162 0.0753247
15.1863 4.59837 0.287023 0.0588067
15.3432 4.55354 0.291468 0.136301
15.5079 4.69952 0.281559 0.0296582
15.1691 4.75418 0.287278 0.0981439
15.2096 4.53645 0.293897 0.0866263
15.3889 4.75736 0.294078 0.0456877
15.1162 4.74037 0.28835 0.0581093
15.2094 4.72574 0.29706 0.0469316
15.2094 4.72574 0.29706 0.0469316
15.3432 4.55354 0.291468 0.136301
15.3432 4.55354 0.291468 0.136301
15.3432 4.55354 0.291468 0.136301
15.3432 4.55354 0.291468 0.136301
15.5079 4.69952 0.281559 0.0296582
15.1959 4.60244 0.296742 0.0549708
15.1959 4.60244 0.296742 0.0549708
15.1137 4.85478 0.293512 0.0329108
15.2094 4.72574 0.29706 0.0469316
15.1863 4.59837 0.287023 0.0588067
15.4556 4.56095 0.288494 0.0668705
15.2096 4.53645 0.293897 0.0866263
15.2756 4.56695 0.286162 0.0753247
15.0526 4.65484 0.291578 0.0410455
15.3432 4.55354 0.291468 0.136301
15.4556 4.56095 0.288494 0.0668705
15.4556 4.56095 0.288494 0.0668705
15.2096 4.53645 0.293897 0.0866263
15.2756 4.56695 0.286162 0.0753247
15.0526 4.65484 0.291578 0.0410455
15.3432 4.55354 0.291468 0.136301
15.1691 4.75418 0.287278 0.0981439
15.3467 4.8473 0.28207 0.0212377
15.3889 4.75736 0.294078 0.0456877
15.1162 4.74037 0.28835 0.0581093
15.3066 4.88415 0.283491 0.0223347
15.3432 4.55354 0.291468 0.136301
15.1691 4.75418 0.287278 0.0981439
15.447 4.73464 0.294667 0.00907742
15.2756 4.56695 0.286162 0.0753247
15.0526 4.65484 0.291578 0.0410455
15.1863 4.59837 0.287023 0.0588067
15.3066 4.88415 0.283491 0.0223347
15.4556 4.56095 0.288494 0.0668705
15.4556 4.56095 0.288494 0.0668705
15.1691 4.75418 0.287278 0.0981439
15.2096 4.53645 0.293897 0.0866263
15.1137 4.85478 0.293512 0.0329108
15.3889 4.75736 0.294078 0.0456877
15.2756 4.56695 0.286162 0.0753247
15.2756 4.56695 0.286162 0.0753247
15.2756 4.56695 0.286162 0.0753247
15.1863 4.59837 0.287023 0.0588067
15.3432 4.55354 0.291468 0.136301
15.3432 4.55354 0.291468 0.136301
15.1959 4.60244 0.296742 0.0549708
15.1959 4.60244 0.296742 0.0549708
15.1137 4.85478 0.293512 0.0329108
15.1162 4.74037 0.28835 0.0581093
