155.459 22.3044 0.0910609 0.157345
155.459 22.3044 0.0910609 0.157345
155.369 22.3381 0.0854709 0.161021
155.369 22.3381 0.0854709 0.161021
155.529 22.345 0.0921158 0.0577885
155.661 22.5588 0.0917956 0.000577037
155.551 22.3991 0.0804385 0.0763596
155.633 22.2236 0.0808685 0.0446195
155.633 22.2236 0.0808685 0.0446195
155.369 22.3381 0.0854709 0.161021
155.529 22.345 0.0921158 0.0577885
155.594 22.3668 0.089925 0.0659184
155.551 22.3991 0.0804385 0.0763596
155.633 22.2236 0.0808685 0.0446195
155.577 22.3303 0.0935945 0.01497
155.369 22.3381 0.0854709 0.161021
155.593 22.1547 0.0817516 0.0337772
155.597 22.1319 0.0861194 0.0519458
155.61 22.2886 0.0895819 0.0772076
155.551 22.3991 0.0804385 0.0763596
155.459 22.3044 0.0910609 0.157345
155.577 22.3303 0.0935945 0.01497
155.46 22.3986 0.0926989 0.0469187
155.214 22.5402 0.0850554 0.00188322
155.594 22.3668 0.089925 0.0659184
155.513 22.236 0.0807204 0.0587281
155.551 22.3991 0.0804385 0.0763596
155.551 22.3991 0.0804385 0.0763596
155.459 22.3044 0.0910609 0.157345
155.369 22.3381 0.0854709 0.161021
155.594 22.3668 0.089925 0.0659184
155.551 22.3991 0.0804385 0.0763596
155.633 22.2236 0.0808685 0.0446195
155.459 22.3044 0.0910609 0.157345
155.46 22.3986 0.0926989 0.0469187
155.597 22.1319 0.0861194 0.0519458
155.73 22.0341 0.0884101 0.000960334
155.513 22.236 0.0807204 0.0587281
155.551 22.3991 0.0804385 0.0763596
155.459 22.3044 0.0910609 0.157345
155.369 22.3381 0.0854709 0.161021
155.597 22.1319 0.0861194 0.0519458
155.61 22.2886 0.0895819 0.0772076
155.551 22.3991 0.0804385 0.0763596
155.46 22.3986 0.0926989 0.0469187
155.46 22.3986 0.0926989 0.0469187
155.428 22.0143 0.094158 0.00419593
155.586 22.3332 0.0764918 0.0100089
155.633 22.2236 0.0808685 0.0446195
155.577 22.3303 0.0935945 0.01497
155.369 22.3381 0.0854709 0.161021
155.594 22.3668 0.089925 0.0659184
155.61 22.2886 0.0895819 0.0772076
155.633 22.2236 0.0808685 0.0446195
155.459 22.3044 0.0910609 0.157345
155.369 22.3381 0.0854709 0.161021
155.635 22.4831 0.0834492 0.0484278
155.529 22.345 0.0921158 0.0577885
155.401 21.9822 0.095582 0.00126478
155.513 22.236 0.0807204 0.0587281
155.725 22.4297 0.0795582 0.0166593
155.459 22.3044 0.0910609 0.157345
155.46 22.3986 0.0926989 0.0469187
155.597 22.1319 0.0861194 0.0519458
155.61 22.2886 0.0895819 0.0772076
155.397 21.9667 0.0841227 0.00109872
155.401 21.9822 0.095582 0.00126478
155.401 21.9822 0.095582 0.00126478
155.513 22.236 0.0807204 0.0587281
155.633 22.2236 0.0808685 0.0446195
155.369 22.3381 0.0854709 0.161021
155.597 22.1319 0.0861194 0.0519458
155.594 22.3668 0.089925 0.0659184
155.551 22.3991 0.0804385 0.0763596
155.551 22.3991 0.0804385 0.0763596
155.46 22.3986 0.0926989 0.0469187
155.369 22.3381 0.0854709 0.161021
155.529 22.345 0.0921158 0.0577885
155.513 22.236 0.0807204 0.0587281
155.513 22.236 0.0807204 0.0587281
155.633 22.2236 0.0808685 0.0446195
155.459 22.3044 0.0910609 0.157345
155.46 22.3986 0.0926989 0.0469187
155.597 22.1319 0.0861194 0.0519458
155.121 22.3502 0.0849171 0.00106869
155.513 22.236 0.0807204 0.0587281
155.459 22.3044 0.0910609 0.157345
155.46 22.3986 0.0926989 0.0469187
155.369 22.3381 0.0854709 0.161021
155.597 22.1319 0.0861194 0.0519458
155.529 22.345 0.0921158 0.0577885
155.513 22.236 0.0807204 0.0587281
155.725 22.4297 0.0795582 0.0166593
155.369 22.3381 0.0854709 0.161021
155.369 22.3381 0.0854709 0.161021
155.214 22.5402 0.0850554 0.00188322
155.597 22.1319 0.0861194 0.0519458
155.61 22.2886 0.0895819 0.0772076
155.513 22.236 0.0807204 0.0587281
155.725 22.4297 0.0795582 0.0166593
