35.9807 9.71772 0.198509 0.271586
35.9807 9.71772 0.198509 0.271586
35.9383 9.72989 0.196506 0.571748
35.9383 9.72989 0.196506 0.571748
35.4605 9.60894 0.201967 0.000383669
35.9383 9.72989 0.196506 0.571748
35.9383 9.72989 0.196506 0.571748
35.8275 9.74678 0.193157 0.0815679
35.9807 9.71772 0.198509 0.271586
35.5772 9.70296 0.204894 0.0291091
35.715 9.50912 0.193951 0.000304636
35.9807 9.71772 0.198509 0.271586
35.6735 9.64833 0.19632 0.0202503
35.8275 9.74678 0.193157 0.0815679
35.6044 9.74268 0.197184 0.015862
35.9383 9.72989 0.196506 0.571748
35.9383 9.72989 0.196506 0.571748
35.8275 9.74678 0.193157 0.0815679
35.9383 9.72989 0.196506 0.571748
35.9807 9.71772 0.198509 0.271586
35.9383 9.72989 0.196506 0.571748
35.9383 9.72989 0.196506 0.571748
35.9383 9.72989 0.196506 0.571748
35.9383 9.72989 0.196506 0.571748
35.9383 9.72989 0.196506 0.571748
35.9383 9.72989 0.196506 0.571748
35.9807 9.71772 0.198509 0.271586
35.9383 9.72989 0.196506 0.571748
35.9383 9.72989 0.196506 0.571748
35.9383 9.72989 0.196506 0.571748
35.9807 9.71772 0.198509 0.271586
35.9383 9.72989 0.196506 0.571748
35.9383 9.72989 0.196506 0.571748
35.8275 9.74678 0.193157 0.0815679
35.9383 9.72989 0.196506 0.571748
35.9383 9.72989 0.196506 0.571748
35.9807 9.71772 0.198509 0.271586
35.9807 9.71772 0.198509 0.271586
35.9383 9.72989 0.196506 0.571748
35.9807 9.71772 0.198509 0.271586
35.9807 9.71772 0.198509 0.271586
35.9807 9.71772 0.198509 0.271586
35.8275 9.74678 0.193157 0.0815679
35.9383 9.72989 0.196506 0.571748
35.9383 9.72989 0.196506 0.571748
35.9383 9.72989 0.196506 0.571748
35.9383 9.72989 0.196506 0.571748
35.6735 9.64833 0.19632 0.0202503
35.9383 9.72989 0.196506 0.571748
35.9383 9.72989 0.196506 0.571748
35.9383 9.72989 0.196506 0.571748
35.9383 9.72989 0.196506 0.571748
35.9383 9.72989 0.196506 0.571748
35.9807 9.71772 0.198509 0.271586
35.9383 9.72989 0.196506 0.571748
35.9383 9.72989 0.196506 0.571748
35.9383 9.72989 0.196506 0.571748
35.9383 9.72989 0.196506 0.571748
35.9383 9.72989 0.196506 0.571748
35.8275 9.74678 0.193157 0.0815679
35.9807 9.71772 0.198509 0.271586
35.9383 9.72989 0.196506 0.571748
35.9383 9.72989 0.196506 0.571748
35.9383 9.72989 0.196506 0.571748
35.9807 9.71772 0.198509 0.271586
35.9383 9.72989 0.196506 0.571748
35.9383 9.72989 0.196506 0.571748
35.9383 9.72989 0.196506 0.571748
35.9383 9.72989 0.196506 0.571748
35.9807 9.71772 0.198509 0.271586
35.8275 9.74678 0.193157 0.0815679
35.9807 9.71772 0.198509 0.271586
35.8275 9.74678 0.193157 0.0815679
35.6044 9.74268 0.197184 0.015862
35.9807 9.71772 0.198509 0.271586
35.9807 9.71772 0.198509 0.271586
35.9807 9.71772 0.198509 0.271586
35.9383 9.72989 0.196506 0.571748
35.9383 9.72989 0.196506 0.571748
35.9383 9.72989 0.196506 0.571748
35.9807 9.71772 0.198509 0.271586
35.9383 9.72989 0.196506 0.571748
35.9383 9.72989 0.196506 0.571748
35.9383 9.72989 0.196506 0.571748
35.9383 9.72989 0.196506 0.571748
35.9807 9.71772 0.198509 0.271586
35.9383 9.72989 0.196506 0.571748
35.9383 9.72989 0.196506 0.571748
35.9383 9.72989 0.196506 0.571748
35.9383 9.72989 0.196506 0.571748
35.9383 9.72989 0.196506 0.571748
35.9383 9.72989 0.196506 0.571748
35.9383 9.72989 0.196506 0.571748
35.9383 9.72989 0.196506 0.571748
35.9383 9.72989 0.196506 0.571748
35.9807 9.71772 0.198509 0.271586
35.9383 9.72989 0.196506 0.571748
35.9383 9.72989 0.196506 0.571748
35.9383 9.72989 0.196506 0.571748
35.8275 9.74678 0.193157 0.0815679
