68.6544 -43.2865 3.80708 0.171506
68.7227 -43.3393 3.80057 0.0516801
68.7481 -43.2289 3.81095 0.102245
68.7745 -43.2652 3.80543 0.143283
68.7745 -43.2652 3.80543 0.143283
68.7745 -43.2652 3.80543 0.143283
68.69 -43.2557 3.80505 0.126196
68.7011 -43.2195 3.80661 0.114663
68.7011 -43.2195 3.80661 0.114663
68.749 -43.1973 3.80865 0.104481
68.7745 -43.2652 3.80543 0.143283
68.69 -43.2557 3.80505 0.126196
68.7011 -43.2195 3.80661 0.114663
68.6544 -43.2865 3.80708 0.171506
68.6544 -43.2865 3.80708 0.171506
68.6544 -43.2865 3.80708 0.171506
68.6544 -43.2865 3.80708 0.171506
68.7481 -43.2289 3.81095 0.102245
68.7481 -43.2289 3.81095 0.102245
68.7745 -43.2652 3.80543 0.143283
68.9431 -43.2387 3.80813 0.0178231
68.7011 -43.2195 3.80661 0.114663
68.6544 -43.2865 3.80708 0.171506
68.749 -43.1973 3.80865 0.104481
68.7481 -43.2289 3.81095 0.102245
68.7745 -43.2652 3.80543 0.143283
68.69 -43.2557 3.80505 0.126196
68.69 -43.2557 3.80505 0.126196
68.7011 -43.2195 3.80661 0.114663
68.7011 -43.2195 3.80661 0.114663
68.6544 -43.2865 3.80708 0.171506
68.749 -43.1973 3.80865 0.104481
68.7745 -43.2652 3.80543 0.143283
68.69 -43.2557 3.80505 0.126196
68.907 -43.4017 3.80276 0.0286372
68.7011 -43.2195 3.80661 0.114663
68.749 -43.1973 3.80865 0.104481
68.7481 -43.2289 3.81095 0.102245
68.7745 -43.2652 3.80543 0.143283
68.8269 -43.5132 3.80007 0.0249885
68.6544 -43.2865 3.80708 0.171506
68.6544 -43.2865 3.80708 0.171506
68.6544 -43.2865 3.80708 0.171506
68.6544 -43.2865 3.80708 0.171506
68.749 -43.1973 3.80865 0.104481
68.7227 -43.3393 3.80057 0.0516801
68.7227 -43.3393 3.80057 0.0516801
68.7745 -43.2652 3.80543 0.143283
68.69 -43.2557 3.80505 0.126196
68.7011 -43.2195 3.80661 0.114663
68.6544 -43.2865 3.80708 0.171506
68.7481 -43.2289 3.81095 0.102245
68.7745 -43.2652 3.80543 0.143283
68.7745 -43.2652 3.80543 0.143283
68.907 -43.4017 3.80276 0.0286372
68.7011 -43.2195 3.80661 0.114663
68.7011 -43.2195 3.80661 0.114663
68.6544 -43.2865 3.80708 0.171506
68.749 -43.1973 3.80865 0.104481
68.749 -43.1973 3.80865 0.104481
68.7481 -43.2289 3.81095 0.102245
68.7481 -43.2289 3.81095 0.102245
68.8269 -43.5132 3.80007 0.0249885
68.69 -43.2557 3.80505 0.126196
68.6544 -43.2865 3.80708 0.171506
68.6544 -43.2865 3.80708 0.171506
68.749 -43.1973 3.80865 0.104481
68.7227 -43.3393 3.80057 0.0516801
68.7481 -43.2289 3.81095 0.102245
68.7481 -43.2289 3.81095 0.102245
68.5604 -43.2231 3.80369 0.0147697
68.7745 -43.2652 3.80543 0.143283
68.8645 -43.1191 3.81521 0.00420235
68.69 -43.2557 3.80505 0.126196
68.6544 -43.2865 3.80708 0.171506
68.749 -43.1973 3.80865 0.104481
68.5604 -43.2231 3.80369 0.0147697
68.4931 -43.2435 3.80953 0.00781277
68.8269 -43.5132 3.80007 0.0249885
68.766 -43.3188 3.7973 0.0030703
68.6544 -43.2865 3.80708 0.171506
68.6544 -43.2865 3.80708 0.171506
68.749 -43.1973 3.80865 0.104481
68.7745 -43.2652 3.80543 0.143283
68.69 -43.2557 3.80505 0.126196
68.6544 -43.2865 3.80708 0.171506
68.749 -43.1973 3.80865 0.104481
68.7227 -43.3393 3.80057 0.0516801
68.7481 -43.2289 3.81095 0.102245
68.7745 -43.2652 3.80543 0.143283
68.9826 -43.1791 3.80325 0.000593248
68.7011 -43.2195 3.80661 0.114663
68.749 -43.1973 3.80865 0.104481
68.7227 -43.3393 3.80057 0.0516801
68.7745 -43.2652 3.80543 0.143283
68.9431 -43.2387 3.80813 0.0178231
68.907 -43.4017 3.80276 0.0286372
68.6544 -43.2865 3.80708 0.171506
68.7931 -43.5886 3.81081 0.00117683
68.6566 -43.0988 3.80887 0.0150222
