180.06 -9.8524 3.1965 0.100669
180.355 -9.75963 3.20117 0.0426387
180.105 -9.74096 3.197 0.161771
180.328 -9.73986 3.20711 0.0201231
180.39 -9.67756 3.2025 0.0222017
180.091 -9.90603 3.19979 0.0732521
180.06 -9.8524 3.1965 0.100669
180.06 -9.8524 3.1965 0.100669
180.315 -9.81587 3.20437 0.0507303
180.105 -9.74096 3.197 0.161771
180.105 -9.74096 3.197 0.161771
180.156 -9.74374 3.19133 0.00339186
180.338 -9.64297 3.20136 0.0339671
180.315 -9.81587 3.20437 0.0507303
180.105 -9.74096 3.197 0.161771
179.982 -9.71936 3.19873 0.0835796
179.982 -9.71936 3.19873 0.0835796
180.06 -9.8524 3.1965 0.100669
180.194 -9.82069 3.19791 0.120296
180.315 -9.81587 3.20437 0.0507303
180.196 -9.91213 3.20087 0.0658153
180.105 -9.74096 3.197 0.161771
180.305 -9.84681 3.20227 0.0606985
180.091 -9.90603 3.19979 0.0732521
180.194 -9.82069 3.19791 0.120296
180.315 -9.81587 3.20437 0.0507303
180.105 -9.74096 3.197 0.161771
180.312 -9.81642 3.19765 0.0240362
180.091 -9.90603 3.19979 0.0732521
180.338 -9.64297 3.20136 0.0339671
180.194 -9.82069 3.19791 0.120296
180.355 -9.75963 3.20117 0.0426387
180.105 -9.74096 3.197 0.161771
179.982 -9.71936 3.19873 0.0835796
180.338 -9.64297 3.20136 0.0339671
180.06 -9.8524 3.1965 0.100669
180.315 -9.81587 3.20437 0.0507303
180.165 -9.56094 3.20086 0.0407952
180.39 -9.67756 3.2025 0.0222017
180.312 -9.81642 3.19765 0.0240362
180.401 -10.0517 3.20361 0.000394305
180.06 -9.8524 3.1965 0.100669
180.315 -9.81587 3.20437 0.0507303
180.228 -9.58548 3.19717 0.0198728
180.105 -9.74096 3.197 0.161771
180.328 -9.73986 3.20711 0.0201231
179.982 -9.71936 3.19873 0.0835796
180.06 -9.8524 3.1965 0.100669
180.228 -9.58548 3.19717 0.0198728
180.105 -9.74096 3.197 0.161771
180.312 -9.81642 3.19765 0.0240362
179.946 -9.92068 3.19782 0.0194076
180.06 -9.8524 3.1965 0.100669
180.194 -9.82069 3.19791 0.120296
180.196 -9.91213 3.20087 0.0658153
180.165 -9.56094 3.20086 0.0407952
180.312 -9.81642 3.19765 0.0240362
180.06 -9.8524 3.1965 0.100669
180.355 -9.75963 3.20117 0.0426387
180.196 -9.91213 3.20087 0.0658153
180.105 -9.74096 3.197 0.161771
179.946 -9.92068 3.19782 0.0194076
179.982 -9.71936 3.19873 0.0835796
180.194 -9.82069 3.19791 0.120296
180.194 -9.82069 3.19791 0.120296
180.165 -9.56094 3.20086 0.0407952
180.305 -9.84681 3.20227 0.0606985
180.091 -9.90603 3.19979 0.0732521
180.194 -9.82069 3.19791 0.120296
180.194 -9.82069 3.19791 0.120296
180.315 -9.81587 3.20437 0.0507303
180.196 -9.91213 3.20087 0.0658153
180.105 -9.74096 3.197 0.161771
180.039 -9.65712 3.19374 0.0294961
180.091 -9.90603 3.19979 0.0732521
180.194 -9.82069 3.19791 0.120296
180.196 -9.91213 3.20087 0.0658153
180.105 -9.74096 3.197 0.161771
180.305 -9.84681 3.20227 0.0606985
180.312 -9.81642 3.19765 0.0240362
180.06 -9.8524 3.1965 0.100669
180.315 -9.81587 3.20437 0.0507303
180.105 -9.74096 3.197 0.161771
180.025 -9.77296 3.20586 0.00448289
180.39 -9.67756 3.2025 0.0222017
179.982 -9.71936 3.19873 0.0835796
180.091 -9.90603 3.19979 0.0732521
180.194 -9.82069 3.19791 0.120296
180.194 -9.82069 3.19791 0.120296
180.315 -9.81587 3.20437 0.0507303
180.105 -9.74096 3.197 0.161771
180.105 -9.74096 3.197 0.161771
179.982 -9.71936 3.19873 0.0835796
180.091 -9.90603 3.19979 0.0732521
180.194 -9.82069 3.19791 0.120296
180.165 -9.56094 3.20086 0.0407952
180.105 -9.74096 3.197 0.161771
180.039 -9.65712 3.19374 0.0294961
179.982 -9.71936 3.19873 0.0835796
180.194 -9.82069 3.19791 0.120296
