143.825 -14.9548 3.35946 0.179337
143.58 -14.8019 3.35886 0.0460791
143.58 -14.8019 3.35886 0.0460791
144.046 -14.7681 3.36243 0.208719
143.818 -14.7044 3.35962 0.162041
143.825 -14.9548 3.35946 0.179337
143.95 -14.6689 3.36205 0.207215
144.046 -14.7681 3.36243 0.208719
143.661 -14.7049 3.36151 0.10454
143.661 -14.7049 3.36151 0.10454
143.95 -14.6689 3.36205 0.207215
144.046 -14.7681 3.36243 0.208719
143.818 -14.7044 3.35962 0.162041
143.825 -14.9548 3.35946 0.179337
143.95 -14.6689 3.36205 0.207215
144.046 -14.7681 3.36243 0.208719
143.818 -14.7044 3.35962 0.162041
143.818 -14.7044 3.35962 0.162041
143.424 -14.7613 3.35187 0.00430325
143.825 -14.9548 3.35946 0.179337
143.825 -14.9548 3.35946 0.179337
143.95 -14.6689 3.36205 0.207215
144.046 -14.7681 3.36243 0.208719
143.661 -14.7049 3.36151 0.10454
143.95 -14.6689 3.36205 0.207215
143.95 -14.6689 3.36205 0.207215
144.046 -14.7681 3.36243 0.208719
143.661 -14.7049 3.36151 0.10454
143.825 -14.9548 3.35946 0.179337
143.825 -14.9548 3.35946 0.179337
143.95 -14.6689 3.36205 0.207215
143.95 -14.6689 3.36205 0.207215
143.58 -14.8019 3.35886 0.0460791
144.046 -14.7681 3.36243 0.208719
143.424 -14.7613 3.35187 0.00430325
143.825 -14.9548 3.35946 0.179337
143.825 -14.9548 3.35946 0.179337
143.95 -14.6689 3.36205 0.207215
143.95 -14.6689 3.36205 0.207215
143.606 -14.9804 3.35451 0.0143008
143.818 -14.7044 3.35962 0.162041
143.661 -14.7049 3.36151 0.10454
143.703 -14.6048 3.35189 0.00684279
143.95 -14.6689 3.36205 0.207215
143.835 -15.175 3.36398 0.0156313
144.046 -14.7681 3.36243 0.208719
143.818 -14.7044 3.35962 0.162041
143.818 -14.7044 3.35962 0.162041
143.234 -14.7841 3.35571 0.00028988
143.825 -14.9548 3.35946 0.179337
143.95 -14.6689 3.36205 0.207215
144.046 -14.7681 3.36243 0.208719
143.818 -14.7044 3.35962 0.162041
143.818 -14.7044 3.35962 0.162041
143.825 -14.9548 3.35946 0.179337
143.95 -14.6689 3.36205 0.207215
143.95 -14.6689 3.36205 0.207215
144.046 -14.7681 3.36243 0.208719
143.825 -14.9548 3.35946 0.179337
143.95 -14.6689 3.36205 0.207215
143.95 -14.6689 3.36205 0.207215
143.58 -14.8019 3.35886 0.0460791
144.046 -14.7681 3.36243 0.208719
143.818 -14.7044 3.35962 0.162041
143.574 -15.0711 3.35271 0.00262956
143.825 -14.9548 3.35946 0.179337
143.825 -14.9548 3.35946 0.179337
143.825 -14.9548 3.35946 0.179337
143.95 -14.6689 3.36205 0.207215
143.95 -14.6689 3.36205 0.207215
144.046 -14.7681 3.36243 0.208719
143.661 -14.7049 3.36151 0.10454
143.95 -14.6689 3.36205 0.207215
143.95 -14.6689 3.36205 0.207215
144.046 -14.7681 3.36243 0.208719
143.661 -14.7049 3.36151 0.10454
143.565 -14.6339 3.34878 0.00573916
143.95 -14.6689 3.36205 0.207215
143.58 -14.8019 3.35886 0.0460791
144.046 -14.7681 3.36243 0.208719
143.818 -14.7044 3.35962 0.162041
143.818 -14.7044 3.35962 0.162041
143.424 -14.7613 3.35187 0.00430325
143.825 -14.9548 3.35946 0.179337
143.95 -14.6689 3.36205 0.207215
144.046 -14.7681 3.36243 0.208719
143.825 -14.9548 3.35946 0.179337
143.95 -14.6689 3.36205 0.207215
143.606 -14.9804 3.35451 0.0143008
143.818 -14.7044 3.35962 0.162041
143.703 -14.6048 3.35189 0.00684279
143.606 -14.9804 3.35451 0.0143008
143.818 -14.7044 3.35962 0.162041
143.825 -14.9548 3.35946 0.179337
143.95 -14.6689 3.36205 0.207215
143.835 -15.175 3.36398 0.0156313
144.046 -14.7681 3.36243 0.208719
143.825 -14.9548 3.35946 0.179337
143.825 -14.9548 3.35946 0.179337
143.825 -14.9548 3.35946 0.179337
