231.649 -14.3375 2.89653 0.212992
231.73 -14.1378 2.89476 0.135284
231.725 -14.3509 2.90187 0.15349
231.792 -14.0737 2.89751 0.109617
231.763 -14.5091 2.89776 0.0372344
231.649 -14.3375 2.89653 0.212992
231.546 -14.2932 2.89289 0.116685
231.725 -14.3509 2.90187 0.15349
231.792 -14.0737 2.89751 0.109617
231.649 -14.3375 2.89653 0.212992
231.73 -14.1378 2.89476 0.135284
231.62 -13.9165 2.88657 0.000330856
231.792 -14.0737 2.89751 0.109617
231.649 -14.3375 2.89653 0.212992
231.73 -14.1378 2.89476 0.135284
231.725 -14.3509 2.90187 0.15349
231.649 -14.3375 2.89653 0.212992
231.649 -14.3375 2.89653 0.212992
231.73 -14.1378 2.89476 0.135284
231.725 -14.3509 2.90187 0.15349
231.649 -14.3375 2.89653 0.212992
231.649 -14.3375 2.89653 0.212992
231.546 -14.2932 2.89289 0.116685
231.546 -14.2932 2.89289 0.116685
231.48 -14.1997 2.90289 0.00974884
231.792 -14.0737 2.89751 0.109617
231.931 -14.2442 2.89639 0.044173
231.394 -14.3437 2.88951 0.0155199
231.427 -13.9236 2.89019 0.00263555
231.725 -14.3509 2.90187 0.15349
231.792 -14.0737 2.89751 0.109617
231.649 -14.3375 2.89653 0.212992
231.546 -14.2932 2.89289 0.116685
231.546 -14.2932 2.89289 0.116685
231.725 -14.3509 2.90187 0.15349
231.649 -14.3375 2.89653 0.212992
231.73 -14.1378 2.89476 0.135284
231.725 -14.3509 2.90187 0.15349
231.649 -14.3375 2.89653 0.212992
231.931 -14.2442 2.89639 0.044173
231.931 -14.2442 2.89639 0.044173
231.546 -14.2932 2.89289 0.116685
231.602 -14.0385 2.89295 0.0499177
232.064 -13.9745 2.90351 0.00352033
231.649 -14.3375 2.89653 0.212992
232.037 -14.3069 2.9006 0.0277635
231.546 -14.2932 2.89289 0.116685
231.725 -14.3509 2.90187 0.15349
231.725 -14.3509 2.90187 0.15349
231.649 -14.3375 2.89653 0.212992
231.649 -14.3375 2.89653 0.212992
231.73 -14.1378 2.89476 0.135284
231.725 -14.3509 2.90187 0.15349
231.792 -14.0737 2.89751 0.109617
231.763 -14.5091 2.89776 0.0372344
231.649 -14.3375 2.89653 0.212992
231.649 -14.3375 2.89653 0.212992
231.73 -14.1378 2.89476 0.135284
231.546 -14.2932 2.89289 0.116685
231.725 -14.3509 2.90187 0.15349
231.725 -14.3509 2.90187 0.15349
231.792 -14.0737 2.89751 0.109617
231.649 -14.3375 2.89653 0.212992
231.73 -14.1378 2.89476 0.135284
231.725 -14.3509 2.90187 0.15349
231.725 -14.3509 2.90187 0.15349
231.649 -14.3375 2.89653 0.212992
231.73 -14.1378 2.89476 0.135284
231.73 -14.1378 2.89476 0.135284
231.394 -14.3437 2.88951 0.0155199
231.546 -14.2932 2.89289 0.116685
231.792 -14.0737 2.89751 0.109617
231.931 -14.2442 2.89639 0.044173
231.73 -14.1378 2.89476 0.135284
231.725 -14.3509 2.90187 0.15349
232.083 -14.1512 2.90164 0.013894
231.73 -14.1378 2.89476 0.135284
231.546 -14.2932 2.89289 0.116685
231.546 -14.2932 2.89289 0.116685
231.792 -14.0737 2.89751 0.109617
231.931 -14.2442 2.89639 0.044173
231.546 -14.2932 2.89289 0.116685
231.725 -14.3509 2.90187 0.15349
231.792 -14.0737 2.89751 0.109617
231.649 -14.3375 2.89653 0.212992
231.394 -14.3437 2.88951 0.0155199
231.725 -14.3509 2.90187 0.15349
232.083 -14.1512 2.90164 0.013894
231.649 -14.3375 2.89653 0.212992
231.931 -14.2442 2.89639 0.044173
231.73 -14.1378 2.89476 0.135284
231.602 -14.0385 2.89295 0.0499177
231.763 -14.5091 2.89776 0.0372344
231.649 -14.3375 2.89653 0.212992
231.73 -14.1378 2.89476 0.135284
231.725 -14.3509 2.90187 0.15349
231.763 -14.5091 2.89776 0.0372344
231.73 -14.1378 2.89476 0.135284
231.725 -14.3509 2.90187 0.15349
231.725 -14.3509 2.90187 0.15349
